1654849583984 0.6505008522160756 0
1654849597307 0.06924529415207259 0
1654849610682 0.034840779171823814 0
1654849623936 0.011752492516569898 0
1654849637223 0.0041920668962576145 0
1654849650524 0.005393609563905479 0
1654849663864 0.0004446765284912669 0
1654849677049 0.0003220003897368958 0
1654849690370 0.0014874114563350957 0
1654849703790 0.000431454713698959 0
1654849717227 0.0005557378624263616 0
1654849730608 0.00044929588545385797 0
1654849743987 0.00025910143750142937 0
1654849757325 9.604395349174688e-05 0
1654849770516 0.0010181370393726496 0
1654849783882 0.0006573680536636386 0
1654849797103 0.00023009649692901703 0
1654849810281 0.0002525951434378806 0
1654849823773 7.703612898588519e-05 0
1654849836984 0.0005296567229485726 0
1654849850548 0.0001922796183828524 0
1654849863992 0.00026671105624726893 0
1654849877366 0.0028999558249237466 0
1654849890751 0.0032103767155398453 0
1654849903984 0.0008570831605853639 0
1654849916980 0.00026636758105560694 0
1654849930188 0.00025836361916659723 0
1654849942961 0.0005506717538161686 0
1654849956358 7.85619515563232e-05 0
1654849969757 8.021128738186266e-05 0
1654849990530 0.37833430958280195 0
1654850007421 0.1261404016565055 0
1654850023905 0.02701759810735593 0
1654850040710 0.014419377576025344 0
1654850057296 0.006883645241003221 0
1654850074025 0.004572794619451133 0
1654850090698 0.01950614129398586 0
1654850107334 0.01015849305636985 0
1654850123912 0.005274083553826958 0
1654850140864 0.04141953153254884 0
1654850157492 0.004507968063267512 0
1654850173992 0.002515067320693374 0
1654850190752 0.0004893472515547303 0
1654850207458 0.00013103356573902812 0
1654850224369 0.00011358112656081323 0
1654850241083 0.0003775093955080895 0
1654850257666 0.0014206003223776861 0
1654850274254 0.00025727695172802963 0
1654850290776 0.00016981514420704268 0
1654850307566 0.002052222448300597 0
1654850324182 0.0001766431656194937 0
1654850340766 0.00014582023375104533 0
1654850357782 0.0007707878671622061 0
1654850374416 0.0001395353612557451 0
1654850391037 6.614127547981777e-05 0
1654850407432 0.0011515263594066318 0
1654850424060 0.001134108315093161 0
1654850440838 0.00022388102142085922 0
1654850457642 0.00023854644783478972 0
1654850474170 0.0002325180419851134 0
1654850499085 0.17837135630122733 0
1654850515728 0.01530871707261507 0
1654850532564 0.003458674898149919 0
1654850549212 0.0006245054793953251 0
1654850566225 0.0037719993773199043 0
1654850582801 0.006123908222041419 0
1654850599270 0.0016181762685793582 0
1654850615988 0.0009367704658331382 0
1654850632655 0.0003412487701334053 0
1654850649118 0.00018702596708452667 0
1654850665630 0.00013002962532454763 0
1654850682201 0.0004557818406871588 0
1654850698841 0.0029406412574465063 0
1654850715481 0.0002910246841086061 0
1654850732138 0.00014023969031095468 0
1654850748835 0.00010306226782534965 0
1654850765578 0.00017913059380482286 0
1654850782377 8.075195564810191e-05 0
1654850798994 7.666223188387302e-05 0
1654850815278 6.214059436391838e-05 0
1654850832072 6.552967214638184e-05 0
1654850848808 4.820219068049991e-05 0
1654850865283 7.840441791470952e-05 0
1654850882211 5.373688283553109e-05 0
1654850898945 0.00024606090826993435 0
1654850915568 8.396084664363411e-05 0
1654850932396 5.0797783149977426e-05 0
1654850949243 5.717072211011783e-05 0
1654850965973 5.0698955740500096e-05 0
1654850982644 4.085191008814264e-05 0
1654851012195 0.3494264045246723 0
1654851029017 0.07072364619116524 0
1654851045846 0.040351010766843415 0
1654851062506 0.031579971315813624 0
1654851079230 0.013850446278393162 0
1654851095636 0.010209116261771125 0
1654851112383 0.018051908811917396 0
1654851129102 0.0063601291010798285 0
1654851145732 0.008637057901815716 0
1654851162532 0.0010738720545566797 0
1654851179045 0.0054886369786920535 0
1654851195436 0.005428909120050893 0
1654851212130 0.00840090932585736 0
1654851229131 0.003048474076433754 0
1654851245708 0.00048384573569314345 0
1654851262507 0.00756166660667986 0
1654851278923 0.005268090431054447 0
1654851295508 0.003802009667378054 0
1654851312273 0.0003957447125460078 0
1654851329043 0.0001843455962255852 0
1654851345734 0.0020867382408327347 0
1654851362497 0.0009719630455866284 0
1654851379699 0.0005846298900172843 0
1654851396458 0.004912739307985654 0
1654851413333 0.0029410737437151283 0
1654851430031 0.0001939562796275943 0
1654851446672 0.00014913802932612805 0
1654851463445 0.007568199618777401 0
1654851480317 0.004257890018532966 0
1654851496979 0.000290128813249361 0
1654851530538 0.15713528730864754 0
1654851547245 0.013672986601209951 0
1654851564072 0.004445814480637965 0
1654851580806 0.000800620619874026 0
1654851597939 0.0004879537717706234 0
1654851614890 0.0003667835207785078 0
1654851631600 0.00024089178988829214 0
1654851648311 0.0029770287234048664 0
1654851665601 0.0021350883016595192 0
1654851682227 0.0033109108779114586 0
1654851699150 0.00040166005078861867 0
1654851716058 0.000557779194951284 0
1654851733016 0.00013730362905615097 0
1654851749573 0.00019903456585614062 0
1654851766404 0.00012040335834443215 0
1654851783322 9.252624159727246e-05 0
1654851800336 8.719098176421703e-05 0
1654851817090 0.00010370720631469156 0
1654851833756 7.564368830652291e-05 0
1654851850574 9.579852187938693e-05 0
1654851867132 6.264464685405981e-05 0
1654851884072 5.92988139451038e-05 0
1654851901147 8.940958016287431e-05 0
1654851918130 5.296838035412338e-05 0
1654851934933 4.771162155646621e-05 0
1654851951792 4.729203556637743e-05 0
1654851968698 6.121435230711869e-05 0
1654851985622 6.674276781471386e-05 0
1654852002123 8.96073514126066e-05 0
1654852018904 5.657448033589925e-05 0
1654852056772 0.27932419913269363 0
1654852073507 0.03453445111783402 0
1654852090760 0.015274493889747531 0
1654852107540 0.016273650494477602 0
1654852124570 0.016007878713790686 0
1654852141206 0.0014440000566113649 0
1654852158136 0.0012117232888732422 0
1654852174986 0.00048625321825118554 0
1654852191771 0.004220528914362872 0
1654852208242 0.0041168649140866905 0
1654852225054 0.00036148400162770505 0
1654852241961 0.00035817143144916736 0
1654852258674 0.00011264265780200113 0
1654852275282 0.0001147159506517798 0
1654852292060 0.00019558802993115642 0
1654852308707 8.665572391003224e-05 0
1654852325431 9.598164548522406e-05 0
1654852342310 0.00026223613039495194 0
1654852359290 0.0033566594271178473 0
1654852376287 0.0013012925681782556 0
1654852393319 0.005293058515219422 0
1654852410500 0.0035364617032878545 0
1654852427347 0.0002827144025078154 0
1654852444285 0.0003339391362141152 0
1654852461383 0.0025433974555587324 0
1654852478309 0.0008153008046153525 0
1654852495186 0.00011628205428881575 0
1654852512247 0.00012438081135257464 0
1654852529019 0.00011452010503578174 0
1654852545875 0.00014794578306570206 0
1654852588300 0.19081647311955066 0
1654852604959 0.01372262694064011 0
1654852621855 0.006490661068975531 0
1654852638645 0.004106331584324864 0
1654852655293 0.004669758722890583 0
1654852671958 0.0014579677010710284 0
1654852688871 0.0003796397675428093 0
1654852705699 0.00039526859410959154 0
1654852722784 0.00013754445017694812 0
1654852739725 0.00013205159437459346 0
1654852756737 0.0010399619952130364 0
1654852773336 0.00012551601019302705 0
1654852790229 9.404765128907018e-05 0
1654852807458 9.678732723167487e-05 0
1654852824416 7.399777121376387e-05 0
1654852841407 7.913971713667376e-05 0
1654852858358 7.732007600726554e-05 0
1654852875206 0.00011004298474749431 0
1654852892176 7.006539702668105e-05 0
1654852909311 0.0007053425754502642 0
1654852925942 6.73762813643046e-05 0
1654852942796 0.00011597014074975781 0
1654852959576 5.232393937906249e-05 0
1654852976410 5.590963861468613e-05 0
1654852993438 5.327493259932007e-05 0
1654853010130 3.888219582797952e-05 0
1654853027050 3.96541583412969e-05 0
1654853044347 4.090897370511245e-05 0
1654853061220 3.680512111330337e-05 0
1654853078145 4.0384552503929216e-05 0
1654853124677 0.4264940168374749 0
1654853141853 0.0648464887616576 0
1654853159061 0.018516458090505613 0
1654853176327 0.007117041201655156 0
1654853193662 0.010555109980034795 0
1654853210495 0.012947800195087053 0
1654853227490 0.01791826976008188 0
1654853244689 0.004114661063591936 0
1654853261583 0.005902187675070693 0
1654853278674 0.0045991310393136585 0
1654853295629 0.004248555645757181 0
1654853312961 0.005751502141082963 0
1654853330208 0.0015991617486870047 0
1654853347381 0.0015638038542278487 0
1654853364525 0.0024248089829114836 0
1654853381589 0.0012709041303276935 0
1654853398405 0.0013084475177075694 0
1654853415706 0.0029581699779471014 0
1654853432867 0.005009965658660348 0
1654853449842 0.00027242335767371437 0
1654853466550 0.00015306483241741515 0
1654853483873 0.00017827477576557187 0
1654853500710 8.940065245225947e-05 0
1654853517872 5.3245856665058514e-05 0
1654853534917 5.1508293858131387e-05 0
1654853551997 0.00022174712833362436 0
1654853568917 8.904080170009325e-05 0
1654853585832 0.00021693821326415364 0
1654853602851 0.00016190239173654428 0
1654853619799 0.00017518677417133693 0
1654853670360 0.27861063637627087 0
1654853687363 0.03196432944864828 0
1654853704165 0.010298067115527956 0
1654853721311 0.0032520283236278755 0
1654853738414 0.002101478843831626 0
1654853755330 0.0008111330327831045 0
1654853772423 0.0007397600697724069 0
1654853789372 0.00027741371766691413 0
1654853806372 0.0002832436415389242 0
1654853823236 0.0002342268679509839 0
1654853840434 0.00018350108114352235 0
1654853857509 0.00020884743422254804 0
1654853874542 0.0006451251015935303 0
1654853891277 0.00010503273368565813 0
1654853908205 9.002801735802336e-05 0
1654853925245 0.0001071868269889971 0
1654853942380 6.685220012974519e-05 0
1654853959033 6.499052940308121e-05 0
1654853975919 9.613498173188644e-05 0
1654853992914 0.00010135171618842733 0
1654854010056 6.186583471960644e-05 0
1654854027290 4.7605267196906564e-05 0
1654854044498 4.786173565152584e-05 0
1654854061623 5.238595111242229e-05 0
1654854078769 0.00032350645085917984 0
1654854095983 7.85099415881295e-05 0
1654854113000 6.470275187608188e-05 0
1654854129721 4.6587543403677293e-05 0
1654854146320 5.878205781461927e-05 0
1654854163229 4.0110766525673556e-05 0
1654854217916 0.26466481506072653 0
1654854234914 0.04644039838104219 0
1654854251777 0.010334684438438173 0
1654854268854 0.008032616576793206 0
1654854285892 0.004876743288497315 0
1654854302690 0.0037329993392545757 0
1654854320110 0.0038562885904181196 0
1654854337258 0.009065331803325263 0
1654854354351 0.0009134010223176101 0
1654854371590 0.0007579234771024893 0
1654854388776 0.002084118075948279 0
1654854405891 0.001944976440472946 0
1654854422949 0.001970282570315505 0
1654854440132 0.000815369209096074 0
1654854457100 0.00026716782123010113 0
1654854474161 0.00028836463585111546 0
1654854491030 0.0002842168275658882 0
1654854508131 0.0005546636833672939 0
1654854525053 0.0003172927980934982 0
1654854542054 0.0009416416765404015 0
1654854559338 0.0004929964037821239 0
1654854576900 0.005626953972634444 0
1654854594586 0.0002910351548415 0
1654854612197 0.0009829236969599482 0
1654854629523 0.00010545217987660132 0
1654854646999 0.0001386896859896106 0
1654854664313 0.00011523178810756454 0
1654854681642 0.006256597744594561 0
1654854698898 0.001527759095910637 0
1654854716248 8.770224466442579e-05 0
