1652180528939 1.3809153571128845 0
1652180531361 1.0453599081039429 0
1652180533733 0.8519502962112426 0
1652180536122 0.7712378986358642 0
1652180538489 0.6446320447921753 0
1652180540901 0.5759184517621994 0
1652180543345 0.44500159678459167 0
1652180545766 0.3899018770217896 0
1652180548162 0.3761054804682732 0
1652180550619 0.30850498707294466 0
1652180553075 0.22817233300209044 0
1652180555490 0.4897158597946167 0
1652180557894 0.25824593433141707 0
1652180560324 0.15988875458836554 0
1652180562765 0.21891027710437774 0
1652180565187 0.20311522256433964 0
1652180567614 0.14703468789458274 0
1652180570029 0.13541418412923814 0
1652180572474 0.11134010401964188 0
1652180574853 0.12153021078631282 0
1652180577238 0.10379541464615613 0
1652180579629 0.09858760809209198 0
1652180582040 0.09714001059755684 0
1652180584469 0.06088393733650446 0
1652180586924 0.09309205040335655 0
1652180589392 0.22109046573638916 0
1652180591830 0.07091236394643784 0
1652180594238 0.07308639009483159 0
1652180596646 0.04865029469132423 0
1652180599050 0.09482196100819856 0
1652180601415 0.08985824054144323 0
1652180603830 0.03850488552339375 0
1652180606274 0.04673372821472585 0
1652180608674 0.059302389317750934 0
1652180611078 0.055262807035446164 0
1652180613477 0.05386249731099233 0
1652180615922 0.05287445949241519 0
1652180618304 0.08778941299468279 0
1652180620754 0.0648615539651364 0
1652180623190 0.042273838078975674 0
1652180625587 0.14032112148478626 0
1652180627989 0.06360297780334949 0
1652180630417 0.0391014510512352 0
1652180632860 0.024360946464538576 0
1652180635271 0.06946844445802271 0
1652180637691 0.06881165856420994 0
1652180640130 0.04733783212676644 0
1652180642537 0.033570575246028606 0
1652180644980 0.041234122255444525 0
1652180647416 0.04562066655643284 0
1652180650520 0.5091719469070435 0
1652180653425 0.3010631855010986 0
1652180656207 0.2145799833893776 0
1652180659065 0.19303346197605134 0
1652180662024 0.16388340146541597 0
1652180664936 0.116583314602077 0
1652180667818 0.11559551570415497 0
1652180670746 0.10035859518051148 0
1652180673611 0.09525418008565903 0
1652180676448 0.0898044647783041 0
1652180679335 0.07466005325801671 0
1652180682213 0.07372110713869333 0
1652180685159 0.08180744509547949 0
1652180688079 0.08115293362252414 0
1652180690976 0.058505355098471046 0
1652180693864 0.04726897787675261 0
1652180696749 0.03352368043400347 0
1652180699659 0.055939420140534636 0
1652180702648 0.08039738053381443 0
1652180705565 0.06383866274133325 0
1652180708454 0.05201821477711201 0
1652180711395 0.06202456342279911 0
1652180714195 0.042835909608192745 0
1652180717059 0.04657730039143935 0
1652180719951 0.044765837152302264 0
1652180722772 0.0590784143127501 0
1652180725624 0.04780769055970013 0
1652180728452 0.052422015104908494 0
1652180731324 0.030291902200179174 0
1652180734239 0.038959583263099194 0
1652180737027 0.06494128262847662 0
1652180739874 0.03258648147918284 0
1652180742824 0.019422826225403696 0
1652180745640 0.054658070550486444 0
1652180748536 0.03645410960689187 0
1652180751388 0.02843780248835683 0
1652180754271 0.042174294968834146 0
1652180757215 0.05178106587305665 0
1652180760095 0.03474340633640532 0
1652180762999 0.05391276605054736 0
1652180765898 0.024493332779873162 0
1652180768873 0.03635185458976775 0
1652180771646 0.04209149762429297 0
1652180774509 0.0328412512563169 0
1652180777409 0.03574653336536139 0
1652180780346 0.052597002337686716 0
1652180783255 0.02323596745301038 0
1652180786111 0.015917148521356284 0
1652180789001 0.04881367206312716 0
1652180791832 0.04696066465736367 0
1652180796285 0.42639283663431804 0
1652180800398 0.26260515262285866 0
1652180804535 0.2120645573337873 0
1652180808590 0.19217571098009745 0
1652180812707 0.1355491968154907 0
1652180816815 0.10943875969250996 0
1652180820782 0.10603262827396392 0
1652180824768 0.08100434300800165 0
1652180828932 0.0800721939355135 0
1652180832913 0.08399784560799599 0
1652180836971 0.08099080590568483 0
1652180841093 0.06835075817108155 0
1652180845134 0.06527056242351731 0
1652180849278 0.05327694826424122 0
1652180853401 0.05931719569265843 0
1652180857385 0.046955135291566454 0
1652180861559 0.03506993822517494 0
1652180865631 0.054890208743760986 0
1652180869747 0.0410765321885546 0
1652180873885 0.050075376066565515 0
1652180878034 0.045146303356935584 0
1652180882127 0.04681567886595925 0
1652180886265 0.0447177686308821 0
1652180890259 0.06675629821841915 0
1652180894297 0.044232632471372685 0
1652180898452 0.05792927391777436 0
1652180902537 0.030832762926320235 0
1652180906512 0.0476125380023693 0
1652180910490 0.039111936489492655 0
1652180914529 0.026456882260615627 0
1652180918681 0.031636577863506196 0
1652180922715 0.04202697729580104 0
1652180926788 0.03622207313291728 0
1652180930784 0.05827143103228882 0
1652180934793 0.05673315728294353 0
1652180938783 0.024127263823151588 0
1652180942872 0.031030056168387332 0
1652180946868 0.021536070627284548 0
1652180951008 0.05065778881162405 0
1652180954988 0.033964289955670635 0
1652180958937 0.04912097926288843 0
1652180963096 0.032852787519060074 0
1652180967141 0.025363307059928775 0
1652180971211 0.02747082309424877 0
1652180975190 0.027354713063066204 0
1652180979243 0.05352282574189206 0
1652180983251 0.03032946615194281 0
1652180987427 0.047055367228885495 0
1652180991472 0.0315152144042775 0
1652180995518 0.03498025159140428 0
1652181000329 0.3026679330076908 0
1652181004635 0.21255951404380746 0
1652181008895 0.1529357341900925 0
1652181013182 0.14073389767805522 0
1652181017407 0.11043945040725714 0
1652181021665 0.08386173175096862 0
1652181025906 0.08776815959010706 0
1652181030079 0.07247313721044345 0
1652181034236 0.07665677646422948 0
1652181038420 0.05954726808027494 0
1652181042616 0.05705754791512374 0
1652181046892 0.06290902993891455 0
1652181051105 0.042826903553689025 0
1652181055244 0.051769328731909356 0
1652181059470 0.033117441936833525 0
1652181063771 0.05058806692020285 0
1652181068034 0.049011924011430584 0
1652181072116 0.041581475446693786 0
1652181076394 0.047907276805435606 0
1652181080551 0.06241825861505077 0
1652181084908 0.03406931578647966 0
1652181089067 0.0277299816929108 0
1652181093217 0.04336983044093952 0
1652181097434 0.05271054907133279 0
1652181101616 0.03302563658847642 0
1652181105848 0.028777646889304457 0
1652181110137 0.04988666586418904 0
1652181114220 0.03601679829922826 0
1652181118361 0.02013954845256855 0
1652181122690 0.028769539996944853 0
1652181126793 0.026176266731044975 0
1652181131011 0.05217227937316308 0
1652181135137 0.03926992253648804 0
1652181139140 0.0240031345665433 0
1652181143264 0.030976526968694865 0
1652181147408 0.04106922442154106 0
1652181151553 0.05386252899731965 0
1652181155735 0.0358457803519636 0
1652181159975 0.021580740342444074 0
1652181164105 0.012224002246644073 0
1652181168264 0.030732680011575926 0
1652181172452 0.03435144473101261 0
1652181176667 0.03643934043915781 0
1652181180863 0.03552578351444002 0
1652181185045 0.029895403188839355 0
1652181189170 0.024842985371544075 0
1652181193399 0.050424715918350925 0
1652181197637 0.03683292623296296 0
1652181201854 0.03810778756696253 0
1652181206037 0.022058032671032235 0
1652181210967 0.3223490884145101 0
1652181215239 0.23084724437395732 0
1652181219598 0.16926681989828746 0
1652181224006 0.14503147336641947 0
1652181228287 0.11608868182897568 0
1652181232553 0.10280855222145717 0
1652181236943 0.10924232476949691 0
1652181241252 0.06807209588686625 0
1652181245718 0.08429996429483096 0
1652181249968 0.061380530272920925 0
1652181254386 0.05116245175426205 0
1652181258617 0.04615432677467664 0
1652181262988 0.03243851848940055 0
1652181267236 0.05510967943271001 0
1652181271612 0.06338604087730249 0
1652181276026 0.053092306850602226 0
1652181280403 0.05789003712981939 0
1652181284647 0.032460165378823874 0
1652181288869 0.03884789866146942 0
1652181293315 0.038377798025434215 0
1652181297747 0.03329847365965446 0
1652181302031 0.03761421702802181 0
1652181306264 0.025912887328180173 0
1652181310548 0.029373615903717776 0
1652181315006 0.028682062172020475 0
1652181319238 0.05590056199381749 0
1652181323606 0.045731420489648976 0
1652181327942 0.04893167253310482 0
1652181332226 0.025725263927985603 0
1652181336683 0.02816703041624278 0
1652181341061 0.028807977213834723 0
1652181345354 0.031069406404842934 0
1652181349860 0.031082696067666015 0
1652181354175 0.04110972596171002 0
1652181358614 0.0379588998661687 0
1652181363115 0.02973095579848935 0
1652181367396 0.02577207405748777 0
1652181371906 0.04553537821061909 0
1652181376163 0.04588775267427166 0
1652181380636 0.03785411560771366 0
1652181384982 0.03095104776757459 0
1652181389227 0.024541691067970047 0
1652181393502 0.016230208821284273 0
1652181397790 0.02776493956691896 0
1652181402028 0.040427282592467965 0
1652181406394 0.028012709217580655 0
1652181410605 0.023539457959526527 0
1652181415045 0.027751595314964652 0
1652181419455 0.041356787569044776 0
1652181423868 0.032075399882843095 0
1652181429418 0.3443299264272054 0
1652181433942 0.24275981313387554 0
1652181438515 0.19176283249457676 0
1652181442988 0.15623447615901628 0
1652181447622 0.1356948371330897 0
1652181452363 0.09625231359799703 0
1652181456887 0.08993771960437298 0
1652181461327 0.07912650613337756 0
1652181465814 0.07164126718292634 0
1652181470099 0.061560705157369375 0
1652181474636 0.042959707938631374 0
1652181479253 0.05219973668257395 0
1652181483631 0.05035044462829828 0
1652181488213 0.05133410005668799 0
1652181492715 0.03693446226691206 0
1652181496885 0.03960537739967306 0
1652181501324 0.046824607618277274 0
1652181505666 0.05321915665542086 0
1652181509942 0.041897956208636365 0
1652181514328 0.035020414699986575 0
1652181518699 0.041840324624503655 0
1652181522928 0.03153125445668896 0
1652181527258 0.02575636152997613 0
1652181531765 0.03764432143575201 0
1652181536266 0.03617807120457291 0
1652181540622 0.041560425378133856 0
1652181545063 0.03218783300860475 0
1652181549518 0.06052756077572703 0
1652181553880 0.04933735383835931 0
1652181558483 0.03397594762022296 0
1652181562848 0.024765839143345753 0
1652181567378 0.01666213106736541 0
1652181571860 0.021372879169632993 0
1652181576431 0.028892243092507125 0
1652181580829 0.03848588067889214 0
1652181585252 0.04684767924795548 0
1652181589860 0.03959756257220482 0
1652181594442 0.031126625324289003 0
1652181598998 0.031129112029758592 0
1652181603656 0.02522125944153716 0
1652181608207 0.018970141607274612 0
1652181612708 0.027355926851059 0
1652181617159 0.03116609203989307 0
1652181621531 0.02285784638536473 0
1652181625996 0.025718309191862743 0
1652181630442 0.05748074430761238 0
1652181634913 0.03436391619692246 0
1652181639346 0.023252676992413276 0
1652181643895 0.02377547328940903 0
1652181648440 0.035262195755913855 0
1652181654395 0.28814150268998456 0
1652181659006 0.18972041892922697 0
1652181663615 0.1462471185584455 0
1652181668175 0.1275744965793324 0
1652181672882 0.0955258583052297 0
1652181677345 0.10495894647305982 0
1652181681827 0.0898334214408681 0
1652181686293 0.0690216060969298 0
1652181690849 0.055249592140277214 0
1652181695229 0.04647773037030876 0
1652181699873 0.03134870256038189 0
1652181704544 0.049054464326178264 0
1652181709060 0.054684258584319655 0
1652181713414 0.06334564355471554 0
1652181718234 0.040881769539364565 0
1652181722825 0.035733552432995884 0
1652181727534 0.03100501887488362 0
1652181732628 0.034050424684735375 0
1652181737535 0.02931028574759279 0
1652181742244 0.02351476880367751 0
1652181746853 0.040751433386073656 0
1652181751683 0.05362336330188334 0
1652181756371 0.04870660080273618 0
1652181760842 0.026214580311447137 0
1652181765980 0.03434772650315569 0
1652181770489 0.025794266562307218 0
1652181775204 0.02376578680833215 0
1652181779753 0.04606533616702486 0
1652181784607 0.022974276807502997 0
1652181789253 0.022668032128777216 0
1652181794095 0.033853634027081046 0
1652181798598 0.05104042021670098 0
1652181803258 0.030841184871792434 0
1652181807821 0.028515608233076 0
1652181812634 0.027665910748136374 0
1652181817252 0.021951967507649103 0
1652181821868 0.059084825794273134 0
1652181826357 0.04385903313948265 0
1652181830898 0.04669511907661438 0
1652181835473 0.024122546209926897 0
1652181840193 0.018745491695700865 0
1652181844976 0.01897327149327607 0
1652181849596 0.025615029666181798 0
1652181854405 0.04010970781447461 0
1652181859210 0.044745053232137726 0
1652181863791 0.03456092035035444 0
1652181868381 0.029541852794066927 0
1652181873152 0.02789412986639431 0
1652181877854 0.013685168388705996 0
1652181882521 0.024498309358550997 0
1652181888874 0.29686426224470713 0
1652181893462 0.2047754767641254 0
1652181898292 0.1522337288204973 0
1652181902925 0.10956957327759911 0
1652181907595 0.10619017108678659 0
1652181912460 0.07675894103419144 0
1652181917060 0.06514101364185537 0
1652181921755 0.0637422218187455 0
1652181926310 0.04883874471009445 0
1652181930876 0.0516804587858622 0
1652181935665 0.042051702944616985 0
1652181940273 0.03568156638447763 0
1652181945190 0.04097731110596894 0
1652181950057 0.028087577062653253 0
1652181955135 0.03596822555378382 0
1652181959811 0.040110652621911984 0
1652181964514 0.026614296529392387 0
1652181969164 0.0660085070753561 0
1652181973691 0.025461195718306254 0
1652181978830 0.029812537057304873 0
1652181983545 0.03110775771016982 0
1652181988499 0.051310990792722756 0
1652181992801 0.04844485847824709 0
1652181997497 0.02314097987359107 0
1652182002227 0.01746266173232449 0
1652182007157 0.02422343884497793 0
1652182011772 0.02432197691490399 0
1652182016536 0.0220259208048707 0
1652182021162 0.03031434850869355 0
1652182026022 0.03915870277855469 0
1652182030657 0.046269608268393915 0
1652182035598 0.04316213157118136 0
1652182040259 0.040512712914064414 0
1652182044922 0.028762390744723587 0
1652182049694 0.02361456191397768 0
1652182054371 0.023386610005028292 0
1652182059098 0.028306261212094872 0
1652182063994 0.028408661644886427 0
1652182068495 0.0223977770724973 0
1652182073098 0.02620956048516099 0
1652182077851 0.028075724548830883 0
1652182082590 0.023909920197060727 0
1652182087726 0.04155790572526432 0
1652182092297 0.04410756537113495 0
1652182097014 0.031571477908461244 0
1652182101659 0.02001461082709182 0
1652182106471 0.015433384374034161 0
1652182111212 0.021689468297968147 0
1652182116010 0.014039949657418213 0
1652182120507 0.013586698131675283 0
1652182127041 0.3628857961654663 0
1652182131799 0.25592789252996445 0
1652182136395 0.21960323660771053 0
1652182141350 0.15897449820041656 0
1652182146135 0.13398850663006306 0
1652182150876 0.12853150094648202 0
1652182155767 0.1030667691896359 0
1652182160397 0.07758479074885448 0
1652182165334 0.07813306145320335 0
1652182170118 0.05295465858032306 0
1652182175120 0.0506712868064642 0
1652182180005 0.04536199887196223 0
1652182184769 0.03759674865119159 0
1652182189602 0.04185990086396535 0
1652182194443 0.05696689525730908 0
1652182199373 0.03686688754707575 0
1652182204539 0.03152444201316684 0
1652182209322 0.06189701858287056 0
1652182214156 0.0446068920429796 0
1652182219115 0.031007456749429306 0
1652182223961 0.03189432140501837 0
1652182228834 0.03359090804072718 0
1652182233495 0.03812859462909401 0
1652182238368 0.03447130507566035 0
1652182243172 0.05187043904922903 0
1652182248014 0.03302899310576419 0
1652182252946 0.021606378668049972 0
1652182257655 0.018585553168971092 0
1652182262517 0.0307588021616141 0
1652182267500 0.02583089346519361 0
1652182272411 0.024941454963448146 0
1652182277413 0.025636163581193736 0
1652182282262 0.04050386534761637 0
1652182287039 0.042203849787575506 0
1652182292159 0.03610103964700053 0
1652182297233 0.032371536403832335 0
1652182302369 0.042299775146941346 0
1652182307258 0.02816273937188089 0
1652182312185 0.026094510404020548 0
1652182316989 0.032931051622486364 0
1652182321949 0.03582538889423013 0
1652182326980 0.03323568868559475 0
1652182332011 0.025034247318096458 0
1652182336999 0.031289173159996665 0
1652182342042 0.012941367529022196 0
1652182346963 0.012545349704800174 0
1652182351650 0.033828784391873826 0
1652182356454 0.050066993306328855 0
1652182361242 0.036924128530298674 0
1652182366126 0.04001099234415839 0
1652182373000 0.29172723938656936 0
1652182378181 0.19841033082313742 0
1652182383292 0.13120382154997864 0
1652182387922 0.10812437976893781 0
1652182392762 0.09356816126390288 0
1652182397742 0.07262406982829406 0
1652182402939 0.06368171388533132 0
1652182407850 0.04618224051064645 0
1652182412871 0.045752636425500315 0
1652182417802 0.05731678897523637 0
1652182422781 0.03599399228812039 0
1652182427950 0.04984693941184934 0
1652182433036 0.03336201927104618 0
1652182438030 0.04303027829447335 0
1652182442760 0.04290202023577022 0
1652182447466 0.0414621822347739 0
1652182452390 0.042273433227526934 0
1652182457399 0.02757488343954146 0
1652182462501 0.0415389456292285 0
1652182467556 0.03751922863261591 0
1652182472582 0.032523695850903894 0
1652182477377 0.03435230313979209 0
1652182482318 0.019303453690811198 0
1652182487254 0.018440848141734682 0
1652182492397 0.031070214993068158 0
1652182497565 0.03819961154478055 0
1652182502581 0.03490919779869339 0
1652182507688 0.029472894343916263 0
1652182512839 0.029382792097690943 0
1652182517925 0.025345674455613195 0
1652182523118 0.0256850715986471 0
1652182528136 0.026774278361837395 0
1652182533369 0.03610662360277382 0
1652182538497 0.023342254206170393 0
1652182543503 0.024944016027678702 0
1652182548756 0.039509095748721204 0
1652182553865 0.04029242532151323 0
1652182558814 0.04130366415299818 0
1652182563931 0.036253020525217214 0
1652182568865 0.017595036525083846 0
1652182573822 0.01692781448320767 0
1652182578822 0.033647967484816875 0
1652182583933 0.025857114459492337 0
1652182588818 0.023187970696855895 0
1652182593832 0.020330808516895445 0
1652182598760 0.030222182782780656 0
1652182603763 0.036601199304406654 0
1652182608736 0.032731143988217234 0
1652182614079 0.02000510185665567 0
1652182619125 0.03207359001241759 0
1652182626384 0.23923742366631826 0
1652182631419 0.15213289157152177 0
1652182636496 0.1124268464465936 0
1652182641649 0.0875221427321434 0
1652182646484 0.07672728601507843 0
1652182651610 0.0777299731378754 0
1652182656872 0.06133750620453308 0
1652182661839 0.04590209176664551 0
1652182666921 0.0322618889135619 0
1652182672112 0.040949227424710986 0
1652182677178 0.03648498376781742 0
1652182682090 0.027476369442914924 0
1652182687100 0.02454311988974611 0
1652182692377 0.038407482523098585 0
1652182697510 0.06008617422220608 0
1652182702532 0.03366283228161435 0
1652182707680 0.031180527721873175 0
1652182712957 0.026201994489133358 0
1652182718055 0.03280353339134405 0
1652182723048 0.01869731592424214 0
1652182728314 0.01876426449188342 0
1652182733454 0.04310764594618231 0
1652182738588 0.03494723925782989 0
1652182743551 0.028107018429785968 0
1652182748884 0.04640201434561362 0
1652182754071 0.021166514856927096 0
1652182759291 0.0141952073934488 0
1652182764360 0.01899452212480828 0
1652182769355 0.01641979034865896 0
1652182774450 0.03358262761067599 0
1652182779544 0.03356074033429225 0
1652182784530 0.04303956719720736 0
1652182789730 0.04196798857909938 0
1652182794807 0.03234872438553721 0
1652182799954 0.013834481319660941 0
1652182804953 0.023306073394448807 0
1652182810035 0.020786217936811346 0
1652182815191 0.01989293870466451 0
1652182820191 0.027692703758055964 0
1652182825097 0.03141122703567768 0
1652182830359 0.03546651984869192 0
1652182835297 0.01876870159227401 0
1652182840355 0.023789067603026827 0
1652182845255 0.013526569139398634 0
1652182850551 0.035781593948726854 0
1652182855780 0.027832110808758685 0
1652182860739 0.019179960830913237 0
1652182865911 0.017679618140806753 0
1652182870975 0.028554117470467464 0
1652182876111 0.03540113139686485 0
1652182883788 0.3582178199564835 0
1652182889131 0.23664771257033498 0
1652182894118 0.1725715590411738 0
1652182899325 0.1388711619248287 0
1652182904341 0.12474232968733347 0
1652182909718 0.0869734369119923 0
1652182914774 0.05705648541653319 0
1652182919964 0.07395799908501675 0
1652182925138 0.05652114093449829 0
1652182930319 0.06377226416561439 0
1652182935276 0.0393809089185158 0
1652182940419 0.03155549822770624 0
1652182945446 0.03345822960981905 0
1652182950556 0.039068086975417415 0
1652182955598 0.05503521912338767 0
1652182960728 0.0544549695191637 0
1652182966083 0.03365783610275303 0
1652182971398 0.02536088312571669 0
1652182976461 0.02348166801057028 0
1652182981670 0.043388270631940576 0
1652182986675 0.05180033307671293 0
1652182991844 0.0375504669270294 0
1652182996943 0.032320578928568586 0
1652183002214 0.017522855485462136 0
1652183007321 0.030690749920289473 0
1652183012487 0.029726530348820935 0
1652183017583 0.030326275262912806 0
1652183022680 0.030057676069571184 0
1652183027841 0.032046359824712635 0
1652183032961 0.03942287108855442 0
1652183038153 0.050932238606791 0
1652183043286 0.0316490176691064 0
1652183048458 0.02557630037183868 0
1652183053787 0.025570894152972194 0
1652183059154 0.028410305740564766 0
1652183064145 0.036958625932538014 0
1652183069149 0.03202723388052823 0
1652183074353 0.02367675408018439 0
1652183079666 0.030926921684518636 0
1652183084896 0.027794629290446685 0
1652183090003 0.03170223731705673 0
1652183095055 0.0204778741533614 0
1652183100283 0.02273723268318471 0
1652183105566 0.02594957474393217 0
1652183110704 0.0340290341693048 0
1652183116000 0.02764041597846436 0
1652183121183 0.013013422817036794 0
1652183126533 0.02181165602050964 0
1652183131810 0.03357029655398485 0
1652183136880 0.04173811573406205 0
1652183145200 0.2895711552663977 0
1652183150732 0.1984634908145911 0
1652183156178 0.13237766068064777 0
1652183161649 0.12289246531313776 0
1652183167033 0.08055680741278035 0
1652183172144 0.07274787704740267 0
1652183177477 0.07672040818683759 0
1652183182919 0.0513595541828753 0
1652183188256 0.028953617165567234 0
1652183193591 0.04554180515240391 0
1652183199032 0.031254071688159676 0
1652183204534 0.05222625517670724 0
1652183209927 0.042950128777874005 0
1652183215505 0.026912573301355797 0
1652183220966 0.041657594774212756 0
1652183226680 0.039907208020568644 0
1652183231987 0.033037570514504885 0
1652183237464 0.02905483739187039 0
1652183242891 0.022202170334364925 0
1652183248284 0.03435802547438508 0
1652183253991 0.03668313164586421 0
1652183259860 0.017019271441772683 0
1652183265268 0.014028053739552177 0
1652183270726 0.021450359397654824 0
1652183276060 0.030885322635563997 0
1652183281209 0.06224927347197182 0
1652183286678 0.037500287421436525 0
1652183291893 0.03080846238717262 0
1652183297385 0.022844685355617924 0
1652183302895 0.021787620837323107 0
1652183308253 0.017139124989524995 0
1652183313749 0.023650517174427125 0
1652183319246 0.038894092144821986 0
1652183324735 0.04846954871057565 0
1652183330161 0.03309313271380414 0
1652183335587 0.03681043130962681 0
1652183341050 0.020852924598611145 0
1652183346628 0.02997386551769654 0
1652183351889 0.028449602117115252 0
1652183357331 0.02469021959702491 0
1652183362647 0.01584784488011586 0
1652183367977 0.020831083867018815 0
1652183373555 0.027015516362666313 0
1652183378894 0.031831736537650625 0
1652183384269 0.028776152027395214 0
1652183389847 0.04396310162754631 0
1652183395256 0.025474251521206515 0
1652183400826 0.024743441789044546 0
1652183406520 0.014224012298295667 0
1652183411965 0.02082216274238764 0
1652183420597 0.3183982291512959 0
1652183426082 0.21812682838298011 0
1652183431721 0.15709646021200416 0
1652183437473 0.12311659542047128 0
1652183443254 0.10438566629437246 0
1652183448866 0.09051325128230257 0
1652183454552 0.07452378375878388 0
1652183460152 0.0528659515013969 0
1652183465767 0.05229850153295046 0
1652183471483 0.051755033215213006 0
1652183477078 0.03822061799089208 0
1652183482799 0.04558943902425522 0
1652183488412 0.04086368029526431 0
1652183493858 0.045724351614792234 0
1652183499386 0.05260093734889041 0
1652183504990 0.044840447797770154 0
1652183510766 0.038875580259354024 0
1652183516260 0.01561351615992249 0
1652183522054 0.038646172704331745 0
1652183527310 0.022084438997925344 0
1652183532709 0.016466497704571932 0
1652183538073 0.03625397293545501 0
1652183543609 0.033132912046564426 0
1652183549096 0.042212638997528015 0
1652183554709 0.03742059955318213 0
1652183560380 0.026076326356959334 0
1652183565995 0.01994974159348947 0
1652183571500 0.0210422621499481 0
1652183576982 0.017611401972860135 0
1652183582706 0.033306697650973674 0
1652183588457 0.03347841028848939 0
1652183594109 0.03135478425894313 0
1652183599822 0.056278219852781496 0
1652183605242 0.032625137363965495 0
1652183610703 0.025914667389989328 0
1652183616377 0.02373564257090081 0
1652183621897 0.016112532250142683 0
1652183627347 0.020622344160915164 0
1652183632776 0.023833056699506465 0
1652183638401 0.030348171793817935 0
1652183644016 0.03195450952366338 0
1652183649780 0.029796784609506227 0
1652183655552 0.042140486642896824 0
1652183661157 0.028242568336174865 0
1652183666894 0.027472515846837253 0
1652183672388 0.022876436283043373 0
1652183677855 0.01658839720364541 0
1652183683467 0.019383156052844033 0
1652183688800 0.018583361662776236 0
1652183694225 0.033721226413331 0
1652183703059 0.25199436007038245 0
1652183708708 0.15946582148920285 0
1652183714284 0.11032565358691325 0
1652183719833 0.11196236633296949 0
1652183725431 0.06249709126831918 0
1652183731307 0.0691940357879293 0
1652183736990 0.042045117553748804 0
1652183742722 0.039276230191326506 0
1652183748529 0.04984456630101714 0
1652183754222 0.04335761499432432 0
1652183759776 0.0358443836912326 0
1652183765370 0.025039254161202572 0
1652183771137 0.027959304589891962 0
1652183776796 0.027736911466322834 0
1652183782372 0.0338623590782475 0
1652183788018 0.038877781085813086 0
1652183793898 0.04449161508454223 0
1652183799547 0.034961009332706475 0
1652183805208 0.02559394375057173 0
1652183810855 0.025685202571503554 0
1652183816491 0.027846055546706897 0
1652183822261 0.020771703258509282 0
1652183827990 0.03386181957098596 0
1652183833529 0.03775656105273285 0
1652183838829 0.036899239694869565 0
1652183844526 0.027147554823329832 0
1652183850315 0.025193904018095774 0
1652183855947 0.03265274274948263 0
1652183861512 0.0191243830440088 0
1652183867183 0.01619301578618122 0
1652183872776 0.04014016071909074 0
1652183878490 0.04006615501148321 0
1652183884372 0.02954570158502988 0
1652183889943 0.029573648981296646 0
1652183895664 0.018935221899369904 0
1652183901309 0.017223937277453333 0
1652183907103 0.014682166204267447 0
1652183912833 0.017986666674174968 0
1652183918239 0.039552064137033986 0
1652183923881 0.04776154939474269 0
1652183929458 0.03519206875872471 0
1652183935295 0.02338954088195267 0
1652183940936 0.02977029883736736 0
1652183946448 0.013353662286810805 0
1652183952017 0.022232628254511378 0
1652183957687 0.014739157447759603 0
1652183963236 0.02401591230778772 0
1652183968763 0.027806481889034947 0
1652183974448 0.020348069688264768 0
1652183979891 0.0273210324448902 0
1652183989246 0.3558877345877858 0
1652183994762 0.2404164082571377 0
1652184000436 0.18049758174484615 0
1652184006059 0.14177145105379674 0
1652184011693 0.11264970675906076 0
1652184017464 0.1088375433064187 0
1652184023246 0.0692856459137179 0
1652184028910 0.05644117839699033 0
1652184034732 0.06427448520820844 0
1652184040464 0.050079219582477574 0
1652184046182 0.06500198943285723 0
1652184051954 0.04184590213801004 0
1652184057746 0.04391728830439914 0
1652184063446 0.034699326589749536 0
1652184069033 0.036554208557911125 0
1652184074613 0.0238195856339146 0
1652184080095 0.0287191950532796 0
1652184086045 0.04920125916305733 0
1652184091988 0.034887851626140685 0
1652184097655 0.026602210289394215 0
1652184103363 0.02407975390490102 0
1652184109137 0.01894886133924569 0
1652184114844 0.04804912015970913 0
1652184120433 0.040044827713554054 0
1652184126040 0.01714655269820211 0
1652184131871 0.01957354644283011 0
1652184137435 0.03393993536324139 0
1652184142972 0.033837970341739056 0
1652184148616 0.0312161515630891 0
1652184154227 0.03595563166397683 0
1652184159956 0.02616066897028263 0
1652184165576 0.05051174257905665 0
1652184171344 0.036453686045821984 0
1652184176921 0.0257373722448909 0
1652184182841 0.022962773875662656 0
1652184188598 0.026208570144984813 0
1652184194288 0.020949429110297717 0
1652184200081 0.020454855764215144 0
1652184205670 0.027462294005668953 0
1652184211585 0.033011480060468466 0
1652184217084 0.03498297667056583 0
1652184222805 0.031457725771298364 0
1652184228662 0.043775305948751404 0
1652184234537 0.03443925072798745 0
1652184240182 0.032210463444746436 0
1652184245652 0.023148228886044567 0
1652184251354 0.016509628367782376 0
1652184257389 0.022435371296758638 0
1652184263034 0.02801961320899104 0
1652184268716 0.02630454089733001 0
1652184278685 0.2940582757924116 0
1652184284715 0.205203735526677 0
1652184291195 0.14623525532661627 0
1652184297229 0.11608199316071464 0
1652184303124 0.09750405853493382 0
1652184309005 0.08151313600449107 0
1652184314725 0.06253942725056205 0
1652184320667 0.06087258978283408 0
1652184326346 0.04857470269513342 0
1652184331691 0.07179394155654716 0
1652184337237 0.0401473734697508 0
1652184343127 0.027071849215470924 0
1652184348826 0.02969531966110411 0
1652184354662 0.02750626756315897 0
1652184360443 0.06769979176063287 0
1652184366298 0.029084332193706923 0
1652184371885 0.03153017736800826 0
1652184377593 0.04505801398176063 0
1652184383370 0.030497123118531252 0
1652184389029 0.017759406415497496 0
1652184394655 0.03159800139673189 0
1652184400328 0.029824725144631758 0
1652184406067 0.023419996427708478 0
1652184411910 0.031000248955499188 0
1652184417590 0.03354370148243478 0
1652184423347 0.023343030017058754 0
1652184429211 0.022673197838095415 0
1652184434907 0.023256281798907957 0
1652184440851 0.02782571891716667 0
1652184446725 0.031121760009740988 0
1652184452549 0.05230597873175844 0
1652184458064 0.05577786671241322 0
1652184464102 0.033559662717625685 0
1652184470080 0.016766323483363776 0
1652184475846 0.017348493960408447 0
1652184481553 0.03039332042280157 0
1652184487449 0.018170993841906527 0
1652184493273 0.021715720183277196 0
1652184498997 0.024308482702193483 0
1652184504546 0.03047210755904672 0
1652184510265 0.03243988129577326 0
1652184516207 0.03115853557526277 0
1652184522033 0.018549469219217622 0
1652184527955 0.01904777359792707 0
1652184533833 0.01787672075971283 0
1652184539602 0.02123964080074628 0
1652184545635 0.022354385660423262 0
1652184551296 0.023872729270839322 0
1652184556845 0.026268859160399755 0
1652184562704 0.047261838820441965 0
1652184572885 0.29949727284809724 0
1652184578937 0.1974344697544164 0
1652184585064 0.15114048696760257 0
1652184591109 0.11739493812806755 0
1652184597107 0.10282101406136746 0
1652184603183 0.09293716907288574 0
1652184609220 0.0748941450609328 0
1652184615424 0.054468768056324085 0
1652184621433 0.061636889559458015 0
1652184627435 0.04272870956250598 0
1652184633363 0.0387984703767053 0
1652184639318 0.050238123216866756 0
1652184645239 0.02774212889797602 0
1652184651291 0.052173127421985536 0
1652184657179 0.04454461070523858 0
1652184663225 0.0418607688522094 0
1652184669096 0.027674789804725285 0
1652184675123 0.025305699953527053 0
1652184680804 0.02498327488294301 0
1652184686830 0.026531917955969837 0
1652184692561 0.04090238343189585 0
1652184698461 0.027429128486620127 0
1652184704469 0.032599834242272224 0
1652184710461 0.038929800468487784 0
1652184716470 0.03525151140991848 0
1652184722501 0.03635817666014641 0
1652184728442 0.0409906907135655 0
1652184734495 0.020512505755395222 0
1652184740171 0.02547446764862375 0
1652184746041 0.022676548317783266 0
1652184752035 0.0277044850224085 0
1652184758007 0.03256996809677577 0
1652184763905 0.041358463566777116 0
1652184769954 0.028627773375213383 0
1652184775879 0.02387202934581348 0
1652184781832 0.01630466359598668 0
1652184787855 0.04285609058734694 0
1652184793728 0.0304583911072273 0
1652184799668 0.026085318296122526 0
1652184805494 0.018428613735599134 0
1652184811372 0.018864579106700675 0
1652184817162 0.012225575692157577 0
1652184822985 0.024457946860286857 0
1652184828945 0.039948527681884484 0
1652184835071 0.035626628480739365 0
1652184841050 0.02381575416464773 0
1652184846919 0.029476092827752175 0
1652184852817 0.028264216860294466 0
1652184858540 0.038928842440505394 0
1652184864567 0.026997329804182568 0
1652184875067 0.2043653421707087 0
1652184881063 0.12958625010945024 0
1652184886985 0.0898535670506072 0
1652184893157 0.06898012681511628 0
1652184899084 0.06392562228787194 0
1652184905079 0.05224790055038034 0
1652184910893 0.04844208498754855 0
1652184916852 0.04580773307073233 0
1652184923028 0.03240572596182825 0
1652184929076 0.02964244444931442 0
1652184935156 0.024795361635599394 0
1652184940928 0.02797093972797134 0
1652184946806 0.03489087795915349 0
1652184952847 0.026826638916454863 0
1652184958666 0.03094788589387895 0
1652184964684 0.022198462141674005 0
1652184970392 0.0269309040898596 0
1652184976505 0.024618208225848336 0
1652184982522 0.03870199487395057 0
1652184988621 0.028077108779289636 0
1652184994690 0.019490111328988886 0
1652185000864 0.015928766350497 0
1652185007112 0.02250959207463065 0
1652185013181 0.024790718302346176 0
1652185018998 0.02549101138508794 0
1652185025182 0.027139173011834685 0
1652185031152 0.02330583925824239 0
1652185037320 0.025412602470978703 0
1652185043425 0.024802679548154113 0
1652185049574 0.033914341342730255 0
1652185055891 0.023896780338587706 0
1652185061874 0.02048279755229278 0
1652185067917 0.02998258910254506 0
1652185073856 0.03190888483995423 0
1652185079751 0.04209645554242193 0
1652185085847 0.01705022186252124 0
1652185091951 0.024495958298098395 0
1652185098009 0.014880202445887067 0
1652185104407 0.009251034907293 0
1652185110538 0.024523557817386507 0
1652185116538 0.014505377810428752 0
1652185122033 0.0412122519385936 0
1652185128048 0.04042874352894266 0
1652185133979 0.0210423570069938 0
1652185139957 0.0211418830020734 0
1652185146038 0.017248590039639206 0
1652185151886 0.01638687824075377 0
1652185157827 0.013755959111082709 0
1652185163833 0.017753170155051717 0
1652185169811 0.020083227543143026 0
1652185180565 0.2657585707452753 0
1652185186861 0.18136035565848874 0
1652185193036 0.14895710746655946 0
1652185199094 0.09179336734104152 0
1652185205322 0.07568509943748003 0
1652185211578 0.07039331022823422 0
1652185217684 0.06336743715649643 0
1652185223864 0.05212070312108996 0
1652185230083 0.04356501627677665 0
1652185236399 0.04051094189806988 0
1652185242582 0.04331894927755409 0
1652185248771 0.047700691154925805 0
1652185254956 0.029663037260584616 0
1652185261070 0.029173691507577457 0
1652185267192 0.03226107917378207 0
1652185273602 0.02905214822973981 0
1652185279872 0.052010898378265114 0
1652185286401 0.02985477272438016 0
1652185292752 0.020258938474195545 0
1652185298908 0.018550474102788615 0
1652185305275 0.03857846713498463 0
1652185311694 0.029642806009921023 0
1652185318065 0.02242798471207298 0
1652185324496 0.022839661128067422 0
1652185330858 0.025751047029966934 0
1652185337143 0.018242994941925317 0
1652185343384 0.04088312134959548 0
1652185349524 0.025941857679187903 0
1652185355897 0.020544912926599903 0
1652185362175 0.02123798409783901 0
1652185368685 0.02321963280220615 0
1652185374928 0.017038677467265072 0
1652185381347 0.01957968963968272 0
1652185387664 0.025031778476068946 0
1652185394024 0.034445253170137434 0
1652185400096 0.024430785641460954 0
1652185406208 0.020168195619847618 0
1652185412607 0.02261847055624158 0
1652185418985 0.020021692328536414 0
1652185425239 0.03328284861001165 0
1652185431397 0.03961981210298504 0
1652185437625 0.019246791188244065 0
1652185443900 0.02278087280141094 0
1652185450326 0.019446750834302213 0
1652185456847 0.01856585304000997 0
1652185463123 0.016464167228943748 0
1652185469644 0.02370935428564121 0
1652185475833 0.029876197332063384 0
1652185482187 0.0328741199017064 0
1652185488514 0.04320294525545367 0
