1651859823665 0.5462920566721533 0
1651859852737 0.30424179423214515 0
1651859882211 0.25094990900185365 0
1651859912182 0.21492837739343856 0
1651859942083 0.1877009938540814 0
1651859972562 0.16383627665254302 0
1651860001811 0.14887724524953738 0
1651860031566 0.13053485111154925 0
1651860061343 0.12137163420917532 0
1651860091340 0.10744815080266594 0
1651860126424 1.1257385568885803 0
1651860127093 0.0 0
1651860127773 0.0 0
1651860128438 0.0 0
1651860129089 0.0 0
1651860129765 0.0 0
1651860130414 0.0 0
1651860131078 0.0 0
1651860131722 0.0 0
1651860132379 0.0 0
1651860174598 0.17156505198643127 0
1651860175272 0.0 0
1651860175942 0.0 0
1651860176572 0.0 0
1651860177244 0.0 0
1651860177870 0.0 0
1651860178484 0.0 0
1651860179154 0.0 0
1651860179788 0.0 0
1651860180444 0.0 0
1651860225444 0.36447674972790217 0
1651860226096 0.0 0
1651860226728 0.0 0
1651860227405 0.0 0
1651860228049 0.0 0
1651860228684 0.0 0
1651860229362 0.0 0
1651860230038 0.0 0
1651860230675 0.0 0
1651860231326 0.0 0
1651860434176 0.3087277826907731 0
1651860434847 0.0 0
1651860435508 0.0 0
1651860436180 0.0 0
1651860436849 0.0 0
1651860437534 0.0 0
1651860438162 0.0 0
1651860438831 0.0 0
1651860439499 0.0 0
1651860440142 0.0 0
