1645784700907 2.157206880569458 0
1645784709569 1.8658551403045653 0
1645784718418 1.6859727638244628 0
1645784727441 1.5556958660125733 0
1645784736353 1.4372424390792846 0
1645784745255 1.316489935874939 0
1645784754104 1.2148647042274474 0
1645784762994 1.1230902146339417 0
1645784771794 1.0086189576148987 0
1645784780704 0.8958003193378449 0
1645784837134 1.7022324962615967 0
1645784893395 1.3430284143447877 0
1645784949513 1.1546933959960937 0
1645785004886 0.9985251356124878 0
1645785060635 0.8776627004146575 0
1645785116840 0.7618559292316437 0
1645785172918 0.6609315651416778 0
1645785229122 0.5414961286067963 0
1645785285075 0.4635560772895813 0
1645785340510 0.38839760720729827 0
1645785396431 1.6667285388946533 0
1645785451852 1.279625264453888 0
1645785507040 1.0994586874008179 0
1645785562192 0.9485772200584411 0
1645785618124 0.8054262006759644 0
1645785674203 0.6808965136528015 0
1645785729545 0.5846680356264115 0
1645785785035 0.486703835606575 0
1645785840703 0.3967879159092903 0
1645785896022 0.35206348313689234 0
1645785952443 1.5574279369354247 0
1645786007335 1.1020309945106506 0
1645786062109 0.8964569615364075 0
1645786116990 0.7545212399482727 0
1645786172200 0.6009921623945236 0
1645786228026 0.5356653272628784 0
1645786283142 0.446487031853199 0
1645786338201 0.3434893726050854 0
1645786393931 0.2926974853932858 0
1645786448720 0.22827989982366562 0
1645786505744 1.7142074783325196 0
1645786561856 1.2919589435577392 0
1645786617513 1.0830694304466248 0
1645786673451 0.9005016966342926 0
1645786729085 0.7481624322891235 0
1645786784678 0.6204535324096679 0
1645786840258 0.5011319219887257 0
1645786895770 0.4072406240940094 0
1645786951524 0.3263771500468254 0
1645787008417 0.25780888067930935 0
1645787065194 1.6370992517471314 0
1645787120782 1.1745260638237 0
1645787176702 0.9454958250999451 0
1645787232031 0.7615561386585236 0
1645787287420 0.6181687830924988 0
1645787342738 0.4994886115550995 0
1645787398008 0.386126448738575 0
1645787453551 0.3194535601615906 0
1645787508483 0.2629781861007214 0
1645787563661 0.2048713008582592 0
1645787621376 1.5421138320922851 0
1645787676321 1.1096018096923828 0
1645787731405 0.9006101573944092 0
1645787786872 0.7231538818836212 0
1645787841578 0.5683793913125992 0
1645787896302 0.44163488540649415 0
1645787950961 0.3670754342734814 0
1645788006838 0.2842274966835976 0
1645788064719 0.205368692407012 0
1645788122438 0.1977265096962452 0
1645788183243 1.81506887550354 0
1645788241149 1.416136772918701 0
1645788299060 1.2082923047065735 0
1645788357353 1.0170650440216065 0
1645788415139 0.8640763883590699 0
1645788473220 0.6801953550338745 0
1645788531521 0.5488161885499955 0
1645788588978 0.4211857344388962 0
1645788646748 0.35166516877412796 0
1645788705153 0.2812702348589897 0
1645788767214 1.4603722488403321 0
1645788826300 0.9380825141906738 0
1645788885876 0.7265948160648346 0
1645788944860 0.5453771627664566 0
1645789003683 0.42860733375549315 0
1645789062311 0.3311612028121948 0
1645789121063 0.2624586735129356 0
1645789180748 0.18740446400642394 0
1645789240354 0.1729968011289835 0
1645789299125 0.15305430669933556 0
1645789360890 1.4696310832977295 0
1645789419468 0.9516760342597962 0
1645789478179 0.7199128118038177 0
1645789536741 0.551752006816864 0
1645789595390 0.4422905386328697 0
1645789653775 0.3452753607034683 0
1645789712180 0.27148866063356397 0
1645789770709 0.19391386931538582 0
1645789829176 0.17612818278968334 0
1645789887773 0.14583870159089565 0
1645789950615 1.614037952899933 0
1645790008657 1.1239340900421142 0
1645790067262 0.9068222053527832 0
1645790125944 0.7178065185070038 0
1645790184074 0.5799166557312012 0
1645790242175 0.4508960017204285 0
1645790300627 0.37173511508703233 0
1645790358649 0.29808663348555564 0
1645790417207 0.2292200066268444 0
1645790475469 0.19389143669903278 0
1645790538456 1.5482960676193238 0
1645790598329 1.0550720220565797 0
1645790657744 0.8148782232284546 0
1645790716505 0.6169310708999634 0
1645790775293 0.46876036009788513 0
1645790834591 0.3650898710846901 0
1645790893902 0.29514061049222945 0
1645790953446 0.2075829429268837 0
1645791012492 0.17530792436897755 0
1645791071591 0.13184714055508376 0
1645791135062 1.6755796779632568 0
1645791194069 1.1911130172729492 0
1645791254058 0.9404622306346894 0
1645791313319 0.742182647895813 0
1645791372087 0.5695038567781449 0
1645791431160 0.4664649309873581 0
1645791489821 0.3567020326077938 0
1645791548700 0.2840354110836983 0
1645791607854 0.2022993627384305 0
1645791667023 0.18888348596692084 0
1645791730504 1.441976296710968 0
1645791788931 0.9574351469039917 0
1645791847442 0.7003495801925659 0
1645791905866 0.5171138772726059 0
1645791963727 0.40568936034440994 0
1645792022751 0.3031582555770874 0
1645792080794 0.22161427494883537 0
1645792138448 0.2046604830533266 0
1645792197328 0.15497799724042416 0
1645792255345 0.12750371546894312 0
1645792320234 1.2921828231811523 0
1645792380484 0.8173139959335327 0
1645792439912 0.6467841382980347 0
1645792499193 0.5048857063293457 0
1645792558759 0.41164435925483706 0
1645792618320 0.29775669290423395 0
1645792678283 0.23282304085493088 0
1645792738110 0.19894646082520484 0
1645792797190 0.16022965416014195 0
1645792856566 0.11894311167001724 0
1645792922149 1.3802962596893311 0
1645792982880 0.8790165827274322 0
1645793043214 0.6685434557437897 0
1645793103350 0.494907768702507 0
1645793163040 0.40470356583595274 0
1645793222894 0.28277453983426093 0
1645793283024 0.2520632925271988 0
1645793344223 0.17165304710268975 0
1645793404641 0.17084388985931873 0
1645793464886 0.14405042620301248 0
1645793531540 1.486853486442566 0
1645793591713 1.05115308675766 0
1645793651642 0.8309327039241791 0
1645793711435 0.6321300918579101 0
1645793771814 0.4927097567796707 0
1645793832213 0.3977775188744068 0
1645793892344 0.2986386400401592 0
1645793952711 0.23627352635860444 0
1645794013115 0.18113634035736323 0
1645794073162 0.15362068560123443 0
1645794139762 1.3837865460395813 0
1645794199728 0.8793605752944946 0
1645794259945 0.6618917171001434 0
1645794320419 0.5022447456836701 0
1645794380889 0.3767253076016903 0
1645794440950 0.28449036176204684 0
1645794501350 0.22670496978759766 0
1645794561475 0.16368738170564176 0
1645794621442 0.15353793002665042 0
1645794681967 0.11181691276878118 0
1645794749342 1.285998577594757 0
1645794808998 0.7996613770484924 0
1645794869079 0.546103795838356 0
1645794928837 0.4283507465541363 0
1645794989083 0.3281611871957779 0
1645795048852 0.28221427568793295 0
1645795108702 0.19215108404159545 0
1645795168508 0.1797081352353096 0
1645795227988 0.14428409519940616 0
1645795287764 0.11488916678503155 0
1645795354362 1.5960760856628418 0
1645795413431 1.1403705713272094 0
1645795472477 0.9367427610397339 0
1645795531895 0.712116567993164 0
1645795591615 0.5844772376775742 0
1645795652184 0.4294765704393387 0
1645795711815 0.3199205299496651 0
1645795771293 0.23760195214748384 0
1645795830661 0.19078241974115373 0
1645795889825 0.18983531850874424 0
