1654153337048 1.3900252548840064 0
1654153349981 0.7876151021207896 0
1654153363216 0.3537854307352546 0
1654153375983 0.1324174616207787 0
1654153388918 0.0596779719774801 0
1654153402001 0.03104131854946362 0
1654153415027 0.020406677048453017 0
1654153427702 0.012072207373637792 0
1654153440165 0.007358028061366306 0
1654153452862 0.006628585465881224 0
1654153465530 0.005317282209756496 0
1654153478403 0.0038869380907165228 0
1654153491357 0.0031041456506582087 0
1654153504316 0.0027125108706617666 0
1654153517016 0.002788974677257654 0
1654153530021 0.0030791283882320927 0
1654153542838 0.0028586773774152098 0
1654153555689 0.008777437649696004 0
1654153568608 0.003438406858502256 0
1654153581631 0.0015187583410786213 0
1654153594137 0.0017589599918818317 0
1654153606865 0.0019257405342393919 0
1654153619751 0.0011518090022565079 0
1654153632542 0.0015366882471961928 0
1654153645214 0.0008916700325334767 0
1654153658120 0.0011714240909786683 0
1654153671208 0.0011313079927755467 0
1654153684074 0.002187854719195097 0
1654153696783 0.0010244696770881029 0
1654153709911 0.0013685100113412212 0
1654153723017 0.0009760503708096098 0
1654153736468 0.0007164839657599605 0
1654153749877 0.0014847962290826951 0
1654153763141 0.0006959964638558661 0
1654153776436 0.0007902263603683947 0
1654153790734 0.0008142793439761214 0
1654153803683 0.0009315672962940615 0
1654153816622 0.0017207610638220008 0
1654153828949 0.0010094941611201022 0
1654153841472 0.0004767280629137545 0
1654153854094 0.0016840356848017884 0
1654153866800 0.0004874413219072994 0
1654153879449 0.0007335390616679115 0
1654153892037 0.0004162996863855448 0
1654153904574 0.0003533942856476099 0
1654153917354 0.0005886482493226306 0
1654153930124 0.011813765099373886 0
1654153942790 0.003166114423622744 0
1654153955187 0.001074687309237567 0
1654153968009 0.0008517458290759517 0
1654154025974 0.5732470267187377 0
1654154040748 0.10605698353111415 0
1654154055641 0.044495375175802744 0
1654154070408 0.026740750982489077 0
1654154085995 0.020285954960962378 0
1654154101259 0.014157436076389255 0
1654154115727 0.016997283692248892 0
1654154130550 0.014160320000013344 0
1654154145555 0.010774873024718235 0
1654154160303 0.009721535269657133 0
1654154175116 0.008078015109473417 0
1654154189879 0.01009618986866043 0
1654154204782 0.010116885703128886 0
1654154220001 0.013309664638333154 0
1654154234890 0.012933283871171108 0
1654154249667 0.008732970738409052 0
1654154264680 0.008128160701126139 0
1654154279308 0.007547430050744635 0
1654154293880 0.011969786990278288 0
1654154308495 0.00909691085027713 0
1654154323542 0.01116058088948163 0
1654154338544 0.0077131412191199355 0
1654154353348 0.00693709576334374 0
1654154367663 0.008831855814437945 0
1654154382539 0.00601164787187951 0
1654154397488 0.005718399342141589 0
1654154412156 0.006709604037293198 0
1654154427005 0.006355196763794379 0
1654154442044 0.0070030311057082606 0
1654154457098 0.008279739378819735 0
1654154472359 0.006071664465546245 0
1654154487162 0.0090836574369841 0
1654154502527 0.009443380009054507 0
1654154517457 0.007313906832793947 0
1654154532056 0.005872701014662648 0
1654154546635 0.005272063823605115 0
1654154561543 0.008063898354647445 0
1654154576540 0.009331193776983868 0
1654154591327 0.006229212296616459 0
1654154606146 0.0053738888218022125 0
1654154621106 0.005293666281398596 0
1654154636217 0.005146477549038608 0
1654154650833 0.004928945697070101 0
1654154665736 0.0046514033900823355 0
1654154680477 0.004786562985900933 0
1654154695502 0.004611162428185773 0
1654154710151 0.004464351067524064 0
1654154724901 0.005582346454814829 0
1654154739844 0.005037962747838855 0
1654154754395 0.005060482358307073 0
1654154829801 0.43149374116257755 0
1654154846754 0.08962346411219681 0
1654154863642 0.043976193974437146 0
1654154880481 0.026571825086822924 0
1654154897005 0.024337400578940814 0
1654154913645 0.020306344229646223 0
1654154930439 0.018281231153807424 0
1654154947170 0.0180802732772472 0
1654154964024 0.017839307631523492 0
1654154980965 0.027972207519634466 0
1654154997934 0.014492241334727067 0
1654155014556 0.015605798297193219 0
1654155031482 0.018499986604316836 0
1654155048344 0.01576445669403752 0
1654155065417 0.015350414646243534 0
1654155082331 0.01231955761302001 0
1654155099060 0.011355660013435312 0
1654155116084 0.010687639951598424 0
1654155133205 0.010773204487913433 0
1654155150079 0.010345525387550349 0
1654155167001 0.015510337794841246 0
1654155183579 0.013767054777425737 0
1654155200328 0.01920004360293318 0
1654155217143 0.01399071468757444 0
1654155233849 0.010998633438686291 0
1654155250450 0.01094258944044908 0
1654155267011 0.010607622778064608 0
1654155284237 0.01267321837793372 0
1654155301488 0.014718183678904272 0
1654155319281 0.01172376887668866 0
1654155336332 0.010120044656507142 0
1654155353236 0.010119512673240185 0
1654155370195 0.009754756331620859 0
1654155387049 0.009275330012754317 0
1654155403807 0.01125290943575047 0
1654155420218 0.019841933308901702 0
1654155436933 0.010547753162248411 0
1654155453566 0.00972348597043895 0
1654155470272 0.0111827195634562 0
1654155487446 0.01145356714028047 0
1654155504296 0.015604204640634438 0
1654155521397 0.010557378072761848 0
1654155538397 0.010805544289958481 0
1654155555311 0.009613064206265726 0
1654155572291 0.00949215888796365 0
1654155588939 0.009038261201933281 0
1654155605595 0.00876983582415161 0
1654155622435 0.01425918356050314 0
1654155639625 0.018564707600370788 0
1654155656670 0.014158102800829983 0
1654155750186 0.6494721502273497 0
1654155769234 0.19306890486749176 0
1654155787952 0.1002836407568326 0
1654155807187 0.07367084503960002 0
1654155825616 0.0608307962135845 0
1654155844074 0.04770695017667667 0
1654155863037 0.04287714036469607 0
1654155881613 0.05379036530319165 0
1654155900466 0.050431577208423124 0
1654155919108 0.048143041318224875 0
1654155937769 0.042875196671778686 0
1654155956680 0.039278032626615576 0
1654155975430 0.037303158248226304 0
1654155994488 0.04235435104807483 0
1654156013182 0.03915270098037182 0
1654156031843 0.04447461311169434 0
1654156050479 0.03766693382361862 0
1654156069380 0.037152001788989926 0
1654156087675 0.03851647933797087 0
1654156106019 0.043354212256852175 0
1654156124790 0.03964340557214923 0
1654156143748 0.043579459886177875 0
1654156162728 0.03238701826134294 0
1654156181597 0.03124786656849163 0
1654156200448 0.029650897079295937 0
1654156219859 0.040928580129395986 0
1654156238980 0.041508707312868175 0
1654156258641 0.03545499972913249 0
1654156277500 0.033688172054849225 0
1654156296660 0.02892857918876131 0
1654156315322 0.029948819381014877 0
1654156334100 0.027247750447140166 0
1654156352482 0.026431881759051413 0
1654156371433 0.027474951809594094 0
1654156390210 0.04314552224752323 0
1654156409077 0.03047465511963106 0
1654156427529 0.03795855128273522 0
1654156446414 0.029326652491938495 0
1654156465233 0.033490845705159436 0
1654156484117 0.032298556265684966 0
1654156502843 0.03529596959278575 0
1654156521803 0.029348008957024486 0
1654156540852 0.03165031488264164 0
1654156559314 0.031032008159478697 0
1654156578500 0.040872817714921704 0
1654156597029 0.033235644171180474 0
1654156616009 0.042303709653722946 0
1654156634977 0.03719578615309001 0
1654156653715 0.03126605952112258 0
1654156672688 0.034480682732238054 0
1654156782919 0.5075886589138326 0
1654156803263 0.09968168783005668 0
1654156823613 0.07279887589029986 0
1654156843907 0.05944545203544225 0
1654156864445 0.06348316396203856 0
1654156884941 0.05674420973879802 0
1654156905229 0.05320210487359013 0
1654156925904 0.046588388455544555 0
1654156946727 0.057182469912693955 0
1654156967153 0.05625927476289202 0
1654156988004 0.051637734118840005 0
1654157008825 0.05070465957508221 0
1654157029425 0.04681602758271841 0
1654157049785 0.043291458535590605 0
1654157069965 0.05328640114011723 0
1654157090227 0.056740531597552164 0
1654157110668 0.04811984289226053 0
1654157131141 0.04693839139784499 0
1654157151831 0.04384698381142267 0
1654157171972 0.04781948243462594 0
1654157192563 0.05874857268703325 0
1654157212717 0.05265880224811458 0
1654157233094 0.04913764040463472 0
1654157254356 0.04592769621378412 0
1654157275671 0.04115558538381652 0
1654157296674 0.04153344310794797 0
1654157316955 0.05487012644811257 0
1654157337210 0.0458717536070953 0
1654157357680 0.0443866746983645 0
1654157378234 0.04441123759967792 0
1654157398901 0.049856430630858 0
1654157419651 0.048868794765997606 0
1654157440130 0.04235517786529271 0
1654157460589 0.0485794943265259 0
1654157480853 0.049630126737379904 0
1654157501268 0.0426750818501538 0
1654157521910 0.0507138459800893 0
1654157542301 0.04168435378467383 0
1654157563238 0.051759704622118756 0
1654157583865 0.043725366664852466 0
1654157604471 0.04128441728076734 0
1654157625174 0.04817297953112735 0
1654157645718 0.0474647494798462 0
1654157666113 0.04033230494550569 0
1654157686893 0.03782026863203704 0
1654157707427 0.04190046476694578 0
1654157728023 0.03730604709575675 0
1654157748417 0.0419420955566195 0
1654157768870 0.04171568984215494 0
1654157789219 0.042716918844857996 0
