1645157783370 1.4381498773097992 0
1645157786950 1.2175257946252822 0
1645157790493 1.1371367889642716 0
1645157794072 1.0577488199472427 0
1645157797692 0.9843016237020492 0
1645157829147 1.1960887281894683 0
1645157859704 0.9654563970565796 0
1645157890369 0.8228566588759423 0
1645157921189 0.7378200759291649 0
1645157952026 0.6726193182170391 0
1645157983270 1.1114685258865356 0
1645158013569 0.823480094909668 0
1645158043256 0.6487378356456757 0
1645158073144 0.538109112650156 0
1645158103480 0.4681232794597745 0
1645158134505 1.0900195927619933 0
1645158164736 0.7953219204545021 0
1645158194743 0.6551316073536873 0
1645158224829 0.5547837416827679 0
1645158254911 0.48303881588578224 0
1645158286879 0.9382063874602318 0
1645158316509 0.615891275882721 0
1645158346326 0.5096389965564012 0
1645158376004 0.4021243643164635 0
1645158405696 0.3501139613315463 0
1645158437669 1.0706322140693665 0
1645158467608 0.736926553606987 0
1645158497594 0.6095275686383247 0
1645158527195 0.4953966401219368 0
1645158556772 0.413040564596653 0
1645158588763 1.0024402101039886 0
1645158618002 0.6626361257433891 0
1645158647489 0.5396433866918087 0
1645158676916 0.45776696857810023 0
1645158706303 0.35644976104795933 0
1645158739481 0.9678416170477867 0
1645158769108 0.6950559447407723 0
1645158798954 0.5315133969783783 0
1645158828761 0.45986135412752627 0
1645158858709 0.37555061979591847 0
1645158892746 0.8558549172878266 0
1645158923107 0.4900142368078232 0
1645158952986 0.3710044046640396 0
1645158982771 0.26917845906689764 0
1645159012620 0.222158520642668 0
1645159046860 0.8330963879227639 0
1645159076654 0.5333096976578235 0
1645159106330 0.4323843488097191 0
1645159135907 0.3257859016433358 0
1645159165546 0.2677659658715129 0
1645159199561 0.9325807973146438 0
1645159229016 0.5801177539676428 0
1645159258408 0.4365600328594446 0
1645159287887 0.362876469861716 0
1645159317240 0.2530609430037439 0
1645159352042 0.972811219573021 0
1645159381815 0.6633387144207954 0
1645159411553 0.5511898910850287 0
1645159441450 0.4199742675423622 0
1645159471177 0.3471665605381131 0
1645159506613 0.7126523658335209 0
1645159536320 0.4563029041290283 0
1645159566075 0.38366692198812963 0
1645159595854 0.32331830824911595 0
1645159625785 0.2780815952345729 0
1645159661299 1.0280641437768936 0
1645159690702 0.5555342524349689 0
1645159720117 0.4042190776318312 0
1645159750002 0.2800529873371124 0
1645159779934 0.2056271648593247 0
1645159816942 0.9951350280046463 0
1645159847264 0.6294956005811692 0
1645159877482 0.4823203602433205 0
1645159907758 0.3971919643059373 0
1645159938121 0.3026341890990734 0
1645159976116 1.0392252994775772 0
1645160006365 0.7124652094841003 0
1645160036774 0.5424280137121678 0
1645160067327 0.4403508926704526 0
1645160097958 0.3478296965584159 0
1645160136365 0.8850525051951409 0
1645160167125 0.510356764793396 0
1645160197733 0.3469680112376809 0
1645160228402 0.2658930618241429 0
1645160259050 0.21164025248587132 0
1645160298034 0.8814418701529503 0
1645160328615 0.5804080365598202 0
1645160359204 0.47097620165348053 0
1645160389663 0.3227706254720688 0
1645160420154 0.26997542607039215 0
1645160459262 0.7745001801848411 0
1645160489886 0.4590727721452713 0
1645160520121 0.32634646098315717 0
1645160550526 0.256237532787025 0
1645160580801 0.19405829475820063 0
1645160619793 0.729589975208044 0
1645160649711 0.4144124656170607 0
1645160679589 0.29331523532047865 0
1645160709518 0.22868421656265855 0
1645160739513 0.18362179258465766 0
