1645157783334 0.384 0
1645157786913 0.49 0
1645157790457 0.5192 0
1645157794035 0.5724 0
1645157797655 0.6124 0
1645157829108 0.5376 0
1645157859668 0.6576 0
1645157890332 0.702 0
1645157921150 0.7392 0
1645157951989 0.7612 0
1645157983233 0.5524 0
1645158013533 0.694 0
1645158043220 0.7632 0
1645158073108 0.804 0
1645158103442 0.832 0
1645158134469 0.5528 0
1645158164696 0.6992 0
1645158194704 0.7536 0
1645158224789 0.7968 0
1645158254871 0.8292 0
1645158286840 0.64 0
1645158316471 0.788 0
1645158346288 0.826 0
1645158375966 0.8576 0
1645158405657 0.8804 0
1645158437632 0.5812 0
1645158467567 0.7364 0
1645158497557 0.7796 0
1645158527156 0.8276 0
1645158556735 0.8604 0
1645158588725 0.6148 0
1645158617963 0.7548 0
1645158647450 0.8076 0
1645158676878 0.84 0
1645158706260 0.876 0
1645158739440 0.5964 0
1645158769069 0.7288 0
1645158798915 0.8032 0
1645158828720 0.8312 0
1645158858670 0.8644 0
1645158892706 0.6612 0
1645158923065 0.8256 0
1645158952947 0.872 0
1645158982725 0.9096 0
1645159012581 0.9248 0
1645159046819 0.674 0
1645159076614 0.81 0
1645159106291 0.8432 0
1645159135868 0.88 0
1645159165506 0.9064 0
1645159199516 0.624 0
1645159228976 0.7868 0
1645159258368 0.8516 0
1645159287847 0.872 0
1645159317200 0.9192 0
1645159351995 0.6308 0
1645159381773 0.7664 0
1645159411513 0.8088 0
1645159441409 0.852 0
1645159471135 0.8804 0
1645159506572 0.7188 0
1645159536278 0.8164 0
1645159566034 0.8496 0
1645159595813 0.8732 0
1645159625743 0.8968 0
1645159661256 0.6076 0
1645159690661 0.8096 0
1645159720074 0.8612 0
1645159749959 0.9016 0
1645159779891 0.9308 0
1645159816897 0.616 0
1645159847221 0.774 0
1645159877439 0.8432 0
1645159907714 0.8708 0
1645159938075 0.902 0
1645159976070 0.5924 0
1645160006322 0.7516 0
1645160036732 0.8064 0
1645160067282 0.8532 0
1645160097915 0.8832 0
1645160136320 0.6628 0
1645160167082 0.8276 0
1645160197689 0.886 0
1645160228358 0.9104 0
1645160259006 0.9348 0
1645160297990 0.66 0
1645160328571 0.7916 0
1645160359158 0.8368 0
1645160389619 0.8856 0
1645160420110 0.9092 0
1645160459216 0.7156 0
1645160489842 0.8332 0
1645160520076 0.8936 0
1645160550480 0.9168 0
1645160580754 0.9356 0
1645160619747 0.7284 0
1645160649665 0.8596 0
1645160679543 0.9036 0
1645160709473 0.9228 0
1645160739466 0.9388 0
