1652358144591 1.9952875150680542 0
1652358149901 1.6415266717910766 0
1652358155239 1.4620037395477294 0
1652358160353 1.3404845379829406 0
1652358165543 1.144536780357361 0
1652358170571 1.0455698497772217 0
1652358175762 0.9669850741386413 0
1652358180675 0.8325882410049439 0
1652358185831 0.7672630110740661 0
1652358191242 0.664605839920044 0
1652358196567 0.6502061295509338 0
1652358201807 0.512548241519928 0
1652358206816 0.48521750988960266 0
1652358211950 0.44026290798187256 0
1652358217114 0.35680804176330566 0
1652358222257 0.321221480178833 0
1652358227535 0.2882975222170353 0
1652358232761 0.2330522254228592 0
1652358238090 0.24992702132463454 0
1652358243442 0.19342797338962556 0
1652358248476 0.2041736357808113 0
1652358253818 0.19429652186632157 0
1652358259090 0.1770625829577446 0
1652358264325 0.1656761188209057 0
1652358269459 0.19360727502405645 0
1652358274614 0.12068707200586795 0
1652358279690 0.13191975707411766 0
1652358284853 0.15340499973893165 0
1652358290183 0.1563442837536335 0
1652358295451 0.10694469811692833 0
1652358300623 0.12303051565289497 0
1652358305924 0.12380507245101034 0
1652358310991 0.11419995916038751 0
1652358316094 0.11270034332126379 0
1652358321179 0.0905306122764945 0
1652358326071 0.11833549524992705 0
1652358331337 0.10723819163888693 0
1652358336708 0.09700164836645127 0
1652358341911 0.12294912395440041 0
1652358347286 0.11176414433121681 0
1652358352569 0.07851211765184998 0
1652358357637 0.09126548714637757 0
1652358362717 0.14495125551968813 0
1652358367836 0.09278126865178346 0
1652358372952 0.08664361680299043 0
1652358378048 0.1361516472518444 0
1652358383276 0.1091390382759273 0
1652358388368 0.08635329420417548 0
1652358393724 0.08242875775098801 0
1652358399083 0.09974693876355886 0
1652358408819 1.012690083026886 0
1652358417766 0.7504645886421204 0
1652358426866 0.6365713114738465 0
1652358435849 0.5443330550670624 0
1652358445045 0.5019678441524505 0
1652358454348 0.41788091545104983 0
1652358463221 0.3895687728047371 0
1652358472500 0.3365898581504822 0
1652358481525 0.29295235245227813 0
1652358490796 0.25380793310403826 0
1652358499652 0.22771957456469535 0
1652358508368 0.20729980820417404 0
1652358517535 0.1783917596101761 0
1652358526517 0.17601246934235096 0
1652358535694 0.15584965430423617 0
1652358545053 0.15179758119285106 0
1652358553809 0.164646634298563 0
1652358563092 0.1375816286802292 0
1652358572077 0.12411299791783094 0
1652358581385 0.11519225838184356 0
1652358590598 0.11284177937358618 0
1652358599498 0.10868488170206547 0
1652358608465 0.12996383540034295 0
1652358617308 0.11749141384363175 0
1652358626506 0.10136247147098183 0
1652358635417 0.10725143528059125 0
1652358644448 0.11991422387808562 0
1652358653491 0.0991443682923913 0
1652358662506 0.08872657168731093 0
1652358671694 0.11454547595083714 0
1652358680550 0.11363334788512439 0
1652358689633 0.0918111489288509 0
1652358698888 0.08826543486118317 0
1652358707880 0.0856508851185441 0
1652358717047 0.09667243869639933 0
1652358726204 0.09477829223275185 0
1652358735299 0.09642218819484115 0
1652358744560 0.07768871213495732 0
1652358753555 0.08657401486635208 0
1652358762504 0.08244953739605844 0
1652358771467 0.08969000493064523 0
1652358780508 0.10192495245933533 0
1652358789728 0.08294783081673086 0
1652358798701 0.07927374326363205 0
1652358807736 0.08978664841279388 0
1652358816797 0.08417597369104624 0
1652358825876 0.06372693295180798 0
1652358834953 0.0696586503278464 0
1652358844019 0.07894527123086155 0
1652358853013 0.06917183484211564 0
1652358866912 0.7058992907524109 0
1652358879903 0.5672281162261963 0
1652358893313 0.5171166859149933 0
1652358906892 0.4271110399723053 0
1652358920206 0.38523967145284016 0
1652358933588 0.35900945596694944 0
1652358946982 0.3047204543352127 0
1652358960210 0.2653358878970146 0
1652358973579 0.24655599939028422 0
1652358986935 0.2351157189687093 0
1652359000055 0.1867920336003105 0
1652359013581 0.183296872985363 0
1652359026861 0.1751399481813113 0
1652359040138 0.15967386590441068 0
1652359053684 0.15701599720319112 0
1652359067115 0.14291091134349504 0
1652359080315 0.13013004384338855 0
1652359093602 0.14387237122853597 0
1652359106938 0.12164775595963001 0
1652359120228 0.11520451109111308 0
1652359133493 0.1220993406345447 0
1652359146666 0.11134320478737354 0
1652359159875 0.11306308984259765 0
1652359172984 0.11134053775866827 0
1652359186262 0.11810077793449164 0
1652359199313 0.11548430608361959 0
1652359212739 0.10237713020046552 0
1652359225914 0.09610821942314506 0
1652359238616 0.08565912223557631 0
1652359251976 0.12008438192655643 0
1652359265286 0.09877527900363008 0
1652359278403 0.09545134851336479 0
1652359291504 0.100747213019679 0
1652359304614 0.08684035017167528 0
1652359318386 0.08642409885625045 0
1652359331551 0.09948793269147475 0
1652359344768 0.09027234510878722 0
1652359358130 0.09030868770331145 0
1652359371480 0.09081636507833997 0
1652359384701 0.09406647897362709 0
1652359398029 0.08688347072998683 0
1652359411622 0.09190359216878811 0
1652359424632 0.09910664475460847 0
1652359437736 0.09633658881435792 0
1652359450981 0.09247518827691674 0
1652359463952 0.08089608468934893 0
1652359477301 0.09223265443891286 0
1652359490692 0.08449363035087784 0
1652359503814 0.07596672942166527 0
1652359517183 0.08248017210712036 0
1652359535948 0.4988195119380951 0
1652359553641 0.37085839982032776 0
1652359571518 0.33631741469800475 0
1652359589229 0.29074112621247766 0
1652359606848 0.28091606281995773 0
1652359624720 0.23965499589443207 0
1652359642243 0.22444097278565167 0
1652359659856 0.1886147193044424 0
1652359677377 0.19835162360072137 0
1652359695176 0.17746604696959256 0
1652359712964 0.16420497251302005 0
1652359730933 0.15901042381823063 0
1652359748957 0.14410588512718678 0
1652359766711 0.1502560477025807 0
1652359784277 0.135593711540848 0
1652359801960 0.12786247290223837 0
1652359819492 0.13069796146303414 0
1652359837099 0.1259049491930753 0
1652359854888 0.10908466251306236 0
1652359872984 0.12344335573390126 0
1652359890859 0.13213526251912117 0
1652359908877 0.10437530816458165 0
1652359927061 0.10928075425624847 0
1652359944823 0.11109878194220364 0
1652359962267 0.11206651290133596 0
1652359980097 0.12040089784897864 0
1652359997701 0.09508990618661047 0
1652360015469 0.09444244578070939 0
1652360033409 0.10999737324044108 0
1652360050896 0.11234099660664797 0
1652360068716 0.103355001007393 0
1652360086609 0.09540265066623688 0
1652360104459 0.09745013154409826 0
1652360122217 0.09335544489063323 0
1652360139791 0.10847043316904456 0
1652360157550 0.10513401908706874 0
1652360175080 0.11323187951147556 0
1652360193063 0.09375355677902698 0
1652360211167 0.10329198774378746 0
1652360228791 0.09859776332080364 0
1652360246146 0.10259925298318266 0
1652360264057 0.09881996636991389 0
1652360281632 0.08644661580678076 0
1652360299493 0.09694753927886486 0
1652360317497 0.08949393016230316 0
1652360335306 0.10994840677585453 0
1652360353188 0.08720050846021622 0
1652360371051 0.09421207162793725 0
1652360388407 0.08875468454249204 0
1652360406366 0.09010178311886266 0
1652360430406 0.45020396017551423 0
1652360453543 0.37202833759605886 0
1652360476053 0.33623022412180903 0
1652360498784 0.3158315677987039 0
1652360521977 0.2864830718612671 0
1652360544663 0.27180007381513716 0
1652360567379 0.26591559220314026 0
1652360590137 0.2421192929959297 0
1652360612483 0.22953117401063441 0
1652360635442 0.2011499927186966 0
1652360658045 0.20414308489650487 0
1652360680853 0.1739014912879467 0
1652360703617 0.17244652140259742 0
1652360726748 0.16700157406628133 0
1652360749308 0.1619974222892523 0
1652360772009 0.13512657666593791 0
1652360794439 0.14206966985702515 0
1652360816408 0.15259987231366337 0
1652360838856 0.1363277741664648 0
1652360861676 0.13801280492149293 0
1652360883877 0.13756036213248968 0
1652360906766 0.12487102027148009 0
1652360929594 0.1197584204775095 0
1652360951685 0.12219873988866806 0
1652360974392 0.1159035684427619 0
1652360996686 0.12147287936158478 0
1652361019579 0.1288853432880342 0
1652361042347 0.12512143072858453 0
1652361064569 0.09838111326724291 0
1652361087363 0.11540221325837076 0
1652361110360 0.12035650815991684 0
1652361133036 0.11711727860957384 0
1652361155748 0.10695610969409347 0
1652361178597 0.11876310989409686 0
1652361201263 0.10928326877918094 0
1652361223852 0.11350862994760275 0
1652361246562 0.10515594821706414 0
1652361269128 0.11232433298036457 0
1652361291777 0.10590551699772477 0
1652361314452 0.10068631036385894 0
1652361337224 0.12604155822873114 0
1652361359582 0.10853149369835853 0
1652361382011 0.10427299246743321 0
1652361404995 0.107836252502501 0
1652361427613 0.09971314262911678 0
1652361450650 0.10427592369168996 0
1652361473374 0.11249103285253048 0
1652361495664 0.1117480124668777 0
1652361518753 0.09478350807383656 0
1652361541686 0.11187440668687225 0
