1641471669150 0.2746 0
1641471670718 0.4706 0
1641471672244 0.535 0
1641471673814 0.5788 0
1641471675332 0.6014 0
1641471676881 0.6362 0
1641471678432 0.646 0
1641471680006 0.6778 0
1641471681553 0.6908 0
1641471683110 0.7112 0
1641471684620 0.7282 0
1641471686175 0.7406 0
1641471687758 0.7542 0
1641471689365 0.7678 0
1641471690963 0.7898 0
1641471692529 0.8006 0
1641471694088 0.8202 0
1641471695669 0.8324 0
1641471697204 0.8478 0
1641471698773 0.8448 0
1641471700370 0.8666 0
1641471701946 0.8714 0
1641471703542 0.868 0
1641471705066 0.8934 0
1641471706613 0.8924 0
1641471708176 0.9108 0
1641471709747 0.908 0
1641471711340 0.919 0
1641471712996 0.9292 0
1641471714631 0.9228 0
1641471716912 0.4088 0
1641471718935 0.5782 0
1641471720862 0.63 0
1641471722718 0.6776 0
1641471724600 0.704 0
1641471726555 0.72 0
1641471728434 0.751 0
1641471730302 0.7776 0
1641471732217 0.7936 0
1641471734142 0.8154 0
1641471736040 0.8348 0
1641471737918 0.8524 0
1641471739802 0.8662 0
1641471741696 0.8862 0
1641471743547 0.8962 0
1641471745453 0.8962 0
1641471747335 0.905 0
1641471749256 0.92 0
1641471751158 0.916 0
1641471753033 0.9408 0
1641471754907 0.9406 0
1641471756771 0.9384 0
1641471758631 0.9582 0
1641471760492 0.9532 0
1641471762384 0.969 0
1641471764250 0.9652 0
1641471766155 0.9778 0
1641471768047 0.9792 0
1641471769935 0.963 0
1641471771847 0.9774 0
1641471774555 0.3514 0
1641471776720 0.508 0
1641471778876 0.564 0
1641471780992 0.5958 0
1641471783128 0.629 0
1641471785218 0.663 0
1641471787300 0.7024 0
1641471789408 0.731 0
1641471791526 0.7592 0
1641471793704 0.7856 0
1641471795792 0.8074 0
1641471797920 0.8514 0
1641471800072 0.8656 0
1641471802262 0.8776 0
1641471804396 0.887 0
1641471806500 0.9104 0
1641471808599 0.9124 0
1641471810739 0.9282 0
1641471812870 0.9324 0
1641471814973 0.941 0
1641471817128 0.9474 0
1641471819271 0.9742 0
1641471821324 0.9696 0
1641471823388 0.9664 0
1641471825498 0.9632 0
1641471827600 0.9606 0
1641471829705 0.9864 0
1641471831854 0.9828 0
1641471834010 0.9892 0
1641471836146 0.987 0
1641471839497 0.389 0
1641471841891 0.5232 0
1641471844329 0.5666 0
1641471846683 0.5922 0
1641471849087 0.6204 0
1641471851545 0.658 0
1641471853978 0.6738 0
1641471856544 0.7022 0
1641471858936 0.7304 0
1641471861360 0.7484 0
1641471863851 0.7862 0
1641471866267 0.7914 0
1641471868770 0.8212 0
1641471871395 0.8254 0
1641471874042 0.8538 0
1641471876511 0.8672 0
1641471878975 0.878 0
1641471881421 0.8872 0
1641471883848 0.907 0
1641471886281 0.9098 0
1641471888640 0.9136 0
1641471891064 0.9276 0
1641471893420 0.9418 0
1641471895858 0.9536 0
1641471898241 0.9358 0
1641471900584 0.9468 0
1641471902963 0.9418 0
1641471905289 0.9612 0
1641471907637 0.9612 0
1641471910006 0.973 0
1641471913962 0.3158 0
1641471916589 0.4422 0
1641471919183 0.4832 0
1641471921819 0.516 0
1641471924424 0.567 0
1641471927087 0.6004 0
1641471929710 0.6228 0
1641471932336 0.6618 0
1641471934984 0.6976 0
1641471937557 0.7244 0
1641471940222 0.7506 0
1641471942868 0.7886 0
1641471945531 0.824 0
1641471948156 0.8406 0
1641471950763 0.8704 0
1641471953386 0.8748 0
1641471955959 0.8938 0
1641471958551 0.9064 0
1641471961145 0.9242 0
1641471963739 0.9162 0
1641471966393 0.9504 0
1641471968991 0.9374 0
1641471971635 0.951 0
1641471974234 0.951 0
1641471976984 0.9684 0
1641471979640 0.9766 0
1641471982316 0.9752 0
1641471984854 0.9602 0
1641471987531 0.9814 0
1641471990159 0.9824 0
1641471994648 0.398 0
1641471997519 0.541 0
1641472000439 0.586 0
1641472003309 0.6152 0
1641472006174 0.651 0
1641472008996 0.6692 0
1641472011746 0.6996 0
1641472014584 0.727 0
1641472017427 0.7596 0
1641472020292 0.7876 0
1641472023148 0.8136 0
1641472025971 0.8296 0
1641472028851 0.8482 0
1641472031650 0.8702 0
1641472034533 0.8922 0
1641472037366 0.898 0
1641472040170 0.9176 0
1641472043017 0.9256 0
1641472045770 0.938 0
1641472048640 0.95 0
1641472051540 0.9462 0
1641472054377 0.949 0
1641472057177 0.9588 0
1641472060038 0.9564 0
1641472062926 0.9704 0
1641472065888 0.9782 0
1641472068782 0.9818 0
1641472071727 0.9804 0
1641472074639 0.9744 0
1641472077643 0.9906 0
1641472082769 0.362 0
1641472086183 0.486 0
1641472089260 0.5344 0
1641472092342 0.5626 0
1641472095479 0.5994 0
1641472098656 0.6252 0
1641472101852 0.664 0
1641472104953 0.7024 0
1641472108050 0.7306 0
1641472111202 0.7646 0
1641472114325 0.7798 0
1641472117446 0.8158 0
1641472120506 0.8416 0
1641472123553 0.871 0
1641472126572 0.894 0
1641472129767 0.9112 0
1641472132902 0.9042 0
1641472136065 0.9224 0
1641472139142 0.9286 0
1641472142270 0.9466 0
1641472145406 0.9612 0
1641472148576 0.9452 0
1641472151654 0.9598 0
1641472154798 0.966 0
1641472157802 0.9486 0
1641472160983 0.9712 0
1641472164178 0.9852 0
1641472167321 0.9912 0
1641472170459 0.9894 0
1641472173587 0.98 0
1641472179494 0.4188 0
1641472182896 0.533 0
1641472186367 0.5732 0
1641472189774 0.6188 0
1641472193237 0.6362 0
1641472196660 0.6576 0
1641472200099 0.6948 0
1641472203409 0.7228 0
1641472206631 0.7492 0
1641472209993 0.776 0
1641472213245 0.8218 0
1641472216655 0.8294 0
1641472220040 0.8646 0
1641472223514 0.8866 0
1641472226803 0.8978 0
1641472230216 0.9084 0
1641472233587 0.9256 0
1641472236976 0.9306 0
1641472240362 0.947 0
1641472243757 0.9504 0
1641472247206 0.9528 0
1641472250630 0.9664 0
1641472254103 0.9802 0
1641472257553 0.982 0
1641472260936 0.9738 0
1641472264377 0.9712 0
1641472267954 0.9522 0
1641472271450 0.9746 0
1641472274890 0.9906 0
1641472278363 0.9954 0
1641472284901 0.5106 0
1641472288546 0.6404 0
1641472292119 0.67 0
1641472295816 0.7072 0
1641472299325 0.7286 0
1641472302993 0.7504 0
1641472306725 0.784 0
1641472310408 0.8064 0
1641472314035 0.829 0
1641472317582 0.8486 0
1641472321100 0.8822 0
1641472324748 0.8872 0
1641472328371 0.9064 0
1641472332026 0.9158 0
1641472335628 0.924 0
1641472339266 0.941 0
1641472342814 0.9556 0
1641472346455 0.9502 0
1641472350098 0.965 0
1641472353701 0.962 0
1641472357281 0.9746 0
1641472361000 0.979 0
1641472364557 0.9842 0
1641472368089 0.9934 0
1641472371761 0.9906 0
1641472375421 0.9942 0
1641472379096 0.9878 0
1641472382678 0.9588 0
1641472386238 0.9864 0
1641472389795 0.984 0
1641472397031 0.4106 0
1641472400909 0.5366 0
1641472404837 0.5742 0
1641472408748 0.609 0
1641472412551 0.6378 0
1641472416439 0.6674 0
1641472420345 0.685 0
1641472424108 0.7152 0
1641472427989 0.739 0
1641472431847 0.7716 0
1641472435669 0.8028 0
1641472439547 0.8276 0
1641472443425 0.8426 0
1641472447455 0.8644 0
1641472451318 0.882 0
1641472455201 0.9008 0
1641472459082 0.912 0
1641472463005 0.937 0
1641472466977 0.9278 0
1641472470817 0.9464 0
1641472474659 0.9502 0
1641472478550 0.9458 0
1641472482496 0.9538 0
1641472486463 0.9698 0
1641472490367 0.9786 0
1641472494196 0.9728 0
1641472497969 0.9698 0
1641472501885 0.9644 0
1641472505701 0.9696 0
1641472509551 0.9834 0
