1652350373629 1.0153300966739653 0
1652350381840 0.6702926556825638 0
1652350390050 0.5696147997736931 0
1652350398157 0.5237709619522095 0
1652350406202 0.48873896510601045 0
1652350414357 0.42905640031695363 0
1652350422728 0.3827852534800768 0
1652350431073 0.3637560614466667 0
1652350439368 0.3348643890023231 0
1652350447737 0.30441666968464853 0
1652350457031 1.3206122315406799 0
1652350462683 1.1442896147727966 0
1652350468468 1.0183530922412873 0
1652350474215 0.9710374208450318 0
1652350479832 0.9042150559425354 0
1652350485509 0.8312893640518189 0
1652350491190 0.7932175088405609 0
1652350496886 0.7625529814243317 0
1652350502488 0.7027042480945587 0
1652350508137 0.6703872725725174 0
1652350521120 1.3730064682006835 0
1652350526713 1.1937870361328125 0
1652350532395 1.1338168414115906 0
1652350538129 1.0724122886657714 0
1652350543723 1.0086414816856384 0
1652350549390 0.9677291895866394 0
1652350555002 0.9239953351497651 0
1652350560837 0.8793128185272217 0
1652350566502 0.801683056974411 0
1652350572150 0.8080745080947876 0
1652350588426 0.8916303231239319 0
1652350594116 0.6672112489223481 0
1652350599851 0.5786109450101853 0
1652350605643 0.5509687620759011 0
1652350611216 0.5015082580924034 0
1652350616848 0.46807394202947616 0
1652350622508 0.4482828920483589 0
1652350628285 0.3958314072132111 0
1652350634015 0.38906662890911103 0
1652350639956 0.3518944635361433 0
1652350660184 1.4079470043182374 0
1652350666147 1.2852593398094176 0
1652350672053 1.2088807666778565 0
1652350677919 1.143735331249237 0
1652350683714 1.105815277671814 0
1652350689547 1.0830147885322572 0
1652350695348 1.024080161190033 0
1652350701031 0.9858935423374175 0
1652350706678 0.9550786312580108 0
1652350712334 0.8937742078781128 0
