1652154647915 0.9765245796203613 0
1652154650359 0.5857896924972534 0
1652154652836 0.5356873276293278 0
1652154655236 0.43728299696445466 0
1652154657633 0.4106817439675331 0
1652154660052 0.29940155937969687 0
1652154662478 0.29407704215049746 0
1652154664887 0.2398767140597105 0
1652154667301 0.21416748518943787 0
1652154669701 0.16448163102865218 0
1652154672133 0.1785036632888019 0
1652154674505 0.16375818336009978 0
1652154676923 0.16464546114802361 0
1652154679322 0.1392918487638235 0
1652154681713 0.09568872561454773 0
1652154684102 0.0960743520796299 0
1652154686533 0.08886939988136291 0
1652154688952 0.09287042612098158 0
1652154691393 0.11895568786561489 0
1652154693771 0.12059534922838211 0
1652154696146 0.06942532308846712 0
1652154698564 0.0643404095351696 0
1652154700977 0.08102227372825145 0
1652154703398 0.04406601303853094 0
1652154705806 0.06493346218187362 0
1652154708222 0.07827958801984787 0
1652154710636 0.07827693619728088 0
1652154713073 0.08478784075900912 0
1652154715486 0.057045869886875156 0
1652154717858 0.0582503555804491 0
1652154720268 0.06563515011668206 0
1652154722724 0.0572185273617506 0
1652154725133 0.04991522228959948 0
1652154727604 0.0479095510199666 0
1652154730023 0.03347778162965551 0
1652154732490 0.037233570178598165 0
1652154734938 0.04434338687732816 0
1652154737329 0.07061031446577981 0
1652154739671 0.04242156229652464 0
1652154742078 0.023528155918978156 0
1652154744436 0.02930620634541847 0
1652154746849 0.031305237341299655 0
1652154749236 0.037798238158226014 0
1652154751627 0.039628279800666494 0
1652154754030 0.04033358711085748 0
1652154756447 0.027228093133121727 0
1652154758842 0.11754327081479132 0
1652154761301 0.04651746533834376 0
1652154763736 0.022312172391451897 0
1652154766185 0.029353750996664166 0
1652154769257 0.6493894802093506 0
1652154772112 0.48660185022354124 0
1652154775027 0.38179396295547485 0
1652154777877 0.3177456459522247 0
1652154780790 0.2625067689180374 0
1652154783698 0.2370861997127533 0
1652154786633 0.18274149754047395 0
1652154789557 0.16271808284521103 0
1652154792475 0.14765672112107278 0
1652154795277 0.11585517170727253 0
1652154798153 0.11091669757962228 0
1652154801010 0.08872268109321595 0
1652154803819 0.09117211177945136 0
1652154806684 0.08794037268161774 0
1652154809585 0.0755884178429842 0
1652154812440 0.08797150374948978 0
1652154815297 0.06271875939667225 0
1652154818163 0.06991996811330319 0
1652154821122 0.07621609770730138 0
1652154823971 0.04521558358296752 0
1652154826918 0.05857498104274273 0
1652154829764 0.06131926973238588 0
1652154832710 0.0697561681829393 0
1652154835600 0.04948202012479305 0
1652154838480 0.036030065578408536 0
1652154841338 0.057404813901335 0
1652154844132 0.044412194435670974 0
1652154846958 0.05025890177264809 0
1652154849883 0.03970074667222798 0
1652154852596 0.038246204340830446 0
1652154855457 0.035879608241468665 0
1652154858357 0.04109839412868023 0
1652154861280 0.0494593536907807 0
1652154864181 0.035150886668264866 0
1652154867126 0.0433770951628685 0
1652154869992 0.018616830912791194 0
1652154872973 0.058215088434889914 0
1652154875805 0.06792630124427378 0
1652154878633 0.034744852902926504 0
1652154881582 0.041931163729727265 0
1652154884455 0.017625588631257415 0
1652154887268 0.017833935876749456 0
1652154890092 0.019972876948397607 0
1652154892970 0.05958540675453842 0
1652154895742 0.019663624444045128 0
1652154898641 0.016165046501299365 0
1652154901475 0.029078988102916627 0
1652154904390 0.037734248078800735 0
1652154907268 0.05238246974162757 0
1652154910008 0.03309627451132983 0
1652154914564 0.4198050728480021 0
1652154918595 0.3073602687040965 0
1652154922602 0.26605165457725527 0
1652154926731 0.2074238202015559 0
1652154930862 0.19330896011193593 0
1652154934969 0.15391031799564758 0
1652154938984 0.1381952516913414 0
1652154943091 0.12390565021236738 0
1652154947125 0.11212169410387675 0
1652154951115 0.09363797695438067 0
1652154955150 0.0656682958073914 0
1652154959296 0.06091703538795312 0
1652154963290 0.07411629020224014 0
1652154967368 0.06817104947666328 0
1652154971277 0.05343478412727515 0
1652154975278 0.04502656431918343 0
1652154979317 0.052930706825262554 0
1652154983497 0.05408753549735993 0
1652154987520 0.04719176587338249 0
1652154991715 0.03701310772014161 0
1652154995660 0.051990186335146425 0
1652154999711 0.04943892751783133 0
1652155003708 0.05574371329496304 0
1652155007780 0.026855665962770583 0
1652155011928 0.036349484551822145 0
1652155016095 0.04507437030871709 0
1652155020130 0.0331006020968159 0
1652155024125 0.044148678809652724 0
1652155028260 0.03759984270395944 0
1652155032293 0.04279317725072615 0
1652155036238 0.03752603459112967 0
1652155040304 0.03530760611059765 0
1652155044275 0.028818233971297742 0
1652155048257 0.03315919254658123 0
1652155052429 0.04805023378819848 0
1652155056562 0.027174539646102735 0
1652155060747 0.020909449856728317 0
1652155064804 0.044538610533749065 0
1652155068960 0.0364989385958761 0
1652155072970 0.030899636708634597 0
1652155076820 0.04765831468068063 0
1652155080838 0.02816080969286462 0
1652155084774 0.018316335826537883 0
1652155088768 0.0331150713271151 0
1652155092808 0.019506219207309185 0
1652155096915 0.03057793817599304 0
1652155100932 0.03393577866330743 0
1652155104985 0.029673124795096616 0
1652155108978 0.03515072518621261 0
1652155113113 0.02257093860336269 0
1652155118034 0.2710588365578594 0
1652155122199 0.17013815060460621 0
1652155126332 0.1343907258866087 0
1652155130676 0.0861131781799121 0
1652155134779 0.08176152742594266 0
1652155138901 0.08161476251482169 0
1652155142964 0.061708551096471824 0
1652155147183 0.06340352423594921 0
1652155151264 0.04584591577580275 0
1652155155370 0.05250462147768187 0
1652155159313 0.05837239679279515 0
1652155163353 0.0275837406409255 0
1652155167418 0.026276460133923207 0
1652155171478 0.02480904928913599 0
1652155175714 0.030610089791229676 0
1652155179824 0.039276933463210345 0
1652155183920 0.03907668342797454 0
1652155188067 0.030871290884088257 0
1652155192255 0.019972335584595834 0
1652155196455 0.03463631129719786 0
1652155200739 0.04449798951379952 0
1652155204979 0.022618444804022687 0
1652155209042 0.02718825324485215 0
1652155213445 0.03961502647167854 0
1652155217597 0.021576696849386134 0
1652155221711 0.025368741582345644 0
1652155225847 0.04193491715129001 0
1652155229975 0.03334297972914377 0
1652155234187 0.01697733609156599 0
1652155238284 0.021506864967766905 0
1652155242492 0.021580209162169593 0
1652155246707 0.022781373939602854 0
1652155250933 0.03487518108482171 0
1652155255094 0.02704671476613015 0
1652155259250 0.026032898250756605 0
1652155263407 0.029553720677817013 0
1652155267643 0.022827967905002404 0
1652155271932 0.01972352364362132 0
1652155275915 0.03398797340142953 0
1652155280101 0.023695242960570156 0
1652155284289 0.018082075841733193 0
1652155288618 0.01159290614370274 0
1652155292801 0.019633098342149477 0
1652155296925 0.03739733208392331 0
1652155301124 0.02376668208632608 0
1652155305241 0.022080407792613554 0
1652155309456 0.022489064350516418 0
1652155313797 0.01205173744978503 0
1652155318157 0.027149069580550012 0
1652155322403 0.029019531118348152 0
1652155327479 0.4259556922912598 0
1652155331825 0.30675589729944863 0
1652155336074 0.24777233220736186 0
1652155340527 0.19519358379046123 0
1652155345007 0.15811215856472652 0
1652155349247 0.13996423722306886 0
1652155353463 0.11500425550937653 0
1652155357789 0.10924296909968058 0
1652155362065 0.07278136257181565 0
1652155366304 0.07206555554072062 0
1652155370613 0.059294441335896654 0
1652155374922 0.04460084892114004 0
1652155379257 0.06026464995518327 0
1652155383377 0.041448062216987214 0
1652155387695 0.04197260815749566 0
1652155392086 0.02915466051027179 0
1652155396505 0.018509419512748718 0
1652155400816 0.023067026940112312 0
1652155405135 0.027619116627362866 0
1652155409463 0.033249032888561486 0
1652155413856 0.03672694459892809 0
1652155418192 0.031601559684673944 0
1652155422705 0.03386395444230487 0
1652155427102 0.053396748340316116 0
1652155431579 0.041627257432540254 0
1652155436102 0.031956613297822574 0
1652155440422 0.028985748325722913 0
1652155444540 0.03436965018634995 0
1652155448997 0.033099628118270386 0
1652155453488 0.03820550354011357 0
1652155457714 0.028568016924336553 0
1652155462088 0.019789617271441965 0
1652155466323 0.028712306534064314 0
1652155470658 0.01476939636832103 0
1652155475142 0.03180809795064852 0
1652155479472 0.024894726460240782 0
1652155483678 0.0204403329480129 0
1652155488046 0.02087945656424078 0
1652155492432 0.04102052947099631 0
1652155496747 0.02477820678918312 0
1652155500903 0.028523960936892155 0
1652155505247 0.02275670049385323 0
1652155509404 0.020711130125665417 0
1652155513683 0.031074881387447628 0
1652155518187 0.01800574959962008 0
1652155522634 0.03136865284079686 0
1652155526672 0.02468119360548444 0
1652155531042 0.019953507300512867 0
1652155535302 0.01899293348584324 0
1652155539544 0.030649092645236912 0
