1653220974756 0.1584 0
1653220979119 0.2552 0
1653220983549 0.3372 0
1653220987986 0.4112 0
1653220992354 0.4528 0
1653220996833 0.5278 0
1653221001166 0.5684 0
1653221005573 0.611 0
1653221009995 0.6584 0
1653221014576 0.7048 0
1653221019061 0.7118 0
1653221023415 0.7532 0
1653221027730 0.7992 0
1653221032169 0.814 0
1653221036545 0.8396 0
1653221040962 0.846 0
1653221045285 0.9044 0
1653221049606 0.8894 0
1653221053975 0.9186 0
1653221058390 0.9228 0
1653221062831 0.9288 0
1653221067219 0.9526 0
1653221071643 0.9532 0
1653221076025 0.9422 0
1653221080410 0.9542 0
1653221084870 0.9428 0
1653221089301 0.963 0
1653221093619 0.954 0
1653221097862 0.971 0
1653221102132 0.9732 0
1653221106517 0.97 0
1653221110841 0.9666 0
1653221115304 0.9692 0
1653221119692 0.9692 0
1653221124046 0.988 0
1653221128437 0.9876 0
1653221132817 0.9882 0
1653221137273 0.9924 0
1653221141654 0.9938 0
1653221146037 0.9914 0
1653221150514 0.9944 0
1653221154820 0.9948 0
1653221159318 0.9936 0
1653221163638 0.995 0
1653221167905 0.9952 0
1653221172279 0.9938 0
1653221176653 0.9938 0
1653221181010 0.9926 0
1653221185374 0.9896 0
1653221189794 0.99 0
1653221195454 0.2766 0
1653221200657 0.464 0
1653221205808 0.5682 0
1653221211178 0.6312 0
1653221216549 0.6884 0
1653221221870 0.7354 0
1653221227181 0.7874 0
1653221232490 0.825 0
1653221237736 0.8518 0
1653221243104 0.8718 0
1653221248300 0.8954 0
1653221253638 0.9144 0
1653221259080 0.9388 0
1653221264355 0.9306 0
1653221269660 0.9508 0
1653221275060 0.9476 0
1653221280336 0.9568 0
1653221285621 0.9616 0
1653221290967 0.9556 0
1653221296231 0.9598 0
1653221301568 0.96 0
1653221306846 0.9668 0
1653221311997 0.9386 0
1653221317251 0.9628 0
1653221322503 0.9742 0
1653221327814 0.9706 0
1653221333170 0.9846 0
1653221338530 0.992 0
1653221343750 0.991 0
1653221348888 0.9896 0
1653221354257 0.9882 0
1653221359851 0.9894 0
1653221365171 0.977 0
1653221370347 0.9892 0
1653221375540 0.9938 0
1653221380777 0.995 0
1653221386045 0.99 0
1653221391249 0.9962 0
1653221396371 0.9944 0
1653221401732 0.987 0
1653221407035 0.9864 0
1653221412325 0.9868 0
1653221417583 0.9874 0
1653221423081 0.988 0
1653221428379 0.9946 0
1653221433760 0.9972 0
1653221439153 0.997 0
1653221444461 0.9954 0
1653221449663 0.9956 0
1653221454895 0.999 0
1653221460754 0.3736 0
1653221466219 0.5602 0
1653221471453 0.6314 0
1653221476641 0.7068 0
1653221482024 0.7788 0
1653221487350 0.8164 0
1653221492462 0.8448 0
1653221497703 0.8824 0
1653221503079 0.9126 0
1653221508297 0.9166 0
1653221513454 0.9382 0
1653221518855 0.9432 0
1653221524176 0.9568 0
1653221529480 0.9712 0
1653221534871 0.9646 0
1653221540044 0.9684 0
1653221545429 0.975 0
1653221550738 0.9724 0
1653221556106 0.9798 0
1653221561640 0.98 0
1653221567053 0.983 0
1653221572319 0.987 0
1653221577690 0.9836 0
1653221583133 0.9874 0
1653221588364 0.9878 0
1653221593559 0.9882 0
1653221598802 0.991 0
1653221604114 0.987 0
1653221609541 0.9904 0
1653221614845 0.9902 0
1653221620275 0.9884 0
1653221625701 0.9872 0
1653221631046 0.9836 0
1653221636372 0.9678 0
1653221641787 0.9822 0
1653221647101 0.9806 0
1653221652479 0.9824 0
1653221657792 0.9864 0
1653221663202 0.986 0
1653221668701 0.9892 0
1653221673980 0.9916 0
1653221679118 0.9824 0
1653221684518 0.9916 0
1653221689753 0.9912 0
1653221695189 0.9932 0
1653221700526 0.9956 0
1653221705774 0.9962 0
1653221711064 0.995 0
1653221716303 0.9958 0
1653221721652 0.9966 0
1653221727735 0.3656 0
1653221733003 0.5372 0
1653221738259 0.6196 0
1653221743659 0.6878 0
1653221749030 0.7474 0
1653221754241 0.794 0
1653221759631 0.8414 0
1653221765072 0.8808 0
1653221770232 0.898 0
1653221775595 0.9152 0
1653221780789 0.9282 0
1653221786176 0.9478 0
1653221791451 0.9388 0
1653221796703 0.9588 0
1653221801889 0.9594 0
1653221807374 0.9698 0
1653221812548 0.9808 0
1653221817912 0.977 0
1653221823226 0.9796 0
1653221828568 0.9706 0
1653221833922 0.9786 0
1653221839224 0.981 0
1653221844570 0.9838 0
1653221849761 0.9908 0
1653221855063 0.9906 0
1653221860324 0.989 0
1653221865509 0.9914 0
1653221870883 0.989 0
1653221876180 0.9908 0
1653221881603 0.9928 0
1653221886870 0.991 0
1653221892177 0.9902 0
1653221897364 0.9878 0
1653221902705 0.9942 0
1653221908169 0.993 0
1653221913525 0.9942 0
1653221918731 0.9948 0
1653221924005 0.9936 0
1653221929176 0.996 0
1653221934583 0.998 0
1653221940003 0.9964 0
1653221945490 0.996 0
1653221950913 0.99 0
1653221956263 0.9952 0
1653221961692 0.9896 0
1653221966974 0.9852 0
1653221972342 0.9922 0
1653221977530 0.987 0
1653221982771 0.984 0
1653221987970 0.987 0
1653221994548 0.3534 0
1653222000022 0.5488 0
1653222005412 0.6402 0
1653222010679 0.707 0
1653222015988 0.7574 0
1653222021290 0.807 0
1653222026596 0.847 0
1653222031918 0.8854 0
1653222037133 0.9072 0
1653222042486 0.9232 0
1653222047882 0.9474 0
1653222053208 0.9564 0
1653222058389 0.9486 0
1653222063715 0.963 0
1653222069176 0.965 0
1653222074475 0.9672 0
1653222079907 0.9752 0
1653222085086 0.983 0
1653222090450 0.9822 0
1653222095828 0.9764 0
1653222101210 0.9796 0
1653222106631 0.983 0
1653222111898 0.9892 0
1653222117275 0.991 0
1653222122458 0.9898 0
1653222127686 0.99 0
1653222133015 0.9846 0
1653222138239 0.9882 0
1653222143549 0.9928 0
1653222148771 0.9938 0
1653222154034 0.989 0
1653222159431 0.9868 0
1653222164740 0.989 0
1653222170084 0.9928 0
1653222175411 0.9902 0
1653222180677 0.9908 0
1653222185859 0.991 0
1653222191393 0.992 0
1653222196736 0.985 0
1653222202049 0.9904 0
1653222207383 0.9938 0
1653222212679 0.9904 0
1653222218077 0.9916 0
1653222223538 0.9932 0
1653222228937 0.996 0
1653222234459 0.9944 0
1653222239701 0.9946 0
1653222245040 0.9956 0
1653222250445 0.9934 0
1653222255753 0.9974 0
1653222262591 0.3472 0
1653222267923 0.5052 0
1653222273419 0.5906 0
1653222278813 0.6664 0
1653222284028 0.7166 0
1653222289419 0.7844 0
1653222294659 0.8328 0
1653222300028 0.8528 0
1653222305402 0.8926 0
1653222310691 0.9114 0
1653222316025 0.921 0
1653222321345 0.937 0
1653222326621 0.95 0
1653222331835 0.9568 0
1653222337008 0.9724 0
1653222342295 0.9726 0
1653222347861 0.9772 0
1653222353126 0.9818 0
1653222358435 0.978 0
1653222363727 0.9814 0
1653222369138 0.9838 0
1653222374598 0.9898 0
1653222380004 0.987 0
1653222385317 0.9882 0
1653222390638 0.984 0
1653222395913 0.9806 0
1653222401195 0.979 0
1653222406484 0.985 0
1653222411717 0.9794 0
1653222416923 0.9794 0
1653222422412 0.9846 0
1653222427796 0.99 0
1653222433117 0.9926 0
1653222438539 0.9894 0
1653222443668 0.9898 0
1653222448948 0.991 0
1653222454288 0.99 0
1653222459652 0.9824 0
1653222464911 0.9886 0
1653222470388 0.9902 0
1653222475709 0.9916 0
1653222481112 0.9956 0
1653222486406 0.9934 0
1653222491719 0.993 0
1653222497264 0.9912 0
1653222502543 0.9924 0
1653222507998 0.9916 0
1653222513501 0.9952 0
1653222518752 0.995 0
1653222524043 0.996 0
1653222531270 0.3682 0
1653222536534 0.5466 0
1653222541951 0.623 0
1653222547407 0.6852 0
1653222552837 0.7474 0
1653222558149 0.7988 0
1653222563536 0.8372 0
1653222568791 0.8798 0
1653222574082 0.9004 0
1653222579189 0.9192 0
1653222584731 0.9344 0
1653222590039 0.9518 0
1653222595382 0.959 0
1653222600723 0.9524 0
1653222606033 0.9726 0
1653222611384 0.974 0
1653222616747 0.971 0
1653222622116 0.983 0
1653222627497 0.9834 0
1653222632845 0.9798 0
1653222638034 0.978 0
1653222643452 0.9844 0
1653222648713 0.983 0
1653222653994 0.9878 0
1653222659343 0.9822 0
1653222664646 0.9872 0
1653222669975 0.9862 0
1653222675282 0.99 0
1653222680773 0.9908 0
1653222686119 0.9914 0
1653222691345 0.9918 0
1653222696568 0.9944 0
1653222702009 0.991 0
1653222707361 0.9892 0
1653222712765 0.9868 0
1653222717965 0.9918 0
1653222723154 0.99 0
1653222728415 0.992 0
1653222733856 0.9846 0
1653222739167 0.9858 0
1653222744567 0.9848 0
1653222750008 0.992 0
1653222755377 0.9938 0
1653222760760 0.9946 0
1653222766232 0.9936 0
1653222771529 0.9966 0
1653222776882 0.9952 0
1653222782213 0.9966 0
1653222787460 0.9958 0
1653222792789 0.9988 0
1653222800544 0.3842 0
1653222805986 0.556 0
1653222811424 0.637 0
1653222816909 0.707 0
1653222822242 0.7674 0
1653222827729 0.82 0
1653222832992 0.856 0
1653222838448 0.8922 0
1653222843866 0.9202 0
1653222849223 0.9336 0
1653222854607 0.9428 0
1653222860080 0.9552 0
1653222865631 0.9536 0
1653222870847 0.979 0
1653222876300 0.969 0
1653222881640 0.9818 0
1653222887085 0.9818 0
1653222892404 0.986 0
1653222897543 0.988 0
1653222902865 0.9906 0
1653222908270 0.992 0
1653222913703 0.9908 0
1653222919061 0.9912 0
1653222924333 0.993 0
1653222929725 0.9926 0
1653222935124 0.9944 0
1653222940510 0.9964 0
1653222945880 0.9952 0
1653222951146 0.9956 0
1653222956506 0.9914 0
1653222961860 0.9958 0
1653222967497 0.9934 0
1653222972833 0.9914 0
1653222978274 0.9948 0
1653222983599 0.9888 0
1653222988952 0.9892 0
1653222994278 0.991 0
1653222999633 0.9932 0
1653223004945 0.9936 0
1653223010133 0.9936 0
1653223015514 0.9958 0
1653223020897 0.9946 0
1653223026337 0.9944 0
1653223031546 0.9968 0
1653223037061 0.9968 0
1653223042516 0.9974 0
1653223047803 0.9798 0
1653223053237 0.9944 0
1653223058470 0.9948 0
1653223063791 0.9964 0
1653223071747 0.3342 0
1653223077173 0.5156 0
1653223082558 0.612 0
1653223087914 0.6956 0
1653223093282 0.7518 0
1653223098649 0.8032 0
1653223103931 0.8378 0
1653223109275 0.8776 0
1653223114669 0.9092 0
1653223120081 0.9278 0
1653223125391 0.9426 0
1653223130776 0.9548 0
1653223136007 0.9644 0
1653223141417 0.9716 0
1653223146828 0.9822 0
1653223152215 0.9794 0
1653223157602 0.9822 0
1653223162905 0.9788 0
1653223168321 0.9828 0
1653223173676 0.986 0
1653223179056 0.99 0
1653223184551 0.9838 0
1653223189711 0.9858 0
1653223195092 0.9882 0
1653223200434 0.9916 0
1653223205819 0.9876 0
1653223210952 0.9906 0
1653223216362 0.9966 0
1653223221940 0.9968 0
1653223227247 0.993 0
1653223232737 0.9926 0
1653223238061 0.9946 0
1653223243328 0.993 0
1653223248780 0.9884 0
1653223254201 0.9898 0
1653223259530 0.99 0
1653223264985 0.9906 0
1653223270349 0.991 0
1653223275924 0.99 0
1653223281258 0.9906 0
1653223286756 0.9942 0
1653223292119 0.9956 0
1653223297663 0.9932 0
1653223303026 0.9944 0
1653223308313 0.9956 0
1653223313611 0.9954 0
1653223319155 0.9954 0
1653223324468 0.9956 0
1653223329845 0.9956 0
1653223335151 0.9944 0
1653223343585 0.402 0
1653223348857 0.6394 0
1653223354160 0.7276 0
1653223359470 0.7732 0
1653223364760 0.8256 0
1653223370100 0.8676 0
1653223375505 0.897 0
1653223380870 0.923 0
1653223386393 0.953 0
1653223391801 0.958 0
1653223397070 0.9632 0
1653223402475 0.9716 0
1653223407951 0.9788 0
1653223413453 0.9892 0
1653223418720 0.988 0
1653223424245 0.9856 0
1653223429797 0.9892 0
1653223435107 0.9886 0
1653223440395 0.9932 0
1653223445764 0.9928 0
1653223451085 0.9942 0
1653223456460 0.9934 0
1653223461817 0.9938 0
1653223467207 0.989 0
1653223472569 0.9954 0
1653223477803 0.996 0
1653223483211 0.9956 0
1653223488616 0.993 0
1653223494035 0.9972 0
1653223499454 0.9936 0
1653223504983 0.993 0
1653223510530 0.9934 0
1653223515791 0.9946 0
1653223521136 0.994 0
1653223526462 0.9958 0
1653223531979 0.987 0
1653223537550 0.9964 0
1653223543077 0.9842 0
1653223548477 0.994 0
1653223553893 0.9952 0
1653223559176 0.995 0
1653223564506 0.9942 0
1653223569899 0.9958 0
1653223575420 0.9952 0
1653223580863 0.9982 0
1653223586268 0.9982 0
1653223591647 0.9986 0
1653223597070 0.9978 0
1653223602375 0.9976 0
1653223607711 0.9966 0
1653223616474 0.3938 0
1653223621952 0.566 0
1653223627345 0.637 0
1653223632660 0.6988 0
1653223638072 0.7588 0
1653223643375 0.7912 0
1653223648684 0.8542 0
1653223654259 0.8728 0
1653223659553 0.9054 0
1653223664925 0.9206 0
1653223670289 0.9392 0
1653223675554 0.9474 0
1653223680845 0.9566 0
1653223686335 0.9654 0
1653223691749 0.975 0
1653223697266 0.979 0
1653223702691 0.9784 0
1653223708256 0.981 0
1653223713632 0.9758 0
1653223719109 0.9836 0
1653223724717 0.9882 0
1653223730066 0.9908 0
1653223735538 0.9898 0
1653223740869 0.9936 0
1653223746250 0.9954 0
1653223751653 0.9938 0
1653223757026 0.9918 0
1653223762275 0.9898 0
1653223767766 0.9926 0
1653223773318 0.9944 0
1653223778688 0.9972 0
1653223784044 0.9946 0
1653223789537 0.9948 0
1653223795002 0.9956 0
1653223800390 0.9932 0
1653223805722 0.9934 0
1653223811010 0.9912 0
1653223816389 0.992 0
1653223821786 0.9914 0
1653223827129 0.9842 0
1653223832609 0.9878 0
1653223837831 0.991 0
1653223843422 0.99 0
1653223848953 0.9906 0
1653223854459 0.9918 0
1653223859715 0.9926 0
1653223865142 0.9952 0
1653223870588 0.9932 0
1653223876033 0.9958 0
1653223881332 0.9934 0
1653223890266 0.3672 0
1653223895525 0.5594 0
1653223900828 0.6458 0
1653223906116 0.7106 0
1653223911686 0.755 0
1653223917160 0.8176 0
1653223922493 0.8544 0
1653223927761 0.896 0
1653223933219 0.9094 0
1653223938611 0.9292 0
1653223944049 0.9396 0
1653223949422 0.952 0
1653223954765 0.9622 0
1653223960284 0.9644 0
1653223965874 0.9734 0
1653223971265 0.9794 0
1653223976642 0.9708 0
1653223982239 0.9808 0
1653223987737 0.9816 0
1653223993224 0.9856 0
1653223998685 0.9882 0
1653224004030 0.9828 0
1653224009409 0.9858 0
1653224014655 0.9906 0
1653224019928 0.9918 0
1653224025376 0.9906 0
1653224030802 0.988 0
1653224036196 0.9886 0
1653224041442 0.9884 0
1653224046694 0.9912 0
1653224052273 0.9884 0
1653224057536 0.9924 0
1653224062856 0.9916 0
1653224068278 0.9934 0
1653224073844 0.9936 0
1653224079256 0.9912 0
1653224084399 0.9942 0
1653224089790 0.9948 0
1653224095016 0.993 0
1653224100383 0.9958 0
1653224105813 0.9962 0
1653224111311 0.9946 0
1653224116655 0.9966 0
1653224122030 0.9958 0
1653224127234 0.993 0
1653224132758 0.9944 0
1653224138086 0.9952 0
1653224143372 0.9966 0
1653224148737 0.9972 0
1653224154103 0.9934 0
1653224163831 0.4338 0
1653224169394 0.6258 0
1653224174725 0.699 0
1653224180239 0.7518 0
1653224185629 0.7958 0
1653224191174 0.8498 0
1653224196498 0.8896 0
1653224201971 0.9142 0
1653224207265 0.931 0
1653224212818 0.9596 0
1653224218163 0.9656 0
1653224223655 0.9736 0
1653224228797 0.971 0
1653224234154 0.982 0
1653224239666 0.9856 0
1653224245104 0.9896 0
1653224250704 0.9952 0
1653224256125 0.989 0
1653224261602 0.994 0
1653224267027 0.9916 0
1653224272400 0.9924 0
1653224277767 0.9936 0
1653224283289 0.996 0
1653224288671 0.992 0
1653224294010 0.9938 0
1653224299239 0.988 0
1653224304546 0.9928 0
1653224309983 0.9968 0
1653224315596 0.9942 0
1653224321134 0.9966 0
1653224326586 0.9958 0
1653224331890 0.9942 0
1653224337267 0.9964 0
1653224342727 0.9974 0
1653224348073 0.996 0
1653224353394 0.995 0
1653224358836 0.9958 0
1653224364230 0.998 0
1653224369569 0.996 0
1653224374867 0.996 0
1653224380311 0.9986 0
1653224385810 0.997 0
1653224391176 0.9984 0
1653224396411 0.9942 0
1653224401817 0.9952 0
1653224407074 0.9978 0
1653224412734 0.9984 0
1653224418029 0.9968 0
1653224423482 0.9968 0
1653224428845 0.9984 0
1653224438798 0.3494 0
1653224444296 0.542 0
1653224449631 0.643 0
1653224454924 0.7022 0
1653224460224 0.756 0
1653224465633 0.8166 0
1653224471028 0.8542 0
1653224476355 0.8782 0
1653224481740 0.91 0
1653224487139 0.924 0
1653224492370 0.928 0
1653224497918 0.9506 0
1653224503297 0.959 0
1653224508778 0.969 0
1653224514212 0.9768 0
1653224519676 0.979 0
1653224524992 0.9788 0
1653224530550 0.9856 0
1653224535889 0.9834 0
1653224541264 0.9818 0
1653224546722 0.981 0
1653224552175 0.9868 0
1653224557593 0.9804 0
1653224563075 0.9828 0
1653224568438 0.9888 0
1653224573882 0.9842 0
1653224579145 0.9932 0
1653224584558 0.9934 0
1653224589882 0.9922 0
1653224594999 0.9926 0
1653224600306 0.9946 0
1653224605700 0.9978 0
1653224611209 0.995 0
1653224616653 0.9924 0
1653224621939 0.9904 0
1653224627401 0.9918 0
1653224632775 0.9936 0
1653224638041 0.9958 0
1653224643429 0.9948 0
1653224648776 0.9956 0
1653224654332 0.9962 0
1653224659766 0.9934 0
1653224665140 0.991 0
1653224670462 0.994 0
1653224676056 0.9948 0
1653224681456 0.9978 0
1653224686831 0.9974 0
1653224692428 0.9966 0
1653224697799 0.9964 0
1653224703240 0.9944 0
1653224713634 0.382 0
1653224719000 0.5602 0
1653224724516 0.6646 0
1653224729899 0.7288 0
1653224735082 0.7852 0
1653224740496 0.8278 0
1653224745916 0.8768 0
1653224751371 0.8872 0
1653224757058 0.9178 0
1653224762564 0.9402 0
1653224767940 0.9368 0
1653224773463 0.9618 0
1653224779022 0.9674 0
1653224784672 0.9784 0
1653224790309 0.983 0
1653224795934 0.9872 0
1653224801447 0.9904 0
1653224806844 0.993 0
1653224812279 0.9888 0
1653224817685 0.9906 0
1653224823117 0.9924 0
1653224828724 0.993 0
1653224834193 0.9964 0
1653224839686 0.9952 0
1653224845005 0.998 0
1653224850514 0.9932 0
1653224856015 0.9954 0
1653224861591 0.9964 0
1653224867064 0.9942 0
1653224872565 0.9966 0
1653224877954 0.9956 0
1653224883135 0.9962 0
1653224888717 0.9976 0
1653224894184 0.9948 0
1653224899763 0.9974 0
1653224905003 0.999 0
1653224910415 0.9958 0
1653224915711 0.9986 0
1653224921281 0.9966 0
1653224926852 0.9972 0
1653224932186 0.9976 0
1653224937641 0.997 0
1653224943062 0.9986 0
1653224948479 0.9972 0
1653224953840 0.9982 0
1653224959254 0.9984 0
1653224964659 0.9984 0
1653224970113 0.997 0
1653224975456 0.9972 0
1653224980974 0.997 0
1653224991708 0.4382 0
1653224997113 0.6074 0
1653225002441 0.674 0
1653225007914 0.7346 0
1653225013601 0.7866 0
1653225019023 0.8328 0
1653225024428 0.8558 0
1653225029834 0.8966 0
1653225035283 0.9106 0
1653225040820 0.924 0
1653225046275 0.9408 0
1653225051661 0.9508 0
1653225057060 0.9618 0
1653225062373 0.9718 0
1653225067884 0.9754 0
1653225073173 0.9802 0
1653225078776 0.987 0
1653225084037 0.991 0
1653225089400 0.9844 0
1653225094761 0.9822 0
1653225100263 0.9922 0
1653225105773 0.9838 0
1653225111315 0.9958 0
1653225116768 0.993 0
1653225122289 0.9916 0
1653225127657 0.9904 0
1653225133190 0.9904 0
1653225138807 0.9936 0
1653225144335 0.9958 0
1653225149882 0.9916 0
1653225155220 0.9958 0
1653225160650 0.9958 0
1653225166112 0.9928 0
1653225171627 0.9964 0
1653225177175 0.998 0
1653225182430 0.996 0
1653225187903 0.9952 0
1653225193482 0.994 0
1653225198960 0.9924 0
1653225204504 0.994 0
1653225209931 0.9918 0
1653225215466 0.997 0
1653225220942 0.9946 0
1653225226458 0.996 0
1653225231818 0.9948 0
1653225237216 0.9974 0
1653225242589 0.998 0
1653225248074 0.9932 0
1653225253368 0.995 0
1653225258772 0.9926 0
1653225269905 0.4332 0
1653225275589 0.5928 0
1653225281119 0.6724 0
1653225286605 0.7256 0
1653225292025 0.7836 0
1653225297506 0.8224 0
1653225302924 0.862 0
1653225308329 0.8852 0
1653225313844 0.9156 0
1653225319325 0.9344 0
1653225324664 0.9468 0
1653225330059 0.952 0
1653225335549 0.9564 0
1653225341140 0.9734 0
1653225346608 0.9782 0
1653225352140 0.9808 0
1653225357429 0.9852 0
1653225362846 0.9868 0
1653225368208 0.9944 0
1653225373578 0.9932 0
1653225378987 0.9904 0
1653225384608 0.992 0
1653225389968 0.987 0
1653225395378 0.9794 0
1653225400892 0.99 0
1653225406484 0.9924 0
1653225412107 0.993 0
1653225417494 0.9898 0
1653225422875 0.9878 0
1653225428370 0.9896 0
1653225433733 0.995 0
1653225439081 0.9952 0
1653225444540 0.9922 0
1653225450155 0.9952 0
1653225455517 0.9942 0
1653225461091 0.9954 0
1653225466547 0.997 0
1653225472022 0.9976 0
1653225477564 0.9936 0
1653225482979 0.9966 0
1653225488328 0.9914 0
1653225493754 0.99 0
1653225499294 0.9948 0
1653225504742 0.9882 0
1653225510109 0.9936 0
1653225515546 0.9944 0
1653225520887 0.9966 0
1653225526446 0.9982 0
1653225531882 0.996 0
1653225537318 0.9962 0
1653225548842 0.399 0
1653225554326 0.5928 0
1653225559740 0.6874 0
1653225565217 0.7446 0
1653225570821 0.808 0
1653225576300 0.8482 0
1653225581696 0.8826 0
1653225587322 0.9094 0
1653225592628 0.934 0
1653225598212 0.9472 0
1653225603828 0.962 0
1653225608998 0.9734 0
1653225614388 0.9764 0
1653225619816 0.9828 0
1653225625400 0.9832 0
1653225630985 0.9762 0
1653225636409 0.9886 0
1653225642071 0.9894 0
1653225647589 0.9924 0
1653225653070 0.9938 0
1653225658718 0.9946 0
1653225664449 0.9908 0
1653225670083 0.9936 0
1653225675447 0.9958 0
1653225681070 0.997 0
1653225686597 0.9964 0
1653225692050 0.9946 0
1653225697550 0.9928 0
1653225702965 0.9944 0
1653225708434 0.9926 0
1653225713968 0.9946 0
1653225719351 0.9956 0
1653225724796 0.9964 0
1653225730296 0.9928 0
1653225735793 0.996 0
1653225741359 0.9976 0
1653225746714 0.9978 0
1653225752284 0.997 0
1653225757769 0.9964 0
1653225763271 0.9946 0
1653225768851 0.9958 0
1653225774399 0.9968 0
1653225779725 0.9992 0
1653225785216 0.996 0
1653225790780 0.9976 0
1653225796150 0.997 0
1653225801568 0.9986 0
1653225807248 0.9994 0
1653225812890 0.9998 0
1653225818617 0.9998 0
1653225830506 0.4444 0
1653225835946 0.5962 0
1653225841474 0.6724 0
1653225846781 0.7236 0
1653225852253 0.7816 0
1653225857636 0.825 0
1653225863187 0.8542 0
1653225868645 0.8862 0
1653225874132 0.9244 0
1653225879736 0.935 0
1653225885371 0.9496 0
1653225890971 0.9624 0
1653225896477 0.9698 0
1653225901762 0.9714 0
1653225907321 0.9742 0
1653225912765 0.9776 0
1653225918201 0.9856 0
1653225923787 0.9788 0
1653225929269 0.9884 0
1653225934792 0.9896 0
1653225940408 0.9804 0
1653225945967 0.9908 0
1653225951538 0.9926 0
1653225957083 0.9888 0
1653225962606 0.9912 0
1653225968278 0.9928 0
1653225973778 0.9938 0
1653225979165 0.9924 0
1653225984641 0.9908 0
1653225990109 0.995 0
1653225995678 0.9906 0
1653226001120 0.9912 0
1653226006525 0.9934 0
1653226012006 0.9936 0
1653226017454 0.9908 0
1653226022910 0.9942 0
1653226028429 0.9956 0
1653226033869 0.9948 0
1653226039385 0.9956 0
1653226044993 0.9944 0
1653226050649 0.997 0
1653226056334 0.9974 0
1653226061841 0.9946 0
1653226067428 0.9942 0
1653226072927 0.9964 0
1653226078523 0.9952 0
1653226084039 0.9964 0
1653226089310 0.9946 0
1653226094896 0.9966 0
1653226100481 0.9962 0
1653226112913 0.4276 0
1653226118277 0.6158 0
1653226123840 0.6826 0
1653226129417 0.7588 0
1653226134755 0.8026 0
1653226140259 0.849 0
1653226145949 0.8774 0
1653226151548 0.9134 0
1653226157101 0.9358 0
1653226162724 0.9502 0
1653226168219 0.9608 0
1653226173787 0.969 0
1653226179298 0.979 0
1653226184862 0.9806 0
1653226190520 0.9824 0
1653226196091 0.9844 0
1653226201549 0.9856 0
1653226206969 0.9888 0
1653226212557 0.9924 0
1653226218269 0.9944 0
1653226223832 0.9952 0
1653226229585 0.9918 0
1653226235247 0.9934 0
1653226240792 0.983 0
1653226246372 0.9886 0
1653226251755 0.99 0
1653226257329 0.9922 0
1653226262854 0.9962 0
1653226268515 0.9958 0
1653226273933 0.995 0
1653226279440 0.9966 0
1653226285177 0.9934 0
1653226290757 0.9956 0
1653226296285 0.996 0
1653226301684 0.9982 0
1653226307225 0.9954 0
1653226312776 0.994 0
1653226318161 0.9954 0
1653226323741 0.9972 0
1653226329196 0.9972 0
1653226334817 0.998 0
1653226340242 0.9974 0
1653226345810 0.9982 0
1653226351387 0.9984 0
1653226356801 0.9964 0
1653226362360 0.9968 0
1653226367910 0.997 0
1653226373397 0.9964 0
1653226378872 0.9986 0
1653226384249 0.9962 0
