1653220974781 2.374553784561157 0
1653220979148 2.1524252388000487 0
1653220983580 1.8835977249145508 0
1653220988014 1.6797964305877686 0
1653220992370 1.5386115840911865 0
1653220996859 1.3282604320526123 0
1653221001192 1.2070412296295165 0
1653221005596 1.1037377868652343 0
1653221010009 0.967219951248169 0
1653221014598 0.8335931410312653 0
1653221019086 0.8040643217563629 0
1653221023429 0.7094844184875488 0
1653221027761 0.5519704676628113 0
1653221032183 0.5254244201183319 0
1653221036559 0.4673439657688141 0
1653221040979 0.435278131967783 0
1653221045300 0.2796896424293518 0
1653221049620 0.3284344530582428 0
1653221054001 0.23541156677603722 0
1653221058405 0.22561560003757478 0
1653221062845 0.20971485477387905 0
1653221067234 0.1397255709052086 0
1653221071664 0.1398305362701416 0
1653221076040 0.16426001161336898 0
1653221080424 0.13850358548164368 0
1653221084886 0.1674408887863159 0
1653221089327 0.11444757161140443 0
1653221093633 0.13351964474618436 0
1653221097876 0.08889540495872497 0
1653221102147 0.07725275517702103 0
1653221106531 0.08557334792464971 0
1653221110855 0.10506002258658409 0
1653221115326 0.09157279361486435 0
1653221119718 0.093429660589993 0
1653221124074 0.04261123782657087 0
1653221128451 0.038146499918401244 0
1653221132834 0.034991236889362336 0
1653221137290 0.03067838286831975 0
1653221141681 0.023883702088706195 0
1653221146051 0.03064785696566105 0
1653221150528 0.021788883743807674 0
1653221154834 0.022141213158005848 0
1653221159332 0.02215237188045867 0
1653221163654 0.02013256937735714 0
1653221167921 0.014901441121473909 0
1653221172296 0.0195055034738034 0
1653221176670 0.023015779175423086 0
1653221181024 0.02412970050163567 0
1653221185388 0.03131431259140372 0
1653221189809 0.03275790828345344 0
1653221195476 2.0645645408630373 0
1653221200681 1.5634135358810424 0
1653221205827 1.3012382053375244 0
1653221211194 1.1240076513290405 0
1653221216565 0.9472075658798218 0
1653221221885 0.8116527018547058 0
1653221227198 0.6564544665336609 0
1653221232509 0.5517699639320374 0
1653221237760 0.45340298624038694 0
1653221243120 0.3928914044141769 0
1653221248316 0.31804256796836855 0
1653221253660 0.2646688761472702 0
1653221259108 0.19812648022174836 0
1653221264370 0.21202547458410262 0
1653221269692 0.15806093436479568 0
1653221275078 0.1613904249429703 0
1653221280353 0.13552106032371522 0
1653221285647 0.11776070094108582 0
1653221290992 0.13890159217119216 0
1653221296245 0.11509023706316948 0
1653221301585 0.11448081675767899 0
1653221306861 0.1018009696662426 0
1653221312018 0.195992494982481 0
1653221317273 0.11024560493528843 0
1653221322526 0.07813366017639636 0
1653221327843 0.08708365489766001 0
1653221333187 0.052775498607754705 0
1653221338549 0.02777181269004941 0
1653221343772 0.03126576312556863 0
1653221348904 0.032181924752146006 0
1653221354278 0.03719292379058897 0
1653221359867 0.035868102636933324 0
1653221365186 0.06626691140905022 0
1653221370361 0.03441231592670083 0
1653221375562 0.02272293850397691 0
1653221380801 0.018096055011823774 0
1653221386061 0.032121564802154896 0
1653221391269 0.014775314793549477 0
1653221396388 0.019534389746189117 0
1653221401749 0.04197548820748925 0
1653221407063 0.03784408961839508 0
1653221412344 0.04460382215222344 0
1653221417619 0.040243257761374114 0
1653221423097 0.0372102668993175 0
1653221428393 0.01733130568359047 0
1653221433785 0.011414744270965458 0
1653221439179 0.011329292365163566 0
1653221444477 0.016592512408457695 0
1653221449677 0.017155287312343715 0
1653221454911 0.0077279440036043525 0
1653221460769 1.7097621255874633 0
1653221466235 1.2456542106628419 0
1653221471468 1.0465686246871948 0
1653221476656 0.8489594598293304 0
1653221482039 0.6822757801055909 0
1653221487378 0.5582482347965241 0
1653221492477 0.47293009810447695 0
1653221497730 0.35548801445961 0
1653221503094 0.28317234115600587 0
1653221508313 0.24796017696857453 0
1653221513473 0.1851778470337391 0
1653221518872 0.16839957939386369 0
1653221524198 0.13456405953168868 0
1653221529497 0.09196569914221764 0
1653221534886 0.10829274324774742 0
1653221540070 0.10035524795651436 0
1653221545445 0.07997326872050763 0
1653221550757 0.08045468304753303 0
1653221556121 0.060930570474267004 0
1653221561655 0.06463504783213139 0
1653221567068 0.052558240780234335 0
1653221572348 0.042923270281404254 0
1653221577705 0.05244600582495332 0
1653221583148 0.042505449521541595 0
1653221588379 0.03706550746783614 0
1653221593574 0.03864978587403894 0
1653221598822 0.030642406791448595 0
1653221604140 0.03317855340391398 0
1653221609567 0.032078143255412576 0
1653221614860 0.030776223611831664 0
1653221620292 0.03823156184256077 0
1653221625717 0.044703689270466564 0
1653221631061 0.049356256713718176 0
1653221636387 0.10056672562249006 0
1653221641802 0.05501356463143602 0
1653221647128 0.05342932034656406 0
1653221652494 0.04814571602642536 0
1653221657817 0.03832136020064354 0
1653221663236 0.03946903409212828 0
1653221668724 0.03092124639712274 0
1653221674007 0.028130449564382435 0
1653221679138 0.05450931106414646 0
1653221684539 0.027585113115236162 0
1653221689775 0.024931635452993213 0
1653221695212 0.019153442484885454 0
1653221700554 0.01379198005720973 0
1653221705799 0.012798763457871974 0
1653221711080 0.014082550867088138 0
1653221716319 0.013356312536727637 0
1653221721670 0.010257387097273023 0
1653221727750 1.799554686164856 0
1653221733023 1.3548327026367188 0
1653221738274 1.1192596839904785 0
1653221743675 0.9416402390480042 0
1653221749052 0.7576167615890503 0
1653221754263 0.6245133481025695 0
1653221759665 0.485802342414856 0
1653221765096 0.3783365679740906 0
1653221770249 0.3217063943207264 0
1653221775611 0.25997456064224245 0
1653221780806 0.22133713114261627 0
1653221786197 0.1597067880153656 0
1653221791478 0.18595198386907577 0
1653221796722 0.12930680680274964 0
1653221801908 0.12427016732543707 0
1653221807392 0.09665200956463814 0
1653221812568 0.06797196417450904 0
1653221817931 0.07138160244897009 0
1653221823242 0.06487426592111588 0
1653221828599 0.0844120412260294 0
1653221833938 0.06335844143629074 0
1653221839240 0.0634730370014906 0
1653221844597 0.05272923893332481 0
1653221849779 0.033686670952662826 0
1653221855078 0.033042415552586316 0
1653221860340 0.03547086422238499 0
1653221865526 0.03148517166469246 0
1653221870900 0.035494211657345294 0
1653221876206 0.02842297848314047 0
1653221881623 0.027049823624640704 0
1653221886895 0.027630175366438924 0
1653221892194 0.03319234175980091 0
1653221897380 0.03835550843179226 0
1653221902720 0.01802891572471708 0
1653221908194 0.021571896404772996 0
1653221913542 0.02116704066693783 0
1653221918747 0.017332653974043204 0
1653221924033 0.02002454435005784 0
1653221929192 0.017692704951995982 0
1653221934599 0.007559076981805265 0
1653221940024 0.012805795118957759 0
1653221945505 0.013313764968514443 0
1653221950930 0.03119804774001241 0
1653221956284 0.017520685014268383 0
1653221961713 0.027595584508404134 0
1653221966989 0.046056726369634274 0
1653221972361 0.023437659291177988 0
1653221977554 0.04031147045865655 0
1653221982787 0.05420620495104231 0
1653221988001 0.039499615183472635 0
1653221994566 1.8175147132873535 0
1653222000038 1.3364373607635498 0
1653222005431 1.0875725023269653 0
1653222010696 0.8764205307006836 0
1653222016015 0.7310371527194977 0
1653222021306 0.5845596274375916 0
1653222026612 0.46386060767173765 0
1653222031945 0.3625293509244919 0
1653222037149 0.30221981649398805 0
1653222042509 0.24571353132724763 0
1653222047914 0.17706363332867622 0
1653222053238 0.13860346599817275 0
1653222058407 0.15417275730371474 0
1653222063731 0.1198583189368248 0
1653222069194 0.11401043789386749 0
1653222074492 0.10826757719367743 0
1653222079924 0.0747334204852581 0
1653222085114 0.05411579055339098 0
1653222090471 0.050816250310838224 0
1653222095851 0.0749112054809928 0
1653222101227 0.060502721581980584 0
1653222106647 0.0485085043232888 0
1653222111918 0.03336933742985129 0
1653222117291 0.03233179519325495 0
1653222122489 0.03311718836035579 0
1653222127705 0.02568159242514521 0
1653222133036 0.04023570045903325 0
1653222138262 0.040466723111271856 0
1653222143565 0.024675345572084187 0
1653222148790 0.023448938536643982 0
1653222154053 0.03351720861932263 0
1653222159465 0.03911005107164383 0
1653222164756 0.03485621444135904 0
1653222170108 0.027744319334626198 0
1653222175427 0.02990353500759229 0
1653222180695 0.030713907963037492 0
1653222185875 0.026211208999343216 0
1653222191410 0.022969224777072667 0
1653222196772 0.043605954897403716 0
1653222202065 0.026678602098859847 0
1653222207399 0.019462129951640962 0
1653222212696 0.02880729801096022 0
1653222218100 0.02500357784219086 0
1653222223554 0.023176062869653107 0
1653222228960 0.012304272048827261 0
1653222234475 0.018477330693230033 0
1653222239719 0.018685746245924385 0
1653222245067 0.012865696979407221 0
1653222250462 0.022195937153697012 0
1653222255769 0.011793323488160968 0
1653222262607 1.854115863418579 0
1653222267946 1.4259122068405152 0
1653222273440 1.1881955627441407 0
1653222278831 0.9800123202323914 0
1653222284044 0.8242077405929565 0
1653222289436 0.6586091240882873 0
1653222294678 0.5113973147392273 0
1653222300055 0.44361432263851164 0
1653222305419 0.3287261687755585 0
1653222310721 0.28550112352371215 0
1653222316044 0.24251424043178557 0
1653222321364 0.19891302342414857 0
1653222326649 0.16219890640377999 0
1653222331851 0.12178815762996674 0
1653222337024 0.09290289601385593 0
1653222342311 0.08935846536755562 0
1653222347889 0.07423309772610664 0
1653222353143 0.06093864864706993 0
1653222358452 0.07310518636405468 0
1653222363751 0.05890842775702476 0
1653222369170 0.05082571480572224 0
1653222374614 0.03979415336921811 0
1653222380028 0.04000481472313404 0
1653222385334 0.03939516113847494 0
1653222390657 0.04665576631426811 0
1653222395938 0.058852271761000156 0
1653222401211 0.06477049689912237 0
1653222406500 0.045948369275778535 0
1653222411749 0.06564562873281539 0
1653222416950 0.05753867910355329 0
1653222422446 0.04411867671273649 0
1653222427820 0.03306047231331467 0
1653222433141 0.022895177006907762 0
1653222438564 0.03478841984421015 0
1653222443693 0.03009008634649217 0
1653222448973 0.03018886724151671 0
1653222454307 0.03312136217132211 0
1653222459679 0.04907055784910917 0
1653222464929 0.03254880865253508 0
1653222470417 0.030699013286456467 0
1653222475726 0.02785401479229331 0
1653222481139 0.017111239108256994 0
1653222486423 0.023592568057216705 0
1653222491748 0.02199049871712923 0
1653222497280 0.023923594094230793 0
1653222502560 0.024689031793922185 0
1653222508034 0.029626484538335354 0
1653222513517 0.018235045478632673 0
1653222518778 0.015174970414675772 0
1653222524070 0.013826089840428903 0
1653222531289 1.8056408096313477 0
1653222536550 1.3360373081207275 0
1653222541970 1.1115415613174437 0
1653222547425 0.9404876341819763 0
1653222552868 0.7590109993934632 0
1653222558172 0.6041198318958283 0
1653222563560 0.5012275825023651 0
1653222568809 0.3712565049648285 0
1653222574111 0.3108831350564957 0
1653222579209 0.2490545470714569 0
1653222584750 0.21032909997701646 0
1653222590056 0.16021120747327805 0
1653222595408 0.13333216766119002 0
1653222600741 0.15303868588507175 0
1653222606053 0.09270665101706982 0
1653222611400 0.07982375630140305 0
1653222616765 0.08385737901329994 0
1653222622134 0.05471137016266584 0
1653222627516 0.05623387112617493 0
1653222632863 0.06713932338356972 0
1653222638050 0.06786698535978794 0
1653222643469 0.04761482799574733 0
1653222648732 0.048839246508479116 0
1653222654011 0.04121336326822639 0
1653222659360 0.054803130181133745 0
1653222664663 0.042338923921436074 0
1653222669992 0.044560518434643745 0
1653222675299 0.03531377952583134 0
1653222680791 0.02920485552623868 0
1653222686137 0.028489364650845526 0
1653222691362 0.029509231345914304 0
1653222696589 0.018993071953579785 0
1653222702036 0.030485345870256423 0
1653222707389 0.033625790116190914 0
1653222712782 0.045129787877947095 0
1653222717982 0.02858193105198443 0
1653222723179 0.028604122437536718 0
1653222728434 0.02595868894048035 0
1653222733883 0.04783813573960215 0
1653222739188 0.043512431174516676 0
1653222744589 0.043518603350315245 0
1653222750027 0.031223472663387656 0
1653222755397 0.0223609978729859 0
1653222760786 0.016288481500558553 0
1653222766250 0.021005451774783433 0
1653222771557 0.013136277979053557 0
1653222776900 0.01720823832862079 0
1653222782248 0.013160494947619736 0
1653222787477 0.013296294179256074 0
1653222792814 0.0065697949514724316 0
1653222800569 1.7924403049468993 0
1653222806004 1.3268586042404176 0
1653222811445 1.1134509056091308 0
1653222816927 0.8833830082893371 0
1653222822259 0.705275972032547 0
1653222827754 0.5545666795372963 0
1653222833021 0.45202326574325563 0
1653222838466 0.3368363338470459 0
1653222843884 0.26002468975782395 0
1653222849247 0.20175735372304918 0
1653222854641 0.17047067148685455 0
1653222860098 0.14176760426759719 0
1653222865650 0.13836724598407746 0
1653222870868 0.07742413494586944 0
1653222876317 0.0976611261203885 0
1653222881657 0.05994216965287924 0
1653222887113 0.06232693803254515 0
1653222892421 0.049513031861186024 0
1653222897560 0.039861046981811525 0
1653222902885 0.03549919979423285 0
1653222908290 0.02791430368348956 0
1653222913722 0.03416619351729751 0
1653222919079 0.030376825985312463 0
1653222924369 0.02820165097936988 0
1653222929744 0.025562387359887362 0
1653222935154 0.020704472405463456 0
1653222940534 0.013776035765185952 0
1653222945909 0.016897606466524304 0
1653222951163 0.019160568915680052 0
1653222956525 0.02947734227627516 0
1653222961888 0.015746006470918655 0
1653222967514 0.0215335110289976 0
1653222972851 0.026173423801735044 0
1653222978291 0.018634551848471164 0
1653222983618 0.03610232816413045 0
1653222988970 0.03705020993575454 0
1653222994296 0.0327173408202827 0
1653222999669 0.02207838079482317 0
1653223004962 0.023150362030789257 0
1653223010153 0.019271137175522746 0
1653223015532 0.01575012480504811 0
1653223020927 0.017209113820642233 0
1653223026355 0.018072698866575955 0
1653223031564 0.012096146889589727 0
1653223037080 0.013191074180789292 0
1653223042533 0.01198269635476172 0
1653223047821 0.0552602207865566 0
1653223053261 0.021869830364733934 0
1653223058488 0.021268655155412854 0
1653223063808 0.013494243570277467 0
1653223071767 1.9004131607055663 0
1653223077193 1.3917638010025024 0
1653223082580 1.1461863510131836 0
1653223087950 0.9188172887802124 0
1653223093300 0.7584128497600555 0
1653223098671 0.6011091856002808 0
1653223103949 0.49632604789733886 0
1653223109307 0.37818615765571595 0
1653223114709 0.286627811050415 0
1653223120099 0.23416828138232232 0
1653223125410 0.18137861473560332 0
1653223130794 0.14663926433324814 0
1653223136026 0.11866013738512993 0
1653223141442 0.09191402921378612 0
1653223146847 0.06549913342297077 0
1653223152235 0.0723432311207056 0
1653223157638 0.059808545149862766 0
1653223162938 0.0694388767451048 0
1653223168352 0.0564219533085823 0
1653223173704 0.04417588796019554 0
1653223179074 0.03539661327004433 0
1653223184569 0.05056920287683606 0
1653223189729 0.050675098230782895 0
1653223195110 0.03775780601501465 0
1653223200455 0.030587817601114512 0
1653223205836 0.04147438290268183 0
1653223210971 0.03237312876135111 0
1653223216396 0.016042650803737343 0
1653223221962 0.015841050315275787 0
1653223227265 0.02269393815137446 0
1653223232758 0.021637305360287427 0
1653223238089 0.02002104027867317 0
1653223243347 0.024655689404532312 0
1653223248803 0.03787287065535784 0
1653223254222 0.031441922257468106 0
1653223259560 0.03607856976240873 0
1653223265004 0.027699353680945935 0
1653223270371 0.028602204356715084 0
1653223275947 0.030423953124135733 0
1653223281280 0.030339370409213008 0
1653223286777 0.023683816340751947 0
1653223292137 0.01497287493366748 0
1653223297682 0.02188683519922197 0
1653223303045 0.018347138689528218 0
1653223308331 0.015010426100343466 0
1653223313633 0.01426491619432345 0
1653223319173 0.017546893683448434 0
1653223324486 0.01394049214683473 0
1653223329863 0.013388899981975556 0
1653223335171 0.014413212497532368 0
1653223343609 1.6513049934387207 0
1653223348876 0.9938433794975281 0
1653223354179 0.7792800430297852 0
1653223359500 0.6344218473434449 0
1653223364787 0.4934240388393402 0
1653223370122 0.3904063626766205 0
1653223375536 0.3097863657951355 0
1653223380890 0.2284587844133377 0
1653223386412 0.15496451934576033 0
1653223391821 0.1286008320093155 0
1653223397090 0.11272511267066002 0
1653223402495 0.09600389097332955 0
1653223407983 0.06517616031765938 0
1653223413472 0.043120533357560636 0
1653223418744 0.04290763051211834 0
1653223424263 0.04612090748697519 0
1653223429817 0.03860933065712452 0
1653223435135 0.0353352176733315 0
1653223440418 0.024546850820071995 0
1653223445794 0.026972418213263155 0
1653223451103 0.020840813029557467 0
1653223456480 0.02339199072048068 0
1653223461836 0.020769646315276623 0
1653223467228 0.03441514691486955 0
1653223472607 0.0189981696235016 0
1653223477821 0.01590813370384276 0
1653223483239 0.017632172234356404 0
1653223488636 0.021681162163242697 0
1653223494054 0.012604589795321227 0
1653223499473 0.019745778318680823 0
1653223505005 0.017799169135466218 0
1653223510549 0.023284962496161462 0
1653223515809 0.020348099321499467 0
1653223521156 0.018388283988833427 0
1653223526481 0.01571656368263066 0
1653223532008 0.03700611236467957 0
1653223537569 0.013462778718024492 0
1653223543096 0.052919738280400634 0
1653223548500 0.02394180989265442 0
1653223553912 0.013955780337005853 0
1653223559194 0.019488036028854547 0
1653223564525 0.017823925970494748 0
1653223569917 0.011011229011695833 0
1653223575441 0.016168431492743548 0
1653223580882 0.009028175078146159 0
1653223586289 0.007156992115080357 0
1653223591668 0.004924688057694584 0
1653223597090 0.006692904884601012 0
1653223602407 0.008448488068254665 0
1653223607734 0.010507103442656807 0
1653223616495 1.7389996351242065 0
1653223621971 1.2701650691986084 0
1653223627364 1.0803953227996825 0
1653223632680 0.8951299989700318 0
1653223638100 0.7362112422943116 0
1653223643403 0.6419201471805572 0
1653223648703 0.4477098958015442 0
1653223654278 0.3940896102428436 0
1653223659572 0.29036506729125977 0
1653223664945 0.24224464750289917 0
1653223670307 0.18750137810707093 0
1653223675572 0.16602705352306366 0
1653223680864 0.13391153380274773 0
1653223686362 0.11884659096002578 0
1653223691768 0.08516222512125969 0
1653223697288 0.06684384211152793 0
1653223702718 0.0713846663724631 0
1653223708276 0.06166215142309666 0
1653223713651 0.0746823743879795 0
1653223719133 0.05566851181164384 0
1653223724738 0.04285268553495407 0
1653223730099 0.03391293714903295 0
1653223735557 0.032317041536979375 0
1653223740890 0.026070773319527507 0
1653223746270 0.01999567680582404 0
1653223751675 0.020824370407965035 0
1653223757045 0.026379995917901397 0
1653223762309 0.03270741802956909 0
1653223767786 0.026693917142599822 0
1653223773346 0.020688155069202185 0
1653223778725 0.01410319701852277 0
1653223784079 0.020561371978372336 0
1653223789568 0.019112333891540767 0
1653223795020 0.01640124944699928 0
1653223800423 0.022193909894675016 0
1653223805754 0.01840114274425432 0
1653223811028 0.026545539963431657 0
1653223816408 0.026881411990895866 0
1653223821815 0.028614457258954645 0
1653223827166 0.041993576542288066 0
1653223832628 0.0346075610794127 0
1653223837851 0.028392203764617444 0
1653223843441 0.031774760564416644 0
1653223848972 0.03174934496842325 0
1653223854478 0.02688230851101689 0
1653223859735 0.02215794411338866 0
1653223865161 0.016260581535100935 0
1653223870607 0.021038535135379063 0
1653223876052 0.012992194014973939 0
1653223881351 0.024373474062699824 0
1653223890290 1.7289668720245361 0
1653223895551 1.261729235458374 0
1653223900851 1.0092910682678222 0
1653223906150 0.8216556635856629 0
1653223911708 0.721134814453125 0
1653223917181 0.5519517910003662 0
1653223922512 0.4398371690750122 0
1653223927790 0.3275200166225433 0
1653223933238 0.2712882143735886 0
1653223938631 0.223799693775177 0
1653223944083 0.1848013516187668 0
1653223949455 0.14828108565211295 0
1653223954785 0.12620773387551307 0
1653223960311 0.10460862674117088 0
1653223965894 0.09137964489459992 0
1653223971298 0.0677888328999281 0
1653223976665 0.08827156123667955 0
1653223982259 0.06836068076938391 0
1653223987761 0.05675000251531601 0
1653223993265 0.04492940739244223 0
1653223998709 0.03774000178873539 0
1653224004064 0.05082784154508263 0
1653224009428 0.04242174429446459 0
1653224014674 0.036487781152129174 0
1653224019948 0.02751812232360244 0
1653224025396 0.030488377644866706 0
1653224030831 0.03485050032362342 0
1653224036215 0.038539745049923656 0
1653224041474 0.03990872643850744 0
1653224046714 0.0289267609661445 0
1653224052305 0.033807493264600634 0
1653224057579 0.026515838823094964 0
1653224062878 0.02804408307261765 0
1653224068301 0.0232839331228286 0
1653224073868 0.02106834439020604 0
1653224079276 0.025797166570648553 0
1653224084418 0.016051997546944766 0
1653224089819 0.01887148136459291 0
1653224095036 0.016667760791815818 0
1653224100416 0.014821518866810948 0
1653224105836 0.01745989017561078 0
1653224111332 0.0174596430324018 0
1653224116690 0.013366474423464388 0
1653224122069 0.01323260856475681 0
1653224127269 0.024700505954027174 0
1653224132788 0.01871588262254372 0
1653224138106 0.019797439175285397 0
1653224143392 0.012484512492315844 0
1653224148770 0.010427312033623458 0
1653224154130 0.016938793956395238 0
1653224163851 1.6223712972640991 0
1653224169415 1.101987758588791 0
1653224174745 0.8975099517822266 0
1653224180259 0.7556600160598755 0
1653224185653 0.6241080202579499 0
1653224191197 0.4652603171825409 0
1653224196518 0.3523718094587326 0
1653224202010 0.26721705501079557 0
1653224207295 0.22587199083566667 0
1653224212838 0.1377666403055191 0
1653224218183 0.11529226622134447 0
1653224223675 0.09126668708324433 0
1653224228822 0.09614006291627884 0
1653224234175 0.06006486285924911 0
1653224239688 0.050069714084267615 0
1653224245126 0.03989207997173071 0
1653224250730 0.024202331652119755 0
1653224256145 0.035335192762315275 0
1653224261626 0.022787701793015005 0
1653224267055 0.02907311215251684 0
1653224272430 0.024379041970521213 0
1653224277787 0.0225177597604692 0
1653224283309 0.01676961712948978 0
1653224288697 0.028636590349674224 0
1653224294029 0.020398021483421326 0
1653224299260 0.040034639310091734 0
1653224304584 0.024603703927621245 0
1653224310003 0.013341973549872637 0
1653224315626 0.017264632646366955 0
1653224321165 0.013530438100919128 0
1653224326610 0.01397048206795007 0
1653224331910 0.020338167365174742 0
1653224337303 0.01112739785797894 0
1653224342756 0.010674796848371625 0
1653224348093 0.01439948324356228 0
1653224353432 0.013941661664098501 0
1653224358870 0.011877648906968534 0
1653224364252 0.0108271609345451 0
1653224369589 0.011886926441639661 0
1653224374889 0.013581721655093134 0
1653224380333 0.006717326384969056 0
1653224385830 0.01103025506893173 0
1653224391196 0.006896765327639878 0
1653224396433 0.01745683083925396 0
1653224401842 0.01492179894419387 0
1653224407095 0.007078331235516816 0
1653224412759 0.006132767136330949 0
1653224418049 0.011756049137935043 0
1653224423503 0.011158997180208099 0
1653224428866 0.007808822682220488 0
1653224438821 1.8123664079666137 0
1653224444318 1.3275384624481201 0
1653224449654 1.0788104751586913 0
1653224454949 0.8813428600311279 0
1653224460259 0.7220185497760773 0
1653224465654 0.553507099723816 0
1653224471048 0.45904216785430907 0
1653224476387 0.36837510449886324 0
1653224481760 0.2839135004520416 0
1653224487162 0.23639529640674592 0
1653224492397 0.22181254804581405 0
1653224497951 0.15207889964580537 0
1653224503317 0.13487305201292038 0
1653224508811 0.10663866700530052 0
1653224514249 0.08460957040190696 0
1653224519705 0.06546178983449936 0
1653224525024 0.06777713557258248 0
1653224530571 0.05053996312916279 0
1653224535924 0.05322498589158058 0
1653224541290 0.05084176740050316 0
1653224546742 0.056934137708880006 0
1653224552200 0.04522310305684805 0
1653224557616 0.06008515223972499 0
1653224563096 0.050084410147368905 0
1653224568459 0.03540984751656651 0
1653224573905 0.049094202268123624 0
1653224579166 0.022769090699404478 0
1653224584579 0.02464808934368193 0
1653224589903 0.02637097841911018 0
1653224595021 0.02680063004232943 0
1653224600328 0.019804402419552208 0
1653224605723 0.011042946835886688 0
1653224611229 0.0179387254755944 0
1653224616676 0.02471487969625741 0
1653224621960 0.03139370532929897 0
1653224627421 0.026292048564180732 0
1653224632796 0.02007098024338484 0
1653224638061 0.01607826258302666 0
1653224643449 0.017073423684202133 0
1653224648796 0.014758358904346824 0
1653224654353 0.013052443033270538 0
1653224659787 0.02333339390219189 0
1653224665162 0.02711542275622487 0
1653224670483 0.023635903041064738 0
1653224676077 0.01777078665480949 0
1653224681477 0.007617649191617966 0
1653224686855 0.008137147819809615 0
1653224692451 0.009661973903723992 0
1653224697821 0.011914705982618033 0
1653224703262 0.019035985659761355 0
1653224713664 1.7471881834030152 0
1653224719021 1.2688996257781981 0
1653224724539 0.9955724355697632 0
1653224729922 0.8236509083747864 0
1653224735105 0.6614307920455933 0
1653224740519 0.532750166463852 0
1653224745940 0.3951732635974884 0
1653224751392 0.3418422326564789 0
1653224757080 0.26637599771022796 0
1653224762586 0.19179975736141205 0
1653224767961 0.20654989659786224 0
1653224773486 0.11903732994794845 0
1653224779046 0.11738753357306123 0
1653224784694 0.07951209187433124 0
1653224790360 0.060142076712846756 0
1653224795955 0.04558303003013134 0
1653224801471 0.038934533590078355 0
1653224806866 0.02967762987166643 0
1653224812300 0.04279880407080054 0
1653224817713 0.03505561836212873 0
1653224823147 0.029146806417405604 0
1653224828745 0.027558474870026113 0
1653224834214 0.017189299771934747 0
1653224839712 0.01902734826952219 0
1653224845036 0.013339838108047843 0
1653224850542 0.02386505504101515 0
1653224856036 0.021049144732765854 0
1653224861614 0.013451835666969418 0
1653224867099 0.019101870669424533 0
1653224872594 0.015107858587428927 0
1653224877981 0.016395674220472573 0
1653224883156 0.014719348610192537 0
1653224888739 0.010187341111525893 0
1653224894206 0.019450792357325553 0
1653224899784 0.013105017634574324 0
1653224905039 0.006030049864947796 0
1653224910436 0.01580425891634077 0
1653224915732 0.009172375461179763 0
1653224921302 0.010905811006762087 0
1653224926878 0.01122201468301937 0
1653224932207 0.011864004818536342 0
1653224937662 0.012093328595161438 0
1653224943087 0.00702914904425852 0
1653224948502 0.008664973153918981 0
1653224953862 0.006285419876500964 0
1653224959290 0.007399482833500951 0
1653224964686 0.006818114170641638 0
1653224970135 0.013622933251596987 0
1653224975478 0.00978025042526424 0
1653224981000 0.012747904286533595 0
1653224991729 1.53322469291687 0
1653224997134 1.1118373119354248 0
1653225002477 0.9311959406852722 0
1653225007954 0.7510652433872222 0
1653225013627 0.6211053771972657 0
1653225019045 0.48926385707855224 0
1653225024449 0.4210882733821869 0
1653225029862 0.3210933222770691 0
1653225035305 0.26275547196865084 0
1653225040857 0.22838863093852996 0
1653225046297 0.17173554413318634 0
1653225051682 0.15791281737983226 0
1653225057081 0.12245335584580898 0
1653225062403 0.09383297389745712 0
1653225067906 0.07906711692810059 0
1653225073200 0.06725837614536286 0
1653225078800 0.04914993191510439 0
1653225084070 0.03678099896907806 0
1653225089422 0.0463327212408185 0
1653225094783 0.055106566877290604 0
1653225100291 0.028184129603952168 0
1653225105799 0.05080414251089096 0
1653225111339 0.019134197187423707 0
1653225116789 0.022560386691056193 0
1653225122311 0.027116032131761312 0
1653225127679 0.03007690980657935 0
1653225133212 0.030822336291521788 0
1653225138829 0.020645604340266438 0
1653225144356 0.01619570276811719 0
1653225149903 0.029024496119911782 0
1653225155249 0.01814534051567316 0
1653225160673 0.01631621511951089 0
1653225166134 0.022575053823529742 0
1653225171651 0.01382080868408084 0
1653225177202 0.009665255339443684 0
1653225182452 0.01309709093850106 0
1653225187925 0.015824509825697167 0
1653225193504 0.018866834111325444 0
1653225198984 0.024753009170666338 0
1653225204525 0.01766619862355292 0
1653225209963 0.02517854766678065 0
1653225215488 0.011135021688044072 0
1653225220968 0.019015234118793158 0
1653225226482 0.013969916029274464 0
1653225231848 0.015888179803267122 0
1653225237248 0.00973769375104457 0
1653225242612 0.007961316730640829 0
1653225248096 0.019031447806954385 0
1653225253390 0.016918854548223318 0
1653225258800 0.021837967902980746 0
1653225269936 1.6262216516494752 0
1653225275611 1.1562392757415771 0
1653225281141 0.9379408873558045 0
1653225286627 0.7916283935546875 0
1653225292048 0.640810278749466 0
1653225297528 0.5313994012832641 0
1653225302946 0.4116521978855133 0
1653225308353 0.34146184997558593 0
1653225313866 0.26211494097709653 0
1653225319347 0.19431138014793395 0
1653225324687 0.1705984952688217 0
1653225330087 0.14884931992292405 0
1653225335571 0.12814438960254193 0
1653225341163 0.0907587191581726 0
1653225346631 0.07255380673110486 0
1653225352163 0.068487934795022 0
1653225357452 0.050967356692254544 0
1653225362868 0.044244299146533016 0
1653225368233 0.025449973486363887 0
1653225373603 0.027477227310836315 0
1653225379009 0.029692831959575415 0
1653225384630 0.027575051706284284 0
1653225389990 0.04256766061484814 0
1653225395400 0.06317257561367005 0
1653225400916 0.03298833929747343 0
1653225406507 0.026882259622216225 0
1653225412129 0.026697920539975165 0
1653225417517 0.03086202780753374 0
1653225422899 0.037975408219918606 0
1653225428406 0.03101665154583752 0
1653225433766 0.01649641433544457 0
1653225439106 0.016066933319810777 0
1653225444562 0.02186784953288734 0
1653225450177 0.015210861464962363 0
1653225455548 0.019224672720581294 0
1653225461114 0.014206048302073032 0
1653225466569 0.011331334433332086 0
1653225472045 0.00983456909134984 0
1653225477588 0.019650544033618645 0
1653225483001 0.012325251182727516 0
1653225488351 0.024790761495940387 0
1653225493782 0.027905910308472812 0
1653225499318 0.021637718372233213 0
1653225504765 0.03621779188364744 0
1653225510135 0.020474039854109286 0
1653225515569 0.01685386065877974 0
1653225520911 0.012373935808055103 0
1653225526469 0.008945475147198886 0
1653225531905 0.012127623104129452 0
1653225537341 0.01396144736856222 0
1653225548864 1.6771206741333007 0
1653225554349 1.1769920295715333 0
1653225559764 0.9154264729738235 0
1653225565239 0.7493160180091858 0
1653225570845 0.5734704223632813 0
1653225576324 0.45756348428726196 0
1653225581740 0.3757146233558655 0
1653225587345 0.28269087738990784 0
1653225592662 0.21345875864028932 0
1653225598234 0.1644036368250847 0
1653225603854 0.12310788365006446 0
1653225609021 0.09863399413228036 0
1653225614411 0.07943090157210828 0
1653225619839 0.06462038123309612 0
1653225625427 0.05905840558111668 0
1653225631023 0.07347308422327041 0
1653225636432 0.04437647131681442 0
1653225642114 0.03745558002404869 0
1653225647624 0.030172422975301743 0
1653225653099 0.026281704290211202 0
1653225658741 0.02048125684261322 0
1653225664472 0.03200880962908268 0
1653225670106 0.023773111252486705 0
1653225675470 0.017637621971964838 0
1653225681095 0.01538776383958757 0
1653225686620 0.014605038254754617 0
1653225692073 0.022911978828907012 0
1653225697573 0.025077070134924724 0
1653225703008 0.019966502413898708 0
1653225708456 0.023290157828480006 0
1653225714008 0.018641023667901754 0
1653225719374 0.017335250771045686 0
1653225724824 0.013280151218548418 0
1653225730321 0.020917167533561588 0
1653225735837 0.013657680528238415 0
1653225741384 0.010792623659037054 0
1653225746737 0.010157991862297058 0
1653225752307 0.010375329877994955 0
1653225757792 0.013288098750263452 0
1653225763294 0.018027002342417837 0
1653225768879 0.015515975343063473 0
1653225774425 0.012220835198252462 0
1653225779764 0.004978887415595819 0
1653225785239 0.011747006662003696 0
1653225790815 0.008988857542071491 0
1653225796187 0.008232778373826296 0
1653225801596 0.006377609303407371 0
1653225807271 0.0043203445870429276 0
1653225812913 0.002394661258533597 0
1653225818644 0.0026033809443935753 0
1653225830533 1.5905458221435547 0
1653225835969 1.173603262424469 0
1653225841497 0.971708151626587 0
1653225846805 0.8158088895797729 0
1653225852281 0.6583441640853882 0
1653225857660 0.5250122374534607 0
1653225863210 0.4442036347389221 0
1653225868677 0.34219726610183715 0
1653225874169 0.24434369125366212 0
1653225879765 0.20663572351932524 0
1653225885394 0.17035758880376817 0
1653225890995 0.12528907035589218 0
1653225896502 0.10126725137233734 0
1653225901791 0.08493889271616936 0
1653225907345 0.083861488956213 0
1653225912789 0.07038821756839753 0
1653225918225 0.046370718681812285 0
1653225923815 0.0646989990234375 0
1653225929303 0.037832301425933836 0
1653225934821 0.03881065498590469 0
1653225940432 0.061665698121488095 0
1653225945991 0.03112048923075199 0
1653225951562 0.027040569321066143 0
1653225957110 0.03553708499446511 0
1653225962634 0.027618649558722973 0
1653225968316 0.023530044542625545 0
1653225973807 0.02183546791486442 0
1653225979195 0.022852302588522434 0
1653225984666 0.028604798954725265 0
1653225990133 0.019882543445378542 0
1653225995702 0.028995279821008444 0
1653226001157 0.0276753787137568 0
1653226006549 0.018645319160446525 0
1653226012030 0.017823242217022927 0
1653226017478 0.023544377757236362 0
1653226022946 0.017994401352806017 0
1653226028453 0.014999685781169683 0
1653226033892 0.016745279428735375 0
1653226039409 0.014990335592254996 0
1653226045017 0.01951979799605906 0
1653226050677 0.011768946774490177 0
1653226056357 0.012862365707324352 0
1653226061865 0.015547027113102376 0
1653226067453 0.016418526815250516 0
1653226072952 0.01319243819215335 0
1653226078557 0.016495312233828007 0
1653226084081 0.012390212695486843 0
1653226089334 0.015270438214950263 0
1653226094920 0.01558040051367134 0
1653226100504 0.013664512977236882 0
1653226112938 1.657373523235321 0
1653226118301 1.1525908979415893 0
1653226123865 0.9446072657108306 0
1653226129460 0.7322081102848053 0
1653226134778 0.5961688582420349 0
1653226140283 0.4644101676940918 0
1653226145974 0.3813548221588135 0
1653226151572 0.2625753632545471 0
1653226157125 0.2021070999622345 0
1653226162758 0.1674306367635727 0
1653226168243 0.12665619663000108 0
1653226173812 0.1034514710560441 0
1653226179325 0.07760231247544289 0
1653226184900 0.06625820152461528 0
1653226190544 0.05855859877467155 0
1653226196128 0.05561312579214573 0
1653226201573 0.04147630814611912 0
1653226206993 0.040494058570731434 0
1653226212581 0.03141467881649732 0
1653226218306 0.02564301327317953 0
1653226223857 0.01840371046066284 0
1653226229610 0.027968328611552715 0
1653226235274 0.02452738392725587 0
1653226240816 0.05874057616405189 0
1653226246396 0.033725447158515456 0
1653226251780 0.030640890662372113 0
1653226257356 0.027132131879590453 0
1653226262878 0.017282510567083954 0
1653226268539 0.014058521123975515 0
1653226273957 0.01575849573686719 0
1653226279464 0.012976827945187688 0
1653226285201 0.022756899039819836 0
1653226290782 0.0166736944090575 0
1653226296315 0.014346327180415392 0
1653226301713 0.008777234260179102 0
1653226307249 0.015779421176016332 0
1653226312803 0.020275050223805012 0
1653226318185 0.01442500977087766 0
1653226323766 0.012604809124954045 0
1653226329227 0.011029757187888026 0
1653226334841 0.0072011844385415314 0
1653226340270 0.009611952800210564 0
1653226345838 0.007614145240373909 0
1653226351424 0.006491526232752949 0
1653226356827 0.013507623531855643 0
1653226362399 0.015034435202274472 0
1653226367934 0.011382354142842815 0
1653226373421 0.011542409781599417 0
1653226378896 0.005413538742717355 0
1653226384276 0.012781611133133992 0
