1654360677562 0.7613533014005942 0
1654360692209 0.9609531316316012 0
1654360707132 0.9776875037894864 0
1654360722254 0.9848420542048142 0
1654360737138 0.9852664766870793 0
1654360751683 0.9875704844479476 0
1654360766823 0.9924816588855878 0
1654360781651 0.986297217001152 0
1654360796354 0.9909052325228885 0
1654360810614 0.9923603953192264 0
1654360825170 0.9906020736069848 0
1654360839711 0.9946644030800946 0
1654360854533 0.9959983023100709 0
1654360869486 0.9893894379433699 0
1654360884440 0.9942399805978294 0
1654360899474 0.9966046201418783 0
1654360914266 0.9921784999696841 0
1654360929029 0.9964227247923362 0
1654360943789 0.9930879767173952 0
1654360958595 0.9983629418541199 0
1654360973719 0.990783968956527 0
1654360988599 0.9973322015400473 0
1654361003334 0.9935730309828412 0
1654361018424 0.997877887588674 0
1654361033511 0.9946644030800946 0
1654361048473 0.999514945734554 0
1654361063358 1.0 0
1654361078314 0.9920572364033227 0
1654361093280 0.9961195658764325 0
1654361107995 0.9998181046504577 0
1654361161509 0.9192893093202352 0
1654361200856 0.986416833424292 0
1654361238661 0.9933903341216421 0
1654361276610 0.9932690558486447 0
1654361314582 0.9936328906676369 0
1654361352483 0.9955127038990965 0
1654361390243 0.9941786428961251 0
1654361428513 0.9957552604450912 0
1654361466254 0.9972712388575586 0
1654361504114 0.9977563519495483 0
1654361541695 0.9954520647625977 0
1654361579411 0.9941786428961251 0
1654361617205 0.9976957128130496 0
1654361655487 0.9973925171305561 0
1654361693263 0.99860529986053 0
1654361731048 0.9951488690801042 0
1654361768794 0.9969680431750652 0
1654361806582 0.9980595476320417 0
1654361844304 0.9998180825905039 0
1654361882597 0.9968467649020678 0
1654361920249 0.9973925171305561 0
1654361958038 0.9975744345400521 0
1654361995762 0.9970286823115638 0
1654362033775 0.9978776302225456 0
1654362071486 0.9978776302225456 0
1654362109100 0.9993329694985144 0
1654362147008 0.9949063125341095 0
1654362184257 0.99860529986053 0
1654362222145 0.9975744345400521 0
1654362260020 0.9966648474925717 0
1654362328734 0.9419182733115072 0
1654362366003 0.9940584454953316 0
1654362403228 0.9955741481750939 0
1654362440232 0.9947859827816176 0
1654362477630 0.9970292227476658 0
1654362514951 0.9955741481750939 0
1654362552146 0.9967260822117133 0
1654362589547 0.9992724627137141 0
1654362626856 0.9976355038195708 0
1654362664092 0.995210379531951 0
1654362701633 0.999514975142476 0
1654362739025 0.9992724627137141 0
1654362776196 0.9945434703528556 0
1654362813373 0.9971504789620468 0
1654362850616 0.9971504789620468 0
1654362887708 0.9978780162483327 0
1654362924847 1.0 0
1654362961863 0.9975748757123802 0
1654362999177 0.9960591730326179 0
1654363036636 0.9990905783921425 0
1654363074038 0.9986661816418091 0
1654363111351 0.9986055535346187 0
1654363148507 0.9982417848914756 0
1654363185871 0.9999393718928095 0
1654363223101 1.0 0
1654363260207 1.0 0
1654363297273 0.9952710076391416 0
1654363334457 0.9972717351764278 0
1654363371513 0.9973929913908087 0
1654363408970 0.9992118346065236 0
1654363493360 0.8870830806549423 0
1654363530480 0.9788963007883565 0
1654363567919 0.9901152213462705 0
1654363604862 0.9936325045482111 0
1654363642787 0.9917525773195877 0
1654363680724 0.9904184354154033 0
1654363717870 0.9963007883565798 0
1654363754969 0.9938144329896907 0
1654363793104 0.9941176470588236 0
1654363830142 0.9970285021224985 0
1654363867396 0.9943602183141298 0
1654363904909 0.9963007883565798 0
1654363942615 0.9942389326864767 0
1654363980014 0.9958762886597938 0
1654364017328 0.9973923590054579 0
1654364054864 0.9949666464523954 0
1654364091635 0.996543359611886 0
1654364128543 0.9941782898726501 0
1654364165438 0.9986658580958157 0
1654364202966 1.0 0
1654364239773 1.0 0
1654364277053 0.9983626440266828 0
1654364314370 0.9923590054578533 0
1654364351433 0.9985445724681625 0
1654364388754 0.9966040024257126 0
1654364425849 0.994057004244997 0
1654364462602 0.997513644633111 0
1654364499261 0.9977562158884172 0
1654364535942 0.9961795027289266 0
1654364572647 0.9971497877501516 0
1654364672729 0.9480834546336729 0
1654364710351 0.9958151382823872 0
1654364748202 0.9977559437166424 0
1654364785782 0.9941169335274139 0
1654364823429 0.998968947113052 0
1654364860694 0.9972100921882582 0
1654364897847 0.99745269286754 0
1654364935860 0.9995147986414362 0
1654364973227 1.0 0
1654365011306 0.9961183891314895 0
1654365049213 0.9963609898107715 0
1654365086766 1.0 0
1654365124499 1.0 0
1654365162477 1.0 0
1654365200622 0.9959364386220282 0
1654365238012 0.9970281416787967 0
1654365275768 0.999878699660359 0
1654365313730 1.0 0
1654365351483 1.0 0
1654365389182 1.0 0
1654365427157 1.0 0
1654365464400 1.0 0
1654365502365 0.992721979621543 0
1654365539694 0.9999393498301795 0
1654365577459 1.0 0
1654365615347 1.0 0
1654365653490 1.0 0
1654365691497 1.0 0
1654365729330 1.0 0
1654365767056 1.0 0
