1654211870319 0.4889953313526951 0
1654211884242 0.7702661735281635 0
1654211898233 0.8673376584005336 0
1654211912193 0.8924392166373613 0
1654211926258 0.900321348450858 0
1654211940154 0.9066270539016552 0
1654211954396 0.9108106469411266 0
1654211968327 0.9151761353301401 0
1654211982625 0.9271812283999272 0
1654211996521 0.9297277632935185 0
1654212010733 0.9297883950766992 0
1654212024758 0.9286970229794458 0
1654212038523 0.9414903292305826 0
1654212052824 0.9385193718547262 0
1654212066702 0.9454920269205117 0
1654212084339 0.9451282362214273 0
1654212098422 0.9357909416115928 0
1654212112323 0.9468259261504881 0
1654212126010 0.949918147092706 0
1654212139592 0.9467046625841266 0
1654212153246 0.9542836354817196 0
1654212167205 0.9502213060086098 0
1654212180527 0.9448857090887043 0
1654212194384 0.9448250773055236 0
1654212208209 0.9536166858667313 0
1654212221937 0.9513126781058631 0
1654212235659 0.9601649184502516 0
1654212249685 0.9498575153095252 0
1654212263450 0.954404899048081 0
1654212277419 0.9629539804765658 0
1654212291140 0.9398532710847026 0
1654212305256 0.9607712362820591 0
1654212319557 0.9551324804462499 0
1654212333804 0.9564663796762263 0
1654212348151 0.9633177711756503 0
1654212362343 0.952282786636755 0
1654212376037 0.9584065967380101 0
1654212390004 0.952282786636755 0
1654212403911 0.9599223913175287 0
1654212417429 0.9557994300612381 0
1654212431374 0.9587097556539138 0
1654212445165 0.957254592857576 0
1654212458767 0.9625295579943006 0
1654212472693 0.9553750075789729 0
1654212486286 0.9465227672345844 0
1654212499926 0.9684108409628327 0
1654212513759 0.9541017401321773 0
1654212527379 0.9592554417025405 0
1654212541070 0.9661674649851452 0
1654212554802 0.9585278603043715 0
1654212585112 0.8537201832446949 0
1654212600141 0.9130640829866778 0
1654212615141 0.9227528829445527 0
1654212629723 0.9264914959717762 0
1654212644535 0.9323890263809173 0
1654212659337 0.9332315307250802 0
1654212674254 0.9287557263967142 0
1654212689192 0.9363382654941814 0
1654212703917 0.9362856089726712 0
1654212718686 0.9349165394134064 0
1654212733344 0.9329682481175293 0
1654212748282 0.9360749828866305 0
1654212763363 0.9449212785003422 0
1654212778158 0.9341266915907536 0
1654212792803 0.9383918698330789 0
1654212807428 0.9290190090042652 0
1654212822259 0.9467642567531989 0
1654212837002 0.93870780896214 0
1654212851884 0.9369701437523037 0
1654212866903 0.9376546785319362 0
1654212882003 0.9332841872465905 0
1654212897044 0.9350745089779369 0
1654212912169 0.9410246959085883 0
1654212927125 0.9392343741772419 0
1654212941735 0.9386551524406298 0
1654212956765 0.9336001263756516 0
1654212971609 0.9405507872149966 0
1654212986470 0.9396556263493233 0
1654213001232 0.9340740350692434 0
1654213016339 0.9476594176188721 0
1654213031326 0.9397082828708335 0
1654213046320 0.9400768785214049 0
1654213061113 0.94428940024222 0
1654213075903 0.9348112263703859 0
1654213090576 0.9437101785056079 0
1654213105705 0.9398135959138539 0
1654213120487 0.9418672002527513 0
1654213135419 0.9392343741772419 0
1654213150376 0.93870780896214 0
1654213165446 0.9478700437049129 0
1654213180319 0.936496235058712 0
1654213194804 0.9429729872044653 0
1654213210074 0.9471328524037702 0
1654213225080 0.9428150176399347 0
1654213239859 0.9334948133326313 0
1654213255072 0.9415512611236901 0
1654213270055 0.9416565741667106 0
1654213284845 0.9426570480754042 0
1654213299444 0.9396029698278132 0
1654213314590 0.9302827655205097 0
1654213361055 0.8924397178056228 0
1654213376244 0.9093924397178056 0
1654213391329 0.9259239759924187 0
1654213406448 0.9216594714120249 0
1654213421651 0.9348215225860799 0
1654213436905 0.9250816047172792 0
1654213451915 0.9316626303043066 0
1654213467087 0.9245024744656207 0
1654213481905 0.9290828682741918 0
1654213496869 0.937506581025587 0
1654213511904 0.9237127513951774 0
1654213526875 0.924344529851532 0
1654213541732 0.9308202590291671 0
1654213556832 0.927924607770875 0
1654213572183 0.9350847636095609 0
1654213587077 0.9303464251869011 0
1654213602309 0.9286090344319259 0
1654213617597 0.9335579656733706 0
1654213632561 0.9366115615457513 0
1654213647435 0.9290302200694956 0
1654213662444 0.9235021585763925 0
1654213677388 0.9309782036432558 0
1654213692561 0.9330314836264083 0
1654213707614 0.9250816047172792 0
1654213723106 0.930293776982205 0
1654213737974 0.9355585974518269 0
1654213752823 0.9308729072338633 0
1654213767531 0.9247657154891018 0
1654213782491 0.9349794672001684 0
1654213797401 0.9360324312940929 0
1654213812305 0.9336106138780668 0
1654213827773 0.9334526692639781 0
1654213842836 0.9356112456565231 0
1654213857988 0.9261345688112035 0
1654213872534 0.9369800989786248 0
1654213887618 0.9355585974518269 0
1654213902730 0.9342950405391176 0
1654213918082 0.9374012846161945 0
1654213933069 0.925502790354849 0
1654213948196 0.9382963040960304 0
1654213963277 0.9321364641465726 0
1654213978227 0.9270822364957355 0
1654213993043 0.9287143308413183 0
1654214007975 0.931294092871433 0
1654214022961 0.9332947246498894 0
1654214038036 0.9374012846161945 0
1654214053320 0.9333473728545857 0
1654214068036 0.9348215225860799 0
1654214083225 0.9265031062440771 0
1654214098159 0.9325576497841424 0
1654214159813 0.7966190952656801 0
1654214174908 0.8628153141292327 0
1654214189887 0.8673442519353309 0
1654214205086 0.8772973826952446 0
1654214220415 0.8810363894886514 0
1654214235563 0.8959397545947654 0
1654214250724 0.8903049133708989 0
1654214265973 0.8927273684764864 0
1654214280939 0.9025751751013745 0
1654214296029 0.9002580441308126 0
1654214311048 0.8992048027805571 0
1654214326146 0.900626678603402 0
1654214341380 0.9036810785191427 0
1654214356451 0.8960977407973038 0
1654214371441 0.9045763336668597 0
1654214386326 0.9088419611353942 0
1654214401343 0.9069987887724472 0
1654214416361 0.9022065406287851 0
1654214431657 0.9017325820211701 0
1654214446908 0.9080520301227026 0
1654214462151 0.9021538785612723 0
1654214477388 0.9080520301227026 0
1654214492450 0.9081573542577281 0
1654214507537 0.9037864026541682 0
1654214522599 0.9042076991942704 0
1654214537884 0.9098952024856496 0
1654214552693 0.9069987887724472 0
1654214567519 0.8974669545526357 0
1654214582652 0.9112117541734689 0
1654214597741 0.9097372162831113 0
1654214612650 0.9107904576333666 0
1654214628044 0.9063668439622939 0
1654214643561 0.9075780715150877 0
1654214658511 0.9026278371688873 0
1654214673559 0.9117910369161093 0
1654214688639 0.911843698983622 0
1654214703596 0.9069987887724472 0
1654214718798 0.909105271472958 0
1654214733600 0.9126862920638265 0
1654214748611 0.9143188161567223 0
1654214763647 0.9147401126968244 0
1654214778696 0.9024171888988362 0
1654214793661 0.9106851334983411 0
1654214808728 0.9106324714308284 0
1654214823998 0.9137395334140819 0
1654214839187 0.909105271472958 0
1654214854155 0.9047343198693981 0
1654214869386 0.9115277265785455 0
1654214884982 0.9107377955658539 0
1654214899948 0.9065248301648323 0
1654214976877 0.8947229829365916 0
1654214992160 0.9088898251527281 0
1654215007587 0.9235833157783864 0
1654215022931 0.9211080682536339 0
1654215038054 0.9172108700231725 0
1654215053657 0.91763218875079 0
1654215069446 0.9232146618917211 0
1654215084515 0.9233199915736254 0
1654215099720 0.9207394143669686 0
1654215115071 0.9230040025279124 0
1654215130338 0.9221613650726774 0
1654215145572 0.9256899094164736 0
1654215160501 0.9199494417526859 0
1654215175962 0.9178955129555508 0
1654215191476 0.9224773541183906 0
1654215206824 0.9235306509374341 0
1654215222251 0.9203707604803033 0
1654215237277 0.91763218875079 0
1654215252596 0.9159995786812724 0
1654215268099 0.9244786180745734 0
1654215283088 0.9173688645460291 0
1654215298210 0.9177901832736465 0
1654215313570 0.9203707604803033 0
1654215328882 0.9268485359174216 0
1654215344015 0.918211502001264 0
1654215359170 0.9269012007583737 0
1654215374433 0.9213713924583947 0
1654215389541 0.9198441120707815 0
1654215404707 0.9163682325679376 0
1654215420107 0.9300610912155045 0
1654215435137 0.9097851274489152 0
1654215450542 0.929323783442174 0
1654215465921 0.9190014746155467 0
1654215481202 0.9250052664840952 0
1654215496522 0.9268485359174216 0
1654215511652 0.9129976827469981 0
1654215527116 0.9219507057088687 0
1654215542209 0.9216873815041079 0
1654215557540 0.920265430798399 0
1654215572843 0.9260058984621866 0
1654215587759 0.916473562249842 0
1654215603260 0.9243206235517168 0
1654215618305 0.9120497156098588 0
1654215633356 0.9276911733726564 0
1654215648722 0.9274805140088477 0
1654215663977 0.9157889193174636 0
1654215678924 0.9189488097745945 0
1654215694166 0.9231093322098167 0
1654215709630 0.9226880134821993 0
1654215724529 0.9185274910469771 0
