1651970838823 0.4056 0
1651970842046 0.6152 0
1651970845302 0.6872 0
1651970848415 0.76 0
1651970851741 0.83 0
1651970855089 0.8548 0
1651970858368 0.8812 0
1651970861554 0.8804 0
1651970864846 0.8992 0
1651970868158 0.9232 0
1651970872048 0.382 0
1651970875689 0.5528 0
1651970879274 0.6644 0
1651970882981 0.7396 0
1651970886887 0.7848 0
1651970890595 0.7796 0
1651970894442 0.844 0
1651970898136 0.8328 0
1651970901949 0.8516 0
1651970905560 0.8728 0
1651970909831 0.3684 0
1651970913545 0.6332 0
1651970917335 0.7268 0
1651970921057 0.7552 0
1651970924782 0.7992 0
1651970928605 0.8268 0
1651970932208 0.8492 0
1651970935924 0.8752 0
1651970939653 0.8932 0
1651970943354 0.8908 0
1651970947834 0.6016 0
1651970951429 0.8304 0
1651970955083 0.8932 0
1651970958829 0.9072 0
1651970962557 0.9288 0
1651970966337 0.966 0
1651970970105 0.966 0
1651970973720 0.9756 0
1651970977488 0.9832 0
1651970981175 0.9884 0
1651970985853 0.4072 0
1651970989608 0.5936 0
1651970993440 0.7184 0
1651970997240 0.7452 0
1651971000877 0.8064 0
1651971004576 0.8328 0
1651971008329 0.8776 0
1651971012053 0.884 0
1651971015717 0.894 0
1651971019443 0.9404 0
