1654111469058 0.9171047240363773 0
1654111482267 0.21800005258894625 0
1654111495414 0.06159954815461508 0
1654111508253 0.032060513431767634 0
1654111521349 0.010716052188408761 0
1654111534264 0.018380605237567404 0
1654111547048 0.0088857605531788 0
1654111560238 0.007940758541295983 0
1654111573396 0.0014099808495711187 0
1654111586352 0.0019999094388140196 0
1654111599395 0.0018833174680930678 0
1654111612385 0.002444378056896459 0
1654111625881 0.0018626105030380548 0
1654111638986 0.0039338165151107515 0
1654111652398 0.0023566642454939325 0
1654111666677 0.001649828750637627 0
1654111679381 0.0011211829811743309 0
1654111691920 0.0005588166392545334 0
1654111704760 0.0032269133612938842 0
1654111717697 0.0018426388502899168 0
1654111730231 0.0002572907267270149 0
1654111742974 0.0003820678065825056 0
1654111755684 0.000324429785983386 0
1654111768059 0.0021324028156044688 0
1654111780981 0.0027751932129216543 0
1654111794089 0.001400267990373594 0
1654111807263 0.0020902116662244495 0
1654111820222 0.0002752323574537306 0
1654111832823 0.0004259890236870939 0
1654111845747 0.002800811495192907 0
1654111903272 0.2851729306748331 0
1654111918537 0.0380756553722966 0
1654111933267 0.015027914236801583 0
1654111948254 0.01483591448272361 0
1654111963138 0.01141013293276037 0
1654111978136 0.008567780468926455 0
1654111993251 0.012104840371894415 0
1654112008232 0.009282575859965794 0
1654112022815 0.007179281083064676 0
1654112037763 0.017903276271422325 0
1654112052351 0.013270110781112242 0
1654112066951 0.008102738485321946 0
1654112081693 0.0069605624941384645 0
1654112096479 0.006770783668098985 0
1654112111244 0.00643879690353076 0
1654112126424 0.01118870735224141 0
1654112141822 0.007407098979871085 0
1654112156848 0.0065139909438652445 0
1654112171708 0.00577820385192666 0
1654112186457 0.005605666383876823 0
1654112201342 0.005426117548193044 0
1654112216238 0.005068287663752479 0
1654112231331 0.00484705261098751 0
1654112246380 0.004745837910461464 0
1654112261141 0.005451088538068649 0
1654112275986 0.009602682501496467 0
1654112291028 0.01941503091401221 0
1654112305890 0.007253327569392022 0
1654112320623 0.007981819960164855 0
1654112335513 0.0070664529562661504 0
1654112410555 0.19606825489267604 0
1654112427834 0.03761612213321407 0
1654112444553 0.02613777342840001 0
1654112461692 0.016401741803424193 0
1654112478768 0.01547366124207979 0
1654112495529 0.022426693582921098 0
1654112512443 0.014724908524775695 0
1654112528951 0.012254344154774015 0
1654112545850 0.011582015335313209 0
1654112562525 0.015141193877498613 0
1654112579378 0.01485273730187318 0
1654112596236 0.011108209147287764 0
1654112612902 0.012511287742013518 0
1654112629615 0.010239388461357878 0
1654112646476 0.009724020120580839 0
1654112663420 0.009459770510789191 0
1654112680583 0.00921787361499106 0
1654112697110 0.008778781106787457 0
1654112714336 0.009159375747323137 0
1654112731203 0.023693165196528417 0
1654112747854 0.010111739171927042 0
1654112764377 0.009462300025363019 0
1654112781121 0.009857214192486148 0
1654112797871 0.008907809879301504 0
1654112814737 0.008546821251999426 0
1654112831445 0.008419353431116687 0
1654112848283 0.008020080106652035 0
1654112865022 0.007756963044624517 0
1654112881968 0.007567006332353273 0
1654112898922 0.007358629187939203 0
1654112990581 0.36763537299134214 0
1654113009665 0.08813522299034368 0
1654113028376 0.07829605709284707 0
1654113046847 0.03744851800936724 0
1654113065763 0.04115060622888019 0
1654113084522 0.032147577364537626 0
1654113103216 0.03110572523225648 0
1654113122050 0.024017901293675852 0
1654113140604 0.021479317197986195 0
1654113159233 0.03928517511689424 0
1654113177910 0.029536063090563183 0
1654113196775 0.034821250013388094 0
1654113215658 0.02881295451653806 0
1654113234792 0.023540480000917446 0
1654113253291 0.02067543156173932 0
1654113272234 0.019727508717862094 0
1654113290778 0.01962384203276069 0
1654113309557 0.018290229811767436 0
1654113328059 0.01753980533404557 0
1654113346692 0.016905191089571642 0
1654113365463 0.017108882704084394 0
1654113384493 0.023154154588429402 0
1654113403094 0.02746808371891247 0
1654113421746 0.01807561646209405 0
1654113440506 0.01689523246304204 0
1654113459727 0.016157504901280904 0
1654113478453 0.015575135125580378 0
1654113497065 0.015088693958437753 0
1654113515756 0.014729521359645142 0
1654113534516 0.014474162637505153 0
1654113643027 0.20059122696287535 0
1654113664074 0.03496980400234533 0
1654113684573 0.020697247582202625 0
1654113704984 0.020302499872657177 0
1654113725926 0.01839924838045076 0
1654113746084 0.03218296546288366 0
1654113766542 0.01936688228776477 0
1654113786821 0.017945869955469658 0
1654113807252 0.017212964832956267 0
1654113827779 0.0165402848022271 0
1654113847940 0.01595541096506175 0
1654113868375 0.015423753259053714 0
1654113888956 0.01513334899537052 0
1654113909233 0.01460966088279019 0
1654113929562 0.03193408672321427 0
1654113949817 0.023182324953973727 0
1654113970131 0.01848337651636634 0
1654113990869 0.01775306338161476 0
1654114010926 0.016045434637675726 0
1654114031273 0.015392071956543596 0
1654114051749 0.014897355803029593 0
1654114072012 0.014481432035055657 0
1654114092546 0.014042471747886984 0
1654114113003 0.013699477598114478 0
1654114133128 0.013356400883726301 0
1654114153545 0.013044920331522396 0
1654114174050 0.01277501583469906 0
1654114194716 0.012497401794021944 0
1654114215468 0.01226741487855315 0
1654114235943 0.011992390771396006 0
