1651913691463 0.5164 0
1651913694599 0.7612 0
1651913697697 0.8324 0
1651913700940 0.8872 0
1651913704084 0.9156 0
1651913707861 0.428 0
1651913711541 0.62 0
1651913715110 0.7212 0
1651913718721 0.7876 0
1651913722460 0.83 0
1651913726619 0.3592 0
1651913730332 0.5972 0
1651913733889 0.7012 0
1651913737501 0.7768 0
1651913741154 0.8132 0
1651913745585 0.568 0
1651913749294 0.8068 0
1651913752956 0.878 0
1651913756733 0.9088 0
1651913760249 0.9268 0
1651913764855 0.3676 0
1651913768451 0.5268 0
1651913772007 0.6432 0
1651913775601 0.7284 0
1651913779347 0.7664 0
