1645611400620 0.2008 0
1645611409247 0.3766 0
1645611417728 0.4842 0
1645611426301 0.572 0
1645611434947 0.6514 0
1645611443326 0.7386 0
1645611451939 0.7968 0
1645611460349 0.8552 0
1645611468771 0.8982 0
1645611477349 0.9282 0
1645611486516 0.244 0
1645611492373 0.3654 0
1645611498040 0.431 0
1645611504127 0.4972 0
1645611510187 0.5658 0
1645611516084 0.6386 0
1645611521922 0.7164 0
1645611527658 0.8038 0
1645611533650 0.8576 0
1645611539421 0.9068 0
1645611551341 0.2534 0
1645611557039 0.3874 0
1645611562883 0.463 0
1645611568564 0.5318 0
1645611574537 0.5974 0
1645611580191 0.6756 0
1645611586020 0.7372 0
1645611591593 0.8102 0
1645611597435 0.8662 0
1645611602974 0.9042 0
