1652849409003 0.3594 0
1652849422990 0.5388 0
1652849436589 0.6094 0
1652849450309 0.663 0
1652849464078 0.6886 0
1652849477904 0.7456 0
1652849491777 0.776 0
1652849505591 0.8136 0
1652849519407 0.8398 0
1652849533267 0.8654 0
1652849546892 0.863 0
1652849560634 0.8918 0
1652849574590 0.9056 0
1652849588496 0.9094 0
1652849602384 0.9258 0
1652849616147 0.9234 0
1652849630003 0.929 0
1652849643743 0.9348 0
1652849657290 0.9444 0
1652849671001 0.9378 0
1652849684513 0.9462 0
1652849698272 0.9568 0
1652849712259 0.9482 0
1652849726232 0.9538 0
1652849740053 0.9494 0
1652849753744 0.9492 0
1652849767341 0.957 0
1652849781076 0.958 0
1652849794758 0.9552 0
1652849808688 0.9576 0
1652849822516 0.955 0
1652849836279 0.9562 0
1652849850041 0.9724 0
1652849864007 0.9678 0
1652849878251 0.965 0
1652849892449 0.9638 0
1652849906369 0.9672 0
1652849920189 0.9594 0
1652849934195 0.9702 0
1652849948359 0.9718 0
1652849962161 0.9688 0
1652849975991 0.9736 0
1652849989663 0.9674 0
1652850003500 0.968 0
1652850017354 0.9674 0
1652850031007 0.9704 0
1652850044980 0.9712 0
1652850058841 0.9768 0
1652850072499 0.973 0
1652850086333 0.9676 0
1652850101312 0.363 0
1652850111043 0.5046 0
1652850120983 0.5694 0
1652850130965 0.6298 0
1652850140912 0.6578 0
1652850150737 0.7004 0
1652850160641 0.7408 0
1652850170554 0.7724 0
1652850180337 0.796 0
1652850190254 0.8332 0
1652850200076 0.8564 0
1652850209800 0.876 0
1652850219705 0.8876 0
1652850229517 0.9062 0
1652850239336 0.9142 0
1652850249007 0.9134 0
1652850259200 0.9232 0
1652850268900 0.9236 0
1652850278854 0.9308 0
1652850288482 0.9358 0
1652850298177 0.925 0
1652850307989 0.9384 0
1652850317848 0.9516 0
1652850327502 0.9494 0
1652850337621 0.9522 0
1652850347360 0.9556 0
1652850357377 0.9428 0
1652850367234 0.9522 0
1652850377009 0.9516 0
1652850386756 0.953 0
1652850396678 0.9608 0
1652850406516 0.9608 0
1652850416593 0.9576 0
1652850426620 0.963 0
1652850436365 0.9614 0
1652850445901 0.962 0
1652850455965 0.9638 0
1652850465780 0.9666 0
1652850475799 0.9596 0
1652850485483 0.9684 0
1652850495410 0.967 0
1652850505238 0.975 0
1652850514889 0.9716 0
1652850524758 0.9646 0
1652850534366 0.961 0
1652850544245 0.9774 0
1652850553985 0.9636 0
1652850563750 0.9678 0
1652850573912 0.9736 0
1652850583875 0.9712 0
1652850604258 0.3308 0
1652850614191 0.4858 0
1652850624034 0.5646 0
1652850633731 0.6042 0
1652850643727 0.6576 0
1652850653440 0.6962 0
1652850663433 0.7396 0
1652850673325 0.781 0
1652850683267 0.7978 0
1652850692988 0.8286 0
1652850702880 0.8516 0
1652850712716 0.871 0
1652850722655 0.8862 0
1652850732508 0.8938 0
1652850742628 0.9088 0
1652850752573 0.9108 0
1652850762365 0.9172 0
1652850772119 0.923 0
1652850781977 0.9342 0
1652850791964 0.939 0
1652850802023 0.9348 0
1652850811965 0.9428 0
1652850821979 0.9444 0
1652850831938 0.9418 0
1652850841762 0.9434 0
1652850851575 0.9448 0
1652850861458 0.9492 0
1652850871254 0.9462 0
1652850880852 0.95 0
1652850890821 0.9606 0
1652850900824 0.9588 0
1652850910763 0.9578 0
1652850920540 0.9578 0
1652850930456 0.9636 0
1652850940621 0.9596 0
1652850950583 0.9596 0
1652850960610 0.9608 0
1652850970457 0.9634 0
1652850980112 0.9648 0
1652850990098 0.963 0
1652850999989 0.9696 0
1652851009636 0.9602 0
1652851019661 0.9702 0
1652851029441 0.9618 0
1652851039041 0.9708 0
1652851048790 0.9652 0
1652851058730 0.9722 0
1652851068440 0.963 0
1652851078177 0.9702 0
1652851087895 0.9714 0
1652851114078 0.3512 0
1652851124175 0.5124 0
1652851134222 0.5646 0
1652851144263 0.6082 0
1652851154381 0.6346 0
1652851164383 0.6818 0
1652851174389 0.716 0
1652851184666 0.7458 0
1652851194798 0.7748 0
1652851204966 0.8054 0
1652851215071 0.8226 0
1652851225242 0.8478 0
1652851235479 0.8598 0
1652851245543 0.8778 0
1652851255495 0.901 0
1652851265736 0.9016 0
1652851275693 0.9118 0
1652851285595 0.921 0
1652851295785 0.9234 0
1652851305784 0.924 0
1652851316089 0.9232 0
1652851326189 0.9224 0
1652851336433 0.9418 0
1652851346533 0.9384 0
1652851356540 0.9396 0
1652851366427 0.9394 0
1652851376151 0.9492 0
1652851386253 0.9516 0
1652851396252 0.9444 0
1652851406174 0.9506 0
1652851416125 0.949 0
1652851426042 0.9526 0
1652851436005 0.9512 0
1652851445989 0.9552 0
1652851456123 0.9558 0
1652851466322 0.956 0
1652851476496 0.9558 0
1652851486347 0.9662 0
1652851496465 0.9584 0
1652851506479 0.9628 0
1652851516638 0.9686 0
1652851526573 0.9638 0
1652851536752 0.9622 0
1652851546871 0.959 0
1652851557003 0.9642 0
1652851566811 0.9634 0
1652851576659 0.9688 0
1652851586579 0.9666 0
1652851596479 0.9688 0
1652851606611 0.9648 0
1652851638844 0.4068 0
1652851648422 0.5862 0
1652851658234 0.6508 0
1652851668019 0.696 0
1652851677774 0.7384 0
1652851687849 0.7696 0
1652851697488 0.7914 0
1652851707319 0.8364 0
1652851717288 0.8498 0
1652851727089 0.8678 0
1652851737023 0.8792 0
1652851746735 0.894 0
1652851756572 0.9012 0
1652851766527 0.9162 0
1652851776494 0.9166 0
1652851786316 0.9296 0
1652851796050 0.936 0
1652851806009 0.934 0
1652851816000 0.937 0
1652851825857 0.9426 0
1652851835637 0.9466 0
1652851845651 0.954 0
1652851855525 0.9458 0
1652851865406 0.9512 0
1652851875121 0.9576 0
1652851885141 0.956 0
1652851894925 0.9614 0
1652851904860 0.9558 0
1652851914625 0.9608 0
1652851924686 0.9616 0
1652851934679 0.9684 0
1652851944202 0.9596 0
1652851954041 0.9626 0
1652851964124 0.9642 0
1652851974040 0.969 0
1652851983830 0.9698 0
1652851993639 0.9642 0
1652852003373 0.9682 0
1652852013517 0.961 0
1652852023361 0.973 0
1652852033326 0.9706 0
1652852043109 0.974 0
1652852052965 0.97 0
1652852062888 0.9756 0
1652852072735 0.9726 0
1652852082684 0.973 0
1652852092388 0.9768 0
1652852102335 0.9774 0
1652852112170 0.9716 0
1652852121809 0.9754 0
1652852159105 0.3816 0
1652852169184 0.5156 0
1652852179096 0.5562 0
1652852188986 0.6062 0
1652852199052 0.6344 0
1652852209054 0.6794 0
1652852218962 0.7148 0
1652852228775 0.7502 0
1652852238949 0.7836 0
1652852248955 0.7986 0
1652852259035 0.828 0
1652852269258 0.8478 0
1652852279394 0.8672 0
1652852289552 0.88 0
1652852299561 0.8804 0
1652852309621 0.8962 0
1652852320087 0.9086 0
1652852330164 0.9116 0
1652852340305 0.9158 0
1652852350476 0.9174 0
1652852360413 0.929 0
1652852370335 0.9322 0
1652852380455 0.934 0
1652852390414 0.9284 0
1652852400461 0.937 0
1652852410588 0.9416 0
1652852420460 0.944 0
1652852430338 0.9434 0
1652852440414 0.9558 0
1652852450269 0.9424 0
1652852460353 0.9496 0
1652852470276 0.9568 0
1652852480307 0.9522 0
1652852490477 0.9522 0
1652852500475 0.954 0
1652852510512 0.9542 0
1652852520808 0.9572 0
1652852530789 0.9574 0
1652852540730 0.9612 0
1652852550699 0.958 0
1652852560984 0.9558 0
1652852571069 0.9612 0
1652852581081 0.962 0
1652852591123 0.9608 0
1652852601241 0.9594 0
1652852611365 0.9704 0
1652852621291 0.9624 0
1652852631303 0.971 0
1652852641220 0.967 0
1652852651390 0.9626 0
1652852693985 0.3892 0
1652852704255 0.559 0
1652852714267 0.6322 0
1652852724427 0.6806 0
1652852734622 0.7096 0
1652852744528 0.7552 0
1652852754571 0.7828 0
1652852764813 0.8056 0
1652852774771 0.8384 0
1652852784740 0.8634 0
1652852794835 0.8686 0
1652852804819 0.8814 0
1652852814860 0.898 0
1652852824855 0.9062 0
1652852834966 0.912 0
1652852844917 0.9194 0
1652852854908 0.929 0
1652852864624 0.9278 0
1652852874805 0.9306 0
1652852885036 0.942 0
1652852895037 0.9422 0
1652852905106 0.9416 0
1652852915260 0.9416 0
1652852925543 0.95 0
1652852935371 0.9484 0
1652852945520 0.9536 0
1652852955461 0.9576 0
1652852965475 0.949 0
1652852975496 0.9546 0
1652852985497 0.9568 0
1652852995760 0.96 0
1652853005786 0.9608 0
1652853016485 0.956 0
1652853027082 0.9568 0
1652853037490 0.9702 0
1652853048242 0.9644 0
1652853058899 0.9594 0
1652853069381 0.9686 0
1652853080052 0.9662 0
1652853090689 0.969 0
1652853101364 0.9678 0
1652853111877 0.9632 0
1652853122437 0.9698 0
1652853133083 0.9692 0
1652853143451 0.9684 0
1652853154116 0.9696 0
1652853164788 0.9634 0
1652853175238 0.9708 0
1652853185737 0.9734 0
1652853196239 0.9726 0
1652853246662 0.3718 0
1652853257373 0.5324 0
1652853267906 0.5878 0
1652853278385 0.6394 0
1652853288031 0.667 0
1652853297865 0.6994 0
1652853307876 0.7334 0
1652853317863 0.7736 0
1652853327963 0.794 0
1652853337889 0.821 0
1652853347694 0.8438 0
1652853357622 0.8548 0
1652853367654 0.8684 0
1652853377615 0.876 0
1652853387410 0.8958 0
1652853397398 0.9012 0
1652853407380 0.9052 0
1652853417259 0.918 0
1652853427167 0.9208 0
1652853437389 0.9266 0
1652853447378 0.9258 0
1652853457233 0.9368 0
1652853467085 0.9402 0
1652853476933 0.9376 0
1652853486717 0.9454 0
1652853496586 0.941 0
1652853506757 0.9462 0
1652853516499 0.9484 0
1652853526515 0.9476 0
1652853536378 0.942 0
1652853546355 0.9582 0
1652853555853 0.952 0
1652853565825 0.954 0
1652853575950 0.9588 0
1652853585789 0.959 0
1652853595830 0.961 0
1652853605988 0.9576 0
1652853615719 0.9614 0
1652853625792 0.9584 0
1652853635893 0.9634 0
1652853645989 0.9632 0
1652853655916 0.962 0
1652853665961 0.9662 0
1652853676047 0.961 0
1652853685906 0.9692 0
1652853695861 0.9596 0
1652853705891 0.9728 0
1652853715938 0.9728 0
1652853725964 0.9602 0
1652853735789 0.9708 0
1652853789979 0.3954 0
1652853799920 0.5328 0
1652853809618 0.5902 0
1652853819424 0.6216 0
1652853829375 0.6674 0
1652853839434 0.6998 0
1652853849329 0.7364 0
1652853859173 0.7624 0
1652853869267 0.7886 0
1652853879096 0.8186 0
1652853889234 0.8422 0
1652853899234 0.8548 0
1652853909097 0.8756 0
1652853918921 0.8806 0
1652853928889 0.891 0
1652853938848 0.9016 0
1652853948993 0.91 0
1652853959114 0.9202 0
1652853968910 0.9238 0
1652853978754 0.9278 0
1652853988729 0.9286 0
1652853998548 0.9294 0
1652854008379 0.9418 0
1652854018180 0.9526 0
1652854028191 0.9424 0
1652854037829 0.9482 0
1652854047665 0.951 0
1652854057556 0.9494 0
1652854067493 0.9526 0
1652854077490 0.9482 0
1652854087296 0.9478 0
1652854097173 0.9514 0
1652854107204 0.951 0
1652854117011 0.9552 0
1652854127028 0.9556 0
1652854137127 0.9626 0
1652854147043 0.9578 0
1652854156958 0.962 0
1652854166790 0.9616 0
1652854176687 0.9642 0
1652854186723 0.9616 0
1652854196974 0.9614 0
1652854207093 0.971 0
1652854216942 0.9664 0
1652854226873 0.9602 0
1652854236753 0.9662 0
1652854246775 0.9676 0
1652854256625 0.9672 0
1652854266558 0.9726 0
1652854276620 0.9738 0
1652854337039 0.3962 0
1652854347213 0.5338 0
1652854356931 0.604 0
1652854367054 0.6428 0
1652854377025 0.6804 0
1652854387293 0.712 0
1652854397309 0.7468 0
1652854407402 0.7736 0
1652854417194 0.8122 0
1652854427067 0.8344 0
1652854437130 0.8478 0
1652854447379 0.869 0
1652854457326 0.8814 0
1652854467264 0.8974 0
1652854477196 0.8946 0
1652854487178 0.907 0
1652854497026 0.9192 0
1652854507030 0.9266 0
1652854517095 0.9352 0
1652854527073 0.9344 0
1652854537091 0.9348 0
1652854546806 0.9338 0
1652854556753 0.9456 0
1652854566779 0.9362 0
1652854576700 0.949 0
1652854586743 0.9354 0
1652854596371 0.9494 0
1652854606246 0.9538 0
1652854616078 0.9546 0
1652854626014 0.9488 0
1652854635934 0.9572 0
1652854645836 0.9596 0
1652854655488 0.9586 0
1652854665491 0.9682 0
1652854675383 0.9638 0
1652854685527 0.9592 0
1652854695533 0.9636 0
1652854705657 0.9582 0
1652854715625 0.9626 0
1652854725584 0.963 0
1652854735918 0.9692 0
1652854745660 0.9672 0
1652854755877 0.9642 0
1652854765766 0.9702 0
1652854775661 0.9692 0
1652854785479 0.9786 0
1652854795388 0.9674 0
1652854805272 0.9622 0
1652854815321 0.976 0
1652854825255 0.9728 0
1652854890317 0.3478 0
1652854900095 0.4904 0
1652854909850 0.5586 0
1652854919987 0.6034 0
1652854929891 0.6464 0
1652854940033 0.6808 0
1652854949929 0.7234 0
1652854960040 0.7456 0
1652854969939 0.7834 0
1652854979822 0.805 0
1652854990006 0.8268 0
1652855000006 0.846 0
1652855010013 0.8602 0
1652855020024 0.882 0
1652855030278 0.8962 0
1652855040370 0.9016 0
1652855050512 0.9126 0
1652855060566 0.9112 0
1652855070625 0.9144 0
1652855080276 0.9166 0
1652855090400 0.93 0
1652855100437 0.929 0
1652855110440 0.936 0
1652855120275 0.939 0
1652855130343 0.9364 0
1652855140550 0.9426 0
1652855150469 0.9384 0
1652855160592 0.9474 0
1652855170696 0.9502 0
1652855180843 0.9468 0
1652855191033 0.9466 0
1652855200961 0.9534 0
1652855210836 0.946 0
1652855220759 0.9518 0
1652855230552 0.9556 0
1652855240592 0.954 0
1652855250580 0.948 0
1652855260599 0.9568 0
1652855270849 0.9562 0
1652855280791 0.9582 0
1652855290664 0.9564 0
1652855300561 0.9548 0
1652855310541 0.9622 0
1652855320797 0.9632 0
1652855330942 0.9692 0
1652855340837 0.9676 0
1652855350715 0.9696 0
1652855360471 0.961 0
1652855370574 0.9632 0
1652855380559 0.9674 0
1652855451351 0.3106 0
1652855461236 0.4504 0
1652855471038 0.4932 0
1652855480976 0.536 0
1652855490926 0.5916 0
1652855501133 0.624 0
1652855511201 0.6564 0
1652855521091 0.7024 0
1652855530904 0.721 0
1652855540883 0.753 0
1652855550974 0.7966 0
1652855561076 0.8118 0
1652855571099 0.8312 0
1652855581112 0.8456 0
1652855591025 0.867 0
1652855600941 0.8834 0
1652855610805 0.8834 0
1652855620805 0.8994 0
1652855630729 0.9014 0
1652855640816 0.9046 0
1652855650729 0.921 0
1652855660993 0.921 0
1652855671099 0.9192 0
1652855680980 0.9304 0
1652855690980 0.9234 0
1652855700936 0.9326 0
1652855711058 0.9352 0
1652855721206 0.9314 0
1652855731344 0.941 0
1652855741449 0.9472 0
1652855751339 0.9492 0
1652855761424 0.9372 0
1652855771637 0.9488 0
1652855781613 0.9392 0
1652855791859 0.9562 0
1652855801821 0.953 0
1652855811597 0.9488 0
1652855821431 0.9484 0
1652855831545 0.96 0
1652855841498 0.9554 0
1652855851469 0.955 0
1652855861347 0.9578 0
1652855871288 0.9626 0
1652855881004 0.9598 0
1652855891009 0.9576 0
1652855901165 0.9588 0
1652855911273 0.9696 0
1652855921131 0.9572 0
1652855931197 0.9576 0
1652855941439 0.9622 0
1652856018687 0.39 0
1652856028744 0.5418 0
1652856038766 0.616 0
1652856048703 0.6512 0
1652856058597 0.6856 0
1652856068298 0.7266 0
1652856078553 0.7722 0
1652856088769 0.7942 0
1652856098722 0.8142 0
1652856109127 0.8472 0
1652856119028 0.8602 0
1652856129004 0.88 0
1652856139050 0.8908 0
1652856149406 0.9046 0
1652856159309 0.912 0
1652856169463 0.9158 0
1652856179494 0.923 0
1652856189346 0.928 0
1652856199203 0.9302 0
1652856209336 0.9352 0
1652856219206 0.942 0
1652856229291 0.9404 0
1652856239339 0.939 0
1652856249352 0.947 0
1652856259351 0.9434 0
1652856269590 0.9502 0
1652856279784 0.9544 0
1652856289872 0.9604 0
1652856299719 0.9538 0
1652856309942 0.954 0
1652856319996 0.9602 0
1652856330257 0.9582 0
1652856340278 0.9552 0
1652856350155 0.9576 0
1652856360160 0.9646 0
1652856370323 0.961 0
1652856380547 0.9624 0
1652856390494 0.9656 0
1652856400538 0.9682 0
1652856410303 0.9638 0
1652856420195 0.9732 0
1652856430098 0.968 0
1652856439808 0.9682 0
1652856449919 0.965 0
1652856459701 0.9686 0
1652856469417 0.9726 0
1652856479567 0.9748 0
1652856489557 0.9688 0
1652856499675 0.9714 0
1652856509569 0.9668 0
1652856592481 0.3286 0
1652856602951 0.4538 0
1652856613345 0.5228 0
1652856623634 0.565 0
1652856633759 0.6074 0
1652856643954 0.6426 0
1652856654045 0.673 0
1652856664289 0.7124 0
1652856674462 0.7488 0
1652856684651 0.7686 0
1652856694873 0.799 0
1652856705084 0.8116 0
1652856715014 0.8312 0
1652856725342 0.8562 0
1652856735700 0.8692 0
1652856745912 0.8814 0
1652856756048 0.8796 0
1652856766164 0.8996 0
1652856776197 0.9048 0
1652856786695 0.904 0
1652856796796 0.9068 0
1652856806930 0.9202 0
1652856817078 0.919 0
1652856827065 0.938 0
1652856837116 0.9254 0
1652856847108 0.929 0
1652856857117 0.9398 0
1652856867424 0.9384 0
1652856877643 0.9334 0
1652856887724 0.94 0
1652856897844 0.948 0
1652856907956 0.9498 0
1652856918600 0.9446 0
1652856928751 0.9484 0
1652856938836 0.9518 0
1652856948847 0.9524 0
1652856959123 0.9496 0
1652856969655 0.95 0
1652856979814 0.9522 0
1652856989983 0.9554 0
1652857000373 0.9542 0
1652857010415 0.9604 0
1652857020693 0.9574 0
1652857030878 0.96 0
1652857041061 0.9598 0
1652857051408 0.9594 0
1652857061431 0.9642 0
1652857071553 0.9596 0
1652857081614 0.9594 0
1652857091758 0.955 0
1652857180013 0.3932 0
1652857190044 0.5298 0
1652857200082 0.586 0
1652857209804 0.6268 0
1652857219814 0.6768 0
1652857229883 0.698 0
1652857239981 0.7312 0
1652857250056 0.7582 0
1652857259992 0.777 0
1652857269988 0.7998 0
1652857280272 0.8348 0
1652857290259 0.8506 0
1652857300210 0.873 0
1652857310298 0.865 0
1652857320174 0.8874 0
1652857330297 0.9036 0
1652857340366 0.8996 0
1652857350562 0.915 0
1652857360605 0.9226 0
1652857370611 0.9218 0
1652857380727 0.9234 0
1652857390696 0.9336 0
1652857400993 0.944 0
1652857410993 0.9356 0
1652857421213 0.9456 0
1652857431224 0.9436 0
1652857441065 0.9412 0
1652857451186 0.9478 0
1652857461219 0.9428 0
1652857471329 0.9486 0
1652857481403 0.9548 0
1652857491412 0.9606 0
1652857501950 0.9572 0
1652857512060 0.9514 0
1652857521955 0.9492 0
1652857532026 0.9514 0
1652857542199 0.9532 0
1652857551916 0.9664 0
1652857561953 0.9648 0
1652857572013 0.9562 0
1652857581932 0.9666 0
1652857591899 0.9586 0
1652857601724 0.9648 0
1652857611824 0.9586 0
1652857621835 0.9586 0
1652857631677 0.9672 0
1652857641797 0.967 0
1652857652133 0.9602 0
1652857662165 0.9702 0
1652857672359 0.972 0
1652857767029 0.3828 0
1652857777196 0.5296 0
1652857787545 0.5782 0
1652857797804 0.6312 0
1652857808007 0.6634 0
1652857818299 0.7012 0
1652857828698 0.7178 0
1652857838866 0.7626 0
1652857849205 0.7926 0
1652857859156 0.811 0
1652857869345 0.82 0
1652857879373 0.8522 0
1652857889683 0.8678 0
1652857900145 0.872 0
1652857910245 0.8842 0
1652857920598 0.8998 0
1652857930861 0.9078 0
1652857941203 0.9068 0
1652857951356 0.9156 0
1652857961458 0.9162 0
1652857971634 0.923 0
1652857981893 0.923 0
1652857992170 0.9354 0
1652858002394 0.934 0
1652858012393 0.9352 0
1652858022360 0.935 0
1652858032779 0.9418 0
1652858043066 0.9382 0
1652858053495 0.946 0
1652858063516 0.947 0
1652858073779 0.9418 0
1652858083866 0.9474 0
1652858094070 0.953 0
1652858104221 0.9548 0
1652858114419 0.9568 0
1652858124835 0.9508 0
1652858135109 0.9572 0
1652858145321 0.9506 0
1652858155407 0.9612 0
1652858165636 0.9564 0
1652858175584 0.9594 0
1652858185909 0.9596 0
1652858196103 0.9618 0
1652858206330 0.9606 0
1652858216649 0.9588 0
1652858226873 0.964 0
1652858236991 0.961 0
1652858247316 0.9674 0
1652858257474 0.9716 0
1652858267910 0.9528 0
1652858368176 0.2876 0
1652858377962 0.4216 0
1652858387765 0.4864 0
1652858398027 0.534 0
1652858408007 0.5746 0
1652858417974 0.6056 0
1652858428005 0.6606 0
1652858438336 0.688 0
1652858448481 0.728 0
1652858458676 0.749 0
1652858468856 0.792 0
1652858478798 0.818 0
1652858488685 0.8192 0
1652858498757 0.8446 0
1652858508784 0.868 0
1652858518728 0.8862 0
1652858528579 0.8874 0
1652858538575 0.8878 0
1652858548590 0.9052 0
1652858558629 0.905 0
1652858568441 0.915 0
1652858578422 0.9178 0
1652858588446 0.9156 0
1652858598478 0.9336 0
1652858608605 0.9208 0
1652858618501 0.9356 0
1652858628555 0.9296 0
1652858638660 0.943 0
1652858648909 0.9348 0
1652858658883 0.9406 0
1652858668751 0.95 0
1652858678765 0.9436 0
1652858688836 0.9484 0
1652858698819 0.94 0
1652858708850 0.9526 0
1652858718888 0.949 0
1652858728802 0.9532 0
1652858738854 0.9468 0
1652858748725 0.9484 0
1652858758594 0.9524 0
1652858768646 0.9508 0
1652858778736 0.954 0
1652858788926 0.9554 0
1652858799123 0.955 0
1652858809116 0.9556 0
1652858819028 0.9574 0
1652858829061 0.9592 0
1652858839182 0.9578 0
1652858849491 0.9652 0
1652858859930 0.9696 0
1652858966188 0.4054 0
1652858976306 0.5614 0
1652858986825 0.6228 0
1652858997076 0.6718 0
1652859007373 0.6968 0
1652859017411 0.7276 0
1652859027572 0.7496 0
1652859037925 0.7796 0
1652859048048 0.809 0
1652859058218 0.831 0
1652859068546 0.8548 0
1652859078859 0.8614 0
1652859089004 0.8744 0
1652859099199 0.8798 0
1652859109333 0.8988 0
1652859119667 0.9096 0
1652859130073 0.9028 0
1652859140356 0.9124 0
1652859150464 0.9212 0
1652859160601 0.938 0
1652859170848 0.9316 0
1652859180832 0.9346 0
1652859190962 0.9338 0
1652859201127 0.9416 0
1652859211610 0.9476 0
1652859221755 0.9548 0
1652859231819 0.938 0
1652859242026 0.9484 0
1652859252273 0.946 0
1652859262356 0.9558 0
1652859272566 0.9534 0
1652859282705 0.9544 0
1652859293019 0.9582 0
1652859303128 0.9512 0
1652859313597 0.9628 0
1652859324000 0.9602 0
1652859334251 0.9634 0
1652859344466 0.9636 0
1652859354724 0.956 0
1652859364984 0.9552 0
1652859375327 0.9656 0
1652859385492 0.9648 0
1652859395510 0.957 0
1652859406148 0.9672 0
1652859416218 0.966 0
1652859426381 0.967 0
1652859436591 0.9624 0
1652859446493 0.9724 0
1652859456795 0.9654 0
1652859467201 0.9666 0
1652859579481 0.4272 0
1652859589673 0.5812 0
1652859600051 0.6316 0
1652859609998 0.677 0
1652859620000 0.7108 0
1652859630015 0.7438 0
1652859640054 0.7722 0
1652859650234 0.8042 0
1652859660412 0.8304 0
1652859670570 0.852 0
1652859680364 0.851 0
1652859690315 0.8746 0
1652859700453 0.8928 0
1652859710555 0.9078 0
1652859720540 0.9132 0
1652859730525 0.9138 0
1652859740678 0.9228 0
1652859750694 0.9312 0
1652859760736 0.9328 0
1652859770655 0.936 0
1652859780865 0.938 0
1652859790958 0.949 0
1652859801128 0.9378 0
1652859811125 0.9494 0
1652859821342 0.9534 0
1652859831366 0.9512 0
1652859841395 0.9526 0
1652859851273 0.957 0
1652859861254 0.9572 0
1652859871316 0.9546 0
1652859881412 0.9644 0
1652859891351 0.9552 0
1652859901475 0.962 0
1652859911621 0.9622 0
1652859921747 0.9654 0
1652859931859 0.9618 0
1652859941699 0.958 0
1652859951700 0.9692 0
1652859961647 0.965 0
1652859971763 0.9656 0
1652859981760 0.9636 0
1652859991815 0.9762 0
1652860001913 0.9688 0
1652860011980 0.9654 0
1652860022017 0.97 0
1652860032003 0.967 0
1652860041913 0.968 0
1652860052433 0.9758 0
1652860062445 0.9714 0
1652860072604 0.9718 0
1652860189869 0.3032 0
1652860199787 0.449 0
1652860210073 0.53 0
1652860220157 0.568 0
1652860230138 0.62 0
1652860240254 0.6462 0
1652860250289 0.6914 0
1652860260289 0.7178 0
1652860270283 0.7676 0
1652860280363 0.7848 0
1652860290382 0.815 0
1652860300513 0.841 0
1652860310684 0.852 0
1652860320787 0.871 0
1652860330952 0.895 0
1652860340931 0.8896 0
1652860351066 0.8908 0
1652860361165 0.9088 0
1652860371289 0.9186 0
1652860381207 0.9144 0
1652860391353 0.9254 0
1652860401583 0.919 0
1652860411425 0.93 0
1652860421446 0.933 0
1652860431647 0.9356 0
1652860441975 0.9306 0
1652860451841 0.9424 0
1652860461882 0.946 0
1652860472129 0.9526 0
1652860482256 0.9472 0
1652860492384 0.9422 0
1652860502361 0.9456 0
1652860512409 0.9476 0
1652860522540 0.9524 0
1652860532607 0.958 0
1652860542591 0.9438 0
1652860552786 0.9598 0
1652860563029 0.9582 0
1652860573179 0.959 0
1652860583053 0.9538 0
1652860593082 0.9602 0
1652860603158 0.9604 0
1652860613402 0.9584 0
1652860623525 0.9584 0
1652860633785 0.9602 0
1652860643832 0.967 0
1652860653888 0.9596 0
1652860663766 0.968 0
1652860673903 0.967 0
1652860683963 0.9686 0
