1645793002014 0.2792 0
1645793006562 0.4692 0
1645793011035 0.5706 0
1645793015504 0.654 0
1645793019965 0.7238 0
1645793024376 0.7956 0
1645793028822 0.8608 0
1645793033197 0.8996 0
1645793037657 0.9434 0
1645793042185 0.9584 0
1645793046649 0.9726 0
1645793051066 0.9798 0
1645793055642 0.9912 0
1645793060175 0.9926 0
1645793064642 0.9942 0
1645793069057 0.994 0
1645793073525 0.9982 0
1645793077944 0.9952 0
1645793082244 0.9928 0
1645793086725 0.984 0
1645793093351 0.3024 0
1645793097081 0.52 0
1645793100773 0.6182 0
1645793104550 0.6906 0
1645793108265 0.7696 0
1645793111999 0.8246 0
1645793115736 0.8746 0
1645793119484 0.9168 0
1645793123279 0.9478 0
1645793127041 0.9652 0
1645793130812 0.9784 0
1645793134449 0.9832 0
1645793138120 0.9898 0
1645793141838 0.9912 0
1645793145565 0.9898 0
1645793149379 0.9884 0
1645793153159 0.992 0
1645793156870 0.9914 0
1645793160553 0.9872 0
1645793164233 0.9952 0
1645793173977 0.2442 0
1645793177792 0.4262 0
1645793181609 0.5168 0
1645793185533 0.5846 0
1645793189447 0.6624 0
1645793193287 0.7402 0
1645793197104 0.823 0
1645793200909 0.8612 0
1645793204717 0.9028 0
1645793208514 0.9354 0
1645793212325 0.9602 0
1645793216176 0.9694 0
1645793219993 0.9808 0
1645793223844 0.988 0
1645793227728 0.9924 0
1645793231602 0.9912 0
1645793235489 0.9896 0
1645793239355 0.982 0
1645793243219 0.9862 0
1645793247046 0.9832 0
1645793259775 0.328 0
1645793263495 0.5184 0
1645793267408 0.6064 0
1645793271301 0.6832 0
1645793275154 0.7548 0
1645793278983 0.8222 0
1645793282854 0.8682 0
1645793286699 0.905 0
1645793290572 0.9386 0
1645793294441 0.9586 0
1645793298347 0.9748 0
1645793302132 0.9836 0
1645793305890 0.9852 0
1645793309728 0.9856 0
1645793313507 0.9908 0
1645793317394 0.9912 0
1645793321293 0.9904 0
1645793325102 0.988 0
1645793328933 0.9898 0
1645793332676 0.9906 0
1645793348623 0.2514 0
1645793352539 0.4082 0
1645793356535 0.502 0
1645793360491 0.576 0
1645793364458 0.6408 0
1645793368436 0.7114 0
1645793372357 0.7918 0
1645793376297 0.8418 0
1645793380232 0.8954 0
1645793384110 0.9252 0
1645793388045 0.9496 0
1645793391995 0.966 0
1645793396005 0.9774 0
1645793399878 0.9834 0
1645793403739 0.9878 0
1645793407690 0.9888 0
1645793411539 0.9836 0
1645793415539 0.9848 0
1645793419482 0.9868 0
1645793423379 0.9904 0
1645793442418 0.2806 0
1645793446388 0.4792 0
1645793450341 0.576 0
1645793454339 0.6402 0
1645793458299 0.721 0
1645793462244 0.7814 0
1645793466199 0.8378 0
1645793470163 0.8892 0
1645793474204 0.9226 0
1645793478248 0.9482 0
1645793482097 0.9642 0
1645793486102 0.9764 0
1645793490097 0.9774 0
1645793494069 0.9826 0
1645793498055 0.9896 0
1645793502076 0.9884 0
1645793506028 0.988 0
1645793509971 0.9864 0
1645793513910 0.9866 0
1645793517926 0.993 0
1645793540072 0.27 0
1645793543923 0.4604 0
1645793547822 0.5524 0
1645793551757 0.6272 0
1645793555712 0.7 0
1645793559680 0.777 0
1645793563527 0.832 0
1645793567427 0.8832 0
1645793571261 0.9252 0
1645793575176 0.9502 0
1645793579037 0.9692 0
1645793582958 0.9726 0
1645793586821 0.982 0
1645793590740 0.9848 0
1645793594647 0.9902 0
1645793598543 0.9952 0
1645793602521 0.9944 0
1645793606488 0.9944 0
1645793610380 0.9854 0
1645793614368 0.9878 0
1645793640148 0.25 0
1645793644095 0.4046 0
1645793648094 0.477 0
1645793652107 0.5508 0
1645793656105 0.6178 0
1645793660091 0.6816 0
1645793664080 0.7602 0
1645793668084 0.8292 0
1645793672009 0.868 0
1645793676015 0.908 0
1645793679980 0.9352 0
1645793683978 0.9574 0
1645793687946 0.9742 0
1645793691961 0.9822 0
1645793695979 0.9856 0
1645793699922 0.9788 0
1645793703819 0.9876 0
1645793707826 0.9796 0
1645793711802 0.9854 0
1645793715792 0.9824 0
1645793744324 0.291 0
1645793748171 0.4898 0
1645793751959 0.6028 0
1645793755939 0.6862 0
1645793759901 0.743 0
1645793763780 0.8066 0
1645793767615 0.8702 0
1645793771550 0.9076 0
1645793775534 0.9402 0
1645793779456 0.961 0
1645793783336 0.9718 0
1645793787174 0.9822 0
1645793791002 0.9878 0
1645793794907 0.9854 0
1645793798760 0.9928 0
1645793802641 0.9912 0
1645793806520 0.9908 0
1645793810489 0.9934 0
1645793814444 0.9864 0
1645793818279 0.9916 0
1645793850199 0.3128 0
1645793854191 0.5382 0
1645793858221 0.6244 0
1645793862174 0.6898 0
1645793866147 0.754 0
1645793870103 0.809 0
1645793874086 0.8642 0
1645793877965 0.9036 0
1645793881998 0.9348 0
1645793885831 0.9524 0
1645793889798 0.9706 0
1645793893761 0.979 0
1645793897710 0.985 0
1645793901783 0.9856 0
1645793905811 0.9898 0
1645793909857 0.9888 0
1645793913811 0.9862 0
1645793917753 0.9932 0
1645793921770 0.9956 0
1645793925827 0.9888 0
1645793960719 0.2462 0
1645793964648 0.4258 0
1645793968655 0.5082 0
1645793972673 0.5876 0
1645793976561 0.6572 0
1645793980625 0.7182 0
1645793984755 0.7932 0
1645793988778 0.8422 0
1645793992781 0.8926 0
1645793996781 0.926 0
1645794000695 0.9518 0
1645794004595 0.9674 0
1645794008551 0.9792 0
1645794012571 0.9802 0
1645794016644 0.988 0
1645794020623 0.9894 0
1645794024707 0.993 0
1645794028755 0.9918 0
1645794032757 0.9848 0
1645794036892 0.9824 0
1645794075277 0.2906 0
1645794079318 0.476 0
1645794083415 0.5646 0
1645794087408 0.649 0
1645794091392 0.7298 0
1645794095428 0.7762 0
1645794099499 0.8538 0
1645794103479 0.8876 0
1645794107509 0.9288 0
1645794111471 0.951 0
1645794115410 0.9718 0
1645794119434 0.9716 0
1645794123516 0.9866 0
1645794127538 0.9872 0
1645794131556 0.9898 0
1645794135572 0.9912 0
1645794139508 0.994 0
1645794143536 0.9888 0
1645794147545 0.9876 0
1645794151591 0.9902 0
1645794193257 0.2504 0
1645794197217 0.4354 0
1645794201395 0.5206 0
1645794205430 0.5996 0
1645794209517 0.6612 0
1645794213576 0.7438 0
1645794217597 0.807 0
1645794221621 0.8646 0
1645794225611 0.9066 0
1645794229644 0.9328 0
1645794233666 0.9566 0
1645794237737 0.9712 0
1645794241786 0.9764 0
1645794245818 0.9792 0
1645794249844 0.989 0
1645794253712 0.9934 0
1645794257702 0.9968 0
1645794261706 0.9882 0
1645794265652 0.9884 0
1645794269637 0.981 0
1645794314572 0.2804 0
1645794318572 0.4724 0
1645794322661 0.5762 0
1645794326700 0.6576 0
1645794330801 0.7364 0
1645794334876 0.7916 0
1645794338929 0.854 0
1645794342919 0.8978 0
1645794346984 0.9284 0
1645794351094 0.956 0
1645794355139 0.9692 0
1645794359186 0.9816 0
1645794363242 0.9856 0
1645794367281 0.9872 0
1645794371308 0.9916 0
1645794375300 0.9884 0
1645794379379 0.9924 0
1645794383416 0.9844 0
1645794387403 0.988 0
1645794391385 0.9876 0
1645794439796 0.2952 0
1645794443773 0.5246 0
1645794447726 0.5954 0
1645794451645 0.6724 0
1645794455578 0.7446 0
1645794459433 0.8064 0
1645794463363 0.8496 0
1645794467379 0.904 0
1645794471364 0.929 0
1645794475397 0.9502 0
1645794479410 0.9644 0
1645794483348 0.9788 0
1645794487256 0.9836 0
1645794491229 0.9858 0
1645794495072 0.9858 0
1645794499008 0.9878 0
1645794503004 0.9914 0
1645794506874 0.986 0
1645794510781 0.9874 0
1645794514747 0.9922 0
1645794566621 0.3034 0
1645794570750 0.5054 0
1645794574815 0.6018 0
1645794578769 0.6746 0
1645794582808 0.7362 0
1645794586874 0.7968 0
1645794590974 0.8442 0
1645794595016 0.884 0
1645794599061 0.925 0
1645794603088 0.948 0
1645794607195 0.9586 0
1645794611232 0.976 0
1645794615231 0.9842 0
1645794619260 0.9916 0
1645794623364 0.9928 0
1645794627426 0.9912 0
1645794631377 0.9884 0
1645794635447 0.9838 0
1645794639475 0.993 0
1645794643388 0.983 0
1645794698453 0.3248 0
1645794702540 0.5144 0
1645794706567 0.5934 0
1645794710485 0.6604 0
1645794714608 0.7248 0
1645794718731 0.7934 0
1645794722811 0.8436 0
1645794726916 0.8964 0
1645794730981 0.9298 0
1645794735058 0.9512 0
1645794739130 0.969 0
1645794743211 0.9758 0
1645794747282 0.983 0
1645794751325 0.992 0
1645794755389 0.99 0
1645794759471 0.9942 0
1645794763502 0.9906 0
1645794767503 0.9908 0
1645794771552 0.9836 0
1645794775694 0.985 0
1645794834361 0.3052 0
1645794838467 0.4838 0
1645794842646 0.5676 0
1645794846734 0.6564 0
1645794850832 0.7236 0
1645794854926 0.7776 0
1645794859096 0.8318 0
1645794863274 0.8926 0
1645794867498 0.924 0
1645794871673 0.9458 0
1645794875797 0.964 0
1645794880001 0.9782 0
1645794884198 0.983 0
1645794888341 0.9848 0
1645794892538 0.986 0
1645794896677 0.9906 0
1645794900792 0.989 0
1645794904983 0.9896 0
1645794909194 0.9886 0
1645794913313 0.9882 0
1645794975510 0.3016 0
1645794979694 0.4878 0
1645794983800 0.592 0
1645794988066 0.6592 0
1645794992196 0.7314 0
1645794996343 0.7868 0
1645795000509 0.8416 0
1645795004675 0.8838 0
1645795008769 0.9228 0
1645795012769 0.9446 0
1645795016864 0.9646 0
1645795020991 0.975 0
1645795025076 0.9822 0
1645795029133 0.9856 0
1645795033312 0.9904 0
1645795037461 0.9896 0
1645795041539 0.9894 0
1645795045724 0.9922 0
1645795049853 0.9838 0
1645795054003 0.9846 0
1645795119633 0.2398 0
1645795123712 0.439 0
1645795127784 0.5244 0
1645795131800 0.5926 0
1645795135938 0.668 0
1645795139987 0.7388 0
1645795144078 0.807 0
1645795148203 0.864 0
1645795152346 0.9046 0
1645795156419 0.9224 0
1645795160471 0.9622 0
1645795164512 0.9704 0
1645795168594 0.9832 0
1645795172602 0.985 0
1645795176606 0.9898 0
1645795180667 0.987 0
1645795184749 0.9854 0
1645795188825 0.9892 0
1645795192871 0.99 0
1645795196927 0.9894 0
