1645151819338 1.1726012306213378 0
1645151822936 0.935323509812355 0
1645151826431 0.8211938270330429 0
1645151830027 0.7344607038497925 0
1645151833726 0.6425060887932778 0
1645151864736 1.3264155571460723 0
1645151895555 1.1274394454956054 0
1645151926008 1.0029533375501634 0
1645151956827 0.9092407443523407 0
1645151987728 0.8134151259660721 0
1645152018879 0.8445903950929642 0
1645152049110 0.5404375097155572 0
1645152079048 0.3730090137347579 0
1645152108871 0.3090772878229618 0
1645152138848 0.2451044549830258 0
1645152170166 0.9785643005371094 0
1645152200203 0.6769344998300075 0
1645152229949 0.5598290336430073 0
1645152259553 0.483605435192585 0
1645152289590 0.4380427088290453 0
1645152321474 0.7153904765248299 0
1645152351205 0.4327658929675817 0
1645152380988 0.31294897535443306 0
1645152411174 0.2762949189245701 0
1645152441418 0.21488821836560965 0
1645152473773 0.9173390803933144 0
1645152503864 0.563208511531353 0
1645152533844 0.4699134972691536 0
1645152563515 0.35733115351200107 0
1645152593307 0.30904160216450693 0
1645152625548 0.762412927865982 0
1645152655279 0.45672542104125025 0
1645152684791 0.3632999405860901 0
1645152714523 0.2990544946603477 0
1645152743901 0.23686926298961045 0
1645152776517 1.1664434722661972 0
1645152806090 0.7935230952501297 0
1645152835444 0.6473751896023751 0
1645152864847 0.500261164650321 0
1645152894536 0.39007658217102287 0
1645152927932 0.7292565438151359 0
1645152957726 0.3798847776576877 0
1645152987536 0.27346464164555073 0
1645153017508 0.20222124714963138 0
1645153047854 0.21289988962560893 0
1645153082369 1.1106166206598282 0
1645153111940 0.7270670337677002 0
1645153141450 0.5324512974917889 0
1645153170997 0.4243355569317937 0
1645153200583 0.36293282920122144 0
1645153234690 0.8973796002268791 0
1645153264052 0.5281726236343384 0
1645153293840 0.373222926363349 0
1645153323826 0.2868814810626209 0
1645153353672 0.2279267137236893 0
1645153389053 0.7547956173419952 0
1645153419207 0.4276224893331528 0
1645153449388 0.3170468945875764 0
1645153479123 0.2422306362465024 0
1645153508853 0.20553926476836204 0
1645153544252 0.8326654291152954 0
1645153574161 0.48450152918696404 0
1645153604033 0.32241252340376375 0
1645153634184 0.2666097437888384 0
1645153664132 0.18444842965900898 0
1645153699618 1.0137039288282395 0
1645153728936 0.7005190072059632 0
1645153758425 0.5328020436763763 0
1645153787822 0.444513178601861 0
1645153817172 0.3461736259683967 0
1645153853633 0.794601324647665 0
1645153883707 0.4609111494272947 0
1645153914087 0.334006547100842 0
1645153944397 0.2515429407805204 0
1645153974752 0.19389458655565978 0
1645154012682 0.8849433371424675 0
1645154043027 0.5179303485006094 0
1645154073444 0.3917666716277599 0
1645154103960 0.3142131077796221 0
1645154134584 0.2355316007360816 0
1645154173060 1.0389768246412276 0
1645154203886 0.7408340846896172 0
1645154234573 0.6122588540017605 0
1645154265034 0.5064185617864132 0
1645154295381 0.4519191330075264 0
1645154334043 0.9635490084886551 0
1645154364802 0.5957957497984171 0
1645154395648 0.4563196799978614 0
1645154426279 0.36245890444517137 0
1645154457108 0.2905795710682869 0
1645154496889 1.1347443311214447 0
1645154527542 0.7939862409830093 0
1645154558194 0.6685437042117118 0
1645154588770 0.5260410909354687 0
1645154619628 0.42582543669641015 0
1645154659200 0.7402057414352894 0
1645154689123 0.39311752903461455 0
1645154719458 0.30019502141699195 0
1645154749859 0.21907858235016464 0
1645154780230 0.18172085028141738 0
