1652825478085 0.205 0
1652825483523 0.3186 0
1652825488880 0.3624 0
1652825493990 0.421 0
1652825499428 0.4606 0
1652825504798 0.4904 0
1652825509968 0.5268 0
1652825515272 0.5682 0
1652825520680 0.6072 0
1652825525923 0.641 0
1652825531142 0.6776 0
1652825536349 0.7072 0
1652825541635 0.7474 0
1652825546982 0.7814 0
1652825552385 0.8062 0
1652825557822 0.8296 0
1652825563093 0.8586 0
1652825568560 0.8742 0
1652825573890 0.889 0
1652825579158 0.9048 0
1652825584291 0.9252 0
1652825589690 0.9252 0
1652825594892 0.9394 0
1652825600053 0.9364 0
1652825605402 0.9384 0
1652825610744 0.9402 0
1652825615835 0.9282 0
1652825621233 0.9528 0
1652825626533 0.9644 0
1652825631701 0.9646 0
1652825636926 0.9602 0
1652825642281 0.9562 0
1652825647399 0.9608 0
1652825652770 0.9586 0
1652825657846 0.9584 0
1652825663229 0.9558 0
1652825668311 0.968 0
1652825673762 0.968 0
1652825678956 0.9714 0
1652825684301 0.9662 0
1652825689443 0.9582 0
1652825694857 0.9648 0
1652825700005 0.9738 0
1652825705403 0.9636 0
1652825710630 0.9676 0
1652825716074 0.9686 0
1652825721220 0.9752 0
1652825726569 0.973 0
1652825731676 0.9742 0
1652825736963 0.9772 0
1652825749197 0.372 0
1652825760787 0.5602 0
1652825772388 0.6548 0
1652825784034 0.7114 0
1652825795617 0.761 0
1652825807099 0.8174 0
1652825818842 0.8456 0
1652825830452 0.8732 0
1652825842115 0.8876 0
1652825853718 0.9146 0
1652825865268 0.936 0
1652825876998 0.9412 0
1652825888621 0.9366 0
1652825900275 0.9506 0
1652825912076 0.951 0
1652825923767 0.9634 0
1652825935424 0.9638 0
1652825947181 0.962 0
1652825958823 0.965 0
1652825970440 0.9682 0
1652825982039 0.9602 0
1652825993726 0.9712 0
1652826005414 0.9762 0
1652826017052 0.9726 0
1652826028709 0.9696 0
1652826040327 0.9742 0
1652826052026 0.969 0
1652826063787 0.9708 0
1652826075501 0.9752 0
1652826087250 0.9752 0
1652826098933 0.9774 0
1652826110649 0.9764 0
1652826122316 0.972 0
1652826134031 0.9752 0
1652826145723 0.9742 0
1652826157337 0.9738 0
1652826169048 0.9818 0
1652826180692 0.972 0
1652826192375 0.9828 0
1652826204030 0.986 0
1652826215798 0.9858 0
1652826227470 0.9774 0
1652826239167 0.9816 0
1652826250795 0.9856 0
1652826262612 0.9808 0
1652826274363 0.9744 0
1652826286091 0.974 0
1652826297767 0.985 0
1652826309425 0.992 0
1652826321071 0.9904 0
1652826334118 0.3696 0
1652826345929 0.5558 0
1652826357752 0.6552 0
1652826369479 0.7024 0
1652826381279 0.7556 0
1652826393016 0.8076 0
1652826404845 0.8376 0
1652826416670 0.8802 0
1652826428372 0.9038 0
1652826440151 0.9304 0
1652826451980 0.9354 0
1652826463945 0.941 0
1652826475838 0.9496 0
1652826487664 0.9522 0
1652826499434 0.9514 0
1652826511362 0.9552 0
1652826523236 0.963 0
1652826535110 0.9724 0
1652826546831 0.9768 0
1652826558600 0.9648 0
1652826570401 0.9694 0
1652826582223 0.9624 0
1652826593981 0.9766 0
1652826605745 0.9742 0
1652826617527 0.9748 0
1652826629267 0.9764 0
1652826641145 0.9746 0
1652826652969 0.9804 0
1652826664769 0.979 0
1652826676598 0.9696 0
1652826688303 0.9756 0
1652826700159 0.978 0
1652826711957 0.982 0
1652826723809 0.9856 0
1652826735577 0.9856 0
1652826747465 0.9812 0
1652826759292 0.9794 0
1652826771055 0.9798 0
1652826782847 0.9806 0
1652826794614 0.9688 0
1652826806461 0.9782 0
1652826818244 0.9818 0
1652826830074 0.986 0
1652826841830 0.9796 0
1652826853634 0.9802 0
1652826865391 0.9878 0
1652826877041 0.984 0
1652826888785 0.9796 0
1652826900686 0.9846 0
1652826912425 0.9832 0
1652826925733 0.4168 0
1652826937683 0.6236 0
1652826949519 0.6978 0
1652826961297 0.7704 0
1652826973103 0.8066 0
1652826984869 0.8486 0
1652826996668 0.8886 0
1652827008536 0.9124 0
1652827020465 0.9306 0
1652827032320 0.9382 0
1652827044107 0.9462 0
1652827056062 0.9506 0
1652827068030 0.9502 0
1652827079835 0.9636 0
1652827091804 0.9664 0
1652827103660 0.9732 0
1652827115582 0.9734 0
1652827127510 0.9656 0
1652827139459 0.9788 0
1652827151305 0.9828 0
1652827163107 0.9764 0
1652827175059 0.9756 0
1652827186952 0.9768 0
1652827199074 0.9794 0
1652827210839 0.9748 0
1652827222700 0.9818 0
1652827234530 0.9832 0
1652827246347 0.9802 0
1652827258271 0.989 0
1652827270242 0.979 0
1652827282191 0.9744 0
1652827294176 0.9854 0
1652827306075 0.9818 0
1652827318059 0.9856 0
1652827329893 0.9722 0
1652827341744 0.9846 0
1652827353700 0.9844 0
1652827365564 0.9814 0
1652827377405 0.9844 0
1652827389382 0.994 0
1652827401208 0.9886 0
1652827413038 0.972 0
1652827424935 0.977 0
1652827436911 0.9896 0
1652827448792 0.9834 0
1652827460672 0.989 0
1652827472419 0.9846 0
1652827484326 0.9884 0
1652827496403 0.9852 0
1652827508399 0.9814 0
1652827521983 0.3742 0
1652827534050 0.5062 0
1652827546116 0.5956 0
1652827558253 0.6772 0
1652827570164 0.7322 0
1652827582246 0.7724 0
1652827594237 0.8176 0
1652827606179 0.8638 0
1652827618176 0.8882 0
1652827630217 0.9176 0
1652827642251 0.9272 0
1652827654307 0.9398 0
1652827666180 0.9542 0
1652827678074 0.9516 0
1652827690074 0.9626 0
1652827701976 0.9678 0
1652827713962 0.9634 0
1652827725945 0.9664 0
1652827738039 0.9706 0
1652827750028 0.9742 0
1652827761957 0.974 0
1652827773979 0.9762 0
1652827785976 0.972 0
1652827798024 0.9822 0
1652827810110 0.9756 0
1652827822130 0.9682 0
1652827834190 0.9714 0
1652827846151 0.9832 0
1652827858087 0.9762 0
1652827870097 0.9804 0
1652827882065 0.9782 0
1652827894010 0.9714 0
1652827906005 0.9792 0
1652827918064 0.9824 0
1652827930145 0.9876 0
1652827942266 0.9868 0
1652827954298 0.9842 0
1652827966247 0.982 0
1652827978327 0.984 0
1652827990376 0.9788 0
1652828002329 0.976 0
1652828014310 0.9824 0
1652828026250 0.9788 0
1652828038297 0.9856 0
1652828050262 0.985 0
1652828062259 0.9834 0
1652828074238 0.9876 0
1652828086175 0.985 0
1652828098124 0.9826 0
1652828110097 0.9834 0
