1652367045969 0.9644357898712158 0
1652367054089 0.6354327174663543 0
1652367062235 0.5239789339303971 0
1652367070459 0.48577781429290773 0
1652367078456 0.40053467046618463 0
1652367086607 0.3697635127782822 0
1652367094613 0.31330481396764515 0
1652367102802 0.30397397462427617 0
1652367111010 0.2559565016135573 0
1652367119219 0.23492922250777484 0
1652367127482 0.24249038089662792 0
1652367135711 0.24529269703775644 0
1652367143904 0.18528631526865066 0
1652367152013 0.16183060960248113 0
1652367160202 0.15782318515628577 0
1652367168438 0.1513792962614447 0
1652367176589 0.11679747956823558 0
1652367184804 0.10572768300510943 0
1652367193005 0.11766099145412445 0
1652367201272 0.10405162530392409 0
1652367209532 0.08937642604764551 0
1652367217639 0.13855889946296812 0
1652367225935 0.08498459671791643 0
1652367234155 0.06680666489964351 0
1652367242506 0.11491456510834396 0
1652367250738 0.09064869779758156 0
1652367258757 0.05944797966261394 0
1652367266878 0.08114717350457795 0
1652367275004 0.060929085674183446 0
1652367283195 0.05031627047351794 0
1652367291381 0.0829776067415718 0
1652367299632 0.06499143195883371 0
1652367307722 0.07532597937751562 0
1652367316034 0.08573402714990079 0
1652367324112 0.03214247442011256 0
1652367332405 0.03702233422866557 0
1652367340479 0.041506829395226666 0
1652367348818 0.07202012785003753 0
1652367357082 0.0846835279054474 0
1652367365156 0.07593972724996274 0
1652367372963 0.03730973448191071 0
1652367381206 0.07574215288578998 0
1652367389460 0.04486044337296043 0
1652367397562 0.03933555544693954 0
1652367405558 0.047345432107453234 0
1652367413655 0.011525787955371198 0
1652367421899 0.07204610226997174 0
1652367430130 0.02910822339002625 0
1652367438302 0.03760064261892694 0
1652367446537 0.07121505930635612 0
1652367455564 1.2345263741493224 0
1652367461375 1.0194528332710266 0
1652367466927 0.9016232826232911 0
1652367472535 0.7792273724555969 0
1652367478243 0.7335449129104614 0
1652367484091 0.6549167939186096 0
1652367489722 0.5859210375070572 0
1652367495354 0.5234583961486816 0
1652367500888 0.4678306003689766 0
1652367506692 0.4234252533078194 0
1652367512079 0.3666817053258419 0
1652367517839 0.3337686936795711 0
1652367523479 0.3053112505555153 0
1652367529143 0.24179711648523808 0
1652367534925 0.254407517555356 0
1652367540569 0.2195858234733343 0
1652367546187 0.22016993667334317 0
1652367551890 0.1775242500655353 0
1652367557446 0.17926991448700427 0
1652367563147 0.15754581397175788 0
1652367568751 0.18963009966239333 0
1652367574503 0.13782482422143222 0
1652367580169 0.11885213517956436 0
1652367585856 0.14085452679134905 0
1652367591623 0.11859161571711302 0
1652367597430 0.11960295638069511 0
1652367603248 0.08118303676908836 0
1652367609021 0.10247728229342029 0
1652367614824 0.1018051831604913 0
1652367620563 0.1005476035129279 0
1652367626332 0.11408031271658838 0
1652367632057 0.10446142852455377 0
1652367637685 0.0722977332195267 0
1652367643428 0.09060531304767355 0
1652367648954 0.10505367208281532 0
1652367654810 0.08612747152671218 0
1652367660496 0.055438819044921546 0
1652367666122 0.06637984216595069 0
1652367671846 0.07597946121683344 0
1652367677692 0.0818655971250264 0
1652367683251 0.10645128790419549 0
1652367689006 0.08638131615021266 0
1652367694728 0.06867864903598092 0
1652367700527 0.05173517884593457 0
1652367706354 0.061816959817055615 0
1652367711996 0.07289982093248983 0
1652367717775 0.06621899332862813 0
1652367723535 0.06308522417489439 0
1652367729262 0.04996913689784706 0
1652367734905 0.06269895599931478 0
1652367747695 1.3001128326416016 0
1652367753284 1.1016463927745819 0
1652367759023 0.978698400592804 0
1652367764785 0.906503341960907 0
1652367770648 0.8182292987346649 0
1652367776268 0.7316040470123291 0
1652367782195 0.6786711053371429 0
1652367787859 0.58908680768013 0
1652367793469 0.5392678183555603 0
1652367799252 0.4988431014895439 0
1652367804853 0.43256367159485815 0
1652367810770 0.38770392463505265 0
1652367816295 0.35130088105201723 0
1652367822258 0.28247834813445805 0
1652367827861 0.2573251348167658 0
1652367833486 0.24426737588644026 0
1652367839319 0.19855981335192918 0
1652367844848 0.22715696377009154 0
1652367850532 0.15560377345606685 0
1652367855981 0.17068825459107756 0
1652367861862 0.20841028962284328 0
1652367867598 0.16522822158932685 0
1652367873143 0.17571746947020292 0
1652367878961 0.14190985357016325 0
1652367884633 0.13560276186699047 0
1652367890114 0.11460251745469868 0
1652367895927 0.1206833673119545 0
1652367901686 0.11112828018870205 0
1652367907292 0.1188872884940356 0
1652367912945 0.09530150693021715 0
1652367918542 0.11069301029639318 0
1652367924075 0.0922580670947209 0
1652367929677 0.1175890589196235 0
1652367935355 0.11444910816000775 0
1652367940942 0.09029181401757523 0
1652367946704 0.08465836038095877 0
1652367952487 0.0709522273727227 0
1652367958030 0.09705353386909701 0
1652367963682 0.11303040768420324 0
1652367969151 0.07140071367938071 0
1652367974847 0.08392927153040655 0
1652367980471 0.06934082297415006 0
1652367986242 0.08451182086812332 0
1652367991836 0.11450923271290958 0
1652367997356 0.06109300524229184 0
1652368003049 0.0824266551632434 0
1652368008728 0.09760320425319952 0
1652368014325 0.07428167201855686 0
1652368020068 0.07071503038163064 0
1652368025684 0.07617115916865878 0
1652368042270 0.8695889302730561 0
1652368047867 0.6437030811071396 0
1652368053553 0.5168579276919365 0
1652368059339 0.46031279859542845 0
1652368064999 0.3776643512517214 0
1652368070490 0.34435494965314867 0
1652368076149 0.2958029084175825 0
1652368081632 0.2775389279529452 0
1652368087320 0.2051589074574411 0
1652368092947 0.220248753477633 0
1652368098669 0.17222046241164207 0
1652368104320 0.17319095970913767 0
1652368110026 0.14530312931612133 0
1652368115677 0.12442680491283536 0
1652368121321 0.1283668503008783 0
1652368126824 0.12185152738876641 0
1652368132426 0.09165908939950168 0
1652368138108 0.10015518076485024 0
1652368143798 0.10104132566526532 0
1652368149344 0.09965158973634243 0
1652368154839 0.0974236737333238 0
1652368160506 0.08737893733605742 0
1652368166236 0.048784466187655924 0
1652368171868 0.0763654608655721 0
1652368177641 0.06871830632053316 0
1652368183377 0.05805688280985923 0
1652368189070 0.06888927685325034 0
1652368194639 0.07821390942729776 0
1652368200315 0.06340589454309084 0
1652368206071 0.06425277690344956 0
1652368211782 0.037484327981236853 0
1652368217575 0.06292652755735326 0
1652368223301 0.06398481636047364 0
1652368229002 0.038495813420019113 0
1652368234681 0.04290443819849752 0
1652368240211 0.07297194136899197 0
1652368245860 0.04793408310576924 0
1652368251442 0.05415110754818597 0
1652368257090 0.05177197068770183 0
1652368262696 0.061432281546690504 0
1652368268213 0.041999672878108685 0
1652368273913 0.058804141036293 0
1652368279506 0.04107758870687685 0
1652368285198 0.06882756068204181 0
1652368291096 0.05956302694762708 0
1652368296934 0.032284943881721116 0
1652368302576 0.041470949798636136 0
1652368308332 0.04743869983502082 0
1652368314153 0.023985492444303237 0
1652368319921 0.04871203033181373 0
1652368340372 1.3943075119972228 0
1652368346171 1.2379179300308227 0
1652368351912 1.1172405432701111 0
1652368357623 1.0393943782806396 0
1652368363560 0.9476090993404388 0
1652368369424 0.8945504065036773 0
1652368375189 0.7791575343608856 0
1652368381028 0.7022440531730652 0
1652368386804 0.6436629542350769 0
1652368392584 0.5437962643742561 0
1652368398353 0.48829822517633437 0
1652368404024 0.47608194028139117 0
1652368409773 0.4009136929392815 0
1652368415536 0.36174065160751345 0
1652368421268 0.29149605273604395 0
1652368427128 0.26064884029477836 0
1652368432862 0.2773100978001952 0
1652368438735 0.23730899160802366 0
1652368444468 0.21701007067561148 0
1652368450158 0.18906670625880362 0
1652368455719 0.1940104019895196 0
1652368461517 0.16712792904675006 0
1652368467044 0.141192699431628 0
1652368472904 0.13320018627382815 0
1652368478554 0.16773605232089758 0
1652368484338 0.1367098755836487 0
1652368490128 0.12362773633413017 0
1652368495816 0.1427144888676703 0
1652368501618 0.1527840978849679 0
1652368507442 0.11792372715938837 0
1652368513087 0.09697019594786689 0
1652368518910 0.116803248648718 0
1652368524673 0.08577063312251121 0
1652368530313 0.12326249488266185 0
1652368535998 0.09586910216659307 0
1652368541741 0.07637690101629123 0
1652368547464 0.06528879352975636 0
1652368553257 0.10486095734797418 0
1652368558894 0.12675682253856213 0
1652368564505 0.08676100605009124 0
1652368570243 0.11444678851636127 0
1652368575939 0.09464253671811894 0
1652368581652 0.07043434386289446 0
1652368587399 0.07034700287692248 0
1652368593105 0.09781894255457446 0
1652368598929 0.0635758667013608 0
1652368604581 0.09609477839851752 0
1652368610257 0.07094753940431402 0
1652368615949 0.08245667996617267 0
1652368621632 0.06197117602154613 0
