1652619326640 2.4463657136917116 0
1652619332067 2.267488752365112 0
1652619337357 2.1922115158081055 0
1652619342740 2.0973275566101073 0
1652619348181 2.0172173564910887 0
1652619357670 2.5698657634735107 0
1652619366867 2.037574128341675 0
1652619376010 1.9215003982543946 0
1652619384969 1.7970291721343994 0
1652619394137 1.6996142938613892 0
1652619405211 2.546363096618652 0
1652619415417 1.991924176979065 0
1652619425615 1.880267223739624 0
1652619435994 1.8039136219024658 0
1652619446184 1.7375212167739869 0
1652619459090 2.4729188928604127 0
1652619470810 1.8180562187194824 0
1652619482532 1.7031805294036866 0
1652619494258 1.6589590301513673 0
1652619506118 1.551027692604065 0
1652619521356 2.414170838737488 0
1652619534519 1.8974204833984376 0
1652619547867 1.8307224395751953 0
1652619560829 1.7669596363067628 0
1652619573984 1.6939456485748292 0
