1645562358072 1.710757176208496 0
1645562360877 1.332302677154541 0
1645562363724 1.1829157810211182 0
1645562366641 1.1065510389328004 0
1645562369511 1.0107200421333313 0
1645562374391 1.3471117544174194 0
1645562379111 1.0749510565757752 0
1645562383767 0.9665867396831512 0
1645562388300 0.8693055878639221 0
1645562393012 0.8669580578804016 0
1645562400044 1.0686556648731231 0
1645562406673 0.968899265130361 0
1645562413445 0.9115066736221313 0
1645562420200 0.8379647297064463 0
1645562426957 0.7837038442691168 0
