1652817430469 2.0189217539787294 0
1652817444151 1.661292233943939 0
1652817457909 1.4505409997940064 0
1652817471729 1.2998500715255736 0
1652817485156 1.1388775443553925 0
1652817499971 1.7633190284729003 0
1652817509471 1.3247564291000367 0
1652817518808 1.110181055188179 0
1652817528275 0.9511842881917953 0
1652817537616 0.8120193033695221 0
1652817557416 1.9069186003684997 0
1652817566866 1.5031885780334473 0
1652817576204 1.296487335729599 0
1652817585592 1.1288255309343338 0
1652817595024 1.0204489842891693 0
1652817620019 1.7607485201835633 0
1652817629808 1.3511311512470245 0
1652817639623 1.1790215999126434 0
1652817649327 1.0598410148143769 0
1652817658903 0.9390724314451218 0
1652817688620 1.9461929083824159 0
1652817698053 1.5250162298202514 0
1652817707536 1.322319389295578 0
1652817716644 1.1580342832326889 0
1652817725959 1.0458347014427185 0
