1645635935017 0.2332 0
1645635939734 0.3388 0
1645635944358 0.408 0
1645635948893 0.4554 0
1645635953603 0.513 0
1645635962130 0.4233 0
1645635970558 0.5125 0
1645635978942 0.5715 0
1645635987352 0.6231 0
1645635995742 0.6639 0
1645636009102 0.5707333333333333 0
1645636021760 0.6385333333333333 0
1645636034312 0.6832666666666667 0
1645636047268 0.7328 0
1645636060020 0.7680666666666667 0
1645636078966 0.66795 0
1645636096836 0.7379 0
1645636114857 0.7746 0
1645636132100 0.8098 0
1645636149534 0.8416 0
1645636172736 0.75824 0
1645636193752 0.80144 0
1645636215559 0.83316 0
1645636237259 0.85304 0
1645636258354 0.86896 0
1645636286548 0.7936 0
1645636313573 0.8307333333333333 0
1645636339756 0.8488 0
1645636366075 0.8677333333333334 0
1645636392962 0.881 0
1645636427051 0.8152857142857143 0
1645636458910 0.8462571428571428 0
1645636490643 0.8639428571428571 0
1645636523025 0.8769428571428571 0
1645636556160 0.8911428571428571 0
1645636595752 0.835525 0
1645636632814 0.861725 0
1645636669937 0.8762 0
1645636707140 0.890625 0
1645636744308 0.90175 0
1645636788733 0.8438888888888889 0
1645636832031 0.8654 0
1645636875292 0.8783555555555556 0
1645636918131 0.8924888888888889 0
1645636959934 0.8984888888888889 0
1645637013729 0.85294 0
1645637063289 0.8777 0
1645637111276 0.88952 0
1645637159070 0.89906 0
1645637209454 0.91022 0
1645637270210 0.8646545454545455 0
1645637326929 0.8862909090909091 0
1645637381647 0.8949636363636364 0
1645637436746 0.9038909090909091 0
1645637492940 0.9152727272727272 0
1645637560706 0.8752 0
1645637620088 0.8934666666666666 0
1645637681211 0.90205 0
1645637744400 0.9116833333333333 0
1645637806162 0.9164166666666667 0
1645637878494 0.8829230769230769 0
1645637946080 0.8982153846153846 0
1645638014674 0.907 0
1645638082950 0.9139076923076923 0
1645638150182 0.923 0
1645638226172 0.8911428571428571 0
1645638300170 0.9050857142857143 0
1645638373995 0.9109571428571429 0
1645638447233 0.9175142857142857 0
1645638523396 0.9257 0
1645638611056 0.8907066666666666 0
1645638692687 0.9037333333333334 0
1645638775281 0.9100133333333333 0
1645638856648 0.91652 0
1645638938304 0.9234533333333333 0
1645639030009 0.8989875 0
1645639117523 0.909225 0
1645639207258 0.918525 0
1645639292684 0.9235875 0
1645639381586 0.927775 0
1645639481713 0.8965176470588235 0
1645639575497 0.9091058823529412 0
1645639673040 0.9147529411764705 0
1645639769226 0.9192235294117647 0
1645639867753 0.9245058823529412 0
1645639980629 0.9019777777777778 0
1645640085832 0.9121 0
1645640189418 0.9199333333333334 0
1645640290799 0.9237444444444445 0
1645640394578 0.9283444444444444 0
1645640513785 0.9023578947368421 0
1645640624387 0.9145578947368421 0
1645640734314 0.9198842105263157 0
1645640844979 0.9235473684210527 0
1645640951040 0.9272631578947368 0
1645641076628 0.91048 0
1645641193735 0.91873 0
1645641309017 0.92333 0
1645641425175 0.92936 0
1645641543507 0.93376 0
