1652374426495 0.3134 0
1652374431584 0.465 0
1652374436846 0.5262 0
1652374441940 0.5898 0
1652374446940 0.6424 0
1652374452216 0.6722 0
1652374457520 0.6972 0
1652374462608 0.7534 0
1652374467817 0.7694 0
1652374473001 0.7946 0
1652374477953 0.814 0
1652374482915 0.858 0
1652374488164 0.8466 0
1652374493309 0.8668 0
1652374498429 0.8808 0
1652374503470 0.8964 0
1652374508524 0.9116 0
1652374513624 0.9174 0
1652374518746 0.9252 0
1652374523900 0.928 0
1652374529037 0.93 0
1652374534226 0.9268 0
1652374539361 0.9208 0
1652374544535 0.9322 0
1652374549662 0.947 0
1652374554756 0.9438 0
1652374560096 0.9508 0
1652374565243 0.955 0
1652374570420 0.9316 0
1652374575453 0.9338 0
1652374580543 0.9424 0
1652374585951 0.9552 0
1652374591171 0.9594 0
1652374596498 0.9606 0
1652374601788 0.9512 0
1652374606791 0.9622 0
1652374611867 0.946 0
1652374617007 0.9538 0
1652374622155 0.956 0
1652374627423 0.96 0
1652374632726 0.9592 0
1652374637907 0.955 0
1652374643159 0.9562 0
1652374648333 0.9666 0
1652374653400 0.9612 0
1652374658591 0.9604 0
1652374663755 0.9594 0
1652374668762 0.9588 0
1652374673976 0.948 0
1652374679397 0.9488 0
1652374688969 0.6451 0
1652374697928 0.7402 0
1652374707230 0.7817 0
1652374716081 0.8076 0
1652374725112 0.8319 0
1652374734022 0.8471 0
1652374743165 0.8591 0
1652374752358 0.8752 0
1652374761288 0.8882 0
1652374770588 0.9044 0
1652374779594 0.9034 0
1652374788599 0.9103 0
1652374797653 0.9158 0
1652374806759 0.9276 0
1652374815862 0.9312 0
1652374825092 0.9349 0
1652374834307 0.934 0
1652374843441 0.9348 0
1652374852541 0.9369 0
1652374861446 0.9453 0
1652374870305 0.9427 0
1652374879237 0.94 0
1652374888281 0.9458 0
1652374897278 0.9427 0
1652374906008 0.9448 0
1652374915112 0.9523 0
1652374924395 0.9487 0
1652374933222 0.9429 0
1652374942337 0.9518 0
1652374951413 0.9523 0
1652374960371 0.9562 0
1652374969486 0.9458 0
1652374978552 0.9459 0
1652374987540 0.9505 0
1652374996769 0.9512 0
1652375005841 0.9524 0
1652375015199 0.9518 0
1652375024185 0.9594 0
1652375033332 0.9457 0
1652375042348 0.9534 0
1652375051652 0.9507 0
1652375060623 0.9577 0
1652375069807 0.9587 0
1652375078996 0.9474 0
1652375088095 0.9488 0
1652375097241 0.952 0
1652375106080 0.9604 0
1652375115228 0.9593 0
1652375124521 0.9551 0
1652375133256 0.9519 0
1652375147386 0.7283333333333334 0
1652375160926 0.7928666666666667 0
1652375173953 0.8129333333333333 0
1652375187045 0.8380666666666666 0
1652375200503 0.8469333333333333 0
1652375213907 0.8615333333333334 0
1652375226859 0.8763333333333333 0
1652375240359 0.8802 0
1652375253657 0.8960666666666667 0
1652375267061 0.8937333333333334 0
1652375280280 0.9046666666666666 0
1652375293647 0.9075333333333333 0
1652375307150 0.9078 0
1652375320162 0.9173333333333333 0
1652375333428 0.92 0
1652375346669 0.9276666666666666 0
1652375359995 0.9362666666666667 0
1652375373486 0.9315333333333333 0
1652375386952 0.9258666666666666 0
1652375400026 0.9306 0
1652375413537 0.9416666666666667 0
1652375426881 0.9302 0
1652375439992 0.9356 0
1652375453333 0.9352666666666667 0
1652375466724 0.9360666666666667 0
1652375479960 0.9376666666666666 0
1652375493379 0.937 0
1652375506424 0.9423333333333334 0
1652375519870 0.9426 0
1652375532746 0.9372 0
1652375546305 0.9352 0
1652375559834 0.9466666666666667 0
1652375572905 0.9427333333333333 0
1652375586325 0.937 0
1652375599760 0.9349333333333333 0
1652375612925 0.9428666666666666 0
1652375626396 0.947 0
1652375639401 0.9457333333333333 0
1652375652584 0.9388 0
1652375666113 0.9447333333333333 0
1652375679605 0.9470666666666666 0
1652375692739 0.9416666666666667 0
1652375705966 0.9444 0
1652375719429 0.9434 0
1652375732906 0.9471333333333334 0
1652375746059 0.949 0
1652375759334 0.9382 0
1652375772785 0.9412666666666667 0
1652375785953 0.9472666666666667 0
1652375799263 0.9496 0
1652375818101 0.79975 0
1652375836084 0.8494 0
1652375853932 0.8575 0
1652375871529 0.87025 0
1652375889394 0.88025 0
1652375907281 0.886 0
1652375924631 0.8906 0
1652375942138 0.8974 0
1652375959870 0.90115 0
1652375977715 0.90205 0
1652375995567 0.9102 0
1652376013528 0.9068 0
1652376031426 0.9152 0
1652376049153 0.91375 0
1652376066898 0.91475 0
1652376085014 0.92565 0
1652376102948 0.92475 0
1652376121033 0.91785 0
1652376138885 0.92725 0
1652376156971 0.9268 0
1652376174782 0.9237 0
1652376192599 0.92685 0
1652376210049 0.93015 0
1652376227793 0.92905 0
1652376245870 0.9349 0
1652376263695 0.9288 0
1652376281540 0.9304 0
1652376299460 0.93165 0
1652376317499 0.93255 0
1652376335179 0.93035 0
1652376352813 0.9396 0
1652376370260 0.93245 0
1652376388034 0.9375 0
1652376405728 0.9346 0
1652376423799 0.94025 0
1652376441925 0.937 0
1652376459694 0.9388 0
1652376477450 0.93175 0
1652376495393 0.9365 0
1652376513132 0.93955 0
1652376530809 0.9315 0
1652376548488 0.93505 0
1652376566767 0.9381 0
1652376584726 0.94325 0
1652376602589 0.93515 0
1652376620330 0.94075 0
1652376638073 0.93745 0
1652376656173 0.93455 0
1652376674087 0.93905 0
1652376692128 0.93925 0
1652376716073 0.81052 0
1652376738556 0.83708 0
1652376761393 0.85116 0
1652376784085 0.85864 0
1652376806885 0.8652 0
1652376829798 0.86884 0
1652376852840 0.876 0
1652376875405 0.88048 0
1652376898257 0.88484 0
1652376920741 0.89092 0
1652376943661 0.88792 0
1652376966345 0.8918 0
1652376988908 0.89764 0
1652377011728 0.90232 0
1652377034351 0.90732 0
1652377057077 0.90388 0
1652377079983 0.9064 0
1652377102938 0.90692 0
1652377125168 0.91116 0
1652377147711 0.91192 0
1652377170338 0.92272 0
1652377192631 0.9138 0
1652377215326 0.91368 0
1652377237813 0.92068 0
1652377260345 0.91888 0
1652377283034 0.9218 0
1652377305955 0.92612 0
1652377328690 0.91588 0
1652377351228 0.9222 0
1652377373320 0.9208 0
1652377395915 0.9212 0
1652377418188 0.92488 0
1652377440436 0.92484 0
1652377462498 0.92476 0
1652377484632 0.92408 0
1652377506773 0.92284 0
1652377529134 0.9246 0
1652377551948 0.91976 0
1652377574819 0.92492 0
1652377597608 0.92688 0
1652377620032 0.92536 0
1652377642812 0.9286 0
1652377665831 0.92704 0
1652377688607 0.92444 0
1652377711347 0.92656 0
1652377733683 0.9282 0
1652377756081 0.92756 0
1652377778869 0.93296 0
1652377801313 0.92424 0
1652377824053 0.93152 0
