1651773616738 0.6385795475006103 0
1651773620146 0.3673327866077423 0
1651773623520 0.2783997289121151 0
1651773626848 0.19709796302318572 0
1651773630201 0.20100293844342232 0
1651773633471 0.13260296502113342 0
1651773636790 0.134019684278965 0
1651773640054 0.2072410612910986 0
1651773643373 0.11545192528069019 0
1651773646672 0.12017297275066376 0
1651773650134 0.07621709971427917 0
1651773653577 0.07927310433387756 0
1651773656841 0.05149488517045975 0
1651773660222 0.16064745605960487 0
1651773663574 0.07172629890441895 0
1651773666946 0.2522540566921234 0
1651773670143 0.14956144742518662 0
1651773673490 0.06953481533750892 0
1651773676762 0.04132587008923292 0
1651773680127 0.06165973391756415 0
1651773683511 0.049724448952078816 0
1651773687054 0.11534617663621903 0
1651773690406 0.04922886580210179 0
1651773693624 0.04080698553994298 0
1651773697035 0.05693520253263414 0
1651773700327 0.05023693115264177 0
1651773703596 0.05471906444765627 0
1651773706926 0.04862678442914039 0
1651773710348 0.06975862475633621 0
1651773713622 0.06015728348791599 0
1651773717023 0.058617618277668954 0
1651773720337 0.10012755145011469 0
1651773723729 0.05768239744454622 0
1651773727035 0.036226270801201464 0
1651773730361 0.02335426049605012 0
1651773733710 0.02277597250416875 0
1651773737035 0.026987074863538147 0
1651773740453 0.04253996438812464 0
1651773743789 0.033846520766615866 0
1651773747171 0.10680159321799874 0
1651773750578 0.062192791048251095 0
1651773753988 0.06385569874811918 0
1651773757291 0.04257268620505929 0
1651773760669 0.08717783819027244 0
1651773763915 0.08096694684028626 0
1651773767203 0.03963990007862449 0
1651773770587 0.05600645358785987 0
1651773773775 0.044906781106442216 0
1651773777012 0.052280686859041456 0
1651773780377 0.03510249320510775 0
1651773787516 1.060424604320526 0
1651773794236 0.6704536920547486 0
1651773800871 0.525751285648346 0
1651773807554 0.42115330362319947 0
1651773814345 0.37854904356002805 0
1651773821120 0.32955728769302367 0
1651773827769 0.2586433876186609 0
1651773834582 0.2038039119720459 0
1651773841366 0.24629747396707535 0
1651773848382 0.18030282822549343 0
1651773855154 0.1559508954048157 0
1651773862129 0.1767034088551998 0
1651773869049 0.14006864286661147 0
1651773875896 0.14231709377765656 0
1651773882716 0.13050010588169098 0
1651773889726 0.1607791879750788 0
1651773896531 0.11987396662309766 0
1651773903382 0.15440844304561616 0
1651773910454 0.09787551985383033 0
1651773917191 0.07223900185972452 0
1651773924169 0.07828864457011223 0
1651773931107 0.09384139012098312 0
1651773938174 0.08631340818107128 0
1651773945156 0.12619191691726447 0
1651773952051 0.12628698387145995 0
1651773959048 0.08829444735050201 0
1651773966127 0.06441155396103859 0
1651773972883 0.1529868781864643 0
1651773979867 0.11237699875235557 0
1651773986971 0.0531297878629528 0
1651773993844 0.06555573222544044 0
1651774000905 0.06913721450418234 0
1651774007763 0.09085057747662068 0
1651774014682 0.06588896714746952 0
1651774021707 0.14041700340397656 0
1651774028649 0.06883321417272091 0
1651774035744 0.04537865105979145 0
1651774042873 0.040688183185458186 0
1651774049747 0.06953142413198948 0
1651774056703 0.05313625177443027 0
1651774063515 0.05562616685479879 0
1651774070646 0.09405649654865265 0
1651774077622 0.1029239095941186 0
1651774084662 0.07729009037613868 0
1651774091660 0.07594714185828343 0
1651774098519 0.06959697833359242 0
1651774105368 0.08301179223656655 0
1651774112422 0.065041357704252 0
1651774119230 0.046628753559850154 0
1651774126382 0.04746440500505269 0
1651774134350 1.0670184141159058 0
1651774141159 0.695929859828949 0
1651774148314 0.5672875205993653 0
1651774155413 0.49637197003364564 0
1651774162470 0.38747403485774995 0
1651774169588 0.33424252399802207 0
1651774176789 0.31981508598327635 0
1651774183896 0.38587210783958437 0
1651774191056 0.2167565095424652 0
1651774198057 0.25758604016304015 0
1651774205202 0.17878456947803498 0
1651774212325 0.1806381635427475 0
1651774219396 0.24121672816276551 0
1651774226513 0.14164338859319686 0
1651774233728 0.11983222605884075 0
1651774240653 0.12255176917910576 0
1651774247786 0.08412526965737342 0
1651774254922 0.19749394119381905 0
1651774261608 0.09790008650422097 0
1651774268748 0.0709041587561369 0
1651774275815 0.09673513339757919 0
1651774282824 0.17439277362823485 0
1651774289898 0.10942267450094223 0
1651774297019 0.07132375621572137 0
1651774304111 0.12817062652409078 0
1651774311199 0.0758254046201706 0
1651774318087 0.0980066404312849 0
1651774325035 0.04833299278393388 0
1651774332142 0.10537524240985513 0
1651774339375 0.05483871931098402 0
1651774346549 0.07989853717833757 0
1651774353529 0.05128511462621391 0
1651774360640 0.040588188699632884 0
1651774367835 0.09063422088474035 0
1651774374981 0.08320389163792133 0
1651774381976 0.13078573830649257 0
1651774389036 0.08299950236976146 0
1651774396127 0.09808558008670806 0
1651774403125 0.20521974608302115 0
1651774410170 0.11042498590946198 0
1651774417299 0.08716950043272227 0
1651774424471 0.05867609013915062 0
1651774431419 0.06585390362478792 0
1651774438471 0.056112589652836324 0
1651774445629 0.04320030861198902 0
1651774452768 0.022949565271288157 0
1651774459765 0.06350072159087286 0
1651774466665 0.0336476291869767 0
1651774473783 0.06978801407031715 0
1651774480823 0.05523351094424724 0
1651774489058 0.7202368076324462 0
1651774496028 0.33902208819389346 0
1651774503067 0.23360181005001068 0
1651774510116 0.2079296441912651 0
1651774517297 0.14217436945438386 0
1651774524326 0.15303327707648276 0
1651774531486 0.09255860543251038 0
1651774538713 0.12327710885554552 0
1651774545879 0.1386393818438053 0
1651774553069 0.11442826504707336 0
1651774560204 0.10543314099311829 0
1651774567195 0.1131770353257656 0
1651774574359 0.080676350659132 0
1651774581455 0.0649991219997406 0
1651774588670 0.07377206100076437 0
1651774595826 0.06169083035476506 0
1651774602911 0.06081613269308582 0
1651774610045 0.09694665749371052 0
1651774617162 0.07866178526878356 0
1651774624244 0.04848952149823308 0
1651774631356 0.038000329250097276 0
1651774638476 0.05091286922320724 0
1651774645632 0.04322267196271568 0
1651774652708 0.042965491200238466 0
1651774659859 0.07863877050280571 0
1651774666674 0.17936212408542634 0
1651774673838 0.04983727720174939 0
1651774680866 0.03623703736383468 0
1651774687938 0.03083581778332591 0
1651774694865 0.0739859112141654 0
1651774702069 0.055860833517462016 0
1651774709246 0.0485733086720109 0
1651774716445 0.051334015645086765 0
1651774723603 0.034561729006841777 0
1651774730512 0.03823015251918696 0
1651774737760 0.06764779581725597 0
1651774744826 0.05655617985762656 0
1651774751953 0.03921725223660469 0
1651774758972 0.033925037561450155 0
1651774766145 0.029723391883820297 0
1651774773145 0.06331393074020743 0
1651774780302 0.0650379632204771 0
1651774787492 0.09840519283637404 0
1651774794490 0.05392928738221526 0
1651774801618 0.03159659543558955 0
1651774808747 0.03449261070485227 0
1651774815617 0.037111101036891345 0
1651774822725 0.04612325600115583 0
1651774829710 0.02963447223417461 0
1651774836873 0.03508467139825225 0
