1644518338006 0.6636 0
1644518346753 0.8652 0
1644518355253 0.918 0
1644518363952 0.944 0
1644518372754 0.968 0
1644518381451 0.9784 0
1644518390147 0.9868 0
1644518398867 0.9892 0
1644518407607 0.9908 0
1644518416315 0.9928 0
1644518425109 0.9924 0
1644518433769 0.9948 0
1644518442378 0.9988 0
1644518451170 0.9944 0
1644518459584 0.9992 0
1644518467818 0.9932 0
1644518476403 0.9968 0
1644518485195 0.992 0
1644518493908 0.994 0
1644518502541 0.996 0
1644518512212 0.5776 0
1644518518139 0.7844 0
1644518524365 0.8584 0
1644518530581 0.898 0
1644518536639 0.9204 0
1644518542575 0.9632 0
1644518548587 0.9632 0
1644518554726 0.9684 0
1644518560683 0.9832 0
1644518566814 0.9888 0
1644518572915 0.9904 0
1644518578882 0.9864 0
1644518584991 0.9956 0
1644518591049 0.9928 0
1644518596998 0.988 0
1644518603123 0.9916 0
1644518609206 0.992 0
1644518615256 0.9924 0
1644518621241 0.9976 0
1644518627311 0.9868 0
1644518640914 0.684 0
1644518647150 0.8748 0
1644518653300 0.9228 0
1644518659325 0.9496 0
1644518665324 0.9716 0
1644518671306 0.9844 0
1644518677301 0.986 0
1644518683373 0.9872 0
1644518689428 0.988 0
1644518695485 0.9932 0
1644518701619 0.996 0
1644518707780 0.9956 0
1644518713802 0.998 0
1644518719939 0.9992 0
1644518725853 0.9984 0
1644518731919 0.9996 0
1644518737876 0.9948 0
1644518743683 0.998 0
1644518749576 0.9892 0
1644518755792 0.9916 0
1644518772688 0.4776 0
1644518778741 0.6992 0
1644518784926 0.8004 0
1644518791004 0.8684 0
1644518796797 0.9088 0
1644518802919 0.9372 0
1644518808912 0.9616 0
1644518815099 0.9768 0
1644518821197 0.9836 0
1644518827356 0.9836 0
1644518833301 0.9836 0
1644518839254 0.984 0
1644518845394 0.9832 0
1644518851440 0.992 0
1644518857454 0.9868 0
1644518863471 0.9852 0
1644518869502 0.9864 0
1644518875626 0.9992 0
1644518881702 0.9852 0
1644518887816 0.994 0
1644518909069 0.4792 0
1644518915153 0.7124 0
1644518921265 0.81 0
1644518927336 0.8792 0
1644518933376 0.906 0
1644518939426 0.9428 0
1644518945438 0.9636 0
1644518951586 0.9628 0
1644518957469 0.9776 0
1644518963447 0.9816 0
1644518969645 0.9916 0
1644518975692 0.9884 0
1644518981583 0.9868 0
1644518987696 0.9872 0
1644518993862 0.9952 0
1644518999879 0.9952 0
1644519005987 0.992 0
1644519012064 0.9896 0
1644519018139 0.9892 0
1644519024179 0.9932 0
1644519048450 0.6116 0
1644519054446 0.8216 0
1644519060497 0.8916 0
1644519066553 0.9312 0
1644519072546 0.9464 0
1644519078541 0.9644 0
1644519084671 0.976 0
1644519090817 0.978 0
1644519096753 0.9904 0
1644519102783 0.9872 0
1644519108742 0.9968 0
1644519114715 0.994 0
1644519120609 0.9964 0
1644519126745 0.9892 0
1644519132817 0.994 0
1644519139116 0.9964 0
1644519145138 0.9884 0
1644519151162 0.9864 0
1644519157227 0.9904 0
1644519163245 0.9936 0
1644519191557 0.478 0
1644519197593 0.6788 0
1644519203569 0.7644 0
1644519209672 0.8284 0
1644519215675 0.8984 0
1644519221786 0.9216 0
1644519227971 0.9432 0
1644519233943 0.9588 0
1644519240079 0.9756 0
1644519246163 0.9868 0
1644519252403 0.9764 0
1644519258608 0.99 0
1644519264778 0.9888 0
1644519271013 0.9908 0
1644519277022 0.9872 0
1644519283255 0.9876 0
1644519289249 0.9872 0
1644519295332 0.9924 0
1644519301388 0.9936 0
1644519307409 0.9908 0
1644519339070 0.4644 0
1644519345126 0.6612 0
1644519351327 0.7716 0
1644519357311 0.83 0
1644519363322 0.8832 0
1644519369482 0.9148 0
1644519375635 0.9532 0
1644519381786 0.9692 0
1644519387839 0.9768 0
1644519394049 0.9788 0
1644519399951 0.9852 0
1644519406169 0.9884 0
1644519412356 0.9872 0
1644519418538 0.9864 0
1644519424634 0.9884 0
1644519430791 0.9872 0
1644519436929 0.9932 0
1644519442972 0.9892 0
1644519449072 0.9924 0
1644519455270 0.988 0
1644519491136 0.6188 0
1644519497260 0.8308 0
1644519503558 0.8936 0
1644519509628 0.9368 0
1644519515707 0.9604 0
1644519521743 0.968 0
1644519527589 0.9764 0
1644519533679 0.9764 0
1644519539842 0.9892 0
1644519545955 0.9936 0
1644519551872 0.99 0
1644519558052 0.9988 0
1644519564119 0.9932 0
1644519570112 0.9976 0
1644519576112 0.9972 0
1644519582295 0.99 0
1644519588379 0.9916 0
1644519594648 0.9936 0
1644519600739 0.9944 0
1644519606928 0.9896 0
1644519646426 0.7004 0
1644519652527 0.8772 0
1644519658673 0.9164 0
1644519664784 0.9528 0
1644519671084 0.9668 0
1644519677209 0.9816 0
1644519683383 0.9856 0
1644519689398 0.9908 0
1644519695519 0.9952 0
1644519701594 0.9936 0
1644519707756 0.9948 0
1644519713920 0.9908 0
1644519720107 0.9976 0
1644519726079 0.9916 0
1644519732152 0.9908 0
1644519738216 0.9932 0
1644519744267 0.9944 0
1644519750352 0.994 0
1644519756475 0.9984 0
1644519762531 0.9944 0
1644519805816 0.4484 0
1644519812049 0.6436 0
1644519818134 0.7612 0
1644519824371 0.8364 0
1644519830320 0.8888 0
1644519836363 0.9172 0
1644519842444 0.95 0
1644519848698 0.962 0
1644519854744 0.9716 0
1644519860855 0.9788 0
1644519867073 0.9764 0
1644519873112 0.9904 0
1644519879144 0.99 0
1644519885349 0.994 0
1644519891460 0.9808 0
1644519897564 0.9872 0
1644519903639 0.9896 0
1644519909745 0.9968 0
1644519916046 0.9896 0
1644519922144 0.9864 0
1644519968404 0.6616 0
1644519974615 0.8468 0
1644519980691 0.8924 0
1644519986893 0.94 0
1644519992957 0.9596 0
1644519999022 0.972 0
1644520005076 0.978 0
1644520011172 0.9868 0
1644520017370 0.9896 0
1644520023432 0.9932 0
1644520029543 0.9884 0
1644520035575 0.9908 0
1644520041679 0.9912 0
1644520047641 0.9972 0
1644520053791 0.9972 0
1644520059896 0.9988 0
1644520066121 0.9876 0
1644520072238 0.9944 0
1644520078411 0.9924 0
1644520084535 0.9964 0
1644520135227 0.606 0
1644520141347 0.7932 0
1644520147531 0.8564 0
1644520153775 0.8976 0
1644520159825 0.9292 0
1644520166039 0.9492 0
1644520172299 0.9684 0
1644520178417 0.9788 0
1644520184617 0.9884 0
1644520190820 0.988 0
1644520196934 0.9952 0
1644520203306 0.9888 0
1644520209389 0.9948 0
1644520215692 0.9912 0
1644520221978 0.992 0
1644520227995 0.9932 0
1644520234103 0.9924 0
1644520240268 0.9944 0
1644520246384 0.9964 0
1644520252594 0.9884 0
1644520307960 0.5856 0
1644520314003 0.7436 0
1644520320273 0.8244 0
1644520326387 0.878 0
1644520332708 0.9084 0
1644520338929 0.94 0
1644520345199 0.9576 0
1644520351397 0.9676 0
1644520357549 0.9804 0
1644520363491 0.9836 0
1644520369726 0.9792 0
1644520376008 0.988 0
1644520382013 0.9852 0
1644520388376 0.9856 0
1644520394620 0.9872 0
1644520400786 0.9932 0
1644520407066 0.9956 0
1644520413363 0.9888 0
1644520419633 0.9876 0
1644520425899 0.9944 0
1644520484864 0.634 0
1644520491003 0.798 0
1644520497261 0.8708 0
1644520503348 0.91 0
1644520509581 0.9448 0
1644520515856 0.9532 0
1644520522206 0.9784 0
1644520528431 0.9836 0
1644520534725 0.988 0
1644520540945 0.9892 0
1644520547271 0.9884 0
1644520553446 0.9944 0
1644520559655 0.9916 0
1644520565683 0.992 0
1644520571651 0.9868 0
1644520577867 0.9972 0
1644520584354 0.9992 0
1644520590683 0.9984 0
1644520596660 0.9884 0
1644520603044 0.9864 0
1644520665198 0.5688 0
1644520671495 0.7784 0
1644520677801 0.8492 0
1644520683969 0.9012 0
1644520690186 0.9252 0
1644520696363 0.9544 0
1644520702594 0.9696 0
1644520708752 0.982 0
1644520714760 0.986 0
1644520720789 0.986 0
1644520726844 0.9916 0
1644520732948 0.9908 0
1644520739173 0.9912 0
1644520745322 0.9928 0
1644520751563 0.9924 0
1644520757674 0.9948 0
1644520763828 0.994 0
1644520769994 0.9852 0
1644520776272 0.99 0
1644520782555 0.9936 0
1644520849403 0.5636 0
1644520855438 0.7368 0
1644520861653 0.8224 0
1644520867926 0.8764 0
1644520874119 0.9128 0
1644520880310 0.9468 0
1644520886377 0.9584 0
1644520892595 0.9792 0
1644520898640 0.9816 0
1644520904670 0.984 0
1644520910857 0.9868 0
1644520916960 0.9888 0
1644520923090 0.9896 0
1644520929190 0.9896 0
1644520935352 0.9912 0
1644520941536 0.988 0
1644520947698 0.9924 0
1644520953853 0.99 0
1644520960075 0.9944 0
1644520966324 0.9936 0
1644521036648 0.6548 0
1644521042923 0.8412 0
1644521049166 0.884 0
1644521055373 0.93 0
1644521061513 0.9532 0
1644521067740 0.9688 0
1644521073926 0.9796 0
1644521080201 0.9804 0
1644521086417 0.9872 0
1644521092569 0.99 0
1644521098646 0.9964 0
1644521104687 0.9916 0
1644521110843 0.992 0
1644521116955 0.9916 0
1644521123036 0.9944 0
1644521129204 0.9932 0
1644521135414 0.9936 0
1644521141433 0.994 0
1644521147635 0.9904 0
1644521153772 0.9956 0
1644521229154 0.5396 0
1644521235381 0.7432 0
1644521241662 0.82 0
1644521248003 0.8752 0
1644521254111 0.9204 0
1644521260284 0.9536 0
1644521266611 0.9592 0
1644521272506 0.9768 0
1644521278741 0.9856 0
1644521284915 0.9848 0
1644521291060 0.9876 0
1644521297240 0.9892 0
1644521303527 0.9888 0
1644521309594 0.9924 0
1644521315879 0.9944 0
1644521322162 0.9924 0
1644521328460 0.9876 0
1644521334698 0.9952 0
1644521340887 0.9944 0
1644521347050 0.9872 0
1644521425630 0.488 0
1644521431943 0.7172 0
1644521438139 0.7964 0
1644521444336 0.8796 0
1644521450658 0.9048 0
1644521456899 0.936 0
1644521463008 0.9588 0
1644521469003 0.972 0
1644521475139 0.9816 0
1644521481562 0.9836 0
1644521487824 0.9856 0
1644521494177 0.9936 0
1644521500394 0.9936 0
1644521506523 0.9876 0
1644521512796 0.9896 0
1644521518838 0.9864 0
1644521525093 0.9884 0
1644521531444 0.9856 0
1644521537540 0.9948 0
1644521543724 0.9948 0
