1651840820487 0.5356 0
1651840824211 0.6928 0
1651840827899 0.7592 0
1651840831599 0.792 0
1651840835238 0.8312 0
1651840841197 0.4444 0
1651840846667 0.5784 0
1651840852087 0.6456 0
1651840857483 0.7104 0
1651840862982 0.7556 0
1651840869648 0.45 0
1651840875927 0.586 0
1651840882004 0.6424 0
1651840888132 0.6868 0
1651840894385 0.7544 0
1651840902589 0.6456 0
1651840909389 0.8 0
1651840916424 0.8396 0
1651840923745 0.8576 0
1651840930817 0.8928 0
1651840940455 0.4332 0
1651840948267 0.5768 0
1651840955955 0.634 0
1651840963872 0.6784 0
1651840971760 0.7068 0
