1651837810798 0.9907563907623291 0
1651837814154 0.6037762134552002 0
1651837817307 0.5117770152151585 0
1651837820499 0.43559096722602847 0
1651837823532 0.3684898955345154 0
1651837826667 0.3296195543527603 0
1651837829899 0.282622414290905 0
1651837833006 0.24342974634170533 0
1651837836333 0.23406527221798898 0
1651837839553 0.18585387082099913 0
1651837842671 0.1951902491748333 0
1651837845682 0.14448231139183043 0
1651837848730 0.14309638206958772 0
1651837851819 0.13825824118554592 0
1651837855029 0.09557402029186488 0
1651837858195 0.116277401471138 0
1651837861370 0.11349020853042603 0
1651837864449 0.12550379280894994 0
1651837867559 0.08369353662542998 0
1651837870727 0.10790978282988072 0
1651837873961 0.07605167339891196 0
1651837877003 0.06555312854349613 0
1651837880178 0.10440143439769745 0
1651837883395 0.06762834780942649 0
1651837886551 0.028752144696377217 0
1651837889763 0.01828106852918863 0
1651837892821 0.061084166584908964 0
1651837896012 0.0723573279440403 0
1651837899130 0.06387804199159146 0
1651837902261 0.04670525378584862 0
1651837907394 0.6718045839309692 0
1651837908046 0.0 0
1651837908723 0.0 0
1651837909383 0.0 0
1651837910053 0.0 0
1651837910716 0.0 0
1651837911442 0.0 0
1651837912066 0.0 0
1651837912681 0.0 0
1651837913297 0.0 0
1651837913932 0.0 0
1651837914603 0.0 0
1651837915244 0.0 0
1651837915928 0.0 0
1651837916569 0.0 0
1651837917195 0.0 0
1651837917825 0.0 0
1651837918442 0.0 0
1651837919049 0.0 0
1651837919664 0.0 0
1651837920339 0.0 0
1651837920990 0.0 0
1651837921652 0.0 0
1651837922275 0.0 0
1651837922885 0.0 0
1651837923518 0.0 0
1651837924130 0.0 0
1651837924746 0.0 0
1651837925345 0.0 0
1651837925999 0.0 0
1651837933547 0.7724637254238129 0
1651837934185 0.0 0
1651837934814 0.0 0
1651837935438 0.0 0
1651837936064 0.0 0
1651837936755 0.0 0
1651837937391 0.0 0
1651837938022 0.0 0
1651837938630 0.0 0
1651837939267 0.0 0
1651837939886 0.0 0
1651837940531 0.0 0
1651837941177 0.0 0
1651837941777 0.0 0
1651837942478 0.0 0
1651837943116 0.0 0
1651837943756 0.0 0
1651837944371 0.0 0
1651837945008 0.0 0
1651837945643 0.0 0
1651837946267 0.0 0
1651837946873 0.0 0
1651837947558 0.0 0
1651837948200 0.0 0
1651837948841 0.0 0
1651837949483 0.0 0
1651837950118 0.0 0
1651837950756 0.0 0
1651837951392 0.0 0
1651837951986 0.0 0
1651837959896 0.6862843507892388 0
1651837960528 0.0 0
1651837961152 0.0 0
1651837961774 0.0 0
1651837962418 0.0 0
1651837963023 0.0 0
1651837963638 0.0 0
1651837964321 0.0 0
1651837964961 0.0 0
1651837965604 0.0 0
1651837966237 0.0 0
1651837966847 0.0 0
1651837967442 0.0 0
1651837968075 0.0 0
1651837968690 0.0 0
1651837969340 0.0 0
1651837969995 0.0 0
1651837970632 0.0 0
1651837971275 0.0 0
1651837971937 0.0 0
1651837972590 0.0 0
1651837973242 0.0 0
1651837973863 0.0 0
1651837974489 0.0 0
1651837975134 0.0 0
1651837975767 0.0 0
1651837976424 0.0 0
1651837977045 0.0 0
1651837977673 0.0 0
1651837978296 0.0 0
1651837986324 0.8128709480921428 0
1651837986955 0.0 0
1651837987611 0.0 0
1651837988243 0.0 0
1651837988852 0.0 0
1651837989482 0.0 0
1651837990105 0.0 0
1651837990714 0.0 0
1651837991422 0.0 0
1651837992086 0.0 0
1651837992758 0.0 0
1651837993391 0.0 0
1651837994029 0.0 0
1651837994666 0.0 0
1651837995297 0.0 0
1651837995932 0.0 0
1651837996557 0.0 0
1651837997239 0.0 0
1651837997889 0.0 0
1651837998540 0.0 0
1651837999181 0.0 0
1651837999856 0.0 0
1651838000481 0.0 0
1651838001106 0.0 0
1651838001755 0.0 0
1651838002355 0.0 0
1651838003048 0.0 0
1651838003692 0.0 0
1651838004357 0.0 0
1651838004994 0.0 0
