1644611400224 0.7988833333333333 0
1644611415930 0.8795833333333334 0
1644611431689 0.8893166666666666 0
1644611447263 0.8947333333333334 0
1644611462811 0.8961166666666667 0
1644611478450 0.8977333333333334 0
1644611494075 0.8980166666666667 0
1644611509793 0.8984166666666666 0
1644611525421 0.9019 0
1644611541135 0.90075 0
1644611570874 0.7055142857142858 0
1644611597567 0.7903714285714286 0
1644611624301 0.8141428571428572 0
1644611650942 0.8239619047619048 0
1644611677697 0.8322095238095238 0
1644611704348 0.8385809523809524 0
1644611731188 0.8462952380952381 0
1644611757969 0.8479238095238095 0
1644611784616 0.849 0
1644611811361 0.8532 0
1644611866317 0.9497621002547422 0
1644611914366 0.9659571780458536 0
1644611962863 0.9701783195435694 0
1644612011365 0.9703888502915851 0
1644612059644 0.9698888397650477 0
1644612107457 0.971952041095602 0
1644612155897 0.9748047327312154 0
1644612204414 0.9732678582707004 0
1644612253115 0.9757468578285858 0
1644612301561 0.974131034337565 0
