1654164706043 0.7386770144909962 0
1654164718937 0.9740495967986419 0
1654164732071 0.9949069302128175 0
1654164744670 0.997635360455951 0
1654164757526 0.9993330503850119 0
1654164770447 0.9984235736373007 0
1654164783019 0.9998181046504577 0
1654164796085 0.9999393682168193 0
1654164809050 0.9995755775177348 0
1654164821802 0.9990905232522889 0
1654164879778 0.8610757382814869 0
1654164894851 0.9910254077981929 0
1654164910264 0.9967254866290705 0
1654164925951 0.9986659389970287 0
1654164941458 0.9986659389970287 0
1654164957059 0.999393608635013 0
1654164972843 0.9995755260445092 0
1654164988544 0.9992116912255169 0
1654165003592 1.0 0
1654165018835 0.9997574434540052 0
1654165094249 0.9131805505032133 0
1654165111139 0.9922396022796168 0
1654165128263 0.9972717351764278 0
1654165145178 0.9985449254274281 0
1654165162405 0.9993330908209046 0
1654165179295 0.9986055535346187 0
1654165196449 0.9988480659633806 0
1654165213983 0.9993330908209046 0
1654165231393 0.999878743785619 0
1654165249476 0.9984842973202377 0
1654165341714 0.8756822316555488 0
1654165360947 0.981322013341419 0
1654165380277 0.9924802910855064 0
1654165399642 0.9958762886597938 0
1654165418904 0.9961188599151001 0
1654165437902 0.9967859308671922 0
1654165457645 0.9983626440266828 0
1654165477157 0.997513644633111 0
1654165496501 0.998483929654336 0
1654165515840 0.9986658580958157 0
1654165627299 0.9091460456089278 0
1654165648292 0.99490538573508 0
1654165669518 0.9973920426977195 0
1654165690852 0.9981198447355653 0
1654165711948 0.9984230955846677 0
1654165733709 0.998847646773411 0
1654165754981 0.9992115477923338 0
1654165775909 0.9986656962639495 0
1654165796719 0.9995147986414362 0
1654165817841 0.9991508976225133 0
