1654647507673 0.6177614201107591 0
1654647522322 0.12413002047688898 0
1654647537234 0.08250195117598313 0
1654647552359 0.06425093122868818 0
1654647567309 0.05022725694194117 0
1654647581906 0.06834242750090913 0
1654647596387 0.059327902224007245 0
1654647611524 0.04959729188562586 0
1654647626115 0.05401906292389303 0
1654647640944 0.0529544116945662 0
1654647683367 0.26042856980115403 0
1654647721003 0.06478567490071299 0
1654647759207 0.059482307500236094 0
1654647796754 0.04626860669511064 0
1654647834204 0.03236626316096084 0
1654647871855 0.04927152655293459 0
1654647909631 0.03717065546862665 0
1654647947520 0.03687756219218605 0
1654647985569 0.0352517059663647 0
1654648023362 0.0329995241951803 0
1654648069570 0.1582653102460118 0
1654648106784 0.049043294784403016 0
1654648143981 0.04364371155506946 0
1654648181167 0.031245338311097045 0
1654648218242 0.03535821198620205 0
1654648255592 0.035511568441966256 0
1654648292759 0.03152230295620392 0
1654648330060 0.033043570389576 0
1654648367176 0.025240663089076586 0
1654648404511 0.028883625879449894 0
1654648454838 0.32298561693177646 0
1654648492688 0.10199349258002402 0
1654648530436 0.07996600077206832 0
1654648567536 0.06075299818965614 0
1654648605164 0.061755999164704374 0
1654648642199 0.062414357564064715 0
1654648679387 0.04106412053310406 0
1654648716431 0.04871781013240691 0
1654648753666 0.03544372399758351 0
1654648790634 0.06247060935833622 0
1654648845980 0.1415226220784547 0
1654648883926 0.03612258996654524 0
1654648921038 0.019680881741841235 0
1654648959046 0.04176205245634267 0
1654648997240 0.0082014573233449 0
1654649034770 0.04236739867809748 0
1654649072536 0.01912196005068942 0
1654649110435 0.016044867937745684 0
1654649148736 0.033855453993826494 0
1654649186240 0.007037971266475314 0
