1654234294074 0.6080598707869265 0
1654234307928 0.12760613176078128 0
1654234322097 0.06441605237976054 0
1654234336170 0.0616559152398953 0
1654234350426 0.036748509390816884 0
1654234364905 0.04619213058583454 0
1654234379273 0.030147103789769383 0
1654234393441 0.03289003819767615 0
1654234407363 0.040071690589479375 0
1654234421781 0.007617519850806684 0
1654234435886 0.03532384387521541 0
1654234450004 0.03104255029850831 0
1654234464035 0.013264521058465418 0
1654234477855 0.030094815658599165 0
1654234491735 0.018577972416959278 0
1654234505637 0.009353835317940918 0
1654234519733 0.03488822200385875 0
1654234533653 0.02186075606479583 0
1654234547616 0.016475718701378296 0
1654234561420 0.013865219477055265 0
1654234575552 0.014730812601391955 0
1654234589579 0.008830454680273847 0
1654234603550 0.012660550699222404 0
1654234617315 0.022301919018239427 0
1654234631246 0.01469407128708535 0
1654234645188 0.007242944838428248 0
1654234659000 0.0093617040170373 0
1654234672760 0.010470711291748173 0
1654234686782 0.012268212854071316 0
1654234700876 0.017758060148663882 0
1654234731184 0.21317762897180853 0
1654234746054 0.03887339336960408 0
1654234761001 0.030823139068233377 0
1654234775593 0.024267122708105923 0
1654234790713 0.02878444121549945 0
1654234805517 0.018976662634131836 0
1654234820329 0.016936637527015037 0
1654234835367 0.01797261485001956 0
1654234850271 0.01605086775287225 0
1654234865276 0.020085030846755083 0
1654234880381 0.017447782804054426 0
1654234895496 0.013280246896516574 0
1654234910615 0.011045091101961975 0
1654234925499 0.024023167111109953 0
1654234940171 0.0054767502654910795 0
1654234954959 0.016153600838969353 0
1654234970098 0.012307373892011697 0
1654234984957 0.019370696269065804 0
1654235000296 0.014896717928314785 0
1654235015473 0.011339944036817508 0
1654235030540 0.012986270164007304 0
1654235045495 0.01345661307765018 0
1654235060390 0.010351634765471612 0
1654235075476 0.009230722915885205 0
1654235090417 0.017252155860745574 0
1654235105506 0.009694693400289838 0
1654235120310 0.014430201179309743 0
1654235135360 0.013816173499940161 0
1654235150226 0.011024910993255354 0
1654235165264 0.005712658836065822 0
1654235211052 0.12196002332814335 0
1654235226442 0.025276448562099152 0
1654235241356 0.023250898070644396 0
1654235256566 0.011465130948100689 0
1654235271673 0.019993328357318773 0
1654235286556 0.0108323447617058 0
1654235301917 0.019595184808867835 0
1654235316763 0.013549721301406532 0
1654235331755 0.00915757893203065 0
1654235346631 0.009909151052225314 0
1654235361609 0.013170072140469604 0
1654235376939 0.011678387982458812 0
1654235392193 0.018437703785922535 0
1654235407489 0.01547892887660036 0
1654235422639 0.006905479207149627 0
1654235437546 0.01407876632666775 0
1654235452910 0.006095088669123238 0
1654235468378 0.015209107388679642 0
1654235483365 0.008997267200593751 0
1654235498661 0.01176737387640658 0
1654235513784 0.008855289724706662 0
1654235528992 0.006665521093297426 0
1654235544323 0.004795505800795402 0
1654235562829 0.011564767446675905 0
1654235577619 0.014980970066833407 0
1654235592555 0.01000838689551904 0
1654235607804 0.008242787748569708 0
1654235622835 0.009776374563298785 0
1654235638179 0.020268001138017345 0
1654235653453 0.009252250443395432 0
1654235716231 0.21370103609165478 0
1654235731345 0.05020509477881033 0
1654235746466 0.030122761541395943 0
1654235761525 0.02493115731407728 0
1654235776804 0.02012670170637592 0
1654235792032 0.01990594291576738 0
1654235807545 0.02147960502091911 0
1654235822830 0.013598690120190556 0
1654235838086 0.021147641013315906 0
1654235853715 0.0158465842270483 0
1654235868818 0.01560187703966368 0
1654235884181 0.017659340753218646 0
1654235899316 0.01386235760944403 0
1654235914545 0.018503296261214126 0
1654235929381 0.014332448232481426 0
1654235944325 0.012055369782238756 0
1654235959425 0.01319874363029775 0
1654235974661 0.01307983311039888 0
1654235989611 0.01635364923940852 0
1654236004768 0.01258974264348118 0
1654236019811 0.009808069702129031 0
1654236034773 0.012885318217951601 0
1654236050014 0.017984944684534595 0
1654236064925 0.008359859881717526 0
1654236080313 0.006393672074160589 0
1654236095586 0.015522265760354138 0
1654236110685 0.02090892002913858 0
1654236126247 0.011747151543224043 0
1654236140954 0.009745891884472845 0
1654236155898 0.00923528944715658 0
1654236233303 0.0904838612325896 0
1654236248615 0.01828951488776098 0
1654236264076 0.018334150211305824 0
1654236279678 0.009874578773825188 0
1654236294891 0.010989023488063396 0
1654236310055 0.021217786049142522 0
1654236325245 0.009594830232524115 0
1654236340828 0.013337057072912042 0
1654236356090 0.011443021721623146 0
1654236371319 0.016475900525702476 0
1654236386550 0.008230706755774652 0
1654236401782 0.010635179091379609 0
1654236417235 0.007525273511398955 0
1654236432489 0.019687091032366596 0
1654236447542 0.009859346252583659 0
1654236462686 0.010222889978251295 0
1654236477847 0.008929266517734366 0
1654236493138 0.01571770009925452 0
1654236508415 0.016742542990999445 0
1654236523540 0.006448650805384915 0
1654236538780 0.0048765293035804855 0
1654236554047 0.0032583850236558728 0
1654236568771 0.016232850363592403 0
1654236584154 0.007266918681423892 0
1654236599464 0.006492259899790586 0
1654236614416 0.015520262029144046 0
1654236629704 0.0042536213599424656 0
1654236645070 0.00995880271521718 0
1654236660395 0.012545516890917128 0
1654236675559 0.007010781984987144 0
