1645817259734 2.437311974143982 0
1645817268350 2.046866458129883 0
1645817277053 1.876383313369751 0
1645817285744 1.7378640771865845 0
1645817294500 1.5944127584457397 0
1645817303251 1.4575512699127198 0
1645817311902 1.3397390867233276 0
1645817320699 1.2220342861175537 0
1645817329481 1.1191754223823547 0
1645817338180 0.9859331005096436 0
1645817346944 0.8923699944019318 0
1645817355550 0.7411657021522522 0
1645817364322 0.6596096074342728 0
1645817372969 0.5673381846904755 0
1645817381692 0.42583643778562547 0
1645817390388 0.4077425598859787 0
1645817399179 0.3176529080986977 0
1645817407950 0.2641806415438652 0
1645817416741 0.2365994344457984 0
1645817425548 0.20899437930732964 0
1645817434543 1.9764955923080445 0
1645817444030 1.4397684030532838 0
1645817453188 1.1810787899017334 0
1645817462337 0.9934878672122955 0
1645817471499 0.7996170057296753 0
1645817480875 0.689169392490387 0
1645817490441 0.5409278823137283 0
1645817499989 0.4435656556725502 0
1645817509403 0.35194148516654966 0
1645817519046 0.2911165344953537 0
1645817528640 0.2569151686370373 0
1645817538398 0.23707069661617278 0
1645817548198 0.1725573028281331 0
1645817557940 0.13870177716612817 0
1645817567695 0.09941109080016614 0
1645817577080 0.05124391256105155 0
1645817586624 0.03613539232267067 0
1645817596448 0.04490057702902704 0
1645817605750 0.0209253591932822 0
1645817615144 0.050014002904854714 0
1645817625625 1.939876160812378 0
1645817635220 1.4335393840789794 0
1645817644852 1.1344886555671692 0
1645817654691 0.8901052614688874 0
1645817663748 0.6858425158977508 0
1645817673452 0.5295457882404327 0
1645817683254 0.39684303052425385 0
1645817692617 0.33598929970264435 0
1645817702020 0.24009559879004955 0
1645817711637 0.17713710710704328 0
1645817721444 0.15442385528981686 0
1645817730942 0.11807659268826247 0
1645817740486 0.08357446014918386 0
1645817750141 0.08290965702980757 0
1645817759586 0.06095405281856656 0
1645817769419 0.060556815905310216 0
1645817779273 0.03914697399009019 0
1645817788579 0.03516960410182364 0
1645817798251 0.023722296893876046 0
1645817807849 0.011696046724682673 0
1645817818301 1.8874096281051636 0
1645817827816 1.3250448387145997 0
1645817837815 1.0177308372497558 0
1645817847355 0.7716461657524109 0
1645817856715 0.5765028897762299 0
1645817866602 0.44099996662139895 0
1645817876074 0.3750625857412815 0
1645817885781 0.297955172342062 0
1645817895732 0.21923297345042228 0
1645817905484 0.17808684913516046 0
1645817914858 0.1641278740979731 0
1645817924657 0.1209571750190109 0
1645817933852 0.09391955845057964 0
1645817943612 0.05560301515609026 0
1645817953362 0.04527777795549482 0
1645817962647 0.027985819504596294 0
1645817971595 0.020876210097316654 0
1645817980811 0.01015295556532219 0
1645817990665 0.0043211392608471216 0
1645817999891 0.002081099839298986 0
1645818010987 1.6786640172958374 0
1645818020677 1.189066727256775 0
1645818030257 0.9039200750350952 0
1645818039792 0.7099518639564514 0
1645818049510 0.5377870403170586 0
1645818059012 0.4382476517856121 0
1645818069200 0.3282934639394283 0
1645818078906 0.2394587540268898 0
1645818088032 0.16428311116397382 0
1645818097761 0.14284204064458608 0
1645818107138 0.0945788653858006 0
1645818116828 0.07720745801329612 0
1645818126358 0.0485195569800213 0
1645818136328 0.04006901670182124 0
1645818146017 0.024032055393140763 0
1645818155424 0.02568222198858857 0
1645818165202 0.008575063377339393 0
1645818175000 0.009134226028295235 0
1645818184856 0.0021796353727113454 0
1645818194199 0.0011386331136105583 0
1645818205656 1.7173804500579835 0
1645818215574 1.2343933196067811 0
1645818225409 0.9592185650825501 0
1645818234876 0.7687153269290924 0
1645818244610 0.5655524413585663 0
1645818254620 0.4364874237298966 0
1645818264576 0.33084231791496277 0
1645818274316 0.2379562218129635 0
1645818283466 0.20146354800462724 0
1645818293178 0.14397329147011043 0
1645818302952 0.1161650674842298 0
1645818312689 0.0990357899017632 0
1645818322240 0.07286641259556637 0
1645818332083 0.06318990075606853 0
1645818341299 0.04427120721675456 0
1645818350940 0.03209339969465509 0
1645818360263 0.016065333492518402 0
1645818370103 0.010789518148824572 0
1645818379515 0.007049016862362623 0
1645818389396 0.002443343469733372 0
1645818401202 1.6961233861923217 0
1645818410350 1.2543666061401366 0
1645818420023 0.9564857032775879 0
1645818429653 0.7515068417072296 0
1645818439617 0.5277172471523285 0
1645818449241 0.4052687045931816 0
1645818458390 0.3069370038211346 0
1645818468373 0.22573741282224655 0
1645818478080 0.17945674520730973 0
1645818487695 0.1390686465382576 0
1645818497430 0.08239792486205696 0
1645818506903 0.06438961075395346 0
1645818516363 0.04748872503973544 0
1645818526242 0.02741912916265428 0
1645818536116 0.021258405510894956 0
1645818545895 0.010883364764414727 0
1645818555502 0.011514106798265129 0
1645818565480 0.006172658321820199 0
1645818575480 0.004267208646750078 0
1645818585501 0.002036401469982229 0
1645818597777 1.6836855226516723 0
1645818607820 1.1433129172325134 0
1645818617298 0.9052934333801269 0
1645818627307 0.7190119689941407 0
1645818637308 0.5322953755378723 0
1645818647074 0.38594082949757574 0
1645818656394 0.30434944878816605 0
1645818666446 0.2402759123980999 0
1645818675740 0.13980324325561524 0
1645818685573 0.1288094007216394 0
1645818694708 0.08903343743234873 0
1645818704444 0.0445125774808228 0
1645818714313 0.04181731478702277 0
1645818723744 0.023386546609736977 0
1645818733498 0.008535259954351932 0
1645818743057 0.005243737082416192 0
1645818752702 0.004084826426580548 0
1645818762389 0.0022634071740787478 0
1645818772353 0.0014096610438078642 0
1645818781914 0.0009539491376373917 0
1645818794091 1.9018144945144653 0
1645818803807 1.4426951135635375 0
1645818813869 1.1456102115631104 0
1645818823495 0.9533189528942109 0
1645818833590 0.7289418735027313 0
1645818843643 0.5714618222475052 0
1645818853347 0.43244065415859223 0
1645818863124 0.35769620651602746 0
1645818872268 0.27416414086818697 0
1645818881936 0.20848653395175934 0
1645818891326 0.1643781237617135 0
1645818901096 0.12471576791629195 0
1645818910740 0.11084911962673068 0
1645818919784 0.08198571811579168 0
1645818929857 0.05417362586762756 0
1645818939566 0.03389509360026568 0
1645818949589 0.02990547604979947 0
1645818959503 0.0184642867163755 0
1645818969317 0.012517183291213587 0
1645818978816 0.004457369679538533 0
1645818991731 1.7921436202049255 0
1645819001626 1.19563067817688 0
1645819010179 0.9013260642051697 0
1645819019738 0.6697700889587402 0
1645819029818 0.49676294190883635 0
1645819039770 0.3660553581357002 0
1645819049030 0.270873175996542 0
1645819058893 0.18716156631857156 0
1645819068391 0.14734518322050572 0
1645819078000 0.08981541372910141 0
1645819087063 0.05750626055411995 0
1645819096767 0.049036220665834844 0
1645819106341 0.04156570872412994 0
1645819115977 0.026429841816518456 0
1645819125595 0.008661099016061052 0
1645819135463 0.00369528947933577 0
1645819145256 0.0019940722895786167 0
1645819155118 0.0011587901384569705 0
1645819164728 0.0011086414930410683 0
1645819174443 0.0007662158532533795 0
1645819187631 1.6738744787216187 0
1645819197664 1.1435780073165893 0
1645819206898 0.867366574048996 0
1645819216556 0.6535956236362457 0
1645819226495 0.48614431211948395 0
1645819236424 0.3498637223780155 0
1645819246476 0.283696089977026 0
1645819256156 0.19494165446311235 0
1645819266174 0.15118564945310353 0
1645819276103 0.08583252390995622 0
1645819286064 0.059674566625803706 0
1645819295516 0.04653594780936837 0
1645819305533 0.02345481102876365 0
1645819315747 0.009172879841551185 0
1645819325695 0.005325105781434104 0
1645819335264 0.005473436217429116 0
1645819344164 0.002199713440798223 0
1645819354128 0.001402336791716516 0
1645819362710 0.002974171652086079 0
1645819372497 0.001155976689234376 0
1645819386010 1.657758800125122 0
1645819395745 1.1290933277130126 0
1645819405984 0.8211214052200317 0
1645819415774 0.6123639996767044 0
1645819425519 0.4872039726257324 0
1645819435164 0.3522796343624592 0
1645819445067 0.25061621508896353 0
1645819454671 0.18380223610699176 0
1645819464379 0.1162134778700769 0
1645819474107 0.08119189748615026 0
1645819483905 0.05869183150045574 0
1645819493847 0.03076880154265091 0
1645819503807 0.020090346595831216 0
1645819514128 0.016801972031965852 0
1645819523593 0.007238978723343462 0
1645819533383 0.004872147973999381 0
1645819543284 0.0030507351115811616 0
1645819553374 0.0011740889335051178 0
1645819562810 0.0008902404520194977 0
1645819572622 0.0007751758489524946 0
1645819585402 1.6501049780845642 0
1645819595279 1.1023219779014588 0
1645819605296 0.8052863080978394 0
1645819615396 0.6366689253807067 0
1645819625207 0.4659973606467247 0
1645819634915 0.33758612047433856 0
1645819644808 0.24290398976802827 0
1645819654629 0.17756550350040198 0
1645819664367 0.0906549814209342 0
1645819674306 0.05475088996514678 0
1645819683764 0.05261804125420749 0
1645819693450 0.03641884899968281 0
1645819702923 0.029314474375452846 0
1645819712517 0.015371888481732458 0
1645819721471 0.009051688236929476 0
1645819731098 0.0043387720756232736 0
1645819740561 0.002865851461421698 0
1645819750161 0.001522290904307738 0
1645819760109 0.0009085627655033023 0
1645819770208 0.000803139098873362 0
1645819784845 1.611325244140625 0
1645819794789 1.1458137577056884 0
1645819804653 0.8585327344894409 0
1645819814553 0.6518636721611023 0
1645819824247 0.5022318355083466 0
1645819833620 0.36105921732187274 0
1645819843582 0.2815509863317013 0
1645819853513 0.20632738215327262 0
1645819863185 0.16234196143299343 0
1645819873137 0.11857031539157033 0
1645819882963 0.07536418835371733 0
1645819893072 0.06064268725588918 0
1645819903058 0.062047805626690385 0
1645819912650 0.022190946067962795 0
1645819922614 0.012272929875319824 0
1645819932757 0.005377601372334175 0
1645819942898 0.0029479171929415317 0
1645819952979 0.0013448431449942292 0
1645819963061 0.0011833941040560604 0
1645819972462 0.0010368651343509556 0
1645819987173 1.6779411455154418 0
1645819997386 1.1850676723480225 0
1645820007532 0.9444997019767761 0
1645820017620 0.7306873908758164 0
1645820027772 0.5509718448162079 0
1645820037603 0.3999841573894024 0
1645820047496 0.27492230163812637 0
1645820056875 0.18914093283116817 0
1645820066896 0.1571043965548277 0
1645820076855 0.12569662881493568 0
1645820086516 0.08110484725311398 0
1645820096991 0.05100931715704501 0
1645820106558 0.036264822542481125 0
1645820116159 0.03135325224287808 0
1645820126017 0.012381184729374946 0
1645820135440 0.007231159853469581 0
1645820145403 0.0034936750046443196 0
1645820155342 0.0014339393783826381 0
1645820165252 0.0011479240335524083 0
1645820175438 0.0007976062736939638 0
1645820191133 1.503034844017029 0
1645820200883 0.9513378098011017 0
1645820210901 0.6714874781608582 0
1645820220848 0.4792723165273666 0
1645820230854 0.37394485703110697 0
1645820240737 0.23612156489789485 0
1645820250599 0.15464186069760472 0
1645820260609 0.1143271218419075 0
1645820270602 0.08124005214944482 0
1645820280547 0.0567125312499702 0
1645820290332 0.031258390092290936 0
1645820300080 0.023586129601672293 0
1645820309963 0.01448359770141542 0
1645820319909 0.005155771636869758 0
1645820329611 0.0037080126812681557 0
1645820339916 0.004094874585978687 0
1645820350076 0.004021655351296068 0
1645820360621 0.001411433253902942 0
1645820370608 0.0009886105155106635 0
1645820380637 0.0008242875704541802 0
1645820396818 1.827728454017639 0
1645820406774 1.299991028022766 0
1645820416824 1.0258195826530456 0
1645820426722 0.7880318512916565 0
1645820436496 0.595927250289917 0
1645820446663 0.48184725399017336 0
1645820456218 0.3613818098783493 0
1645820465735 0.24229371784627438 0
1645820475896 0.181555445972085 0
1645820485973 0.14036190205439925 0
1645820496232 0.09446658802106976 0
1645820506190 0.05417586337439716 0
1645820516211 0.036929094866663216 0
1645820526357 0.025190399557352066 0
1645820536294 0.013670193421468139 0
1645820546323 0.004987776095140725 0
1645820556427 0.004985248441528529 0
1645820566304 0.004662039746157825 0
1645820576293 0.0018797805088572204 0
1645820586151 0.001124227651162073 0
1645820602074 1.553680145072937 0
1645820612185 0.9960031219482421 0
1645820621900 0.7357082992076874 0
1645820632047 0.5268653190851211 0
1645820642032 0.37918274572491645 0
1645820652034 0.2660584446206689 0
1645820661629 0.19659308485984803 0
1645820671601 0.10718815375119448 0
1645820681550 0.09257029979117215 0
1645820691321 0.05518546797335148 0
1645820701443 0.03465399714373052 0
1645820711475 0.01869105239585042 0
1645820721688 0.012773750803153962 0
1645820731767 0.010614324506977572 0
1645820741674 0.005791268906276673 0
1645820751606 0.0040234545731451365 0
1645820761365 0.0021775430948473514 0
1645820771494 0.0013242553612217308 0
1645820781440 0.001110479508060962 0
1645820791207 0.002276240453962237 0
1645820807546 1.7149040773391724 0
1645820817545 1.1586599369049073 0
1645820827835 0.8872634767532349 0
1645820837884 0.6443736090183259 0
1645820848221 0.48547797358036043 0
1645820858374 0.3076292277097702 0
1645820868493 0.2329469575971365 0
1645820878075 0.16581354464888573 0
1645820888007 0.09892343800142407 0
1645820898300 0.07696814452782273 0
1645820908400 0.0445635651152581 0
1645820918232 0.02674690052643418 0
1645820928528 0.013265424840711058 0
1645820938483 0.012464544912986457 0
1645820948456 0.006299929642677307 0
1645820958599 0.003125563739007339 0
1645820968444 0.0021798446036875247 0
1645820978441 0.0016599872558377682 0
1645820988198 0.0013219156170729547 0
1645820998296 0.000853875271556899 0
1645821015767 1.4799926133155823 0
1645821025876 0.952055985546112 0
1645821035947 0.6719369609832764 0
1645821045964 0.5178472293138504 0
1645821055765 0.3523407947301865 0
1645821065773 0.2732142173320055 0
1645821075991 0.17261047535836696 0
1645821086140 0.10046888391971588 0
1645821096215 0.06494759281352162 0
1645821106191 0.04887192655913532 0
1645821116252 0.02776877687200904 0
1645821126027 0.017663022413663566 0
1645821136220 0.014029532764758915 0
1645821146493 0.00447463416531682 0
1645821156492 0.003263726773392409 0
1645821166198 0.0017186094379983842 0
1645821176564 0.0011514541779644788 0
1645821186651 0.0013192691098898649 0
1645821196889 0.0009423641754779965 0
1645821206767 0.000850928917946294 0
