1645736557677 1.5181710332870484 0
1645736560408 1.2191397111892701 0
1645736563105 0.9712834405899048 0
1645736565792 0.7601542037010193 0
1645736568456 0.6075199576854706 0
1645736571126 0.449741639983654 0
1645736573837 0.32572266268730166 0
1645736576540 0.24164599027633668 0
1645736579240 0.15887829276323318 0
1645736581916 0.10901976585388183 0
1645736584582 0.09079873986244201 0
1645736587278 0.07276166704297066 0
1645736589836 0.04957312344312668 0
1645736592485 0.03985571913719177 0
1645736595092 0.023157637706398965 0
1645736597645 0.015071887820959091 0
1645736600302 0.015519902059435844 0
1645736602993 0.011183672136068344 0
1645736605671 0.008551763825118542 0
1645736608356 0.0072854509711265565 0
1645736612933 1.3791409107208252 0
1645736615349 0.9168774362564087 0
1645736617714 0.6389513987064361 0
1645736620001 0.45198877561092377 0
1645736622401 0.30737054851055146 0
1645736624779 0.21197210515737533 0
1645736627131 0.1765818409562111 0
1645736629503 0.11584368093013764 0
1645736631862 0.09266349707245827 0
1645736634280 0.07435717601776123 0
1645736636644 0.04032289974987507 0
1645736638987 0.026856771326065062 0
1645736641345 0.018501379758119583 0
1645736643714 0.015522048443555831 0
1645736646114 0.013006227505207062 0
1645736648514 0.015137340480089188 0
1645736650894 0.007385051468014717 0
1645736653253 0.0055221642717719075 0
1645736655623 0.005898458700999617 0
1645736657982 0.004290180736035109 0
1645736664653 1.2847432624816895 0
1645736667123 0.7835450583457947 0
1645736669539 0.552344893836975 0
1645736671992 0.4212285123348236 0
1645736674394 0.29050029563903806 0
1645736676787 0.22418948833942412 0
1645736679221 0.17644727554321288 0
1645736681644 0.12290938999950886 0
1645736684079 0.09296711759567261 0
1645736686488 0.0621845320135355 0
1645736688934 0.04058039012849331 0
1645736691356 0.03506327918022871 0
1645736693743 0.02411289024055004 0
1645736696184 0.025598324984312058 0
1645736698611 0.01998275770843029 0
1645736701033 0.021733159449696542 0
1645736703454 0.04440479911863804 0
1645736705878 0.046731467321515084 0
1645736708326 0.02840107516348362 0
1645736710738 0.029474561220407487 0
1645736719445 1.357391410446167 0
1645736721840 0.8812572778701783 0
1645736724266 0.6114838785886765 0
1645736726676 0.45110249347686765 0
1645736729142 0.34863117818832395 0
1645736731567 0.26544677457809446 0
1645736733984 0.173184495306015 0
1645736736361 0.13169179199934006 0
1645736738795 0.10142512429952621 0
1645736741176 0.061609672996401785 0
1645736743580 0.05959202916324138 0
1645736745993 0.03304531981348991 0
1645736748444 0.03826068286597729 0
1645736750873 0.043659384155273435 0
1645736753249 0.03605952786207199 0
1645736755611 0.03554045300781727 0
1645736757977 0.022351299639046193 0
1645736760413 0.03056882519721985 0
1645736762824 0.034547593459486964 0
1645736765235 0.03332066643461585 0
1645736776246 1.327180846786499 0
1645736778684 0.7751118661880493 0
1645736781121 0.5244896363258362 0
1645736783550 0.3647420083999634 0
1645736785921 0.2618720843791962 0
1645736788362 0.1884219429731369 0
1645736790788 0.1310491027057171 0
1645736793173 0.09943787852525711 0
1645736795543 0.07986313908100129 0
1645736797954 0.06532419998943806 0
1645736800388 0.05433472206890583 0
1645736802874 0.0368186968177557 0
1645736805325 0.03343171177655459 0
1645736807752 0.029073835878074168 0
1645736810172 0.02689905851185322 0
1645736812616 0.023884038357436656 0
1645736815046 0.010804138081148267 0
1645736817465 0.028035554563999174 0
1645736819908 0.032620443314686415 0
1645736822358 0.012366504375636578 0
1645736835555 1.2954174825668334 0
1645736838025 0.8140250993728637 0
1645736840470 0.5904443044424057 0
1645736842941 0.42821788377761844 0
1645736845464 0.31982060317993166 0
1645736847971 0.2622702096104622 0
1645736850425 0.20096911497116088 0
1645736852918 0.1536988058447838 0
1645736855348 0.11490956872105598 0
1645736857850 0.06797170286178589 0
1645736860325 0.07694249767661095 0
1645736862803 0.052599506151676176 0
1645736865242 0.041752191680669785 0
1645736867749 0.049381554424762726 0
1645736870243 0.035027438431978225 0
1645736872736 0.0470695425927639 0
1645736875192 0.04449427041709423 0
1645736877704 0.03350762479305267 0
1645736880156 0.04416603517234326 0
1645736882620 0.02368243097215891 0
1645736898205 1.2698359621047974 0
1645736900689 0.8070246554374695 0
1645736903173 0.5845581849813462 0
1645736905694 0.4411346792221069 0
1645736908206 0.3394648864150047 0
1645736910705 0.24747645095586776 0
1645736913240 0.18491225916147233 0
1645736915747 0.1524921768426895 0
1645736918219 0.09377179152220487 0
1645736920740 0.07593529427349567 0
1645736923275 0.08394160588979721 0
1645736925791 0.04773863773643971 0
1645736928335 0.03840727536380291 0
1645736930784 0.02711078808158636 0
1645736933246 0.029138700872659684 0
1645736935762 0.04399122028052807 0
1645736938253 0.026044775813817977 0
1645736940814 0.027707663121819496 0
1645736943334 0.02696859419643879 0
1645736945814 0.029918576227128506 0
1645736963649 1.3851594753265382 0
1645736966132 0.9036580442428589 0
1645736968690 0.6604339027404785 0
1645736971168 0.5013814596891403 0
1645736973709 0.39717918076515196 0
1645736976215 0.27193456864356996 0
1645736978693 0.22122470655441284 0
1645736981124 0.17541262893676757 0
1645736983595 0.1094219887495041 0
1645736986091 0.09677673103809356 0
1645736988569 0.07513452107906342 0
1645736991073 0.07173110671937466 0
1645736993538 0.04274222145676613 0
1645736996000 0.03232179438471794 0
1645736998542 0.03186046777963638 0
1645737001073 0.02787644987851381 0
1645737003582 0.03384111531078816 0
1645737006065 0.028454595717042685 0
1645737008568 0.03109995082616806 0
1645737011114 0.03436378663927317 0
1645737030989 1.257772304534912 0
1645737033422 0.7387229326248169 0
1645737035920 0.5162836471557617 0
1645737038377 0.340968349313736 0
1645737040811 0.25971822600364686 0
1645737043225 0.1933152709186077 0
1645737045662 0.1086901720404625 0
1645737048108 0.0912703740656376 0
1645737050587 0.08226102926731109 0
1645737053074 0.06074353220462799 0
1645737055534 0.05421771260797977 0
1645737057954 0.032800537782907487 0
1645737060390 0.03498801622092724 0
1645737062861 0.02737714573442936 0
1645737065317 0.0238008092969656 0
1645737067813 0.015895731886476278 0
1645737070320 0.017462373822927476 0
1645737072776 0.02638698500841856 0
1645737075215 0.029627784116193653 0
1645737077751 0.010612120198458433 0
1645737100127 1.1701459619522094 0
1645737102640 0.663010440158844 0
1645737105191 0.46395608081817624 0
1645737107724 0.35771879057884215 0
1645737110265 0.27413588523864746 0
1645737112757 0.20760389711856841 0
1645737115336 0.1883126146197319 0
1645737117851 0.11613049618005752 0
1645737120397 0.0864598003745079 0
1645737122906 0.08585891456902027 0
1645737125413 0.05645302079916 0
1645737127965 0.044664046159386635 0
1645737130464 0.03724332081079483 0
1645737133004 0.027319339396059513 0
1645737135555 0.02846585346162319 0
1645737138062 0.04233067111074924 0
1645737140574 0.046614198173582554 0
1645737143104 0.017693494541198014 0
1645737145626 0.007942552372813225 0
1645737148193 0.021171627200767398 0
1645737172931 1.310711027622223 0
1645737175488 0.811044980430603 0
1645737178051 0.558474562549591 0
1645737180592 0.4093680889129639 0
1645737183185 0.31067889139652255 0
1645737185732 0.22992384829521179 0
1645737188309 0.15997534246444703 0
1645737190815 0.12464984437823295 0
1645737193374 0.10733975002765656 0
1645737195956 0.07536116367280483 0
1645737198489 0.06090464300960302 0
1645737201056 0.04454550433158874 0
1645737203525 0.046144338090717794 0
1645737206103 0.04126807892024517 0
1645737208630 0.03140835438966751 0
1645737211197 0.03719422731995583 0
1645737213756 0.017510529513657093 0
1645737216319 0.02972029601633549 0
1645737218878 0.03973760820105672 0
1645737221464 0.037893498074263336 0
1645737248631 1.320954586982727 0
1645737251203 0.8496993589401245 0
1645737253714 0.6117378163337708 0
1645737256282 0.4810753556251526 0
1645737258787 0.36864618968963625 0
1645737261348 0.2869062175154686 0
1645737263872 0.20042498574852943 0
1645737266405 0.14071735248565673 0
1645737268946 0.12283343595266343 0
1645737271458 0.10159363496303558 0
1645737273977 0.06895591443181037 0
1645737276511 0.05296255572140217 0
1645737279035 0.04553704524934292 0
1645737281606 0.02825466293245554 0
1645737284178 0.019607064008712767 0
1645737286713 0.019964598736166954 0
1645737289242 0.02845649491548538 0
1645737291800 0.06145993069112301 0
1645737294285 0.049877009028196334 0
1645737296817 0.012110994254052638 0
1645737326360 1.1164084615707397 0
1645737328976 0.6355772075653077 0
1645737331592 0.4740728808403015 0
1645737334181 0.38599647779464724 0
1645737336718 0.30717650008201597 0
1645737339300 0.25891203906536103 0
1645737341853 0.20269322938919068 0
1645737344416 0.14839885774850844 0
1645737347000 0.11944127075076104 0
1645737349612 0.1040607846558094 0
1645737352207 0.08089299602806568 0
1645737354811 0.04467054205983877 0
1645737357392 0.06094261362552643 0
1645737360010 0.05325898597240448 0
1645737362639 0.037970220759510995 0
1645737365236 0.03501946040838957 0
1645737367756 0.0402716639354825 0
1645737370359 0.026639403033256532 0
1645737372938 0.0359167448669672 0
1645737375505 0.05684499898031354 0
1645737407465 1.294983670425415 0
1645737409983 0.7332285323143005 0
1645737412511 0.4995815534591675 0
1645737415054 0.36335550057888033 0
1645737417541 0.27260769941806795 0
1645737420092 0.1957311324238777 0
1645737422657 0.15204398627281188 0
1645737425145 0.11523642426729203 0
1645737427675 0.08858943489193917 0
1645737430235 0.05393779415488243 0
1645737432780 0.03820221090316772 0
1645737435267 0.04371119596362114 0
1645737437772 0.035473797503113746 0
1645737440306 0.023140937125682833 0
1645737442843 0.02526911643818021 0
1645737445387 0.022623771530389785 0
1645737447926 0.020495987460017205 0
1645737450465 0.0254269829839468 0
1645737452997 0.04120069895684719 0
1645737455511 0.023740541870892046 0
1645737490078 1.4403952951431274 0
1645737492651 1.0246578188419342 0
1645737495179 0.7577261476516723 0
1645737497722 0.5925149544715881 0
1645737500215 0.44340305223464965 0
1645737502746 0.312193292760849 0
1645737505255 0.24424393675327302 0
1645737507800 0.17670488415956498 0
1645737510336 0.12496596347093582 0
1645737512865 0.09719339673519134 0
1645737515427 0.10088662377297879 0
1645737517920 0.0660549479842186 0
1645737520484 0.04497448504567146 0
1645737523049 0.0552710546374321 0
1645737525591 0.04449386664330959 0
1645737528112 0.03492695209980011 0
1645737530629 0.053309495159983636 0
1645737533186 0.03241358883678913 0
1645737535771 0.04859234707951546 0
1645737538322 0.07855689374655485 0
1645737575092 1.3411788890838623 0
1645737577629 0.9430054385185241 0
1645737580185 0.6988282402038575 0
1645737582722 0.5468654100418091 0
1645737585237 0.4132190580844879 0
1645737587837 0.33124895939826965 0
1645737590394 0.2529426642775536 0
1645737592936 0.16614981005191803 0
1645737595471 0.13495253053307532 0
1645737597989 0.09884569478034973 0
1645737600530 0.06774045197963714 0
1645737603131 0.06111638413965702 0
1645737605702 0.04017974529266358 0
1645737608272 0.028025005124509336 0
1645737610866 0.02147661924213171 0
1645737613399 0.010949847315251827 0
1645737615941 0.010925733007490635 0
1645737618463 0.03755379537492991 0
1645737620960 0.039528605511784554 0
1645737623448 0.045494545352458955 0
1645737662788 1.318032246017456 0
1645737665379 0.8387710576057434 0
1645737667980 0.5817254692077637 0
1645737670651 0.42697529838085174 0
1645737673212 0.32303811217546463 0
1645737675768 0.2325085546731949 0
1645737678300 0.1772978881597519 0
1645737680868 0.12474624056816101 0
1645737683424 0.11030948813259601 0
1645737686052 0.0692295423746109 0
1645737688606 0.050755594277381896 0
1645737691212 0.05880503225922584 0
1645737693806 0.04744747819751501 0
1645737696385 0.037159359470009805 0
1645737698959 0.016031932812929153 0
1645737701539 0.028324477273225783 0
1645737704032 0.02383497747555375 0
1645737706555 0.041404765172302724 0
1645737709082 0.025440703085064888 0
1645737711634 0.038070472458004954 0
1645737753295 1.4274086875915528 0
1645737755890 1.009670716571808 0
1645737758557 0.7526889287948608 0
1645737761210 0.6135327598571777 0
1645737763821 0.4701257799386978 0
1645737766477 0.3710616171956062 0
1645737769085 0.2667560745716095 0
1645737771693 0.2143556204378605 0
1645737774338 0.13988944132328032 0
1645737776954 0.10556161177158356 0
1645737779591 0.07542038081884384 0
1645737782151 0.049437295976281166 0
1645737784730 0.0718004558146 0
1645737787349 0.0486866795539856 0
1645737790026 0.04501581384241581 0
1645737792571 0.03755432367324829 0
1645737795168 0.029109992857277393 0
1645737797784 0.02172520107626915 0
1645737800411 0.03530394529998303 0
1645737803038 0.08974997525811196 0
1645737847378 1.2512800500869752 0
1645737850017 0.7180329138278961 0
1645737852683 0.5004747429609299 0
1645737855316 0.3959731511116028 0
1645737857994 0.2741496253013611 0
1645737860633 0.22801334176063537 0
1645737863257 0.1887189194083214 0
1645737865877 0.11816555223464965 0
1645737868568 0.0993112823009491 0
1645737871169 0.07084356713294983 0
1645737873792 0.046518092899024484 0
1645737876433 0.05926972848176956 0
1645737879014 0.06051420037150383 0
1645737881647 0.02204638824611902 0
1645737884320 0.026342949844896792 0
1645737886981 0.04756108119189739 0
1645737889628 0.014501634728908539 0
1645737892265 0.013380221321433782 0
1645737894911 0.045262566359341144 0
1645737897566 0.028287268309295177 0
1645737944162 1.1311499596595764 0
1645737946752 0.6064888635635376 0
1645737949313 0.43566352634429933 0
1645737951949 0.29298687772750853 0
1645737954544 0.2146701315164566 0
1645737957104 0.16555409741401672 0
1645737959703 0.12059231307506561 0
1645737962258 0.09139466443061829 0
1645737964830 0.06382177062630653 0
1645737967421 0.06277047842741013 0
1645737969982 0.03959394446611404 0
1645737972603 0.027926583340764047 0
1645737975214 0.01926196589767933 0
1645737977828 0.01307286798208952 0
1645737980397 0.007831038777530193 0
1645737982982 0.0053817884162068366 0
1645737985530 0.01596786816418171 0
1645737988124 0.012779268762469292 0
1645737990737 0.044710663011670114 0
1645737993312 0.0494653972953558 0
