1652448234022 2.2553304401397707 0
1652448239047 2.0391721754074097 0
1652448244058 1.8409460287094117 0
1652448248949 1.6609430387496948 0
1652448253929 1.5026300189971924 0
1652448266417 2.111711876296997 0
1652448271984 1.7327587146759034 0
1652448277560 1.5116901655197144 0
1652448283108 1.3353824882507324 0
1652448288848 1.2282551685333252 0
1652448302392 2.200925958251953 0
1652448308533 1.8836938735961914 0
1652448315116 1.7160512811660766 0
1652448321530 1.6167313438415527 0
1652448327555 1.5388568965911866 0
1652448341965 2.1762920307159423 0
1652448348717 1.7710953674316405 0
1652448355642 1.5889075775146484 0
1652448362432 1.5172445878982543 0
1652448369192 1.4445884119033814 0
1652448383990 2.2701283716201783 0
1652448391290 1.946700680732727 0
1652448398796 1.8357319187164307 0
1652448406143 1.760137497329712 0
1652448413611 1.7151685943603516 0
