1645652869745 2.172769050216675 0
1645652874329 1.9036204824447631 0
1645652878991 1.738897064590454 0
1645652883558 1.6104831188201905 0
1645652887964 1.4892002798080444 0
1645652896784 1.6738795471191406 0
1645652905127 1.439801845741272 0
1645652913501 1.3017011118888855 0
1645652921797 1.1586078012943268 0
1645652929873 1.054072178173065 0
1645652943166 1.2652486802736918 0
1645652955666 1.0880998184839885 0
1645652968111 0.9630528669198354 0
1645652980722 0.8376714545249939 0
1645652992874 0.7567581413269043 0
1645653011200 0.9517060527682304 0
1645653027799 0.7941051813840866 0
1645653044829 0.6831944405257702 0
1645653061473 0.5947297372281551 0
1645653078410 0.5177603968858718 0
1645653101583 0.7694126274490356 0
1645653123338 0.6434164396238327 0
1645653145164 0.5672960757160187 0
1645653167109 0.503299878706932 0
1645653188694 0.44886430976927283 0
1645653216047 0.6551977390487989 0
1645653243133 0.5494574987093608 0
1645653269742 0.4799229905505975 0
1645653295822 0.4294921051035325 0
1645653323039 0.3877997759041687 0
1645653356789 0.5535253800298486 0
1645653388387 0.4657823305130005 0
1645653419731 0.41609164553540096 0
1645653452779 0.365556300089189 0
1645653485519 0.3318589084161179 0
1645653526139 0.5121524365581572 0
1645653563663 0.4486426733903587 0
1645653601514 0.40013728987574576 0
1645653638227 0.36498450311236086 0
1645653675573 0.3345934206806123 0
1645653719680 0.4640263690749804 0
1645653761852 0.3959060282899274 0
1645653804757 0.34842348325832023 0
1645653847044 0.31472525314026406 0
1645653889242 0.29217869444340466 0
1645653941044 0.41096407535910606 0
1645653989892 0.3490524055317044 0
1645654038241 0.31002555508211255 0
1645654087763 0.2801091031573713 0
1645654137745 0.2587222603762895 0
1645654197579 0.38571319270282983 0
1645654251143 0.32845665596642276 0
1645654306913 0.29808162397850646 0
1645654362660 0.2704252679146149 0
1645654417003 0.2554602524898946 0
1645654480312 0.36514648757353424 0
1645654541877 0.3126075637870779 0
1645654601867 0.2857278281022484 0
1645654662696 0.2648656196247786 0
1645654723769 0.23874226110267144 0
1645654795907 0.3577611534398049 0
1645654860541 0.3150481590990837 0
1645654927036 0.28089849917364235 0
1645654993669 0.2628255922791763 0
1645655061787 0.2426006732724607 0
1645655138173 0.3298604150738567 0
1645655210496 0.28678550751512605 0
1645655281803 0.26258111500080145 0
1645655355380 0.243218272345247 0
1645655428622 0.2277117166867746 0
1645655516958 0.30916431696477037 0
1645655597445 0.26367409750835347 0
1645655677025 0.24194532766708482 0
1645655758181 0.2293665256697933 0
1645655838937 0.216371287594301 0
1645655927942 0.2922594437509775 0
1645656015165 0.24890969466781243 0
1645656104229 0.23446478676702828 0
1645656192072 0.2183007562292041 0
1645656279999 0.20289353425062728 0
1645656381015 0.28709565943247256 0
1645656474640 0.249812228845279 0
1645656565378 0.23435238830387756 0
1645656658292 0.22196599989718593 0
1645656748462 0.20818412462477298 0
1645656852260 0.27609668144178057 0
1645656952625 0.24697061224021277 0
1645657055966 0.22462442016319062 0
1645657160607 0.21452539630699902 0
1645657261791 0.202962829961012 0
1645657378333 0.26162012924529415 0
1645657481640 0.23262303606018817 0
1645657589537 0.2143664311459386 0
1645657698629 0.20553220235729885 0
1645657806573 0.19410742801034725 0
1645657933412 0.2710571046080533 0
1645658047384 0.24046137379565044 0
1645658163008 0.22932213629438541 0
1645658278072 0.21823290894327219 0
1645658389673 0.20668816461149603 0
