1652341861398 2.470171319961548 0
1652341866656 2.2705307357788085 0
1652341871932 2.214432468414307 0
1652341877222 2.1086901416778563 0
1652341882408 2.0078371421813963 0
1652341887513 1.9946984928131104 0
1652341892572 1.8852686603546143 0
1652341897656 1.8825824813842773 0
1652341902760 1.7989453205108643 0
1652341907973 1.6879403930664063 0
1652341913377 1.6757583614349365 0
1652341918346 1.604974431991577 0
1652341923614 1.5624944030761718 0
1652341928644 1.5358332878112793 0
1652341933767 1.40986601190567 0
1652341938997 1.411776092338562 0
1652341943984 1.3253890533447266 0
1652341949140 1.332979563522339 0
1652341954243 1.2278996435165406 0
1652341959463 1.1392197078704833 0
1652341964837 1.122363458919525 0
1652341970090 1.0508645345687866 0
1652341975390 1.0039452250957488 0
1652341980603 0.9437425402641296 0
1652341985714 0.855876479101181 0
1652341991022 0.7874967185020447 0
1652341996127 0.7819719596862793 0
1652342001485 0.6818041909217835 0
1652342006803 0.7495047776222229 0
1652342011859 0.6686204040646553 0
1652342017187 0.7307040062904357 0
1652342022639 0.5748456211090088 0
1652342027590 0.47393689970970154 0
1652342032813 0.44810525584220884 0
1652342038008 0.4579304571628571 0
1652342043163 0.3820817801475525 0
1652342048487 0.38054281499385834 0
1652342053750 0.40755804419517516 0
1652342058948 0.45897451180815696 0
1652342064127 0.39801176805496213 0
1652342069299 0.43333859877586367 0
1652342074542 0.3463715711116791 0
1652342079660 0.3417853054761887 0
1652342084742 0.24829504675269126 0
1652342090016 0.2758426489830017 0
1652342095089 0.2921005855560303 0
1652342100507 0.21416382093429565 0
1652342105839 0.39147998778820037 0
1652342110903 0.40285922090411186 0
1652342116139 0.35959864349365234 0
1652342125638 1.4612296767234803 0
1652342134818 1.1859613655090333 0
1652342143845 1.1051148279190064 0
1652342152774 1.0628104730606078 0
1652342161960 1.0350265522956847 0
1652342171020 0.9333452549934387 0
1652342180015 0.9518807452201843 0
1652342188982 0.8890750755310058 0
1652342198049 0.8429515012264251 0
1652342207029 0.7708097619533539 0
1652342215991 0.7796317369103432 0
1652342225044 0.7318791483402253 0
1652342234105 0.7019952217102051 0
1652342243517 0.7261703983306885 0
1652342252743 0.6924047926425934 0
1652342262161 0.6429907862663269 0
1652342271186 0.5788197328567505 0
1652342280356 0.6627343445777893 0
1652342289486 0.5928983461380005 0
1652342298770 0.5332022213101387 0
1652342307682 0.5160446506500244 0
1652342316739 0.5363490965485573 0
1652342325915 0.5351101252913475 0
1652342334964 0.5274764491915703 0
1652342344200 0.47875120171010493 0
1652342353315 0.45001100705862046 0
1652342362530 0.47559028753638266 0
1652342371645 0.45574062475562094 0
1652342380768 0.4712373700082302 0
1652342389688 0.4705112553179264 0
1652342398798 0.45526630060374734 0
1652342407783 0.4579718268454075 0
1652342416781 0.4663295929372311 0
1652342426044 0.43211846858561037 0
1652342435055 0.3865780465096235 0
1652342444195 0.42746574027240275 0
1652342453276 0.4244410510957241 0
1652342462389 0.4123724840350449 0
1652342471535 0.41555979168117047 0
1652342480536 0.39681347215771673 0
1652342489874 0.3773598139554262 0
1652342498855 0.42758544571399687 0
1652342507991 0.3645955656796694 0
1652342517169 0.4143625640556216 0
1652342526151 0.4630991583481431 0
1652342535409 0.403638930696249 0
1652342544420 0.4036700372874737 0
1652342553372 0.3880363887563348 0
1652342562649 0.3948072857365012 0
1652342571696 0.35992476105988025 0
1652342585687 1.1867480235417684 0
1652342599164 1.0541095569610597 0
1652342612438 0.9895202051798503 0
1652342625669 0.9766118040720622 0
1652342638874 0.9811806983629863 0
1652342652284 0.9432119937578837 0
1652342665638 0.9060181734720866 0
1652342679154 0.8410066781361898 0
1652342692641 0.8330869421641032 0
1652342705974 0.8935622443834941 0
1652342719420 0.8104394594510397 0
1652342732890 0.7690851710001627 0
1652342746339 0.814473640759786 0
1652342759642 0.756618314854304 0
1652342773044 0.7877117340405783 0
1652342786497 0.7487535909016927 0
1652342799879 0.6877397978305817 0
1652342813167 0.7346042375405629 0
1652342826447 0.6643301605304083 0
1652342839968 0.7024118663231532 0
1652342853128 0.6485719040314356 0
1652342866413 0.6761242493589719 0
1652342879880 0.6890999235788982 0
1652342892874 0.624999587837855 0
1652342906312 0.646138059592247 0
1652342919453 0.6163984717766444 0
1652342932709 0.6735717106938363 0
1652342945716 0.6077349191745123 0
1652342959104 0.6047955746452014 0
1652342972154 0.5937889078021049 0
1652342985492 0.6137948447902998 0
1652342998584 0.5791956538915635 0
1652343011714 0.5589826080203056 0
1652343025203 0.5741382547219595 0
1652343038581 0.5326999701897304 0
1652343051861 0.5959701209063332 0
1652343065372 0.5962177867521843 0
1652343078691 0.5620357692318658 0
1652343092057 0.527308397953709 0
1652343105481 0.5365384392440319 0
1652343118915 0.5065063648283482 0
1652343132526 0.5258807543595632 0
1652343145704 0.5320957289377848 0
1652343159126 0.5727422447343667 0
1652343172130 0.5378409936805566 0
1652343185338 0.5266495346243183 0
1652343199037 0.5298760538677375 0
1652343212598 0.534864020649592 0
1652343225966 0.5488194856703281 0
1652343239316 0.49660238498846687 0
1652343257884 1.0220373003959655 0
1652343275460 0.9354536461114883 0
1652343293069 0.932976969975233 0
1652343310575 0.9257254130363465 0
1652343328629 0.8436419962763786 0
1652343346325 0.8575212939023972 0
1652343364199 0.8858145060658454 0
1652343382352 0.8154362640857696 0
1652343399992 0.816061868751049 0
1652343417743 0.8472286215722561 0
1652343435477 0.7570286710560322 0
1652343453441 0.8208666809797287 0
1652343471309 0.7866867905914784 0
1652343488526 0.7820129859685898 0
1652343506328 0.7831319195747376 0
1652343524478 0.7395500381410122 0
1652343542158 0.7297713937580586 0
1652343559974 0.770480713057518 0
1652343577779 0.6775883594661951 0
1652343595147 0.7106028696894646 0
1652343613417 0.6761620337218046 0
1652343631282 0.7239333451628684 0
1652343649229 0.7133224008440971 0
1652343667251 0.6559657681107521 0
1652343684587 0.7125122330084444 0
1652343702353 0.6938665611907839 0
1652343720414 0.7515979944646358 0
1652343738329 0.6474744106344879 0
1652343756183 0.681907093642652 0
1652343774143 0.6733703772991896 0
1652343791990 0.6608999699741602 0
1652343809831 0.7191210048168898 0
1652343827415 0.6570502021193504 0
1652343844897 0.647441100108996 0
1652343862201 0.6643414455071092 0
1652343880045 0.6290756427407265 0
1652343897599 0.6457641321256756 0
1652343915400 0.6296296903043985 0
1652343933409 0.6783236464686692 0
1652343951525 0.6138628355562686 0
1652343969180 0.6597034929208457 0
1652343986881 0.6450010063536465 0
1652344004550 0.5540891677446663 0
1652344022303 0.6133093811541795 0
1652344040294 0.6251495178516954 0
1652344057810 0.6361738674446941 0
1652344075563 0.6218035610288382 0
1652344092944 0.5964981636635959 0
1652344110550 0.5630705657325685 0
1652344128526 0.6370833216689527 0
1652344152786 1.0795886740112304 0
1652344175597 0.9437027372062207 0
1652344198329 0.9523289065933227 0
1652344220834 0.9712207713508606 0
1652344243458 0.964440970993042 0
1652344266033 0.9412607419067621 0
1652344288432 0.9172027182132005 0
1652344311249 0.9157493463802338 0
1652344334237 0.9238607021462917 0
1652344356841 0.9346453327131271 0
1652344379706 0.8855226093292237 0
1652344402187 0.8848933822154998 0
1652344424812 0.878728103427887 0
1652344447659 0.9214799189734459 0
1652344469965 0.8636724936676026 0
1652344492567 0.88394723965168 0
1652344515297 0.8612793953132629 0
1652344537689 0.8873981379032135 0
1652344560665 0.8471984657740593 0
1652344582974 0.8435550312471389 0
1652344605212 0.8340857690191269 0
1652344628132 0.8595043141627312 0
1652344650535 0.8235905345487594 0
1652344672668 0.7916897709581255 0
1652344695320 0.8500748937010765 0
1652344717929 0.7981671651774644 0
1652344740707 0.8094785275697708 0
1652344763435 0.8222392653560638 0
1652344786175 0.8253545844650269 0
1652344809022 0.7751196818459034 0
1652344831113 0.797880235517025 0
1652344853837 0.8083979994814796 0
1652344876217 0.7578890006768704 0
1652344898836 0.8303486454963684 0
1652344921385 0.8182108392000198 0
1652344944242 0.7768266181874275 0
1652344967141 0.7378960034322739 0
1652344989380 0.7651533377833665 0
1652345011777 0.7484917988932133 0
1652345034414 0.7310967837837339 0
1652345057298 0.7663054306858778 0
1652345079710 0.7783301156115532 0
1652345101800 0.7458138294249773 0
1652345124214 0.7981579813885689 0
1652345146743 0.7199801587581635 0
1652345168940 0.7394556798578799 0
1652345191433 0.7646026610541343 0
1652345213855 0.7154676677035354 0
1652345236410 0.7595580885411799 0
1652345259012 0.7468979878658056 0
