1655055131559 0.2568284376482462 0
1655055145041 0.07163911012571249 0
1655055158286 0.04818363131229115 0
1655055171501 0.026044326193933903 0
1655055185229 0.030853896336050242 0
1655055198687 0.03271687505165602 0
1655055212389 0.013586653858419164 0
1655055226014 0.039422436430931636 0
1655055239501 0.016348209202299412 0
1655055252924 0.02037488427645737 0
1655055266517 0.022060060315749506 0
1655055279881 0.01802475348023266 0
1655055293481 0.021857642052860955 0
1655055307240 0.01793074929619319 0
1655055320484 0.004029882174120743 0
1655055334295 0.02760471416911466 0
1655055347768 0.00811515243198767 0
1655055361240 0.020603144024082597 0
1655055374862 0.009687064051153774 0
1655055388125 0.009936763245506774 0
1655055401701 0.017722096827402032 0
1655055415210 0.013113284474825421 0
1655055428902 0.01303058345752898 0
1655055442570 0.0172035513179552 0
1655055456075 0.007156273975374077 0
1655055469460 0.002904114356138873 0
1655055482892 0.01654162575665416 0
1655055496130 0.013950003163888374 0
1655055509679 0.015957002869441475 0
1655055522964 0.00571723174379671 0
1655055536543 0.009186030935270312 0
1655055550219 0.001317543333201031 0
1655055563893 0.00012339881588838361 0
1655055577537 0.01072939887178248 0
1655055590942 0.01911375599304731 0
1655055604707 0.007904271623853012 0
1655055618167 0.007711331743937149 0
1655055631566 0.014145748882729502 0
1655055645066 0.007587067594346506 0
1655055658641 0.003455002880275089 0
1655055672165 0.00780919998458625 0
1655055685793 0.016476498985979575 0
1655055699199 0.0032836153744016236 0
1655055712830 0.006040597370852794 0
1655055726495 0.0011407917600746902 0
1655055739911 0.024903824752248453 0
1655055753653 0.006023506134149989 0
1655055767224 0.006898221833124972 0
1655055780872 0.007596397900321713 0
1655055794380 0.019296204355535165 0
1655055824264 0.20244766601246278 0
1655055850255 0.0352649538523222 0
1655055876378 0.02453364019354676 0
1655055902396 0.022658245952501804 0
1655055928252 0.01797359280534188 0
1655055954284 0.02224621647651029 0
1655055980628 0.014104329038098965 0
1655056006879 0.016983212434648783 0
1655056032835 0.01564499753905661 0
1655056059276 0.012116825481461493 0
1655056085429 0.015630733390715704 0
1655056111458 0.011492767388501926 0
1655056138019 0.013711623723754467 0
1655056164047 0.012008250605329798 0
1655056190111 0.009731417984806763 0
1655056216281 0.014641929299148232 0
1655056242271 0.00891026873732683 0
1655056268178 0.013735900678199658 0
1655056294762 0.0076178341546016635 0
1655056321254 0.01347742181098936 0
1655056347772 0.007579585045160401 0
1655056373697 0.017053894125227426 0
1655056400047 0.005639223325971973 0
1655056425893 0.014896739461945085 0
1655056451932 0.0114100831033825 0
1655056478440 0.01406347313277874 0
1655056504588 0.011575655449862467 0
1655056530912 0.00809971866045021 0
1655056557168 0.009896454920251208 0
1655056583179 0.011093802865061278 0
1655056609808 0.005100462592395716 0
1655056636000 0.00776739770470903 0
1655056662331 0.012878213935827517 0
1655056688659 0.006363217131023823 0
1655056714656 0.01090333231733632 0
1655056740881 0.006655509355919059 0
1655056767042 0.008804593781377412 0
1655056793029 0.00891928496000561 0
1655056819424 0.010736251178082079 0
1655056845850 0.008805382778127273 0
1655056871472 0.003949642203543959 0
1655056897380 0.00879016820056339 0
1655056923392 0.008018945307458454 0
1655056949308 0.013377494618747803 0
1655056975649 0.006303273280021804 0
1655057001694 0.005627155244953032 0
1655057027663 0.008466663452435616 0
1655057053911 0.01093850152000404 0
1655057079718 0.012810995224454676 0
1655057106213 0.006144339986454149 0
1655057154141 0.12842541952746953 0
1655057193970 0.03798152513797269 0
1655057233120 0.020924576894481017 0
1655057273177 0.016319188084754615 0
1655057312688 0.01590565371683783 0
1655057352254 0.01817848110250336 0
1655057392020 0.013766505484340351 0
1655057430960 0.013317482716393705 0
1655057470518 0.01696719461940222 0
1655057509903 0.013222613053896817 0
1655057549738 0.015070614135867215 0
1655057589490 0.01259058504095741 0
1655057628892 0.012394951532116031 0
1655057667976 0.01262129022991997 0
1655057707460 0.014791097194582867 0
1655057746663 0.012225250175884493 0
1655057786567 0.01295464018240329 0
1655057826297 0.010170737472101054 0
1655057866466 0.011643290058371454 0
1655057905991 0.011535253939195324 0
1655057945197 0.011564591516976145 0
1655057984678 0.010685955750889571 0
1655058024565 0.012972477554989688 0
1655058064428 0.010100358327024307 0
1655058103742 0.010609946581259687 0
1655058142830 0.013260982402059345 0
1655058182747 0.010915783618323807 0
1655058222268 0.010393163371859486 0
1655058262035 0.010061370860637174 0
1655058300888 0.010739249643276409 0
1655058341148 0.010166782877729692 0
1655058380806 0.011707386182382035 0
1655058420136 0.006203417012432753 0
1655058459882 0.01131467152795964 0
1655058499364 0.011805326955302805 0
1655058539118 0.009912742086891349 0
1655058578790 0.012330739500510281 0
1655058618024 0.007676412588321813 0
1655058657680 0.011389379614708463 0
1655058697136 0.01247246158532795 0
1655058736686 0.010821279305606215 0
1655058776616 0.00744072301186981 0
1655058816642 0.008542287929601577 0
1655058855758 0.010197128828997195 0
1655058895248 0.009736087338136077 0
1655058934949 0.00946028418956006 0
1655058974234 0.012726001752612846 0
1655059014019 0.0061830107312570316 0
1655059053108 0.010466911173007956 0
1655059092438 0.011304630739351002 0
1655059158119 0.05048073747501896 0
1655059211358 0.017320765713171756 0
1655059265453 0.01813621411546694 0
1655059318733 0.014270390075233546 0
1655059372673 0.013345986137563692 0
1655059426854 0.014630010067739754 0
1655059480825 0.012788365913302733 0
1655059534516 0.012020856113619558 0
1655059588237 0.010911939344418618 0
1655059641865 0.010512370317404526 0
1655059695616 0.013307298181902526 0
1655059749147 0.009853568221584647 0
1655059803420 0.012648535802563938 0
1655059856888 0.010085532895501615 0
1655059911038 0.012844595101378368 0
1655059965229 0.009082602590930385 0
1655060018412 0.012670895026671649 0
1655060072309 0.010180826483284068 0
1655060125660 0.01119765273161577 0
1655060179555 0.010961606788805917 0
1655060233303 0.010939641672144798 0
1655060286926 0.008442575645421125 0
1655060340421 0.01122718691588485 0
1655060393697 0.012997088057425053 0
1655060448035 0.008334383842692868 0
1655060502040 0.011571065842897625 0
1655060556023 0.011621234920787203 0
1655060609921 0.012102714652257318 0
1655060663584 0.010251358676474101 0
1655060717870 0.01138365090403374 0
1655060771811 0.008099363136069149 0
1655060825632 0.009690156524841093 0
1655060879639 0.01194121060244354 0
1655060933232 0.00980265408578436 0
1655060987573 0.00997210266391676 0
1655061041106 0.010682150709652855 0
1655061094129 0.009456041701624217 0
1655061147882 0.008826774441825069 0
1655061201535 0.010150084714547201 0
1655061254801 0.010620569195378638 0
1655061308753 0.008793748208959402 0
1655061362558 0.006782168648203147 0
1655061418515 0.011620870846827691 0
1655061473851 0.011829308777302032 0
1655061529255 0.008535264337454851 0
1655061585103 0.011881817081764685 0
1655061641111 0.008473494631474452 0
1655061696564 0.00834298550893719 0
1655061751796 0.010309129477964096 0
1655061806758 0.009765924621132582 0
1655061893722 0.03675527532256981 0
1655061964156 0.016397484388380734 0
1655062034726 0.013012672916268826 0
1655062105452 0.0121814415881337 0
1655062176502 0.012943336780690984 0
1655062247482 0.012147207809532356 0
1655062317251 0.013117372111230149 0
1655062388398 0.010955182797140047 0
1655062458878 0.011501832698972618 0
1655062529278 0.010380488851750741 0
1655062600162 0.01131169489586746 0
1655062671263 0.010229065468398255 0
1655062741193 0.011332862214814192 0
1655062812238 0.010507696864242145 0
1655062883300 0.009541483854916778 0
1655062953857 0.010881820737377921 0
1655063024839 0.009559008230130698 0
1655063097646 0.011166857512942226 0
1655063169282 0.009929013710066225 0
1655063241271 0.011533042721731468 0
1655063311715 0.010243745403441832 0
1655063382486 0.011004909968435943 0
1655063453755 0.010770831937186252 0
1655063524736 0.012442046818966322 0
1655063595885 0.008544870216598277 0
1655063667116 0.010708915522385341 0
1655063737517 0.008141958227241142 0
1655063809170 0.009623404665064705 0
1655063881214 0.01028946802744808 0
1655063952147 0.00876400353059142 0
1655064023455 0.010301279218218022 0
1655064094016 0.011733114336764789 0
1655064163963 0.010448915160471849 0
1655064234573 0.011461546511994535 0
1655064305454 0.008812428701380987 0
1655064376807 0.012413098183153407 0
1655064449308 0.007711500798482719 0
1655064520499 0.011856039889777714 0
1655064590843 0.009619040644707403 0
1655064661899 0.011599424253638283 0
1655064732811 0.008937210815137046 0
1655064804286 0.009952083043527349 0
1655064874572 0.009221352258258571 0
1655064946578 0.011877059604624205 0
1655065017463 0.007695524663735373 0
1655065089424 0.00891128967339294 0
1655065159843 0.010361005739860641 0
1655065231196 0.011107905895296165 0
1655065301512 0.010070692637022337 0
1655065371804 0.009189402088617847 0
1655065480307 0.024474591564472636 0
1655065567706 0.011819103514456296 0
1655065655823 0.010019471219563576 0
1655065743341 0.010808416276915247 0
1655065829961 0.011407405462708962 0
1655065917378 0.010575792543308668 0
1655066004411 0.011521465263142664 0
1655066092500 0.010872910883741984 0
1655066180540 0.009943527805383113 0
1655066269242 0.00913534611481602 0
1655066357201 0.009744207484289622 0
1655066444487 0.011688521519667098 0
1655066532516 0.00953724776741085 0
1655066619907 0.010085350045711594 0
1655066706812 0.010292967376808359 0
1655066795337 0.00944360404904213 0
1655066883194 0.010565095062946431 0
1655066970659 0.009910953706476515 0
1655067057851 0.011645211079536838 0
1655067144983 0.012036709236885998 0
1655067232789 0.009169758968050211 0
1655067320031 0.010651706654447606 0
1655067409253 0.01036956239330305 0
1655067496840 0.010142993779076433 0
1655067584318 0.009080431252851417 0
1655067672417 0.010336549697274999 0
1655067759914 0.00951261733312239 0
1655067848378 0.010353218150481465 0
1655067935500 0.01045520527510547 0
1655068023248 0.008210275499972426 0
1655068111004 0.011918314145106806 0
1655068199247 0.00964785974042682 0
1655068286780 0.008644287052833398 0
1655068375126 0.008030441976621108 0
1655068465049 0.010642592736186582 0
1655068552267 0.010088030446898492 0
1655068639933 0.011089486277882862 0
1655068728201 0.008697148258778523 0
1655068816034 0.01092189566041015 0
1655068902987 0.010189520692208168 0
1655068990802 0.008994004745804812 0
1655069078580 0.009270174394221434 0
1655069165983 0.010176804711458829 0
1655069252845 0.009278933856733349 0
1655069340537 0.007887666475712318 0
1655069427412 0.010618107437984886 0
1655069514716 0.00902114790511998 0
1655069601697 0.01042455879216816 0
1655069688897 0.01085580605873175 0
1655069778055 0.008381900688154104 0
1655069905349 0.0330230517393626 0
1655070010015 0.017914464863676406 0
1655070114580 0.013568476215817192 0
1655070219244 0.012689498448997527 0
1655070323858 0.010566816096941989 0
1655070428481 0.012014109580424648 0
1655070533362 0.012610443328988464 0
1655070638206 0.010439171415234141 0
1655070742215 0.01211221618430282 0
1655070846436 0.010246139699942937 0
1655070950960 0.013190324611310157 0
1655071055459 0.01071254078522674 0
1655071159326 0.010454045109803517 0
1655071263861 0.010346604575976803 0
1655071367457 0.012525544888824324 0
1655071472263 0.012163663595905169 0
1655071576455 0.012472626945737485 0
1655071680551 0.010338724020954785 0
1655071784001 0.0100140109262474 0
1655071887665 0.010284230833118305 0
1655071992096 0.009100096551390697 0
1655072097418 0.012700404829660962 0
1655072201128 0.011422052419487587 0
1655072305741 0.01001192866232454 0
1655072409388 0.010067858623007705 0
1655072514011 0.01137351520921647 0
1655072618370 0.01126609666429246 0
1655072724515 0.009363599922285094 0
1655072828910 0.01032309857373178 0
1655072933733 0.009965368720857732 0
1655073038051 0.010762422431624074 0
1655073142172 0.01191916089047592 0
1655073246906 0.009358083418404129 0
1655073351554 0.011287415873977366 0
1655073456307 0.009452574926717833 0
1655073560791 0.010384077377537305 0
1655073665291 0.009556859343726447 0
1655073770035 0.01090482240712941 0
1655073874304 0.009982918697781135 0
1655073978795 0.010681641721012944 0
1655074083325 0.008856914698975699 0
1655074188807 0.010339631920447769 0
1655074293645 0.01192382206344844 0
1655074398218 0.008876070027949132 0
1655074504773 0.010308416079443081 0
1655074610155 0.010066247606534679 0
1655074714793 0.01067792726015236 0
1655074818855 0.009080848982360255 0
1655074922761 0.011023722387388338 0
1655075027618 0.009451672409774787 0
1655075177353 0.030318185493161395 0
1655075300336 0.016672826603431154 0
1655075422835 0.011983461459117425 0
1655075546212 0.012985069178591217 0
1655075669913 0.01356395435992998 0
1655075792965 0.010165101200984236 0
1655075915939 0.0123456546576141 0
1655076038809 0.011244503487012891 0
1655076160747 0.010324160382058648 0
1655076283095 0.012735332279381017 0
1655076404928 0.011398485154076933 0
1655076527888 0.01049737533735986 0
1655076650954 0.010841576145133373 0
1655076773203 0.012286032218820107 0
1655076894228 0.011350018106918689 0
1655077015918 0.01110506868678503 0
1655077139222 0.010381734887159934 0
1655077261385 0.011340926149467741 0
1655077384292 0.008981459951931213 0
1655077507067 0.011907073462750235 0
1655077629481 0.012874076698567303 0
1655077750763 0.009076815655792166 0
1655077874231 0.011824701057504453 0
1655077996865 0.011688820204459134 0
1655078118610 0.00886727741081814 0
1655078242377 0.011783804800395894 0
1655078364710 0.013170933785756159 0
1655078490090 0.011125889869383173 0
1655078612521 0.009499187552801876 0
1655078733932 0.01038246371484251 0
1655078856949 0.010719144665425312 0
1655078980369 0.011008973228488081 0
1655079104367 0.01059665772629371 0
1655079226722 0.01205963138010273 0
1655079349503 0.010937769036542254 0
1655079471265 0.01085731597067772 0
1655079593651 0.012596055298071228 0
1655079715215 0.010721079813199625 0
1655079839011 0.010754217570476517 0
1655079961046 0.010735201881999511 0
1655080084765 0.010955202590834217 0
1655080209190 0.010201355262996916 0
1655080331713 0.010859930851720608 0
1655080455153 0.01189060783661876 0
1655080578281 0.011580748815579868 0
1655080701039 0.011075085298452126 0
1655080823431 0.010030690217211488 0
1655080947615 0.010371972631798452 0
1655081070825 0.011095920102609047 0
1655081193387 0.010445562952522231 0
1655081365748 0.05380799920094789 0
1655081506383 0.028304475383684635 0
1655081646758 0.019916213451426953 0
1655081788187 0.017863529971743727 0
1655081928858 0.0168881372407452 0
1655082069868 0.014628989564926803 0
1655082210388 0.01475889520558816 0
1655082351789 0.01423817568987376 0
1655082493511 0.01317919332196893 0
1655082635607 0.015447184488780196 0
1655082774796 0.013400480058790023 0
1655082916461 0.013965608013674077 0
1655083056008 0.014500484047340435 0
1655083196183 0.013776770502831279 0
1655083336818 0.012721551937265572 0
1655083477851 0.012415841948583233 0
1655083618876 0.013995035485661495 0
1655083758258 0.012724512318584064 0
1655083899122 0.014096135043456933 0
1655084039805 0.012312757406347167 0
1655084180662 0.013812068890838488 0
1655084320792 0.013622317310775794 0
1655084461892 0.012560209392487016 0
1655084602219 0.012416716675135582 0
1655084743864 0.012521798777492835 0
1655084885013 0.013439891278480163 0
1655085025866 0.012332917456710104 0
1655085166084 0.012982772693004473 0
1655085307565 0.013050507911415361 0
1655085448727 0.012176825615973955 0
1655085589085 0.010340216092257258 0
1655085730146 0.013191952756091977 0
1655085871203 0.01262177749940586 0
1655086011376 0.012868253906891948 0
1655086152999 0.012698342697767082 0
1655086293932 0.012353241641989065 0
1655086435161 0.01243284247143789 0
1655086576172 0.013338739889600573 0
1655086717289 0.012681040015845278 0
1655086857207 0.013219421119698994 0
1655086998156 0.01149422146890159 0
1655087139137 0.012099437787457179 0
1655087279773 0.013228684891545914 0
1655087420913 0.012103482544199833 0
1655087562345 0.011449312303933304 0
1655087702533 0.012382182343377637 0
1655087843438 0.013044531746799802 0
1655087984001 0.011762375318883354 0
1655088124437 0.013041015841869985 0
1655088265642 0.011357472933673937 0
1655088463563 0.026605050781058726 0
1655088624869 0.014451226163509148 0
1655088785598 0.01394668027221393 0
1655088947874 0.013388138400802062 0
1655089107121 0.013095481176328383 0
1655089268763 0.012789872981141329 0
1655089430456 0.01368791966320739 0
1655089590878 0.013389069180215554 0
1655089753176 0.01293833445756781 0
1655089913444 0.01281972485833633 0
1655090073031 0.012013368380033338 0
1655090233527 0.012792517789130875 0
1655090393537 0.012745921784318747 0
1655090553741 0.012169804626101625 0
1655090715094 0.011989129205703688 0
1655090876934 0.012406498439384987 0
1655091037042 0.011797307533943079 0
1655091197116 0.01345735109052662 0
1655091357483 0.012487761578417321 0
1655091516608 0.013422415347233438 0
1655091675991 0.01177757113250355 0
1655091837222 0.011882892629607416 0
1655091998171 0.013227879852115647 0
1655092158005 0.012001482969942913 0
1655092318165 0.01254919186535781 0
1655092479754 0.012146035043074837 0
1655092640831 0.01349250303199329 0
1655092801157 0.012694881085356689 0
1655092961531 0.01201834428062549 0
1655093121732 0.012105944039944496 0
1655093280148 0.012347039934094011 0
1655093438820 0.011901571666796042 0
1655093600020 0.014482905222337118 0
1655093760282 0.011533044416017699 0
1655093919986 0.01168975200572949 0
1655094080592 0.013086319247873351 0
1655094239983 0.012133365825495917 0
1655094399798 0.012139367772758335 0
1655094559697 0.013081983700953561 0
1655094720821 0.011862155173267814 0
1655094882497 0.01121697574055732 0
1655095042893 0.012940419314555434 0
1655095205626 0.011507519255752004 0
1655095365480 0.012772952108707096 0
1655095525783 0.012243503567540736 0
1655095685582 0.01225714468359962 0
1655095846323 0.010243487607727949 0
1655096005865 0.01213984263517871 0
1655096165383 0.013456902191153718 0
1655096326312 0.011575310251490419 0
