1654772805571 0.7370399563451161 0
1654772819158 0.97471654641363 0
1654772832884 0.9952100891287212 0
1654772846837 0.9977566240223125 0
1654772860616 0.9990905232522889 0
1654772875392 0.9985448372036622 0
1654772889163 0.999272418601831 0
1654772902666 0.9993936821681926 0
1654772916244 0.9993936821681926 0
1654772929965 0.9998181046504577 0
1654772943501 0.9998181046504577 0
1654772956826 0.999757472867277 0
1654772970300 0.9998787364336386 0
1654772983838 0.9995755775177348 0
1654772997426 0.9998787364336386 0
1654773010986 1.0 0
1654773024557 0.9999393682168193 0
1654773038070 0.9995755775177348 0
1654773051414 0.9998181046504577 0
1654773064911 0.9999393682168193 0
1654773078497 1.0 0
1654773092238 1.0 0
1654773105732 1.0 0
1654773118956 1.0 0
1654773132446 0.9998787364336386 0
1654773146098 0.9999393682168193 0
1654773159764 0.9998181046504577 0
1654773173834 1.0 0
1654773187099 0.999757472867277 0
1654773200706 0.999757472867277 0
1654773222217 0.8504032502577163 0
1654773238888 0.989812625068219 0
1654773256036 0.9963010126735795 0
1654773272808 0.9985446607240313 0
1654773289657 0.9990297738160209 0
1654773306611 0.9995755260445092 0
1654773323922 0.9996361651810078 0
1654773340801 0.9996968043175065 0
1654773357541 0.9993329694985144 0
1654773374961 0.9998180825905039 0
1654773392067 0.9999393608635013 0
1654773408928 0.9995148869080104 0
1654773425887 0.9998180825905039 0
1654773442943 1.0 0
1654773460025 1.0 0
1654773476920 0.9998787217270027 0
1654773493855 1.0 0
1654773510722 0.9996361651810078 0
1654773527930 0.9994542477715117 0
1654773544850 0.9999393608635013 0
1654773561924 0.9998787217270027 0
1654773578949 0.9997574434540052 0
1654773595877 0.9998180825905039 0
1654773612828 1.0 0
1654773629753 1.0 0
1654773646735 1.0 0
1654773663470 1.0 0
1654773680433 1.0 0
1654773697275 1.0 0
1654773714432 1.0 0
1654773740013 0.915363162362071 0
1654773756838 0.9935127925306172 0
1654773773764 0.9975142476051898 0
1654773790841 0.9983630411058567 0
1654773807835 0.9987268097489996 0
1654773825165 0.9995756032496665 0
1654773842705 0.9996362313568571 0
1654773860112 0.999878743785619 0
1654773877224 0.999878743785619 0
1654773894437 0.999393718928095 0
1654773911685 1.0 0
1654773929064 0.9990905783921425 0
1654773946221 0.9987874378561902 0
1654773963596 0.9993330908209046 0
1654773980573 0.999878743785619 0
1654773997502 1.0 0
1654774014663 1.0 0
1654774031748 0.9998181156784285 0
1654774048820 1.0 0
1654774065946 1.0 0
1654774083180 1.0 0
1654774100551 0.9999393718928095 0
1654774117849 1.0 0
1654774134980 1.0 0
1654774152268 0.9998181156784285 0
1654774169173 1.0 0
1654774186616 1.0 0
1654774203819 0.999878743785619 0
1654774221167 1.0 0
1654774238389 1.0 0
1654774268763 0.8606428138265616 0
1654774286067 0.9805336567616737 0
1654774303276 0.9930260764099454 0
1654774320549 0.9958156458459673 0
1654774338078 0.9976349302607641 0
1654774355448 0.9983020012128563 0
1654774372649 0.9986658580958157 0
1654774389886 0.9984232868405094 0
1654774406839 0.9986052152819891 0
1654774423902 0.9991510006064281 0
1654774440851 0.9981807155852032 0
1654774457929 0.9993329290479078 0
1654774475043 0.9992722862340813 0
1654774491830 1.0 0
1654774508772 0.9995148574893875 0
1654774526224 0.9996361431170406 0
1654774543500 1.0 0
1654774560684 1.0 0
1654774577654 1.0 0
1654774595003 0.9995148574893875 0
1654774611998 0.9995148574893875 0
1654774629105 1.0 0
1654774646167 0.9999393571861734 0
1654774663080 0.9996361431170406 0
1654774680120 0.9996361431170406 0
1654774697321 0.9998180715585203 0
1654774714212 0.9995148574893875 0
1654774731532 0.9996967859308672 0
1654774748551 0.9998180715585203 0
1654774765586 1.0 0
1654774799764 0.9091460456089278 0
1654774816797 0.9953299369238234 0
1654774833931 0.9989082969432315 0
1654774850870 0.9991508976225133 0
1654774868083 1.0 0
1654774885362 0.999878699660359 0
1654774902598 0.999878699660359 0
1654774920061 0.9999393498301795 0
1654774937314 0.9999393498301795 0
1654774954748 1.0 0
1654774971936 1.0 0
1654774989243 0.9999393498301795 0
1654775006480 1.0 0
1654775023715 0.9999393498301795 0
1654775040923 1.0 0
1654775057977 1.0 0
1654775075098 1.0 0
1654775092534 1.0 0
1654775109838 1.0 0
1654775127215 0.999878699660359 0
1654775144561 1.0 0
1654775161674 1.0 0
1654775179080 1.0 0
1654775196167 0.999757399320718 0
1654775213381 0.9985443959243085 0
1654775230824 1.0 0
1654775248408 1.0 0
1654775265183 1.0 0
1654775282714 1.0 0
1654775300157 1.0 0
