1652649374464 2.2455514627456665 0
1652649379907 2.0661177124023435 0
1652649385430 1.9528760349273682 0
1652649390946 1.8665747711181642 0
1652649396444 1.764108660507202 0
1652649401986 1.686895993423462 0
1652649407279 1.6351891954421998 0
1652649412672 1.5850112510681151 0
1652649418222 1.488146710205078 0
1652649423824 1.4188705671310424 0
1652649432995 1.9336726432800293 0
1652649441974 1.59376395778656 0
1652649450960 1.4315278257369994 0
1652649459750 1.2994090751647949 0
1652649468534 1.1461380243301391 0
1652649477564 1.0541004251480102 0
1652649486432 0.9365637447357178 0
1652649495359 0.8627104824066162 0
1652649504328 0.7345889688491821 0
1652649513288 0.7011986821174622 0
1652649524267 1.9512537631988525 0
1652649534223 1.5658533855438233 0
1652649544421 1.3638800515174865 0
1652649554670 1.2621152914047242 0
1652649565342 1.1483375938415528 0
1652649575619 1.011422888803482 0
1652649586039 0.9128475843429565 0
1652649596300 0.8538559959411621 0
1652649606706 0.7639557981491089 0
1652649616940 0.6985807275772095 0
1652649629913 1.7342815898895263 0
1652649641510 1.3537043333053589 0
1652649653328 1.213710559463501 0
1652649664710 1.0818501888275147 0
1652649676259 1.0015140078544618 0
1652649687743 0.8847278615951538 0
1652649699396 0.8173686483383179 0
1652649711215 0.7050595733642578 0
1652649723010 0.6281675784111023 0
1652649734470 0.5643661259651184 0
1652649749558 1.8683580432891846 0
1652649762585 1.5607701866149903 0
1652649775956 1.4106198389053344 0
1652649789091 1.2801824306488037 0
1652649802377 1.1765099311828613 0
1652649815404 1.0769189128875731 0
1652649828713 0.9822268232345581 0
1652649841788 0.9004771270751953 0
1652649854972 0.7869890859603882 0
1652649868410 0.7353504482269287 0
