1645566975533 0.2436 0
1645566983804 0.3774 0
1645566991789 0.4604 0
1645566999966 0.5242 0
1645567008370 0.5722 0
1645567016659 0.61 0
1645567024965 0.6452 0
1645567033049 0.678 0
1645567041291 0.7268 0
1645567049718 0.7624 0
1645567057772 0.7878 0
1645567066011 0.8242 0
1645567074234 0.849 0
1645567082585 0.8706 0
1645567090818 0.8974 0
1645567099197 0.9102 0
1645567107331 0.9196 0
1645567115549 0.9314 0
1645567123955 0.9416 0
1645567132010 0.9526 0
1645567147920 0.6376 0
1645567148571 0.0 0
1645567149235 0.0 0
1645567149884 0.0 0
1645567150508 0.0 0
1645567151168 0.0 0
1645567151804 0.0 0
1645567152441 0.0 0
1645567153129 0.0 0
1645567153755 0.0 0
1645567154377 0.0 0
1645567155014 0.0 0
1645567155641 0.0 0
1645567156280 0.0 0
1645567156915 0.0 0
1645567157582 0.0 0
1645567158223 0.0 0
1645567158842 0.0 0
1645567159484 0.0 0
1645567160141 0.0 0
1645567176906 0.5247 0
1645567177563 0.0 0
1645567178197 0.0 0
1645567178840 0.0 0
1645567179500 0.0 0
1645567180158 0.0 0
1645567180810 0.0 0
1645567181450 0.0 0
1645567182084 0.0 0
1645567182709 0.0 0
1645567183350 0.0 0
1645567183994 0.0 0
1645567184647 0.0 0
1645567185284 0.0 0
1645567185890 0.0 0
1645567186509 0.0 0
1645567187177 0.0 0
1645567187852 0.0 0
1645567188531 0.0 0
1645567189187 0.0 0
1645567206289 0.5187037407481496 0
1645567206937 0.0 0
1645567207569 0.0 0
1645567208210 0.0 0
1645567208849 0.0 0
1645567209503 0.0 0
1645567210128 0.0 0
1645567210775 0.0 0
1645567211416 0.0 0
1645567212045 0.0 0
1645567212661 0.0 0
1645567213329 0.0 0
1645567214000 0.0 0
1645567214652 0.0 0
1645567215289 0.0 0
1645567215916 0.0 0
1645567216541 0.0 0
1645567217197 0.0 0
1645567217862 0.0 0
1645567218495 0.0 0
1645567236332 0.5263 0
1645567236968 0.0 0
1645567237620 0.0 0
1645567238259 0.0 0
1645567238907 0.0 0
1645567239570 0.0 0
1645567240221 0.0 0
1645567240860 0.0 0
1645567241519 0.0 0
1645567242172 0.0 0
1645567242814 0.0 0
1645567243438 0.0 0
1645567244069 0.0 0
1645567244711 0.0 0
1645567245349 0.0 0
1645567245998 0.0 0
1645567246647 0.0 0
1645567247282 0.0 0
1645567247947 0.0 0
1645567248603 0.0 0
1645567267021 0.5269 0
1645567267653 0.0 0
1645567268310 0.0 0
1645567268947 0.0 0
1645567269576 0.0 0
1645567270226 0.0 0
1645567270877 0.0 0
1645567271506 0.0 0
1645567272150 0.0 0
1645567272791 0.0 0
1645567273426 0.0 0
1645567274068 0.0 0
1645567274699 0.0 0
1645567275330 0.0 0
1645567275966 0.0 0
1645567276612 0.0 0
1645567277252 0.0 0
1645567277906 0.0 0
1645567278603 0.0 0
1645567279227 0.0 0
1645567298261 0.5510102020404081 0
1645567298904 0.0 0
1645567299534 0.0 0
1645567300165 0.0 0
1645567300814 0.0 0
1645567301447 0.0 0
1645567302070 0.0 0
1645567302710 0.0 0
1645567303330 0.0 0
1645567303976 0.0 0
1645567304645 0.0 0
1645567305303 0.0 0
1645567305930 0.0 0
1645567306557 0.0 0
1645567307208 0.0 0
1645567307843 0.0 0
1645567308486 0.0 0
1645567309132 0.0 0
1645567309770 0.0 0
1645567310409 0.0 0
1645567330148 0.5908181636327265 0
1645567330828 0.0 0
1645567331513 0.0 0
1645567332180 0.0 0
1645567332835 0.0 0
1645567333499 0.0 0
1645567334157 0.0 0
1645567334802 0.0 0
1645567335442 0.0 0
1645567336097 0.0 0
1645567336746 0.0 0
1645567337395 0.0 0
1645567338040 0.0 0
1645567338667 0.0 0
1645567339308 0.0 0
1645567339934 0.0 0
1645567340592 0.0 0
1645567341235 0.0 0
1645567341859 0.0 0
1645567342498 0.0 0
1645567362782 0.5757 0
1645567363428 0.0 0
1645567364091 0.0 0
1645567364728 0.0 0
1645567365353 0.0 0
1645567366002 0.0 0
1645567366646 0.0 0
1645567367301 0.0 0
1645567367935 0.0 0
1645567368616 0.0 0
1645567369287 0.0 0
1645567369944 0.0 0
1645567370586 0.0 0
1645567371248 0.0 0
1645567371904 0.0 0
1645567372558 0.0 0
1645567373216 0.0 0
1645567373868 0.0 0
1645567374516 0.0 0
1645567375155 0.0 0
1645567396065 0.5385692846423211 0
1645567396716 0.0 0
1645567397374 0.0 0
1645567398038 0.0 0
1645567398703 0.0 0
1645567399348 0.0 0
1645567399987 0.0 0
1645567400638 0.0 0
1645567401295 0.0 0
1645567401943 0.0 0
1645567402583 0.0 0
1645567403219 0.0 0
1645567403855 0.0 0
1645567404495 0.0 0
1645567405123 0.0 0
1645567405782 0.0 0
1645567406439 0.0 0
1645567407089 0.0 0
1645567407787 0.0 0
1645567408459 0.0 0
1645567430747 0.5936 0
1645567431380 0.0 0
1645567432045 0.0 0
1645567432755 0.0 0
1645567433405 0.0 0
1645567434073 0.0 0
1645567434726 0.0 0
1645567435366 0.0 0
1645567436007 0.0 0
1645567436640 0.0 0
1645567437280 0.0 0
1645567437919 0.0 0
1645567438580 0.0 0
1645567439219 0.0 0
1645567439857 0.0 0
1645567440506 0.0 0
1645567441152 0.0 0
1645567441783 0.0 0
1645567442423 0.0 0
1645567443075 0.0 0
1645567465434 0.594356613968381 0
1645567466089 0.0 0
1645567466717 0.0 0
1645567467373 0.0 0
1645567468028 0.0 0
1645567468671 0.0 0
1645567469312 0.0 0
1645567469969 0.0 0
1645567470662 0.0 0
1645567471314 0.0 0
1645567471951 0.0 0
1645567472578 0.0 0
1645567473216 0.0 0
1645567473858 0.0 0
1645567474513 0.0 0
1645567475168 0.0 0
1645567475813 0.0 0
1645567476446 0.0 0
1645567477105 0.0 0
1645567477764 0.0 0
1645567500716 0.6007806244995997 0
1645567501375 0.0 0
1645567502013 0.0 0
1645567502671 0.0 0
1645567503320 0.0 0
1645567503978 0.0 0
1645567504621 0.0 0
1645567505269 0.0 0
1645567505943 0.0 0
1645567506591 0.0 0
1645567507250 0.0 0
1645567507919 0.0 0
1645567508576 0.0 0
1645567509225 0.0 0
1645567509867 0.0 0
1645567510512 0.0 0
1645567511156 0.0 0
1645567511832 0.0 0
1645567512517 0.0 0
1645567513174 0.0 0
1645567537036 0.5973779023218575 0
1645567537673 0.0 0
1645567538353 0.0 0
1645567539086 0.0 0
1645567539740 0.0 0
1645567540379 0.0 0
1645567541051 0.0 0
1645567541714 0.0 0
1645567542373 0.0 0
1645567543011 0.0 0
1645567543676 0.0 0
1645567544327 0.0 0
1645567544991 0.0 0
1645567545644 0.0 0
1645567546302 0.0 0
1645567546937 0.0 0
1645567547591 0.0 0
1645567548230 0.0 0
1645567548866 0.0 0
1645567549522 0.0 0
1645567573813 0.5997199439887978 0
1645567574473 0.0 0
1645567575149 0.0 0
1645567575788 0.0 0
1645567576426 0.0 0
1645567577226 0.0 0
1645567577888 0.0 0
1645567578552 0.0 0
1645567579240 0.0 0
1645567579898 0.0 0
1645567580563 0.0 0
1645567581203 0.0 0
1645567581849 0.0 0
1645567582496 0.0 0
1645567583173 0.0 0
1645567583834 0.0 0
1645567584496 0.0 0
1645567585159 0.0 0
1645567585793 0.0 0
1645567586451 0.0 0
1645567611326 0.6863431715857929 0
1645567611996 0.0 0
1645567612644 0.0 0
1645567613331 0.0 0
1645567614011 0.0 0
1645567614664 0.0 0
1645567615319 0.0 0
1645567615965 0.0 0
1645567616617 0.0 0
1645567617250 0.0 0
1645567617904 0.0 0
1645567618558 0.0 0
1645567619261 0.0 0
1645567619942 0.0 0
1645567620594 0.0 0
1645567621247 0.0 0
1645567621908 0.0 0
1645567622554 0.0 0
1645567623194 0.0 0
1645567623849 0.0 0
1645567648954 0.6536228983186549 0
1645567649610 0.0 0
1645567650251 0.0 0
1645567650871 0.0 0
1645567651526 0.0 0
1645567652178 0.0 0
1645567652814 0.0 0
1645567653480 0.0 0
1645567654121 0.0 0
1645567654798 0.0 0
1645567655462 0.0 0
1645567656130 0.0 0
1645567656754 0.0 0
1645567657403 0.0 0
1645567658038 0.0 0
1645567658693 0.0 0
1645567659351 0.0 0
1645567660014 0.0 0
1645567660694 0.0 0
1645567661338 0.0 0
1645567687215 0.6379275855171034 0
1645567687860 0.0 0
1645567688513 0.0 0
1645567689160 0.0 0
1645567689816 0.0 0
1645567690446 0.0 0
1645567691119 0.0 0
1645567691781 0.0 0
1645567692454 0.0 0
1645567693114 0.0 0
1645567693766 0.0 0
1645567694431 0.0 0
1645567695083 0.0 0
1645567695743 0.0 0
1645567696372 0.0 0
1645567697013 0.0 0
1645567697667 0.0 0
1645567698334 0.0 0
1645567698982 0.0 0
1645567699649 0.0 0
1645567726066 0.6550170238333667 0
1645567726738 0.0 0
1645567727390 0.0 0
1645567728035 0.0 0
1645567728710 0.0 0
1645567729364 0.0 0
1645567730019 0.0 0
1645567730676 0.0 0
1645567731336 0.0 0
1645567731973 0.0 0
1645567732643 0.0 0
1645567733301 0.0 0
1645567733960 0.0 0
1645567734612 0.0 0
1645567735243 0.0 0
1645567735874 0.0 0
1645567736520 0.0 0
1645567737192 0.0 0
1645567737879 0.0 0
1645567738571 0.0 0
1645567765149 0.6321896568970691 0
1645567765844 0.0 0
1645567766504 0.0 0
1645567767177 0.0 0
1645567767820 0.0 0
1645567768484 0.0 0
1645567769121 0.0 0
1645567769795 0.0 0
1645567770494 0.0 0
1645567771138 0.0 0
1645567771807 0.0 0
1645567772435 0.0 0
1645567773085 0.0 0
1645567773731 0.0 0
1645567774383 0.0 0
1645567775061 0.0 0
1645567775715 0.0 0
1645567776368 0.0 0
1645567777008 0.0 0
1645567777647 0.0 0
