1645625368076 0.2556 0
1645625372712 0.403 0
1645625377181 0.49 0
1645625381839 0.554 0
1645625386406 0.6024 0
1645625390979 0.6494 0
1645625395573 0.6902 0
1645625400169 0.7116 0
1645625404919 0.7572 0
1645625409560 0.7826 0
1645625418302 0.562 0
1645625426577 0.6297 0
1645625434996 0.681 0
1645625443376 0.7098 0
1645625451690 0.762 0
1645625459809 0.7773 0
1645625467943 0.8132 0
1645625476366 0.8416 0
1645625484649 0.8635 0
1645625492878 0.8831 0
1645625506255 0.7030666666666666 0
1645625518500 0.7618 0
1645625530860 0.7950666666666667 0
1645625543121 0.8238666666666666 0
1645625555125 0.8408666666666667 0
1645625567019 0.8574 0
1645625579947 0.8719333333333333 0
1645625592101 0.8911333333333333 0
1645625604524 0.8989333333333334 0
1645625616744 0.9190666666666667 0
