1645625368098 2.073085544204712 0
1645625372735 1.6894226043701173 0
1645625377202 1.4340877605438231 0
1645625381862 1.265879623222351 0
1645625386429 1.141948112487793 0
1645625391003 1.0133101469039918 0
1645625395595 0.9148027717590332 0
1645625400191 0.8547533412933349 0
1645625404941 0.7136277895450592 0
1645625409582 0.6252381392478943 0
1645625418324 1.2684933730125427 0
1645625426600 1.0842273250102996 0
1645625435020 0.9462836106777192 0
1645625443399 0.849744766664505 0
1645625451713 0.7184408794283866 0
1645625459833 0.660162264096737 0
1645625467966 0.5592078529477119 0
1645625476388 0.48047435962557794 0
1645625484671 0.41067662174105646 0
1645625492902 0.3562827005684376 0
1645625506277 0.8735536718050639 0
1645625518522 0.7025486776272456 0
1645625530882 0.6140353514432907 0
1645625543144 0.5321971264064312 0
1645625555148 0.46575735249519346 0
1645625567042 0.4252774664858977 0
1645625579971 0.38310949777662756 0
1645625592124 0.32877098846038183 0
1645625604548 0.30234884170740844 0
1645625616766 0.2454448161204656 0
