1651981325934 1.590144916534424 0
1651981329228 1.409427961730957 0
1651981332543 1.1983984828948975 0
1651981335825 1.0511105340957643 0
1651981339063 0.9490922571182251 0
1651981342280 0.8470831851482391 0
1651981345544 0.7968066287994384 0
1651981348814 0.7285274059295654 0
1651981352063 0.6830979654312134 0
1651981355259 0.6211436967372894 0
1651981359335 1.5935038373947144 0
1651981363115 1.4940539518356324 0
1651981366949 1.3975996673583984 0
1651981370705 1.3124684333801269 0
1651981374399 1.211440386390686 0
1651981378132 1.1372805225372316 0
1651981381966 1.0559759126663208 0
1651981385705 0.9868785900115967 0
1651981389394 0.9184228096008301 0
1651981393137 0.8744527221679688 0
1651981397346 1.5894076282501222 0
1651981401043 1.4078944526672363 0
1651981404862 1.2668776218414306 0
1651981408629 1.1679314249038697 0
1651981412329 1.0836525657653808 0
1651981416007 1.0273778495788575 0
1651981419767 0.9865439360618591 0
1651981423524 0.900654822063446 0
1651981427325 0.865467751789093 0
1651981431110 0.8102242963314057 0
1651981435836 1.4485802375793457 0
1651981439580 1.0163865711212159 0
1651981443234 0.7756539611816406 0
1651981447029 0.6459879678726196 0
1651981450690 0.5669316770553589 0
1651981454305 0.5079522481560708 0
1651981458048 0.44131151961088183 0
1651981461731 0.4101645506858826 0
1651981465428 0.39821163880825045 0
1651981469067 0.35626169400215146 0
1651981473778 1.5562948595046997 0
1651981477480 1.3867705486297608 0
1651981481160 1.2944513429641724 0
1651981484808 1.2413332843780518 0
1651981488504 1.1584076984405518 0
1651981492302 1.0827332778930665 0
1651981496096 1.0472970417022704 0
1651981499743 0.9806248519897461 0
1651981503569 0.9462240104675292 0
1651981507265 0.8753844448089599 0
