1652340874649 1.620506162071228 0
1652340883024 1.2710132235527039 0
1652340891263 1.2221121810913087 0
1652340899344 1.210060978126526 0
1652340907729 1.2995078162193299 0
1652340915803 1.1842371072292328 0
1652340924119 1.1599672124385834 0
1652340932646 1.0677647517681121 0
1652340940712 1.044626833677292 0
1652340948915 1.1099947874069214 0
1652340958417 1.8248622638702392 0
1652340964029 1.6938980922698974 0
1652340969687 1.6590727390289306 0
1652340975585 1.6969294654846192 0
1652340981205 1.6555819894790649 0
1652340986825 1.6546040979385377 0
1652340992354 1.6613051568984984 0
1652340998086 1.7147586084365845 0
1652341003717 1.667277173614502 0
1652341009389 1.644648316001892 0
1652341022304 1.817187146949768 0
1652341027944 1.6460144939422607 0
1652341033566 1.7070833311080933 0
1652341039331 1.6976313400268555 0
1652341045055 1.6796240419387818 0
1652341050729 1.622705626296997 0
1652341056346 1.6476055381774903 0
1652341061960 1.7146067010879518 0
1652341067803 1.6250902738571167 0
1652341073465 1.7026663000106812 0
1652341089875 1.5161502752304077 0
1652341095562 1.357165816116333 0
1652341101134 1.3601676337242126 0
1652341106746 1.3305162343025208 0
1652341112343 1.286978242301941 0
1652341118224 1.2928801532745362 0
1652341123854 1.3028527292251586 0
1652341129524 1.289228614974022 0
1652341135272 1.2276617508888246 0
1652341140976 1.2022629371881486 0
1652341161185 1.9669434326171875 0
1652341166764 1.7672255224227906 0
1652341172318 1.7244607612609864 0
1652341178150 1.7566134399414062 0
1652341183664 1.7386572395324706 0
1652341189348 1.7559905529022217 0
1652341194965 1.7458557626724243 0
1652341200782 1.8394720718383788 0
1652341206427 1.743298066329956 0
1652341212048 1.717627541923523 0
