1652340874635 0.42 0
1652340883008 0.5096 0
1652340891252 0.55 0
1652340899332 0.552 0
1652340907717 0.5708 0
1652340915791 0.5764 0
1652340924106 0.586 0
1652340932632 0.5952 0
1652340940700 0.6216 0
1652340948899 0.6036 0
1652340958397 0.2936 0
1652340964017 0.342 0
1652340969674 0.3536 0
1652340975573 0.3488 0
1652340981197 0.3572 0
1652340986814 0.3456 0
1652340992338 0.3604 0
1652340998074 0.3612 0
1652341003705 0.354 0
1652341009371 0.3536 0
1652341022291 0.326 0
1652341027929 0.3508 0
1652341033556 0.3616 0
1652341039316 0.354 0
1652341045045 0.3648 0
1652341050714 0.3636 0
1652341056338 0.366 0
1652341061952 0.3604 0
1652341067790 0.3584 0
1652341073453 0.3508 0
1652341089857 0.4836 0
1652341095553 0.5324 0
1652341101120 0.5356 0
1652341106735 0.5552 0
1652341112330 0.5472 0
1652341118207 0.5624 0
1652341123840 0.5344 0
1652341129510 0.572 0
1652341135264 0.5776 0
1652341140959 0.588 0
1652341161169 0.27 0
1652341166755 0.2872 0
1652341172306 0.3044 0
1652341178134 0.3076 0
1652341183654 0.3016 0
1652341189338 0.3012 0
1652341194957 0.318 0
1652341200771 0.3172 0
1652341206416 0.3068 0
1652341212037 0.3156 0
