1651840399102 0.9914245713233948 0
1651840402161 0.5869621429443359 0
1651840405375 0.5436994649887085 0
1651840408618 0.4048633997321129 0
1651840411901 0.3405469018697739 0
1651840415005 0.27824181554317473 0
1651840418036 0.2707772878646851 0
1651840421191 0.2523874493658543 0
1651840424241 0.22311536024808884 0
1651840427337 0.18512070174217224 0
1651840430387 0.13385436739400028 0
1651840433478 0.15529690870046617 0
1651840436612 0.17342126417160034 0
1651840439661 0.16414494146108627 0
1651840442749 0.11925234637260437 0
1651840445730 0.1150208086758852 0
1651840448723 0.06561718400120735 0
1651840451820 0.17508343444168567 0
1651840454968 0.10503680534288287 0
1651840458038 0.046816966128349305 0
1651840460959 0.03344672288401052 0
1651840464012 0.04034909461140632 0
1651840467091 0.11266118659377099 0
1651840470140 0.06896188447475433 0
1651840473207 0.09753533705994487 0
1651840476150 0.042188230001926424 0
1651840479196 0.04886434579528868 0
1651840482349 0.08387357483506203 0
1651840485409 0.05858418196588755 0
1651840488577 0.042615886502433566 0
1651840491576 0.0539499205134809 0
1651840494618 0.04259646017411724 0
1651840497681 0.04461507487883792 0
1651840500746 0.027161966820061206 0
1651840503907 0.04010392504613847 0
1651840506909 0.04535064657665789 0
1651840510055 0.025320529329776763 0
1651840513092 0.0191031986489892 0
1651840516178 0.04184331904985011 0
1651840519336 0.029456809390336274 0
1651840522417 0.042367697125673294 0
1651840525537 0.05076026278436184 0
1651840528568 0.02848335314914584 0
1651840531755 0.05649520538374782 0
1651840534837 0.02443515989743173 0
1651840537971 0.02915639777481556 0
1651840541145 0.03467931237258017 0
1651840544142 0.048844750460237264 0
1651840547213 0.03409923694115132 0
1651840550275 0.02591878364086151 0
1651840555270 0.637644606256485 0
1651840555921 0.0 0
1651840556573 0.0 0
1651840557211 0.0 0
1651840557872 0.0 0
1651840558494 0.0 0
1651840559194 0.0 0
1651840559872 0.0 0
1651840560542 0.0 0
1651840561208 0.0 0
1651840561862 0.0 0
1651840562506 0.0 0
1651840563170 0.0 0
1651840563793 0.0 0
1651840564440 0.0 0
1651840565083 0.0 0
1651840565728 0.0 0
1651840566462 0.0 0
1651840567123 0.0 0
1651840567791 0.0 0
1651840568470 0.0 0
1651840569115 0.0 0
1651840569762 0.0 0
1651840570399 0.0 0
1651840571054 0.0 0
1651840571707 0.0 0
1651840572344 0.0 0
1651840573004 0.0 0
1651840573664 0.0 0
1651840574324 0.0 0
1651840575002 0.0 0
1651840575690 0.0 0
1651840576342 0.0 0
1651840576980 0.0 0
1651840577619 0.0 0
1651840578277 0.0 0
1651840578918 0.0 0
1651840579570 0.0 0
1651840580227 0.0 0
1651840580863 0.0 0
1651840581518 0.0 0
1651840582184 0.0 0
1651840582902 0.0 0
1651840583518 0.0 0
1651840584170 0.0 0
1651840584814 0.0 0
1651840585478 0.0 0
1651840586113 0.0 0
1651840586779 0.0 0
1651840587425 0.0 0
1651840595072 0.7298755796114603 0
1651840595726 0.0 0
1651840596394 0.0 0
1651840597042 0.0 0
1651840597740 0.0 0
1651840598414 0.0 0
1651840599078 0.0 0
1651840599727 0.0 0
1651840600368 0.0 0
1651840601031 0.0 0
1651840601681 0.0 0
1651840602339 0.0 0
1651840602971 0.0 0
1651840603604 0.0 0
1651840604230 0.0 0
1651840604883 0.0 0
1651840605559 0.0 0
1651840606224 0.0 0
1651840606920 0.0 0
1651840607566 0.0 0
1651840608216 0.0 0
1651840608881 0.0 0
1651840609549 0.0 0
1651840610190 0.0 0
1651840610827 0.0 0
1651840611460 0.0 0
1651840612139 0.0 0
1651840612799 0.0 0
1651840613467 0.0 0
1651840614123 0.0 0
1651840614832 0.0 0
1651840615495 0.0 0
1651840616158 0.0 0
1651840616799 0.0 0
1651840617454 0.0 0
1651840618111 0.0 0
1651840618751 0.0 0
1651840619397 0.0 0
1651840620040 0.0 0
1651840620667 0.0 0
1651840621339 0.0 0
1651840622003 0.0 0
1651840622668 0.0 0
1651840623358 0.0 0
1651840624022 0.0 0
1651840624660 0.0 0
1651840625314 0.0 0
1651840625983 0.0 0
1651840626627 0.0 0
1651840627269 0.0 0
1651840635113 0.6760526965000878 0
1651840635790 0.0 0
1651840636435 0.0 0
1651840637142 0.0 0
1651840637819 0.0 0
1651840638488 0.0 0
1651840639142 0.0 0
1651840639809 0.0 0
1651840640488 0.0 0
1651840641123 0.0 0
1651840641781 0.0 0
1651840642437 0.0 0
1651840643059 0.0 0
1651840643715 0.0 0
1651840644370 0.0 0
1651840645041 0.0 0
1651840645702 0.0 0
1651840646364 0.0 0
1651840647024 0.0 0
1651840647683 0.0 0
1651840648372 0.0 0
1651840649031 0.0 0
1651840649664 0.0 0
1651840650323 0.0 0
1651840650967 0.0 0
1651840651608 0.0 0
1651840652308 0.0 0
1651840652965 0.0 0
1651840653630 0.0 0
1651840654280 0.0 0
1651840654918 0.0 0
1651840655587 0.0 0
1651840656249 0.0 0
1651840656910 0.0 0
1651840657549 0.0 0
1651840658196 0.0 0
1651840658848 0.0 0
1651840659477 0.0 0
1651840660180 0.0 0
1651840660871 0.0 0
1651840661565 0.0 0
1651840662237 0.0 0
1651840662873 0.0 0
1651840663503 0.0 0
1651840664160 0.0 0
1651840664817 0.0 0
1651840665460 0.0 0
1651840666121 0.0 0
1651840666752 0.0 0
1651840667409 0.0 0
1651840675527 0.7825056085586548 0
1651840676196 0.0 0
1651840676867 0.0 0
1651840677512 0.0 0
1651840678152 0.0 0
1651840678797 0.0 0
1651840679491 0.0 0
1651840680162 0.0 0
1651840680825 0.0 0
1651840681488 0.0 0
1651840682151 0.0 0
1651840682803 0.0 0
1651840683468 0.0 0
1651840684141 0.0 0
1651840684834 0.0 0
1651840685506 0.0 0
1651840686153 0.0 0
1651840686809 0.0 0
1651840687470 0.0 0
1651840688107 0.0 0
1651840688760 0.0 0
1651840689409 0.0 0
1651840690075 0.0 0
1651840690742 0.0 0
1651840691449 0.0 0
1651840692107 0.0 0
1651840692803 0.0 0
1651840693437 0.0 0
1651840694092 0.0 0
1651840694751 0.0 0
1651840695404 0.0 0
1651840696039 0.0 0
1651840696691 0.0 0
1651840697339 0.0 0
1651840697960 0.0 0
1651840698596 0.0 0
1651840699280 0.0 0
1651840699906 0.0 0
1651840700561 0.0 0
1651840701234 0.0 0
1651840701913 0.0 0
1651840702553 0.0 0
1651840703188 0.0 0
1651840703882 0.0 0
1651840704599 0.0 0
1651840705273 0.0 0
1651840705939 0.0 0
1651840706598 0.0 0
1651840707259 0.0 0
1651840707955 0.0 0
