1651833534811 0.5452 0
1651833538288 0.708 0
1651833541942 0.7472 0
1651833545642 0.7932 0
1651833549285 0.7972 0
1651833552902 0.8536 0
1651833556566 0.8364 0
1651833560094 0.8804 0
1651833563748 0.8792 0
1651833567330 0.9008 0
1651833570868 0.9148 0
1651833574532 0.9124 0
1651833578200 0.9148 0
1651833581695 0.926 0
1651833585323 0.924 0
1651833588924 0.9396 0
1651833592471 0.9148 0
1651833596132 0.9416 0
1651833599649 0.9404 0
1651833603336 0.9512 0
1651833606904 0.9604 0
1651833610480 0.9668 0
1651833614048 0.954 0
1651833617665 0.9672 0
1651833621293 0.9512 0
1651833625003 0.97 0
1651833628710 0.978 0
1651833632174 0.9684 0
1651833635850 0.9652 0
1651833639417 0.976 0
1651833644917 0.4612 0
1651833650125 0.63 0
1651833655216 0.6928 0
1651833660476 0.7548 0
1651833665739 0.7744 0
1651833671029 0.8356 0
1651833676160 0.8472 0
1651833681247 0.8624 0
1651833686444 0.9004 0
1651833691639 0.8964 0
1651833696938 0.906 0
1651833702147 0.8916 0
1651833707322 0.9132 0
1651833712420 0.912 0
1651833717562 0.9372 0
1651833722716 0.9376 0
1651833727865 0.956 0
1651833733093 0.9512 0
1651833738394 0.9496 0
1651833743570 0.95 0
1651833748865 0.9564 0
1651833754199 0.9656 0
1651833759263 0.9648 0
1651833764624 0.948 0
1651833769696 0.9744 0
1651833774802 0.9796 0
1651833780022 0.942 0
1651833785242 0.9736 0
1651833790531 0.9712 0
1651833795838 0.9808 0
1651833802189 0.4856 0
1651833807837 0.6244 0
1651833813744 0.7108 0
1651833819629 0.7616 0
1651833825330 0.79 0
1651833831216 0.8384 0
1651833837085 0.8584 0
1651833842958 0.876 0
1651833848783 0.8932 0
1651833854619 0.8872 0
1651833860512 0.9144 0
1651833866348 0.9232 0
1651833872196 0.9344 0
1651833878139 0.9052 0
1651833884102 0.9312 0
1651833889846 0.9464 0
1651833895803 0.9316 0
1651833901699 0.9312 0
1651833907565 0.9544 0
1651833913360 0.9596 0
1651833919287 0.9696 0
1651833925160 0.9592 0
1651833930958 0.9656 0
1651833936745 0.966 0
1651833942765 0.9648 0
1651833948471 0.9736 0
1651833954148 0.9616 0
1651833960000 0.9676 0
1651833965880 0.9168 0
1651833971621 0.976 0
1651833979341 0.686 0
1651833985903 0.8116 0
1651833992613 0.864 0
1651833998935 0.8944 0
1651834005687 0.8996 0
1651834012381 0.9304 0
1651834018877 0.924 0
1651834025383 0.9472 0
1651834031956 0.9516 0
1651834038567 0.9596 0
1651834045329 0.968 0
1651834051888 0.9676 0
1651834058480 0.9632 0
1651834065192 0.968 0
1651834071823 0.9772 0
1651834078386 0.9744 0
1651834084960 0.9332 0
1651834091470 0.9752 0
1651834098000 0.9884 0
1651834104520 0.9864 0
1651834111130 0.976 0
1651834117729 0.9808 0
1651834124303 0.9916 0
1651834130890 0.9792 0
1651834137347 0.98 0
1651834144071 0.9832 0
1651834150583 0.988 0
1651834157207 0.9796 0
1651834163749 0.9684 0
1651834170317 0.9836 0
1651834179312 0.4628 0
1651834186720 0.6324 0
1651834194009 0.6844 0
1651834201347 0.7448 0
1651834208766 0.7768 0
1651834216026 0.82 0
1651834223452 0.8388 0
1651834230947 0.8604 0
1651834238304 0.8856 0
1651834245688 0.8988 0
1651834252903 0.8804 0
1651834260267 0.9272 0
1651834267720 0.9276 0
1651834275024 0.9436 0
1651834282325 0.9384 0
1651834289671 0.9528 0
1651834297122 0.9352 0
1651834304417 0.9436 0
1651834311609 0.9508 0
1651834318730 0.9664 0
1651834326169 0.9528 0
1651834333292 0.9716 0
1651834340823 0.9636 0
1651834348254 0.97 0
1651834355755 0.9556 0
1651834362967 0.9756 0
1651834370189 0.9456 0
1651834377488 0.9316 0
1651834384784 0.9384 0
1651834392283 0.9656 0
