1651734417859 1.0521077487707138 0
1651734422166 0.8630727655410767 0
1651734426520 0.7557719553947448 0
1651734430776 0.7176001541137695 0
1651734435190 0.5931019144773483 0
1651734439608 0.6071729155540466 0
1651734443866 0.5418559724092483 0
1651734448258 0.4862268069624901 0
1651734452602 0.4310412217259407 0
1651734456993 0.3958877657055855 0
1651734461349 0.39446345930099486 0
1651734465669 0.3336883333027363 0
1651734470082 0.2995094454169273 0
1651734474354 0.3153407080471516 0
1651734478723 0.2450048629373312 0
1651734483055 0.24870148079991342 0
1651734487387 0.24859711071401835 0
1651734491769 0.20008330387324094 0
1651734496189 0.185946388836205 0
1651734500616 0.18906559475511311 0
1651734504973 0.15902324040159582 0
1651734509233 0.18951439405605197 0
1651734513621 0.1536120308227837 0
1651734517909 0.1471133619710803 0
1651734522264 0.14646323904916644 0
1651734526642 0.12013837736696005 0
1651734531034 0.13317062117680908 0
1651734535424 0.10893257896080613 0
1651734539823 0.11436497365348042 0
1651734544205 0.10058545362278819 0
1651734548529 0.10465603244900704 0
1651734552801 0.10314877948090434 0
1651734557215 0.10612476695254446 0
1651734561696 0.09538212159015239 0
1651734565981 0.08919678215719759 0
1651734570409 0.0980638986505568 0
1651734574880 0.08199976465012879 0
1651734579261 0.1013517660215497 0
1651734583552 0.10253206409104168 0
1651734587999 0.10095585325472056 0
1651734592333 0.09079424367807805 0
1651734596739 0.08519723983705044 0
1651734601159 0.06936257594283671 0
1651734605497 0.08511390180587769 0
1651734609807 0.06882877353029325 0
1651734614150 0.056764148293994364 0
1651734618331 0.09502491443585605 0
1651734622734 0.05900159656703472 0
1651734627222 0.08369806870687753 0
1651734631738 0.06678600034974515 0
1651734637002 0.7315189073562622 0
1651734640055 0.48473658547401427 0
1651734643084 0.3955920282125473 0
1651734646116 0.3179099207818508 0
1651734649180 0.26434364745914934 0
1651734652256 0.22818996272981168 0
1651734655300 0.17170917933881283 0
1651734658343 0.1652115002438426 0
1651734661384 0.14641563708633185 0
1651734664475 0.11880356121063232 0
1651734667492 0.10920351775698364 0
1651734670467 0.10177423754446209 0
1651734673519 0.09825691281706095 0
1651734676595 0.08119045219048858 0
1651734679676 0.08067981374617667 0
1651734682724 0.07335853678137064 0
1651734685784 0.05847959873266518 0
1651734688713 0.06765220689065754 0
1651734691725 0.09633246026821435 0
1651734694742 0.06635691683944314 0
1651734697793 0.051542885629832745 0
1651734700840 0.06591741353953257 0
1651734703787 0.03960794469863176 0
1651734706839 0.059860092522669585 0
1651734709877 0.03409312203079462 0
1651734712894 0.06563515350278466 0
1651734715987 0.042949174903985116 0
1651734719002 0.038010305915866044 0
1651734722105 0.04559269776921719 0
1651734725162 0.04672404448925518 0
1651734728227 0.04627883744817227 0
1651734731176 0.04463953551892191 0
1651734734127 0.02317247722875327 0
1651734737149 0.04403998202965595 0
1651734740164 0.050286429339181635 0
1651734743113 0.050982144386228175 0
1651734746141 0.043337525681126865 0
1651734749175 0.020834868392115458 0
1651734752172 0.029380354182235897 0
1651734755188 0.0325933324505575 0
1651734758249 0.04279806374227628 0
1651734761361 0.023841687101917343 0
1651734764440 0.04348845665650442 0
1651734767507 0.02480275594345294 0
1651734770518 0.04750307924612425 0
1651734773770 0.055291758629260584 0
1651734777045 0.024712908062478528 0
1651734780185 0.016172125476039946 0
1651734783202 0.028254990953486412 0
1651734786286 0.0201633935729973 0
1651734793965 0.7757507042884827 0
1651734797245 0.5126429958820343 0
1651734800453 0.4190960071861744 0
1651734803742 0.3297904166519642 0
1651734806923 0.276968891197443 0
1651734810099 0.25317359836548564 0
1651734813294 0.21974566795527936 0
1651734816427 0.1773127099722624 0
1651734819566 0.15240881217718125 0
1651734822802 0.12471178410798311 0
1651734825925 0.12893131090402604 0
1651734829087 0.1025557729613036 0
1651734832281 0.1104137565381825 0
1651734835438 0.10125721876211465 0
1651734838667 0.09426505934409797 0
1651734841849 0.07727014231570065 0
1651734845053 0.08791334959827364 0
1651734848232 0.06078339918926358 0
1651734851411 0.06290678953491151 0
1651734854578 0.07017996506448836 0
1651734857738 0.041126537702046335 0
1651734860899 0.06063503360524774 0
1651734864042 0.0643032915133983 0
1651734867260 0.0477551370985806 0
1651734870546 0.047727909974008796 0
1651734873706 0.05844480361789465 0
1651734876902 0.05711584030352533 0
1651734880023 0.04430176940001547 0
1651734883161 0.06512748134881258 0
1651734886420 0.044436910214740784 0
1651734889688 0.037200406074896455 0
1651734892935 0.05324659757874906 0
1651734896026 0.03795210660891608 0
1651734899361 0.03050586341698654 0
1651734902482 0.03982565362015739 0
1651734905713 0.04578689599824138 0
1651734908885 0.05070141351241619 0
1651734912034 0.06185701964385808 0
1651734915226 0.03837780331671238 0
1651734918432 0.017635240056365728 0
1651734921635 0.021378284335555508 0
1651734924670 0.04035038061873056 0
1651734927789 0.0421243659153115 0
1651734930971 0.044274703424191104 0
1651734934245 0.035783770665107295 0
1651734937401 0.02396806439156644 0
1651734940617 0.025261559603735804 0
1651734943811 0.033723588633956386 0
1651734947006 0.05515351849254221 0
1651734950188 0.03763809319469146 0
1651734960055 0.7675717636108399 0
1651734963267 0.507814196908474 0
1651734966622 0.4143282694041729 0
1651734969863 0.3139119486570358 0
1651734973072 0.2661561292022467 0
1651734976291 0.23708451814055442 0
1651734979538 0.2009923739850521 0
1651734982683 0.16109304870665073 0
1651734985870 0.14884596232771874 0
1651734989098 0.1404365984067321 0
1651734992322 0.11494400788620114 0
1651734995575 0.09990417433306575 0
1651734998865 0.0940847838178277 0
1651735002074 0.09583707436528056 0
1651735005275 0.09530676550678908 0
1651735008544 0.06580801484286786 0
1651735011777 0.08287287537045777 0
1651735014998 0.069710688845627 0
1651735018207 0.06301564649995417 0
1651735021408 0.0688581152651459 0
1651735024528 0.0771705993032083 0
1651735027736 0.07257520410418511 0
1651735030990 0.053593658919632435 0
1651735034198 0.05218160096164793 0
1651735037391 0.06023250354975462 0
1651735040650 0.03404820530861616 0
1651735043902 0.04786687438096851 0
1651735047157 0.06363015183713287 0
1651735050449 0.05071540054492652 0
1651735053572 0.03916601360058412 0
1651735056719 0.048244414607901125 0
1651735059866 0.04730842160135507 0
1651735063147 0.0503125190326944 0
1651735066350 0.04101807071696967 0
1651735069500 0.02896494879904203 0
1651735072607 0.032263190796179696 0
1651735075775 0.050807702198810874 0
1651735078861 0.037741427289042624 0
1651735082071 0.04023157713906839 0
1651735085249 0.04836997630270198 0
1651735088467 0.029575546113448217 0
1651735091635 0.043854097495786844 0
1651735094863 0.033147386595699935 0
1651735098049 0.020647188918292522 0
1651735101241 0.02216125229531899 0
1651735104424 0.03561295945441816 0
1651735107601 0.037357967115519565 0
1651735110752 0.03540199010879733 0
1651735113952 0.026269665163801983 0
1651735117141 0.03369962103683501 0
1651735129423 1.0487629702568053 0
1651735132527 0.7837723740577698 0
1651735135640 0.653608184504509 0
1651735138730 0.5555441612958908 0
1651735141873 0.45340188944339754 0
1651735145071 0.3917929507315159 0
1651735148238 0.32526523938477037 0
1651735151432 0.2904417129456997 0
1651735154598 0.23218498559892178 0
1651735157695 0.21859033864140512 0
1651735160935 0.18155207751393318 0
1651735164071 0.17531756830066442 0
1651735167164 0.1835315373942256 0
1651735170330 0.162291862334311 0
1651735173524 0.14042816088348628 0
1651735176627 0.13028762157484888 0
1651735179886 0.12194558350518346 0
1651735183047 0.10486545370407402 0
1651735186172 0.10267787087745965 0
1651735189263 0.10533493498712779 0
1651735192386 0.1076568440541625 0
1651735195533 0.10136472417041659 0
1651735198689 0.11316009249389171 0
1651735201777 0.07678291284702718 0
1651735204839 0.07385619623735547 0
1651735208039 0.09850629645064474 0
1651735211174 0.07127212944179773 0
1651735214336 0.07418928455412388 0
1651735217414 0.06088082346916199 0
1651735220466 0.0834890302253887 0
1651735223646 0.08191118652634323 0
1651735226728 0.07384934431742876 0
1651735229884 0.07703966605262831 0
1651735232969 0.0658168741978705 0
1651735236094 0.0446836550783366 0
1651735239316 0.05231512318989262 0
1651735242487 0.05581644889032468 0
1651735245714 0.05857326429989189 0
1651735248939 0.05357615453898907 0
1651735252053 0.05831412131432444 0
1651735255158 0.051996707770880314 0
1651735258302 0.05074856957234442 0
1651735261380 0.052822904146183285 0
1651735264509 0.04316426698984578 0
1651735267710 0.06354421455301344 0
1651735270820 0.05701282475702465 0
1651735273940 0.04333030738662928 0
1651735277083 0.04767509455084801 0
1651735280251 0.03819495889646932 0
1651735283310 0.035104898218251766 0
1651735298090 0.8717784479141235 0
1651735301245 0.62198677983284 0
1651735304376 0.49772831444740295 0
1651735307418 0.40733140482902525 0
1651735310577 0.3446504424035549 0
1651735313691 0.2816382938027382 0
1651735316775 0.2352057171970606 0
1651735319913 0.20753011525571347 0
1651735323018 0.19977871312201023 0
1651735326153 0.16823828127682208 0
1651735329359 0.14082531298846007 0
1651735332498 0.14143617466315628 0
1651735335607 0.14093161935210227 0
1651735338611 0.1034080766737461 0
1651735341731 0.11459388044625521 0
1651735344823 0.09947320525981486 0
1651735347936 0.08871839132755995 0
1651735351034 0.08868358251005411 0
1651735354177 0.07269465437270702 0
1651735357269 0.08254417999172584 0
1651735360395 0.07322968709934503 0
1651735363541 0.06501823284588754 0
1651735366729 0.074306812992692 0
1651735369858 0.07835121595766395 0
1651735372991 0.06135451688654721 0
1651735376153 0.050324777873978016 0
1651735379345 0.08472216825466602 0
1651735382484 0.07714210505522788 0
1651735385644 0.04556872786628082 0
1651735388832 0.056478097753040496 0
1651735391953 0.06093833462074399 0
1651735395118 0.048412165245320646 0
1651735398219 0.03185042180428282 0
1651735401299 0.0710571247158572 0
1651735404464 0.0579152772189118 0
1651735407681 0.050078221129532904 0
1651735410848 0.03558425232358277 0
1651735413938 0.03189305514814332 0
1651735417109 0.058773898880463096 0
1651735420275 0.03962428394965827 0
1651735423475 0.044782215859368445 0
1651735426694 0.05112000549770892 0
1651735429926 0.034549546992592516 0
1651735433129 0.04090128297638148 0
1651735436196 0.023551158628473057 0
1651735439425 0.05233589426120743 0
1651735442646 0.04313129715146497 0
1651735445840 0.029624584441119806 0
1651735449061 0.025165094618545845 0
1651735452236 0.03408338106218725 0
1651735469392 1.0060246046543122 0
1651735472617 0.7631691783428192 0
1651735475842 0.6401033798217773 0
1651735479050 0.5258051161289216 0
1651735482254 0.4601684969723225 0
1651735485438 0.38682727793455124 0
1651735488647 0.32685964457988737 0
1651735491852 0.27879224937856195 0
1651735494923 0.22469252274036408 0
1651735497994 0.20183139617294074 0
1651735501157 0.18287575664669276 0
1651735504263 0.1682567034214735 0
1651735507454 0.16073320998847485 0
1651735510633 0.16066154032200575 0
1651735513835 0.11996921079233289 0
1651735517016 0.14162308503463863 0
1651735520276 0.1152635415814817 0
1651735523419 0.11096777402237058 0
1651735526638 0.11425369649529457 0
1651735529794 0.10878950334526598 0
1651735532959 0.11139313529729843 0
1651735536089 0.07059076267629862 0
1651735539187 0.09784145972318947 0
1651735542331 0.08151875639073551 0
1651735545472 0.06585574294216931 0
1651735548660 0.06778299342971295 0
1651735551772 0.07544388770833611 0
1651735554994 0.09051816782485694 0
1651735558141 0.0800936465327628 0
1651735561347 0.059236440028250216 0
1651735564541 0.07635555229634046 0
1651735567686 0.07138843070790171 0
1651735570894 0.0710230389688164 0
1651735574062 0.05991849114075303 0
1651735577217 0.05368907305356115 0
1651735580430 0.05111219247719273 0
1651735583631 0.055112317118793726 0
1651735586845 0.059213592011481526 0
1651735590037 0.07006853940282017 0
1651735593212 0.055483918980136514 0
1651735596407 0.06429106368673965 0
1651735599616 0.040284651017561554 0
1651735602788 0.05524611616060138 0
1651735605936 0.06553142683664337 0
1651735609084 0.04804227385064587 0
1651735612252 0.04190163080361672 0
1651735615388 0.05307915696874261 0
1651735618559 0.048561031139455736 0
1651735621759 0.043873678496200594 0
1651735624953 0.03822345999488607 0
1651735644450 0.8468904259204865 0
1651735647560 0.645162342429161 0
1651735650719 0.494476047205925 0
1651735653884 0.4448034108042717 0
1651735657010 0.35499644164443017 0
1651735660216 0.3086708402991295 0
1651735663388 0.27674505974799396 0
1651735666515 0.22412797557860614 0
1651735669604 0.14957587765157224 0
1651735672732 0.15428205699324607 0
1651735675815 0.1668754971370101 0
1651735679018 0.1361369369506836 0
1651735682183 0.10876420638486743 0
1651735685348 0.09102742824554444 0
1651735688500 0.10755992376208305 0
1651735691664 0.09094056078866124 0
1651735694763 0.1033481555800885 0
1651735697933 0.09674196728914976 0
1651735701135 0.07701722173728048 0
1651735704385 0.06158770576864481 0
1651735707540 0.0639304503088817 0
1651735710651 0.06326790814902633 0
1651735713821 0.07107915440276265 0
1651735716995 0.08155046140514315 0
1651735720184 0.054953070453740656 0
1651735723355 0.06370042019654065 0
1651735726539 0.06420657281447202 0
1651735729671 0.06218233655001968 0
1651735732779 0.04750132267475128 0
1651735735963 0.05928439870486036 0
1651735739116 0.05657484917417169 0
1651735742261 0.06284167277291416 0
1651735745495 0.03745242828475311 0
1651735748630 0.03829181922860444 0
1651735751758 0.05418200788060203 0
1651735754942 0.050635567312315104 0
1651735758147 0.06582878288757056 0
1651735761324 0.06263560160081834 0
1651735764475 0.04323987546833232 0
1651735767680 0.043740637171454724 0
1651735770929 0.02987485117651522 0
1651735774141 0.028992043602326885 0
1651735777302 0.06711705500120298 0
1651735780494 0.029479474666481837 0
1651735783631 0.03275126119758934 0
1651735786889 0.0315270404625684 0
1651735790071 0.04675426328554749 0
1651735793207 0.026658768838178366 0
1651735796397 0.05067406832459383 0
1651735799620 0.03957498738789 0
1651735821476 1.0644755046844483 0
1651735824682 0.7896732565641403 0
1651735827808 0.6317468359231949 0
1651735831020 0.5558767985582351 0
1651735834120 0.4524705224335194 0
1651735837319 0.37468511149287226 0
1651735840522 0.331832130253315 0
1651735843669 0.2928950059533119 0
1651735846852 0.2500459349870682 0
1651735849903 0.23304250479340552 0
1651735853058 0.23808617556095124 0
1651735856256 0.17303142410814762 0
1651735859421 0.15997021314501764 0
1651735862675 0.15525016306489706 0
1651735865843 0.14682374498695136 0
1651735868948 0.14352771921902896 0
1651735872144 0.12495401937067509 0
1651735875282 0.12960331813320516 0
1651735878404 0.10122827782407404 0
1651735881552 0.09033188869431615 0
1651735884733 0.0955977224074304 0
1651735887896 0.09966741467937827 0
1651735891061 0.09906658789776265 0
1651735894232 0.09380500372722744 0
1651735897384 0.08143727927543223 0
1651735900585 0.09764198796562851 0
1651735903708 0.09439092609621584 0
1651735906873 0.07555310192089527 0
1651735910072 0.06685337545163929 0
1651735913279 0.08884308701306581 0
1651735916433 0.06500521928463131 0
1651735919632 0.06953519610650838 0
1651735922798 0.07468938091769814 0
1651735925922 0.07401069653164595 0
1651735929113 0.07514851791169494 0
1651735932275 0.06646684560626745 0
1651735935403 0.049940697358362374 0
1651735938530 0.04888547473400831 0
1651735941655 0.054488232467044144 0
1651735944829 0.07156070435121656 0
1651735948012 0.0635796175468713 0
1651735951248 0.044285177965275944 0
1651735954388 0.06152182618454099 0
1651735957525 0.057005391436629 0
1651735960705 0.06564615809787065 0
1651735963848 0.04234978620838374 0
1651735966949 0.055441512243356555 0
1651735970084 0.04028895665733144 0
1651735973282 0.04049118458330631 0
1651735976581 0.04024929545782507 0
1651736000828 1.0901836292266847 0
1651736003965 0.8121497026443482 0
1651736007134 0.6816974694728851 0
1651736010293 0.5764329613208771 0
1651736013482 0.5059845400214196 0
1651736016672 0.42412444190979004 0
1651736019805 0.36055977471470835 0
1651736022933 0.3090527789890766 0
1651736026108 0.29285198802649975 0
1651736029213 0.2546994455486536 0
1651736032331 0.22543979327082633 0
1651736035474 0.19088616475760936 0
1651736038669 0.20680926044136286 0
1651736041876 0.17258627278804778 0
1651736045116 0.16697384565323592 0
1651736048308 0.1258114138752222 0
1651736051502 0.13224613751247524 0
1651736054604 0.14166108519360424 0
1651736057871 0.10549131326079368 0
1651736060989 0.13205603386089207 0
1651736064120 0.11616216234117746 0
1651736067307 0.11630182970166206 0
1651736070496 0.09534950481187553 0
1651736073730 0.10199115938693284 0
1651736076922 0.10638178547136486 0
1651736080137 0.08247114942055196 0
1651736083228 0.10814463461339474 0
1651736086329 0.09416707832328976 0
1651736089447 0.07485961404405535 0
1651736092497 0.06495562406564132 0
1651736095604 0.08319789895042777 0
1651736098803 0.07754011448025704 0
1651736102026 0.07006526988390833 0
1651736105250 0.0876364319095388 0
1651736108452 0.06205448335129768 0
1651736111594 0.07055950622297824 0
1651736114727 0.0720456683933735 0
1651736117882 0.06754932146556676 0
1651736121085 0.06690225697904825 0
1651736124277 0.06175007625520229 0
1651736127464 0.06766735768206418 0
1651736130632 0.04830801728852093 0
1651736133819 0.060959001260623334 0
1651736137056 0.052287666631862524 0
1651736140219 0.05567103035170585 0
1651736143426 0.06771428172728047 0
1651736146681 0.05630200499026105 0
1651736149871 0.04993558636158705 0
1651736153070 0.04498508113641292 0
1651736156286 0.05819866483490914 0
1651736182949 0.8389633480072022 0
1651736186162 0.5982712356686593 0
1651736189278 0.48396072914600374 0
1651736192445 0.40950312832593916 0
1651736195648 0.3367338453680277 0
1651736198805 0.2697765699058771 0
1651736202049 0.2404636182665825 0
1651736205250 0.21581037065684797 0
1651736208463 0.17681776267439128 0
1651736211656 0.17181976941078902 0
1651736214925 0.15014976278990508 0
1651736218135 0.12584517515003682 0
1651736221354 0.11117598394230008 0
1651736224582 0.10080991969630122 0
1651736227798 0.10760968915820122 0
1651736230985 0.09490350519567728 0
1651736234170 0.08946021950878202 0
1651736237385 0.07686289979051798 0
1651736240549 0.07768023469112814 0
1651736243660 0.07017393207661808 0
1651736246880 0.07729696112982928 0
1651736250027 0.06105439114440232 0
1651736253195 0.06812991298735142 0
1651736256388 0.06505819561686367 0
1651736259640 0.08327548920288683 0
1651736262859 0.05265744700506329 0
1651736266151 0.04828612330816686 0
1651736269339 0.059358761716261504 0
1651736272497 0.05952359532695264 0
1651736275683 0.05103878880110569 0
1651736278826 0.053022098502889276 0
1651736282014 0.05589964048340917 0
1651736285187 0.041604989605396984 0
1651736288383 0.04911668354570865 0
1651736291566 0.04057021813709289 0
1651736294723 0.07502006022129208 0
1651736297974 0.04623442398365587 0
1651736301118 0.02916222512992099 0
1651736304306 0.038945522861462085 0
1651736307551 0.04158151417453773 0
1651736310763 0.03837562559479848 0
1651736313970 0.03555103776501492 0
1651736317143 0.035982969497516754 0
1651736320269 0.0380063776706811 0
1651736323555 0.03367686253916472 0
1651736326760 0.03647221645074897 0
1651736329960 0.047842688082018865 0
1651736333172 0.0267550786416512 0
1651736336382 0.03883969895243645 0
1651736339591 0.029059151262044905 0
1651736368738 0.8965987080097199 0
1651736371929 0.667348881483078 0
1651736375119 0.5636938910365105 0
1651736378326 0.45788283281922343 0
1651736381564 0.37314124495983125 0
1651736384781 0.3255989190042019 0
1651736387982 0.28442894602417945 0
1651736391129 0.2475025844424963 0
1651736394383 0.2204958918735385 0
1651736397602 0.1839179741591215 0
1651736400775 0.17377416047751904 0
1651736403999 0.17730482369065284 0
1651736407263 0.12603344249576331 0
1651736410410 0.09108304636701942 0
1651736413633 0.13658165238276124 0
1651736416831 0.13251395723298193 0
1651736420043 0.08506564263049513 0
1651736423262 0.11034367626756429 0
1651736426438 0.10798501708209515 0
1651736429628 0.09834851563945413 0
1651736432908 0.0930690698325634 0
1651736436051 0.08264097496569156 0
1651736439132 0.07809475293383002 0
1651736442296 0.09047393921688199 0
1651736445342 0.0793680443674326 0
1651736448522 0.06948099905792623 0
1651736451729 0.06812848572377116 0
1651736454923 0.07857377914283424 0
1651736458073 0.07886531627774239 0
1651736461318 0.046678826384991406 0
1651736464547 0.04941276363544166 0
1651736467813 0.06372797063309699 0
1651736470990 0.05387086024656892 0
1651736474199 0.07361761027052999 0
1651736477382 0.056134544073976576 0
1651736480580 0.052159996161982414 0
1651736483756 0.06143234164286405 0
1651736486968 0.05807069261614233 0
1651736490146 0.0426048398799263 0
1651736493387 0.03912592250360176 0
1651736496615 0.04812200895715505 0
1651736499792 0.034359354978241025 0
1651736502969 0.06282704205447807 0
1651736506213 0.05536112837474793 0
1651736509381 0.03910297584328801 0
1651736512637 0.04115858465768397 0
1651736515854 0.04262685158113018 0
1651736519023 0.04310915585616604 0
1651736522206 0.04202863331828267 0
1651736525411 0.05529555282788351 0
1651736557224 1.034529794216156 0
1651736560501 0.7749498928546905 0
1651736563823 0.6833142409324646 0
1651736567101 0.5842712306976319 0
1651736570400 0.4799147516965866 0
1651736573772 0.44000821253061295 0
1651736577081 0.3900371993780136 0
1651736580431 0.31423083324730394 0
1651736583733 0.31539601371884346 0
1651736587131 0.2761292510151863 0
1651736590473 0.24316882702112197 0
1651736593759 0.2208349842712283 0
1651736597096 0.20265099378675222 0
1651736600388 0.1519982278585434 0
1651736603703 0.18263274098038673 0
1651736607037 0.15812196170538664 0
1651736610390 0.13246127459704876 0
1651736613714 0.12225342498347164 0
1651736617008 0.1478019466802478 0
1651736620243 0.1219152933895588 0
1651736623613 0.12101048584803939 0
1651736626952 0.1266894691042602 0
1651736630298 0.11284288825839758 0
1651736633696 0.11782985033094882 0
1651736637063 0.12588367234095932 0
1651736640362 0.08015246002189814 0
1651736643733 0.09596216171644628 0
1651736647061 0.07587549199350178 0
1651736650334 0.07704588354043662 0
1651736653622 0.08654814472906291 0
1651736656930 0.08028617540113628 0
1651736660247 0.07268732056543231 0
1651736663614 0.06715154691636563 0
1651736666962 0.08179496206110343 0
1651736670322 0.07841046408228576 0
1651736673699 0.0753244147926569 0
1651736677068 0.07375614350251854 0
1651736680410 0.059400207832828164 0
1651736683681 0.06010922550018877 0
1651736686961 0.06105814893823117 0
1651736690402 0.070930321925506 0
1651736693615 0.045089508948847654 0
1651736696835 0.04969658345915377 0
1651736700156 0.06730482187811285 0
1651736703541 0.0661609064033255 0
1651736706925 0.06277033202452585 0
1651736710254 0.041051253362558784 0
1651736713632 0.0871654250735417 0
1651736717036 0.0625833836090751 0
1651736720411 0.04615669218711555 0
1651736754585 0.9794321949958801 0
1651736757946 0.7196876966953277 0
1651736761205 0.5699158343791961 0
1651736764504 0.5180501648664474 0
1651736767759 0.42158741992712023 0
1651736771093 0.38282408073544505 0
1651736774278 0.31572185155153276 0
1651736777420 0.29495968403220174 0
1651736780677 0.2571788120955229 0
1651736783939 0.2347829848408699 0
1651736787224 0.1713394591867924 0
1651736790372 0.19891475072354078 0
1651736793609 0.1567111060664058 0
1651736796893 0.17460787099450828 0
1651736800213 0.14987618495225907 0
1651736803536 0.12934118633791805 0
1651736806824 0.11519405452907086 0
1651736810189 0.11152384962253273 0
1651736813477 0.10681244733482599 0
1651736816721 0.1285030584819615 0
1651736819999 0.09701631371155381 0
1651736823312 0.09034591598957777 0
1651736826595 0.08373441373482346 0
1651736829885 0.11074840951412916 0
1651736833091 0.08971300228238106 0
1651736836399 0.06866795058138668 0
1651736839649 0.07713052490819246 0
1651736842932 0.067624572712183 0
1651736846274 0.07770973983891308 0
1651736849623 0.07182709414009004 0
1651736852897 0.07626761811431497 0
1651736856232 0.052542809709347785 0
1651736859506 0.07836607874911279 0
1651736862813 0.06044750422164798 0
1651736866111 0.059299096796102825 0
1651736869416 0.05266912911292165 0
1651736872690 0.07765508881919087 0
1651736875970 0.06123708129115403 0
1651736879202 0.06946233068984002 0
1651736882398 0.06845113061666488 0
1651736885671 0.059220893587730826 0
1651736889024 0.08223852406926453 0
1651736892304 0.042095063925534484 0
1651736895503 0.0368856105659157 0
1651736898715 0.05387844362277538 0
1651736901981 0.05232527654096484 0
1651736905290 0.0418937322281301 0
1651736908551 0.05810948588112369 0
1651736911829 0.05511618300760165 0
1651736915128 0.0476400746663101 0
1651736952576 0.8637922174453735 0
1651736955882 0.6297259390354156 0
1651736959228 0.5074544954895973 0
1651736962481 0.4318979985117912 0
1651736965798 0.3510381752789021 0
1651736969054 0.29725186719298363 0
1651736972310 0.256752324834466 0
1651736975662 0.2570945587366819 0
1651736978964 0.18820582185089588 0
1651736982275 0.15038122093379497 0
1651736985560 0.1530458389736712 0
1651736988869 0.12906624432206154 0
1651736992175 0.15358936584331095 0
1651736995524 0.1272559445656836 0
1651736998865 0.10637499256804585 0
1651737002274 0.12852751886546612 0
1651737005592 0.10459410703368485 0
1651737008927 0.08891827243119478 0
1651737012318 0.07655921992249787 0
1651737015649 0.06484687524288893 0
1651737018869 0.08159320879299194 0
1651737022235 0.059800847155600786 0
1651737025561 0.0902143187854439 0
1651737028890 0.06819357033576816 0
1651737032188 0.07893195778541266 0
1651737035490 0.0667266929121688 0
1651737038863 0.05112285685641691 0
1651737042125 0.0643891889475286 0
1651737045412 0.062140989839285614 0
1651737048719 0.06829977285042405 0
1651737052022 0.0625904125386849 0
1651737055336 0.06005244903564453 0
1651737058623 0.053984202544018624 0
1651737061929 0.06387887037564069 0
1651737065251 0.05633265239391476 0
1651737068568 0.05204829734573141 0
1651737071911 0.046845308905187996 0
1651737075252 0.045968625995423645 0
1651737078600 0.030579874083749018 0
1651737081903 0.03976886004367843 0
1651737085232 0.04226536506265402 0
1651737088517 0.05866671448908746 0
1651737091879 0.04110686958171427 0
1651737095226 0.04324515202268958 0
1651737098525 0.04276212365273386 0
1651737101906 0.033716624697856606 0
1651737105102 0.04894010116830468 0
1651737108473 0.03128641468025744 0
1651737111764 0.05879650914897211 0
1651737115085 0.021925978227425365 0
1651737154939 0.9936932169914245 0
1651737158201 0.7464911386013031 0
1651737161422 0.620111383008957 0
1651737164656 0.5280709653615951 0
1651737167981 0.4504541730284691 0
1651737171305 0.379597570091486 0
1651737174572 0.32810114329457285 0
1651737177905 0.29641483251452444 0
1651737181264 0.24021557478308678 0
1651737184552 0.19765378169715406 0
1651737187900 0.21129907950609922 0
1651737191175 0.17461334032565357 0
1651737194460 0.16407022758349776 0
1651737197725 0.1241010247066617 0
1651737201000 0.1600101763434708 0
1651737204284 0.14276259049475193 0
1651737207516 0.12057688129618764 0
1651737210795 0.12216517687439918 0
1651737214082 0.11246126726791263 0
1651737217446 0.09191244840882719 0
1651737220760 0.10171160163655878 0
1651737224088 0.08776350599266589 0
1651737227362 0.09987582270503044 0
1651737230620 0.07780538644641638 0
1651737234008 0.10877460030578077 0
1651737237286 0.07632250714562833 0
1651737240585 0.09678341814242303 0
1651737243878 0.08546788116768002 0
1651737247132 0.0665332035901025 0
1651737250410 0.05921841907612979 0
1651737253663 0.09469760633483529 0
1651737256982 0.07747369323652238 0
1651737260275 0.07526081536263228 0
1651737263621 0.06223687680908479 0
1651737266936 0.055363924838788804 0
1651737270175 0.05873409687075764 0
1651737273561 0.06984948898833244 0
1651737276928 0.06100743022449315 0
1651737280208 0.07158212164146825 0
1651737283460 0.061365826750639826 0
1651737286758 0.051653989647515115 0
1651737290084 0.05277304615573958 0
1651737293318 0.04977209642753005 0
1651737296552 0.050205127421207724 0
1651737299781 0.0540940694773104 0
1651737303037 0.05290399049576372 0
1651737306373 0.05732724637594074 0
1651737309576 0.039325974688492714 0
1651737312937 0.04528438199399971 0
1651737316284 0.06194617926422506 0
1651737358694 0.7249562346935272 0
1651737361825 0.4854535875797272 0
1651737365093 0.41012164329886436 0
1651737368334 0.32636072928905485 0
1651737371600 0.2773727574378252 0
1651737374740 0.23410408664643764 0
1651737378032 0.20386536382734777 0
1651737381216 0.14928813666403293 0
1651737384453 0.14888699810802936 0
1651737387728 0.12026274480968714 0
1651737390920 0.15093094902336598 0
1651737394087 0.09654101523831486 0
1651737397460 0.08572774093076586 0
1651737400700 0.07957574468888343 0
1651737403866 0.10716771299540996 0
1651737407074 0.07276167979091405 0
1651737410297 0.07340733770951628 0
1651737413530 0.05311246034931391 0
1651737416790 0.06218456234131008 0
1651737420128 0.05056587574202567 0
1651737423342 0.06590348282502964 0
1651737426547 0.05812319980878383 0
1651737429738 0.06943423332870007 0
1651737432933 0.058534739259816705 0
1651737436188 0.0584184614572674 0
1651737439425 0.04419420363921672 0
1651737442597 0.04508174429945648 0
1651737445866 0.04345680943066254 0
1651737449126 0.04116551518384367 0
1651737452432 0.03310917406496592 0
1651737455683 0.06017165421498939 0
1651737458907 0.035933650952670725 0
1651737462135 0.05502378080720082 0
1651737465332 0.030212015963066368 0
1651737468562 0.03960362582681701 0
1651737471894 0.02546982775782235 0
1651737475138 0.037555927320569754 0
1651737478280 0.06480428468650207 0
1651737481506 0.030942863433109598 0
1651737484790 0.0215744136154186 0
1651737487988 0.020140258899854963 0
1651737491263 0.022962651252560317 0
1651737494498 0.03172480620723218 0
1651737497771 0.047666955126635734 0
1651737500998 0.032520123082282956 0
1651737504174 0.04279326495686546 0
1651737507401 0.01608626716420986 0
1651737510648 0.023553716588765383 0
1651737513941 0.02111718645922374 0
1651737517273 0.03351022541602142 0
1651737562228 0.8193269176244735 0
1651737565554 0.5685706140041351 0
1651737568858 0.44263726055026054 0
1651737572205 0.36978158786296844 0
1651737575530 0.31790573545098305 0
1651737578812 0.25494768438637255 0
1651737582122 0.20821961865872143 0
1651737585481 0.192766102476418 0
1651737588836 0.17856365167200566 0
1651737592237 0.14785675269663334 0
1651737595597 0.13744178311526775 0
1651737598964 0.1432923582583666 0
1651737602324 0.10168185283467174 0
1651737605731 0.10687022801563144 0
1651737609125 0.10611815088912845 0
1651737612503 0.09163477994799614 0
1651737615857 0.08132388683259487 0
1651737619229 0.07459417630843818 0
1651737622626 0.07352112558670341 0
1651737625935 0.09072391723431647 0
1651737629290 0.08550882953908294 0
1651737632668 0.06396227030027658 0
1651737636024 0.05833868944663555 0
1651737639363 0.04692129616532475 0
1651737642647 0.06833967000599951 0
1651737646046 0.04853447858691216 0
1651737649347 0.07457542060129345 0
1651737652764 0.05840837429948151 0
1651737656110 0.042715047363378104 0
1651737659366 0.05632613344760612 0
1651737662648 0.04821326873740181 0
1651737665970 0.04625575820328668 0
1651737669202 0.03604116814471781 0
1651737672478 0.04718671757942065 0
1651737675808 0.06199373417440802 0
1651737679128 0.04569759946390987 0
1651737682425 0.05950380645506084 0
1651737685719 0.054680122763849794 0
1651737689006 0.030128420994244516 0
1651737692230 0.03565076599614695 0
1651737695508 0.03438013156638481 0
1651737698778 0.017294155238801612 0
1651737702077 0.048209162287879734 0
1651737705382 0.04265707032382488 0
1651737708713 0.0289974349278491 0
1651737711985 0.03797566962391138 0
1651737715323 0.028455387624166904 0
1651737718644 0.036569716893322765 0
1651737721970 0.030128377380175517 0
1651737725270 0.03943826839998364 0
1651737772902 1.0932215482711791 0
1651737776285 0.8546074904441834 0
1651737779668 0.7608576604843139 0
1651737783030 0.6463430579900742 0
1651737786386 0.5787319407701492 0
1651737789729 0.46905285749435427 0
1651737793108 0.4153337936341763 0
1651737796513 0.3757307296037674 0
1651737799869 0.34431879159212114 0
1651737803242 0.26876105031371117 0
1651737806655 0.28930764541924 0
1651737810031 0.2364159289687872 0
1651737813459 0.19634696342498065 0
1651737816797 0.19171768180131912 0
1651737820243 0.19399601916968823 0
1651737823678 0.18628581848740577 0
1651737827013 0.14370133312642575 0
1651737830385 0.1430784968867898 0
1651737833694 0.15193567593619228 0
1651737837133 0.1186244644165039 0
1651737840491 0.13056742700003088 0
1651737844007 0.1225518275409937 0
1651737847346 0.10777097692936659 0
1651737850722 0.107371310236305 0
1651737854153 0.12715998951382934 0
1651737857587 0.10791352855488658 0
1651737861037 0.12026213746741414 0
1651737864462 0.09805555140897632 0
1651737867824 0.07748024238869548 0
1651737871203 0.09594434497952462 0
1651737874650 0.09344429187960923 0
1651737878077 0.09260046609416604 0
1651737881468 0.09590096530988812 0
1651737884864 0.0720374139457941 0
1651737888287 0.07440185297131538 0
1651737891698 0.09093873881809414 0
1651737895108 0.08676502614282072 0
1651737898583 0.06699789740294218 0
1651737901872 0.0719225547708571 0
1651737905248 0.07628040380403399 0
1651737908680 0.06410491116270423 0
1651737912108 0.053654848314076665 0
1651737915435 0.06975220476798713 0
1651737918695 0.07284048082474619 0
1651737922063 0.07484048853311688 0
1651737925337 0.07109240664988756 0
1651737928790 0.06198963344097137 0
1651737932175 0.05227083718851209 0
1651737935462 0.06404096472468228 0
1651737938850 0.04678172158319503 0
1651737988935 0.823698296380043 0
1651737992215 0.5733759540081024 0
1651737995486 0.4670228729605675 0
1651737998820 0.3980606397867203 0
1651738002139 0.3122425228834152 0
1651738005346 0.2566760197579861 0
1651738008560 0.227113905569911 0
1651738011772 0.18603072075545787 0
1651738015024 0.16817604936361313 0
1651738018357 0.15278882744908334 0
1651738021605 0.12867259944677353 0
1651738024966 0.13366981114968657 0
1651738028304 0.10961465235352516 0
1651738031617 0.11889508962333202 0
1651738034857 0.0905118399515748 0
1651738038163 0.09635499908290804 0
1651738041437 0.08964025777317583 0
1651738044700 0.07524420722462237 0
1651738047998 0.05802281768210232 0
1651738051280 0.08838126366734504 0
1651738054480 0.07652235642038285 0
1651738057709 0.06120681328307837 0
1651738060851 0.06838144705761225 0
1651738064005 0.05076026816507801 0
1651738067273 0.04201889908295125 0
1651738070546 0.061927127364929765 0
1651738073812 0.06312815165542997 0
1651738077074 0.04804151204302907 0
1651738080363 0.05212378079090267 0
1651738083677 0.06793650648891926 0
1651738086917 0.051101911344192924 0
1651738090137 0.04760862160585821 0
1651738093349 0.05629277146756649 0
1651738096564 0.05255147674600594 0
1651738099877 0.03280021751481108 0
1651738103100 0.03864837730117142 0
1651738106440 0.04560746149481274 0
1651738109738 0.05208447118615732 0
1651738112997 0.037561179036460814 0
1651738116373 0.04538627368509769 0
1651738119704 0.03735258894339204 0
1651738122975 0.04425255865175277 0
1651738126172 0.042995504251495 0
1651738129369 0.04027121400050819 0
1651738132619 0.025486315342225136 0
1651738135902 0.035818174860719594 0
1651738139135 0.04075105139669031 0
1651738142372 0.031760738998837766 0
1651738145665 0.019584506608219816 0
1651738148952 0.03246985081485473 0
