1651734417842 0.5544 0
1651734422146 0.6488 0
1651734426500 0.6932 0
1651734430758 0.7084 0
1651734435172 0.7668 0
1651734439601 0.7608 0
1651734443847 0.7836 0
1651734448239 0.8128 0
1651734452595 0.8352 0
1651734456975 0.8544 0
1651734461330 0.85 0
1651734465650 0.8748 0
1651734470075 0.888 0
1651734474336 0.8876 0
1651734478716 0.9196 0
1651734483037 0.9096 0
1651734487369 0.9144 0
1651734491748 0.9324 0
1651734496171 0.9368 0
1651734500597 0.9316 0
1651734504955 0.94 0
1651734509214 0.9356 0
1651734513601 0.9424 0
1651734517888 0.95 0
1651734522243 0.9476 0
1651734526632 0.9584 0
1651734531012 0.9524 0
1651734535403 0.962 0
1651734539806 0.9608 0
1651734544186 0.964 0
1651734548507 0.9616 0
1651734552793 0.9664 0
1651734557195 0.9644 0
1651734561675 0.9664 0
1651734565961 0.9712 0
1651734570387 0.9636 0
1651734574861 0.976 0
1651734579242 0.9644 0
1651734583533 0.9636 0
1651734587981 0.9656 0
1651734592325 0.9672 0
1651734596721 0.9708 0
1651734601140 0.9732 0
1651734605475 0.9744 0
1651734609799 0.9768 0
1651734614143 0.9828 0
1651734618310 0.972 0
1651734622713 0.9824 0
1651734627201 0.9712 0
1651734631718 0.9776 0
1651734636983 0.7252 0
1651734640032 0.8184 0
1651734643065 0.8536 0
1651734646108 0.8892 0
1651734649161 0.9092 0
1651734652236 0.922 0
1651734655278 0.9436 0
1651734658334 0.942 0
1651734661365 0.9476 0
1651734664453 0.96 0
1651734667484 0.964 0
1651734670447 0.9644 0
1651734673511 0.9672 0
1651734676575 0.974 0
1651734679666 0.9708 0
1651734682705 0.9748 0
1651734685765 0.9824 0
1651734688694 0.9792 0
1651734691718 0.9696 0
1651734694723 0.978 0
1651734697775 0.9848 0
1651734700823 0.9792 0
1651734703768 0.9888 0
1651734706819 0.9828 0
1651734709869 0.9888 0
1651734712875 0.978 0
1651734715964 0.9888 0
1651734718981 0.9864 0
1651734722095 0.984 0
1651734725139 0.9836 0
1651734728207 0.986 0
1651734731159 0.9836 0
1651734734107 0.9936 0
1651734737131 0.9852 0
1651734740146 0.9836 0
1651734743106 0.9812 0
1651734746119 0.9844 0
1651734749156 0.994 0
1651734752153 0.9904 0
1651734755180 0.9896 0
1651734758241 0.9876 0
1651734761341 0.9952 0
1651734764420 0.984 0
1651734767487 0.9904 0
1651734770498 0.9836 0
1651734773762 0.984 0
1651734777037 0.992 0
1651734780163 0.9952 0
1651734783193 0.9908 0
1651734786264 0.9936 0
1651734793957 0.7116 0
1651734797235 0.8172 0
1651734800432 0.8464 0
1651734803720 0.8848 0
1651734806905 0.9124 0
1651734810090 0.9132 0
1651734813278 0.928 0
1651734816407 0.9356 0
1651734819558 0.9476 0
1651734822793 0.9604 0
1651734825917 0.9564 0
1651734829068 0.968 0
1651734832260 0.962 0
1651734835419 0.9636 0
1651734838644 0.9716 0
1651734841829 0.9772 0
1651734845045 0.9684 0
1651734848223 0.9792 0
1651734851392 0.9752 0
1651734854569 0.9804 0
1651734857720 0.9876 0
1651734860879 0.9824 0
1651734864024 0.982 0
1651734867239 0.9868 0
1651734870526 0.9832 0
1651734873686 0.9828 0
1651734876879 0.9812 0
1651734880003 0.9864 0
1651734883150 0.9792 0
1651734886411 0.9844 0
1651734889667 0.9896 0
1651734892916 0.9824 0
1651734896007 0.9876 0
1651734899339 0.9896 0
1651734902462 0.9872 0
1651734905690 0.9848 0
1651734908866 0.9812 0
1651734912012 0.9804 0
1651734915208 0.99 0
1651734918408 0.9948 0
1651734921613 0.9932 0
1651734924652 0.9864 0
1651734927781 0.9868 0
1651734930953 0.9888 0
1651734934222 0.9908 0
1651734937381 0.9912 0
1651734940599 0.992 0
1651734943792 0.9876 0
1651734946998 0.9816 0
1651734950168 0.9872 0
1651734960035 0.7056 0
1651734963246 0.8124 0
1651734966597 0.8548 0
1651734969843 0.8848 0
1651734973053 0.9064 0
1651734976269 0.9216 0
1651734979520 0.9308 0
1651734982663 0.9452 0
1651734985860 0.95 0
1651734989079 0.9528 0
1651734992303 0.966 0
1651734995566 0.966 0
1651734998846 0.9656 0
1651735002054 0.97 0
1651735005256 0.968 0
1651735008525 0.98 0
1651735011757 0.9732 0
1651735014979 0.9756 0
1651735018187 0.9764 0
1651735021385 0.976 0
1651735024505 0.9756 0
1651735027717 0.9732 0
1651735030970 0.9796 0
1651735034176 0.984 0
1651735037370 0.9796 0
1651735040630 0.9904 0
1651735043893 0.9836 0
1651735047139 0.9756 0
1651735050429 0.9796 0
1651735053564 0.9868 0
1651735056701 0.9816 0
1651735059846 0.9856 0
1651735063137 0.984 0
1651735066329 0.9884 0
1651735069479 0.9908 0
1651735072599 0.9908 0
1651735075755 0.984 0
1651735078841 0.9872 0
1651735082062 0.9876 0
1651735085239 0.9848 0
1651735088447 0.9892 0
1651735091615 0.9836 0
1651735094845 0.9884 0
1651735098040 0.9924 0
1651735101221 0.9928 0
1651735104400 0.9884 0
1651735107592 0.9876 0
1651735110742 0.9888 0
1651735113932 0.9916 0
1651735117121 0.9908 0
1651735129404 0.6112 0
1651735132507 0.7092 0
1651735135629 0.7684 0
1651735138710 0.8092 0
1651735141849 0.8352 0
1651735145052 0.8624 0
1651735148214 0.8884 0
1651735151411 0.8948 0
1651735154574 0.9256 0
1651735157674 0.926 0
1651735160915 0.94 0
1651735164053 0.9468 0
1651735167146 0.9352 0
1651735170308 0.9496 0
1651735173502 0.9512 0
1651735176618 0.9568 0
1651735179865 0.9588 0
1651735183026 0.9648 0
1651735186153 0.9664 0
1651735189243 0.962 0
1651735192366 0.9596 0
1651735195524 0.9692 0
1651735198671 0.9644 0
1651735201767 0.976 0
1651735204820 0.9764 0
1651735208028 0.968 0
1651735211150 0.9788 0
1651735214316 0.98 0
1651735217396 0.984 0
1651735220457 0.9728 0
1651735223637 0.9692 0
1651735226707 0.974 0
1651735229864 0.9752 0
1651735232945 0.9768 0
1651735236085 0.9876 0
1651735239296 0.9848 0
1651735242469 0.9804 0
1651735245696 0.98 0
1651735248921 0.984 0
1651735252028 0.9828 0
1651735255138 0.986 0
1651735258281 0.9836 0
1651735261371 0.984 0
1651735264490 0.9888 0
1651735267699 0.9776 0
1651735270796 0.984 0
1651735273929 0.9856 0
1651735277073 0.9852 0
1651735280231 0.9876 0
1651735283289 0.9884 0
1651735298069 0.6552 0
1651735301225 0.7672 0
1651735304357 0.8192 0
1651735307398 0.852 0
1651735310557 0.8756 0
1651735313670 0.9004 0
1651735316756 0.9168 0
1651735319891 0.9252 0
1651735323009 0.9316 0
1651735326131 0.9456 0
1651735329341 0.9512 0
1651735332479 0.954 0
1651735335587 0.952 0
1651735338602 0.9672 0
1651735341707 0.9652 0
1651735344805 0.9672 0
1651735347915 0.9712 0
1651735351010 0.9736 0
1651735354157 0.9736 0
1651735357249 0.9768 0
1651735360374 0.9756 0
1651735363519 0.9784 0
1651735366707 0.976 0
1651735369848 0.9768 0
1651735372970 0.9808 0
1651735376132 0.9864 0
1651735379326 0.9728 0
1651735382460 0.978 0
1651735385624 0.9876 0
1651735388810 0.9828 0
1651735391935 0.9812 0
1651735395108 0.9824 0
1651735398196 0.99 0
1651735401280 0.9752 0
1651735404445 0.9804 0
1651735407671 0.9844 0
1651735410826 0.99 0
1651735413920 0.9896 0
1651735417099 0.9784 0
1651735420256 0.9864 0
1651735423466 0.988 0
1651735426674 0.9852 0
1651735429905 0.9892 0
1651735433104 0.9848 0
1651735436186 0.994 0
1651735439404 0.9804 0
1651735442622 0.9872 0
1651735445830 0.9896 0
1651735449041 0.992 0
1651735452213 0.9876 0
1651735469373 0.598 0
1651735472596 0.7068 0
1651735475817 0.7512 0
1651735479026 0.798 0
1651735482229 0.8328 0
1651735485427 0.8572 0
1651735488624 0.8796 0
1651735491831 0.9032 0
1651735494902 0.9204 0
1651735497973 0.9248 0
1651735501135 0.9372 0
1651735504244 0.9412 0
1651735507430 0.9456 0
1651735510613 0.9468 0
1651735513814 0.962 0
1651735517006 0.9492 0
1651735520253 0.9576 0
1651735523408 0.962 0
1651735526614 0.96 0
1651735529784 0.9608 0
1651735532936 0.9648 0
1651735536067 0.9788 0
1651735539163 0.9696 0
1651735542309 0.9752 0
1651735545453 0.9772 0
1651735548635 0.98 0
1651735551759 0.974 0
1651735554974 0.9688 0
1651735558119 0.9712 0
1651735561322 0.982 0
1651735564516 0.9776 0
1651735567676 0.9748 0
1651735570876 0.9796 0
1651735574037 0.9808 0
1651735577207 0.9848 0
1651735580420 0.9832 0
1651735583613 0.9812 0
1651735586823 0.9808 0
1651735590027 0.9748 0
1651735593193 0.9808 0
1651735596385 0.9792 0
1651735599597 0.9884 0
1651735602771 0.982 0
1651735605917 0.9824 0
1651735609066 0.9848 0
1651735612237 0.9868 0
1651735615369 0.9824 0
1651735618535 0.9828 0
1651735621738 0.9868 0
1651735624933 0.9876 0
1651735644429 0.672 0
1651735647550 0.7616 0
1651735650695 0.8312 0
1651735653865 0.8384 0
1651735656987 0.876 0
1651735660193 0.892 0
1651735663370 0.9052 0
1651735666491 0.9156 0
1651735669582 0.9528 0
1651735672710 0.9448 0
1651735675790 0.9396 0
1651735678997 0.9568 0
1651735682158 0.9644 0
1651735685324 0.9692 0
1651735688490 0.9636 0
1651735691645 0.9736 0
1651735694738 0.966 0
1651735697912 0.968 0
1651735701125 0.9764 0
1651735704364 0.9812 0
1651735707519 0.982 0
1651735710627 0.9832 0
1651735713800 0.9744 0
1651735716984 0.9748 0
1651735720160 0.982 0
1651735723334 0.9828 0
1651735726515 0.9764 0
1651735729650 0.9768 0
1651735732758 0.9828 0
1651735735939 0.982 0
1651735739094 0.9812 0
1651735742236 0.98 0
1651735745474 0.988 0
1651735748605 0.9888 0
1651735751737 0.9808 0
1651735754930 0.9848 0
1651735758123 0.978 0
1651735761302 0.9812 0
1651735764453 0.9864 0
1651735767666 0.9868 0
1651735770907 0.9888 0
1651735774117 0.9916 0
1651735777280 0.9792 0
1651735780473 0.9896 0
1651735783607 0.9904 0
1651735786869 0.9892 0
1651735790052 0.9844 0
1651735793183 0.9916 0
1651735796385 0.982 0
1651735799597 0.9868 0
1651735821450 0.5908 0
1651735824670 0.7088 0
1651735827786 0.7728 0
1651735831001 0.8048 0
1651735834107 0.8388 0
1651735837308 0.8712 0
1651735840511 0.8808 0
1651735843647 0.8912 0
1651735846841 0.9176 0
1651735849877 0.926 0
1651735853037 0.9232 0
1651735856232 0.9388 0
1651735859402 0.946 0
1651735862663 0.9476 0
1651735865819 0.9484 0
1651735868925 0.952 0
1651735872125 0.958 0
1651735875257 0.9608 0
1651735878380 0.9684 0
1651735881527 0.9728 0
1651735884708 0.9704 0
1651735887879 0.9668 0
1651735891038 0.9656 0
1651735894206 0.9696 0
1651735897359 0.9736 0
1651735900559 0.9644 0
1651735903697 0.9712 0
1651735906847 0.9752 0
1651735910047 0.9784 0
1651735913257 0.9724 0
1651735916413 0.9808 0
1651735919612 0.9764 0
1651735922787 0.9768 0
1651735925903 0.976 0
1651735929094 0.9716 0
1651735932252 0.98 0
1651735935381 0.9868 0
1651735938508 0.9848 0
1651735941630 0.9812 0
1651735944810 0.974 0
1651735947994 0.9772 0
1651735951223 0.984 0
1651735954365 0.9816 0
1651735957502 0.9848 0
1651735960694 0.9788 0
1651735963823 0.9844 0
1651735966937 0.9832 0
1651735970059 0.9856 0
1651735973257 0.9852 0
1651735976569 0.9856 0
1651736000802 0.5604 0
1651736003940 0.692 0
1651736007111 0.74 0
1651736010268 0.784 0
1651736013460 0.8108 0
1651736016647 0.8504 0
1651736019780 0.8752 0
1651736022919 0.8908 0
1651736026096 0.898 0
1651736029190 0.9104 0
1651736032312 0.92 0
1651736035452 0.9376 0
1651736038649 0.9284 0
1651736041856 0.938 0
1651736045091 0.94 0
1651736048283 0.9572 0
1651736051482 0.958 0
1651736054579 0.95 0
1651736057852 0.9636 0
1651736060965 0.9588 0
1651736064101 0.9628 0
1651736067286 0.9592 0
1651736070472 0.9688 0
1651736073707 0.9672 0
1651736076900 0.964 0
1651736080125 0.9736 0
1651736083217 0.9652 0
1651736086309 0.968 0
1651736089421 0.9796 0
1651736092477 0.98 0
1651736095579 0.9704 0
1651736098777 0.9736 0
1651736102007 0.9764 0
1651736105238 0.9692 0
1651736108426 0.9824 0
1651736111574 0.976 0
1651736114706 0.9796 0
1651736117858 0.9744 0
1651736121061 0.978 0
1651736124248 0.98 0
1651736127439 0.9796 0
1651736130607 0.9848 0
1651736133796 0.9832 0
1651736137030 0.984 0
1651736140207 0.982 0
1651736143403 0.9768 0
1651736146669 0.9824 0
1651736149859 0.984 0
1651736153047 0.986 0
1651736156263 0.9784 0
1651736182936 0.6904 0
1651736186137 0.7872 0
1651736189256 0.8332 0
1651736192421 0.8592 0
1651736195631 0.8828 0
1651736198786 0.9072 0
1651736202025 0.9164 0
1651736205227 0.9288 0
1651736208440 0.9476 0
1651736211643 0.9412 0
1651736214903 0.946 0
1651736218112 0.962 0
1651736221331 0.9612 0
1651736224559 0.9664 0
1651736227779 0.9644 0
1651736230973 0.9676 0
1651736234151 0.9744 0
1651736237361 0.9752 0
1651736240525 0.9728 0
1651736243648 0.978 0
1651736246857 0.9748 0
1651736250015 0.9812 0
1651736253173 0.9772 0
1651736256376 0.9792 0
1651736259543 0.9664 0
1651736262847 0.984 0
1651736266130 0.9844 0
1651736269316 0.9796 0
1651736272474 0.9796 0
1651736275660 0.982 0
1651736278814 0.982 0
1651736281991 0.9832 0
1651736285165 0.9868 0
1651736288359 0.984 0
1651736291546 0.9908 0
1651736294700 0.9732 0
1651736297954 0.9848 0
1651736301095 0.9916 0
1651736304284 0.99 0
1651736307527 0.9848 0
1651736310742 0.9876 0
1651736313947 0.9892 0
1651736317122 0.99 0
1651736320251 0.9872 0
1651736323529 0.9884 0
1651736326741 0.9868 0
1651736329935 0.9812 0
1651736333149 0.9924 0
1651736336359 0.9876 0
1651736339569 0.9928 0
1651736368715 0.6512 0
1651736371905 0.7544 0
1651736375094 0.802 0
1651736378313 0.8332 0
1651736381540 0.872 0
1651736384758 0.8812 0
1651736387969 0.9012 0
1651736391110 0.9132 0
1651736394359 0.922 0
1651736397579 0.9384 0
1651736400750 0.9384 0
1651736403976 0.9376 0
1651736407240 0.9596 0
1651736410387 0.97 0
1651736413621 0.954 0
1651736416810 0.9612 0
1651736420020 0.97 0
1651736423250 0.9592 0
1651736426415 0.964 0
1651736429602 0.9652 0
1651736432882 0.9712 0
1651736436028 0.974 0
1651736439108 0.9752 0
1651736442273 0.9672 0
1651736445318 0.9756 0
1651736448510 0.9776 0
1651736451705 0.9768 0
1651736454910 0.9708 0
1651736458061 0.9752 0
1651736461295 0.9848 0
1651736464524 0.9868 0
1651736467801 0.9812 0
1651736470976 0.982 0
1651736474176 0.9748 0
1651736477357 0.9812 0
1651736480557 0.9836 0
1651736483743 0.9808 0
1651736486942 0.98 0
1651736490126 0.988 0
1651736493374 0.9884 0
1651736496602 0.9848 0
1651736499779 0.9884 0
1651736502950 0.9804 0
1651736506200 0.982 0
1651736509356 0.986 0
1651736512624 0.9856 0
1651736515831 0.9888 0
1651736518999 0.986 0
1651736522184 0.9868 0
1651736525388 0.9792 0
1651736557199 0.5844 0
1651736560488 0.7072 0
1651736563809 0.746 0
1651736567076 0.7848 0
1651736570373 0.824 0
1651736573758 0.8424 0
1651736577054 0.8624 0
1651736580408 0.8884 0
1651736583709 0.888 0
1651736587107 0.9016 0
1651736590459 0.9136 0
1651736593735 0.9228 0
1651736597073 0.9348 0
1651736600375 0.9504 0
1651736603690 0.9372 0
1651736607013 0.9484 0
1651736610366 0.9552 0
1651736613691 0.9592 0
1651736616988 0.95 0
1651736620229 0.9552 0
1651736623600 0.9572 0
1651736626928 0.9548 0
1651736630274 0.9644 0
1651736633682 0.9604 0
1651736637044 0.9552 0
1651736640337 0.9772 0
1651736643708 0.9676 0
1651736647036 0.974 0
1651736650311 0.9756 0
1651736653608 0.9712 0
1651736656908 0.9736 0
1651736660224 0.9768 0
1651736663601 0.9772 0
1651736666943 0.972 0
1651736670297 0.9736 0
1651736673675 0.972 0
1651736677044 0.9744 0
1651736680397 0.9784 0
1651736683657 0.9788 0
1651736686948 0.9796 0
1651736690389 0.9756 0
1651736693589 0.986 0
1651736696821 0.9844 0
1651736700133 0.9764 0
1651736703515 0.9804 0
1651736706898 0.976 0
1651736710235 0.9856 0
1651736713608 0.9696 0
1651736717012 0.9812 0
1651736720387 0.9864 0
1651736754561 0.6204 0
1651736757933 0.7332 0
1651736761181 0.7904 0
1651736764484 0.8228 0
1651736767746 0.8528 0
1651736771066 0.8672 0
1651736774265 0.888 0
1651736777396 0.898 0
1651736780663 0.9156 0
1651736783916 0.9172 0
1651736787201 0.9448 0
1651736790359 0.9356 0
1651736793585 0.9448 0
1651736796868 0.9412 0
1651736800200 0.9556 0
1651736803516 0.9568 0
1651736806799 0.9688 0
1651736810162 0.9628 0
1651736813463 0.9656 0
1651736816698 0.9568 0
1651736819975 0.9692 0
1651736823297 0.9708 0
1651736826570 0.9704 0
1651736829861 0.9636 0
1651736833077 0.9716 0
1651736836376 0.9776 0
1651736839629 0.9732 0
1651736842918 0.9796 0
1651736846250 0.9756 0
1651736849595 0.9792 0
1651736852874 0.976 0
1651736856209 0.984 0
1651736859486 0.9744 0
1651736862789 0.9804 0
1651736866089 0.9812 0
1651736869393 0.98 0
1651736872676 0.9756 0
1651736875956 0.9816 0
1651736879179 0.9752 0
1651736882373 0.9788 0
1651736885647 0.9808 0
1651736888999 0.9712 0
1651736892280 0.9868 0
1651736895487 0.9888 0
1651736898693 0.9804 0
1651736901958 0.986 0
1651736905266 0.9848 0
1651736908537 0.98 0
1651736911807 0.9824 0
1651736915111 0.984 0
1651736952552 0.6724 0
1651736955857 0.7752 0
1651736959208 0.8132 0
1651736962457 0.8536 0
1651736965772 0.876 0
1651736969030 0.8916 0
1651736972285 0.9184 0
1651736975648 0.9104 0
1651736978940 0.938 0
1651736982260 0.9512 0
1651736985538 0.9452 0
1651736988845 0.9588 0
1651736992151 0.9496 0
1651736995509 0.9568 0
1651736998839 0.9636 0
1651737002175 0.9536 0
1651737005567 0.9652 0
1651737008911 0.9696 0
1651737012293 0.9752 0
1651737015629 0.98 0
1651737018843 0.9744 0
1651737022211 0.9792 0
1651737025536 0.9676 0
1651737028864 0.978 0
1651737032166 0.9716 0
1651737035476 0.9768 0
1651737038838 0.986 0
1651737042104 0.9752 0
1651737045387 0.9804 0
1651737048694 0.9784 0
1651737052007 0.98 0
1651737055315 0.9816 0
1651737058608 0.984 0
1651737061903 0.9776 0
1651737065227 0.9812 0
1651737068553 0.9764 0
1651737071890 0.9832 0
1651737075227 0.984 0
1651737078579 0.9916 0
1651737081880 0.9872 0
1651737085207 0.9852 0
1651737088491 0.9812 0
1651737091858 0.99 0
1651737095202 0.9852 0
1651737098501 0.9892 0
1651737101891 0.99 0
1651737105080 0.984 0
1651737108448 0.9916 0
1651737111744 0.9796 0
1651737115061 0.9936 0
1651737154911 0.6164 0
1651737158177 0.7276 0
1651737161398 0.7744 0
1651737164641 0.8088 0
1651737167955 0.8424 0
1651737171284 0.8716 0
1651737174547 0.884 0
1651737177880 0.898 0
1651737181248 0.92 0
1651737184528 0.9352 0
1651737187875 0.9288 0
1651737191151 0.9352 0
1651737194437 0.946 0
1651737197704 0.9632 0
1651737200985 0.946 0
1651737204258 0.9508 0
1651737207491 0.9624 0
1651737210781 0.9608 0
1651737214058 0.9632 0
1651737217423 0.9672 0
1651737220735 0.9672 0
1651737224064 0.972 0
1651737227338 0.9672 0
1651737230596 0.9744 0
1651737233986 0.9672 0
1651737237270 0.974 0
1651737240563 0.9672 0
1651737243852 0.9732 0
1651737247117 0.9792 0
1651737250384 0.98 0
1651737253637 0.9668 0
1651737256957 0.9768 0
1651737260254 0.9756 0
1651737263606 0.9804 0
1651737266840 0.9796 0
1651737270154 0.9796 0
1651737273536 0.982 0
1651737276904 0.9788 0
1651737280194 0.9788 0
1651737283445 0.9808 0
1651737286733 0.9848 0
1651737290058 0.9836 0
1651737293294 0.984 0
1651737296531 0.9812 0
1651737299753 0.9824 0
1651737303011 0.9808 0
1651737306349 0.9808 0
1651737309554 0.9888 0
1651737312922 0.9864 0
1651737316262 0.9772 0
1651737358664 0.7252 0
1651737361809 0.8252 0
1651737365067 0.8544 0
1651737368308 0.8816 0
1651737371579 0.9076 0
1651737374725 0.922 0
1651737378007 0.9292 0
1651737381191 0.9464 0
1651737384431 0.9464 0
1651737387713 0.9568 0
1651737390895 0.9484 0
1651737394062 0.968 0
1651737397443 0.9716 0
1651737400685 0.9756 0
1651737403842 0.964 0
1651737407058 0.976 0
1651737410271 0.9744 0
1651737413504 0.9816 0
1651737416766 0.982 0
1651737420107 0.9836 0
1651737423317 0.9796 0
1651737426522 0.9796 0
1651737429714 0.9808 0
1651737432917 0.9828 0
1651737436167 0.9796 0
1651737439400 0.9856 0
1651737442571 0.9868 0
1651737445845 0.9888 0
1651737449109 0.9872 0
1651737452410 0.9892 0
1651737455662 0.9784 0
1651737458882 0.986 0
1651737462114 0.982 0
1651737465310 0.9896 0
1651737468537 0.9916 0
1651737471869 0.9924 0
1651737475116 0.9856 0
1651737478256 0.9752 0
1651737481484 0.9896 0
1651737484770 0.992 0
1651737487972 0.9944 0
1651737491239 0.9912 0
1651737494473 0.99 0
1651737497747 0.9832 0
1651737500983 0.99 0
1651737504147 0.9856 0
1651737507377 0.9956 0
1651737510626 0.9928 0
1651737513915 0.9932 0
1651737517249 0.9896 0
1651737562206 0.6928 0
1651737565529 0.7916 0
1651737568832 0.8464 0
1651737572183 0.87 0
1651737575503 0.8916 0
1651737578786 0.914 0
1651737582106 0.9256 0
1651737585458 0.9336 0
1651737588819 0.9432 0
1651737592214 0.9508 0
1651737595571 0.9572 0
1651737598939 0.9484 0
1651737602298 0.966 0
1651737605715 0.9628 0
1651737609100 0.9676 0
1651737612481 0.9688 0
1651737615838 0.974 0
1651737619207 0.9744 0
1651737622599 0.9736 0
1651737625910 0.9732 0
1651737629274 0.9696 0
1651737632642 0.9808 0
1651737635999 0.982 0
1651737639338 0.9868 0
1651737642626 0.974 0
1651737646021 0.9868 0
1651737649331 0.9704 0
1651737652739 0.9808 0
1651737656084 0.9856 0
1651737659339 0.9816 0
1651737662632 0.9852 0
1651737665945 0.986 0
1651737669177 0.9876 0
1651737672452 0.9856 0
1651737675792 0.9792 0
1651737679106 0.984 0
1651737682403 0.9816 0
1651737685690 0.98 0
1651737688982 0.9916 0
1651737692204 0.9892 0
1651737695483 0.9896 0
1651737698756 0.9964 0
1651737702062 0.9844 0
1651737705356 0.9856 0
1651737708691 0.9896 0
1651737711963 0.9848 0
1651737715298 0.9924 0
1651737718619 0.988 0
1651737721945 0.9916 0
1651737725249 0.988 0
1651737772876 0.556 0
1651737776268 0.6664 0
1651737779643 0.7128 0
1651737783007 0.7592 0
1651737786360 0.794 0
1651737789711 0.8368 0
1651737793080 0.854 0
1651737796486 0.8668 0
1651737799851 0.882 0
1651737803225 0.9076 0
1651737806630 0.9 0
1651737810014 0.9156 0
1651737813433 0.9356 0
1651737816780 0.9344 0
1651737820221 0.9384 0
1651737823653 0.938 0
1651737826988 0.9532 0
1651737830360 0.9504 0
1651737833667 0.9512 0
1651737837111 0.9572 0
1651737840469 0.9552 0
1651737843910 0.96 0
1651737847319 0.964 0
1651737850697 0.9652 0
1651737854131 0.9616 0
1651737857556 0.9664 0
1651737861012 0.964 0
1651737864436 0.9656 0
1651737867807 0.972 0
1651737871174 0.966 0
1651737874621 0.9696 0
1651737878054 0.9688 0
1651737881443 0.974 0
1651737884842 0.976 0
1651737888262 0.9756 0
1651737891675 0.9688 0
1651737895085 0.9724 0
1651737898566 0.982 0
1651737901849 0.9776 0
1651737905224 0.9764 0
1651737908657 0.9804 0
1651737912081 0.9804 0
1651737915412 0.9784 0
1651737918669 0.9756 0
1651737922036 0.9764 0
1651737925315 0.976 0
1651737928765 0.9808 0
1651737932154 0.984 0
1651737935436 0.9836 0
1651737938825 0.9868 0
1651737988909 0.6884 0
1651737992188 0.7868 0
1651737995469 0.8304 0
1651737998793 0.8576 0
1651738002114 0.8888 0
1651738005320 0.9096 0
1651738008534 0.9188 0
1651738011755 0.9328 0
1651738014998 0.9428 0
1651738018332 0.946 0
1651738021587 0.9592 0
1651738024941 0.9552 0
1651738028282 0.9628 0
1651738031592 0.9608 0
1651738034834 0.9732 0
1651738038140 0.9692 0
1651738041411 0.9684 0
1651738044672 0.9764 0
1651738047979 0.9764 0
1651738051253 0.9676 0
1651738054463 0.9716 0
1651738057687 0.9796 0
1651738060828 0.978 0
1651738063988 0.986 0
1651738067247 0.9888 0
1651738070519 0.9804 0
1651738073789 0.9796 0
1651738077051 0.9848 0
1651738080339 0.9844 0
1651738083650 0.9792 0
1651738086898 0.9816 0
1651738090120 0.9864 0
1651738093322 0.9828 0
1651738096537 0.982 0
1651738099854 0.9912 0
1651738103074 0.9868 0
1651738106339 0.9848 0
1651738109715 0.9832 0
1651738112969 0.9892 0
1651738116347 0.9832 0
1651738119677 0.9864 0
1651738122949 0.9848 0
1651738126154 0.9868 0
1651738129341 0.9876 0
1651738132596 0.9912 0
1651738135879 0.988 0
1651738139113 0.9856 0
1651738142350 0.9888 0
1651738145640 0.9944 0
1651738148926 0.9884 0
