1644436983179 0.3476 0
1644436985363 0.6116 0
1644436987469 0.6956 0
1644436989746 0.75 0
1644436991866 0.7956 0
1644436993883 0.8396 0
1644436995943 0.8772 0
1644436997940 0.8992 0
1644436999950 0.914 0
1644437002028 0.9452 0
1644437006098 0.5 0
1644437008001 0.7724 0
1644437009877 0.8272 0
1644437011758 0.8596 0
1644437013739 0.8788 0
1644437015663 0.9088 0
1644437017611 0.9264 0
1644437019499 0.948 0
1644437021378 0.9576 0
1644437023330 0.9776 0
1644437029380 0.3956 0
1644437031274 0.7212 0
1644437033328 0.7904 0
1644437035326 0.8372 0
1644437037337 0.8664 0
1644437039213 0.886 0
1644437041096 0.9188 0
1644437042995 0.93 0
1644437044883 0.9524 0
1644437046896 0.9656 0
