1654225842280 0.6361046318254585 0
1654225856105 0.11922723739410497 0
1654225870620 0.07874580747796031 0
1654225885177 0.05441848513204012 0
1654225899511 0.04206671127524907 0
1654225929991 0.22268755533176604 0
1654225944970 0.07742700822643343 0
1654225959441 0.061168922846437296 0
1654225974368 0.0399442349235079 0
1654225989301 0.04041592669521975 0
1654226034066 0.15101219340668542 0
1654226049017 0.061730430372521426 0
1654226064304 0.040868644264225276 0
1654226079384 0.03533819617251576 0
1654226094814 0.026718972871467506 0
1654226154566 0.25871947877331913 0
1654226169901 0.07996596620754141 0
1654226185068 0.05786919250584163 0
1654226200535 0.058426783114543794 0
1654226215493 0.04056314745915139 0
1654226290457 0.11500707206281763 0
1654226306017 0.053062029321618534 0
1654226321689 0.03391928716973416 0
1654226337244 0.03169555269001483 0
1654226352801 0.02382482264423841 0
