1654225842262 0.7497726308130722 0
1654225856082 0.9617413448129509 0
1654225870595 0.9747771781968108 0
1654225885160 0.9829018371430304 0
1654225899480 0.9870854301825017 0
1654225929971 0.9196988046969617 0
1654225944952 0.9760939392343742 0
1654225959423 0.9808330261702912 0
1654225974350 0.9876783739666157 0
1654225989266 0.9876257174451055 0
1654226034048 0.9478256291460461 0
1654226048999 0.9797304411919554 0
1654226064268 0.9860482257555018 0
1654226079366 0.9893124144466674 0
1654226094784 0.9908392123828578 0
1654226154542 0.9089472852704197 0
1654226169878 0.9744062351887935 0
1654226185038 0.9816736005055559 0
1654226200517 0.9806730212228132 0
1654226215473 0.9864131865817052 0
1654226290440 0.9627132926058564 0
1654226305999 0.9829892563724457 0
1654226321663 0.9890983779228987 0
1654226337203 0.9901516747419423 0
1654226352775 0.9921529386981252 0
