1644593581374 2.2514859703063963 0
1644593583623 2.0567738918304443 0
1644593585911 1.886833431816101 0
1644593588165 1.7271627212524414 0
1644593590429 1.580402299308777 0
1644593594382 2.284512171936035 0
1644593596319 2.1208216148376464 0
1644593598212 1.9981408155441285 0
1644593600165 1.873491319656372 0
1644593602088 1.7533492351531983 0
1644593607923 2.2645546756744386 0
1644593609878 2.1070517822265624 0
1644593611791 1.976890119934082 0
1644593613709 1.8394684787750244 0
1644593615593 1.6989137908935548 0
