1654056636301 0.9170833333333334 0
1654056685713 0.9600666666666666 0
1654056734898 0.9703666666666667 0
1654056784179 0.9773666666666667 0
1654056833331 0.9822 0
1654056882380 0.9848 0
1654056931394 0.9861166666666666 0
1654056980722 0.9882333333333333 0
1654057030639 0.9901833333333333 0
1654057080053 0.99085 0
1654057129060 0.99215 0
1654057178438 0.9921 0
1654057227550 0.9929833333333333 0
1654057276239 0.9936833333333334 0
1654057325261 0.9947333333333334 0
1654057374566 0.9934333333333333 0
1654057424127 0.9950333333333333 0
1654057473628 0.9950333333333333 0
1654057522710 0.9950333333333333 0
1654057570759 0.99545 0
1654057619848 0.99565 0
1654057669708 0.9962 0
1654057719106 0.9951666666666666 0
1654057768454 0.9962666666666666 0
1654057818319 0.9959833333333333 0
1654057868320 0.99635 0
1654057917383 0.9961833333333333 0
1654057966340 0.99675 0
1654058015380 0.99665 0
1654058064869 0.99675 0
1654058114516 0.9966666666666667 0
1654058164399 0.9970333333333333 0
1654058213036 0.9965666666666667 0
1654058262769 0.9971333333333333 0
1654058312515 0.9964166666666666 0
1654058362162 0.9970333333333333 0
1654058411656 0.99665 0
1654058461072 0.9971333333333333 0
1654058510522 0.9970166666666667 0
1654058559601 0.9970166666666667 0
1654058608979 0.9973833333333333 0
1654058658190 0.9970166666666667 0
1654058707160 0.9973666666666666 0
1654058756415 0.9975333333333334 0
1654058804803 0.9973166666666666 0
1654058853643 0.9975666666666667 0
1654058902769 0.9971166666666667 0
1654058952760 0.99755 0
1654059002522 0.9971 0
1654059052209 0.9977166666666667 0
1654059105993 0.91405 0
1654059155564 0.9611833333333333 0
1654059204716 0.9702666666666667 0
1654059254313 0.97735 0
1654059303618 0.9820333333333333 0
1654059353237 0.98485 0
1654059402941 0.9864666666666667 0
1654059452048 0.9889166666666667 0
1654059500955 0.9900833333333333 0
1654059550261 0.9916166666666667 0
1654059599319 0.9918833333333333 0
1654059648235 0.9927166666666667 0
1654059697708 0.9928833333333333 0
1654059747157 0.9938666666666667 0
1654059796461 0.99385 0
1654059845826 0.99475 0
1654059895859 0.9948166666666667 0
1654059944950 0.99475 0
1654059994243 0.99555 0
1654060043534 0.9956333333333334 0
1654060092651 0.9950666666666667 0
1654060142337 0.9952166666666666 0
1654060192509 0.9962333333333333 0
1654060242254 0.9965666666666667 0
1654060291849 0.9955666666666667 0
1654060341015 0.9963 0
1654060390549 0.9965166666666667 0
1654060439314 0.9966166666666667 0
1654060488312 0.99615 0
1654060537689 0.9967333333333334 0
1654060587234 0.9968333333333333 0
1654060636100 0.9966333333333334 0
1654060686454 0.99615 0
1654060735430 0.9974 0
1654060784989 0.9970166666666667 0
1654060835055 0.99715 0
1654060884554 0.9972 0
1654060933523 0.9965166666666667 0
1654060982907 0.9973333333333333 0
1654061031533 0.99715 0
1654061081108 0.9974333333333333 0
1654061130601 0.9970333333333333 0
1654061180305 0.9976666666666667 0
1654061229452 0.9973666666666666 0
1654061279589 0.9970333333333333 0
1654061329026 0.9977166666666667 0
1654061378518 0.9970166666666667 0
1654061427016 0.99795 0
1654061477239 0.99715 0
1654061526888 0.9974333333333333 0
1654061585925 0.9159 0
1654061635619 0.9598333333333333 0
1654061684390 0.9702 0
1654061733799 0.9770666666666666 0
1654061782489 0.9826166666666667 0
1654061832047 0.9841333333333333 0
1654061881537 0.9876333333333334 0
1654061930567 0.98765 0
1654061979933 0.9910166666666667 0
1654062029382 0.9909333333333333 0
1654062078581 0.9920333333333333 0
1654062127769 0.9924 0
1654062176976 0.9932333333333333 0
1654062226175 0.9942 0
1654062275598 0.9946 0
1654062324828 0.9945166666666667 0
1654062373868 0.9941333333333333 0
1654062422828 0.99575 0
1654062471880 0.9946166666666667 0
1654062521338 0.99515 0
1654062571181 0.9958 0
1654062619716 0.9958833333333333 0
1654062669113 0.9951666666666666 0
1654062718551 0.9956166666666667 0
1654062767366 0.9966166666666667 0
1654062817230 0.99575 0
1654062865958 0.9961333333333333 0
1654062915104 0.9967 0
1654062964482 0.9962666666666666 0
1654063013256 0.9965666666666667 0
1654063062935 0.9963666666666666 0
1654063111501 0.9967166666666667 0
1654063161053 0.9968333333333333 0
1654063210675 0.9970666666666667 0
1654063259363 0.9965333333333334 0
1654063308445 0.9972166666666666 0
1654063357503 0.9967666666666667 0
1654063406144 0.9973833333333333 0
1654063455393 0.99745 0
1654063504849 0.9972666666666666 0
1654063554233 0.9975 0
1654063603336 0.9966333333333334 0
1654063652988 0.9975333333333334 0
1654063703338 0.9971833333333333 0
1654063752374 0.9974166666666666 0
1654063801990 0.9970833333333333 0
1654063851083 0.9974833333333334 0
1654063900161 0.99725 0
1654063949255 0.9975 0
1654063998417 0.99775 0
1654064062161 0.9178833333333334 0
1654064111216 0.9608833333333333 0
1654064160664 0.9705333333333334 0
1654064210324 0.9774833333333334 0
1654064260204 0.9819666666666667 0
1654064309104 0.98585 0
1654064357898 0.9871833333333333 0
1654064406964 0.9889 0
1654064456041 0.9908333333333333 0
1654064505070 0.99145 0
1654064554597 0.9917 0
1654064603565 0.99265 0
1654064652670 0.99335 0
1654064702408 0.9945 0
1654064751897 0.9942333333333333 0
1654064801142 0.9936166666666667 0
1654064850299 0.99505 0
1654064899346 0.9948666666666667 0
1654064948925 0.9948166666666667 0
1654064998089 0.9957666666666667 0
1654065047091 0.9960333333333333 0
1654065096712 0.9949166666666667 0
1654065145824 0.99615 0
1654065194902 0.9955333333333334 0
1654065244322 0.9960666666666667 0
1654065292762 0.9963 0
1654065341906 0.9965 0
1654065391228 0.9960333333333333 0
1654065440198 0.9968 0
1654065489895 0.9969 0
1654065539200 0.9964666666666666 0
1654065589007 0.9963833333333333 0
1654065638751 0.9975166666666667 0
1654065688053 0.99675 0
1654065737657 0.9964 0
1654065786655 0.9971 0
1654065835517 0.9973 0
1654065884730 0.9969166666666667 0
1654065933843 0.9968 0
1654065983009 0.9974 0
1654066031900 0.9972666666666666 0
1654066081423 0.9966333333333334 0
1654066130199 0.9975 0
1654066179059 0.9971833333333333 0
1654066228383 0.99775 0
1654066277514 0.9971833333333333 0
1654066327120 0.9971 0
1654066376461 0.9976166666666667 0
1654066425680 0.9974 0
1654066475564 0.99765 0
1654066543623 0.9176333333333333 0
1654066593174 0.9607833333333333 0
1654066642213 0.9713666666666667 0
1654066691191 0.9779666666666667 0
1654066739767 0.98105 0
1654066790039 0.98525 0
1654066838758 0.9870166666666667 0
1654066887855 0.9886333333333334 0
1654066936635 0.9908333333333333 0
1654066985107 0.9911166666666666 0
1654067033749 0.9916333333333334 0
1654067083659 0.9926 0
1654067133151 0.9930333333333333 0
1654067181839 0.9942666666666666 0
1654067231608 0.994 0
1654067281443 0.9941666666666666 0
1654067330241 0.9956666666666667 0
1654067380152 0.9944 0
1654067429393 0.99555 0
1654067478478 0.995 0
1654067527855 0.9954333333333333 0
1654067577209 0.9957833333333334 0
1654067627058 0.9957666666666667 0
1654067676232 0.99615 0
1654067725195 0.99685 0
1654067774549 0.9959666666666667 0
1654067823632 0.9963833333333333 0
1654067873302 0.9959833333333333 0
1654067922385 0.9970166666666667 0
1654067970838 0.9965166666666667 0
1654068019927 0.9965833333333334 0
1654068069475 0.9970333333333333 0
1654068119177 0.9965333333333334 0
1654068168408 0.9978833333333333 0
1654068218325 0.9960833333333333 0
1654068267756 0.997 0
1654068316750 0.99725 0
1654068365977 0.9969666666666667 0
1654068415153 0.9970333333333333 0
1654068464576 0.9978333333333333 0
1654068514393 0.9965166666666667 0
1654068563298 0.99745 0
1654068612478 0.9970833333333333 0
1654068662186 0.99735 0
1654068711975 0.9973 0
1654068761209 0.9975666666666667 0
1654068810143 0.9979 0
1654068860214 0.9972666666666666 0
1654068909825 0.9973333333333333 0
1654068959049 0.99775 0
1654069031482 0.91775 0
1654069081647 0.9603333333333334 0
1654069130755 0.9704 0
1654069179479 0.9780833333333333 0
1654069228392 0.9817166666666667 0
1654069277546 0.9859166666666667 0
1654069327136 0.9869666666666667 0
1654069376401 0.9890666666666666 0
1654069425147 0.98965 0
1654069474385 0.99165 0
1654069523866 0.9915333333333334 0
1654069573092 0.9925 0
1654069623018 0.9933333333333333 0
1654069671928 0.9932833333333333 0
1654069721748 0.9941833333333333 0
1654069770472 0.9949 0
1654069819475 0.9946166666666667 0
1654069868548 0.9948166666666667 0
1654069918218 0.9947666666666667 0
1654069967165 0.9959 0
1654070016160 0.9962 0
1654070065534 0.99615 0
1654070114981 0.9958 0
1654070165047 0.9959666666666667 0
1654070214384 0.9965666666666667 0
1654070262751 0.99565 0
1654070312221 0.9962166666666666 0
1654070360884 0.9968833333333333 0
1654070409983 0.9967166666666667 0
1654070458977 0.9963166666666666 0
1654070508521 0.9965 0
1654070557664 0.9968 0
1654070606921 0.9964833333333334 0
1654070656706 0.9968333333333333 0
1654070705844 0.99765 0
1654070755175 0.9967333333333334 0
1654070806222 0.99675 0
1654070856044 0.99695 0
1654070905488 0.99685 0
1654070954726 0.9973833333333333 0
1654071003204 0.9973833333333333 0
1654071052085 0.99695 0
1654071101915 0.9969666666666667 0
1654071151516 0.9977833333333334 0
1654071201096 0.9967333333333334 0
1654071250334 0.9978166666666667 0
1654071299925 0.99695 0
1654071349237 0.9981333333333333 0
1654071398878 0.9967 0
1654071447156 0.9976166666666667 0
1654071523226 0.9172166666666667 0
1654071572311 0.9613333333333334 0
1654071621527 0.9709666666666666 0
1654071670548 0.9774333333333334 0
1654071719560 0.9808 0
1654071769462 0.9856666666666667 0
1654071818637 0.9874 0
1654071868592 0.9891833333333333 0
1654071917915 0.9907 0
1654071967284 0.9909666666666667 0
1654072016151 0.9923 0
1654072065788 0.9919833333333333 0
1654072114784 0.9941 0
1654072164054 0.9936 0
1654072213568 0.99465 0
1654072263049 0.9941833333333333 0
1654072312245 0.9947 0
1654072361999 0.99425 0
1654072411515 0.99595 0
1654072461091 0.9954166666666666 0
1654072510168 0.99545 0
1654072559031 0.99615 0
1654072608124 0.9957 0
1654072658156 0.9959 0
1654072707191 0.99605 0
1654072756074 0.9961833333333333 0
1654072805782 0.99665 0
1654072854792 0.99615 0
1654072904107 0.9967666666666667 0
1654072953339 0.9967666666666667 0
1654073002599 0.99655 0
1654073051264 0.9968666666666667 0
1654073100472 0.9965166666666667 0
1654073148865 0.9968833333333333 0
1654073198020 0.9966166666666667 0
1654073246914 0.9975166666666667 0
1654073296299 0.9967333333333334 0
1654073345745 0.9970666666666667 0
1654073395584 0.99675 0
1654073444937 0.9974833333333334 0
1654073494656 0.99715 0
1654073543973 0.9974333333333333 0
1654073593553 0.9970166666666667 0
1654073643442 0.9973666666666666 0
1654073693293 0.9972833333333333 0
1654073742015 0.9970333333333333 0
1654073791664 0.9975666666666667 0
1654073840841 0.99775 0
1654073889780 0.9971 0
1654073939586 0.9976666666666667 0
1654074021730 0.9178166666666666 0
1654074071156 0.9603333333333334 0
1654074120585 0.9714333333333334 0
1654074170358 0.97765 0
1654074220566 0.9812833333333333 0
1654074270209 0.9854 0
1654074318865 0.9872666666666666 0
1654074368331 0.9882333333333333 0
1654074417757 0.9898 0
1654074467106 0.99185 0
1654074516311 0.9922166666666666 0
1654074565430 0.9932666666666666 0
1654074614003 0.9928166666666667 0
1654074662531 0.9928 0
1654074711811 0.9945166666666667 0
1654074760954 0.9943666666666666 0
1654074810583 0.9945 0
1654074859421 0.9951666666666666 0
1654074908708 0.9953666666666666 0
1654074958056 0.9955666666666667 0
1654075007791 0.9957833333333334 0
1654075057032 0.9956833333333334 0
1654075107091 0.9955166666666667 0
1654075156530 0.9962833333333333 0
1654075205692 0.99665 0
1654075254561 0.99655 0
1654075303369 0.9963666666666666 0
1654075352957 0.99625 0
1654075402040 0.99665 0
1654075451311 0.99635 0
1654075501014 0.9968 0
1654075549768 0.9967 0
1654075599480 0.9969833333333333 0
1654075649017 0.9967333333333334 0
1654075698315 0.9967 0
1654075747526 0.9974166666666666 0
1654075796510 0.9968833333333333 0
1654075845600 0.9967666666666667 0
1654075894912 0.9974333333333333 0
1654075944398 0.9967833333333334 0
1654075993655 0.9974 0
1654076043395 0.9975833333333334 0
1654076092695 0.9972 0
1654076141929 0.9969166666666667 0
1654076191542 0.9975 0
1654076241234 0.9975 0
1654076290902 0.9972 0
1654076339779 0.9978166666666667 0
1654076389169 0.9971666666666666 0
1654076438979 0.9976666666666667 0
1654076524874 0.9189833333333334 0
