1641573809151 0.8204333333333333 0
1641573819668 0.9456 0
1641573830146 0.95675 0
1641573840116 0.9624 0
1641573850884 0.9664166666666667 0
1641573861518 0.9685333333333334 0
1641573871424 0.97135 0
1641573881505 0.9726833333333333 0
1641573892017 0.9749166666666667 0
1641573902309 0.9758 0
1641573913139 0.9773666666666667 0
1641573923665 0.97915 0
1641573934555 0.9799 0
1641573944452 0.97965 0
1641573954860 0.9801833333333333 0
1641573964807 0.9825666666666667 0
1641573974529 0.9837833333333333 0
1641573984494 0.9825 0
1641573994989 0.9827833333333333 0
1641574004909 0.9844333333333334 0
1641574019613 0.8270666666666666 0
1641574030250 0.94735 0
1641574040213 0.9496333333333333 0
1641574050678 0.9634 0
1641574061432 0.96775 0
1641574071274 0.9711833333333333 0
1641574081381 0.9730666666666666 0
1641574092695 0.9745333333333334 0
1641574103276 0.9761 0
1641574113871 0.9773166666666666 0
1641574124565 0.9797166666666667 0
1641574135225 0.97905 0
1641574145460 0.9798666666666667 0
1641574156491 0.9814 0
1641574166955 0.9822666666666666 0
1641574178772 0.98295 0
1641574189450 0.9814833333333334 0
1641574199445 0.9837666666666667 0
1641574210600 0.9841166666666666 0
1641574220492 0.98495 0
1641574239494 0.83785 0
1641574251491 0.9476833333333333 0
1641574261576 0.9589333333333333 0
1641574271552 0.9641666666666666 0
1641574282322 0.9685333333333334 0
1641574292798 0.9711666666666666 0
1641574303259 0.9724666666666667 0
1641574314217 0.9757333333333333 0
1641574323941 0.97655 0
1641574334966 0.9793166666666666 0
1641574344894 0.9789166666666667 0
1641574355194 0.9803166666666666 0
1641574365468 0.9822333333333333 0
1641574375626 0.9813333333333333 0
1641574385425 0.9825333333333334 0
1641574397002 0.9824166666666667 0
1641574409450 0.9842333333333333 0
1641574419493 0.98485 0
1641574429575 0.9844 0
1641574439563 0.9863666666666666 0
1641574462260 0.84575 0
1641574472538 0.9487833333333333 0
1641574482415 0.9601166666666666 0
1641574492527 0.9641 0
1641574503513 0.9701833333333333 0
1641574514225 0.9712833333333334 0
1641574525838 0.97495 0
1641574536180 0.9754333333333334 0
1641574546214 0.9772 0
1641574556330 0.9789 0
1641574567033 0.9796166666666667 0
1641574578100 0.98095 0
1641574588414 0.9801 0
1641574598203 0.9833333333333333 0
1641574609033 0.9832333333333333 0
1641574618918 0.9828333333333333 0
1641574629140 0.9842166666666666 0
1641574639201 0.9854833333333334 0
1641574648950 0.9842333333333333 0
1641574658863 0.9856833333333334 0
1641574683854 0.8598166666666667 0
1641574693674 0.9527833333333333 0
1641574703660 0.9626666666666667 0
1641574713697 0.9670166666666666 0
1641574723551 0.9696333333333333 0
1641574733353 0.9727666666666667 0
1641574743316 0.9739833333333333 0
1641574753627 0.9752 0
1641574763754 0.97835 0
1641574774110 0.9793166666666666 0
1641574784435 0.9796833333333334 0
1641574794686 0.9797833333333333 0
1641574805044 0.98195 0
1641574815413 0.9825666666666667 0
1641574825600 0.9842833333333333 0
1641574837450 0.9837333333333333 0
1641574848017 0.9842666666666666 0
1641574857763 0.9850666666666666 0
1641574868380 0.9854 0
1641574879224 0.9868166666666667 0
1641574910613 0.8344833333333334 0
1641574921054 0.9432166666666667 0
1641574931081 0.9569166666666666 0
1641574941881 0.9630333333333333 0
1641574952307 0.9675666666666667 0
1641574962577 0.9718666666666667 0
1641574972538 0.9733 0
1641574983228 0.9740666666666666 0
1641574994271 0.9765166666666667 0
1641575004271 0.9771666666666666 0
1641575014719 0.9780166666666666 0
1641575024316 0.9799166666666667 0
1641575035374 0.9810833333333333 0
1641575045175 0.98165 0
1641575055415 0.9816333333333334 0
1641575065778 0.9836 0
1641575075975 0.9815666666666667 0
1641575086249 0.9842666666666666 0
1641575097319 0.9835666666666667 0
1641575107265 0.9848 0
1641575139022 0.8218833333333333 0
1641575148842 0.9466 0
1641575158927 0.9582833333333334 0
1641575169728 0.96435 0
1641575181381 0.96845 0
1641575191051 0.9721833333333333 0
1641575201156 0.9740666666666666 0
1641575213186 0.9751833333333333 0
1641575222907 0.9766666666666667 0
1641575233246 0.9794 0
1641575243279 0.9792833333333333 0
1641575253313 0.9800666666666666 0
1641575263305 0.9811333333333333 0
1641575275329 0.9821833333333333 0
1641575285403 0.9832833333333333 0
1641575295591 0.9838 0
1641575305654 0.9841333333333333 0
1641575316126 0.9850666666666666 0
1641575327223 0.9847333333333333 0
1641575337533 0.9844333333333334 0
1641575374963 0.815 0
1641575385697 0.9459333333333333 0
1641575396362 0.95935 0
1641575407092 0.9667166666666667 0
1641575417852 0.9690166666666666 0
1641575427845 0.9724666666666667 0
1641575438221 0.9733666666666667 0
1641575448233 0.9752 0
1641575460647 0.97815 0
1641575471580 0.9781 0
1641575481393 0.9790166666666666 0
1641575491905 0.9811333333333333 0
1641575503381 0.98255 0
1641575514817 0.9815 0
1641575525613 0.98185 0
1641575536073 0.9837666666666667 0
1641575546127 0.9845666666666667 0
1641575555755 0.9852666666666666 0
1641575566151 0.98525 0
1641575575908 0.9845 0
1641575619617 0.8306 0
1641575629742 0.9475166666666667 0
1641575640246 0.95925 0
1641575651708 0.9639666666666666 0
1641575662214 0.9678166666666667 0
1641575672193 0.97065 0
1641575681963 0.9736333333333334 0
1641575692925 0.9747166666666667 0
1641575703714 0.97625 0
1641575713603 0.9774333333333334 0
1641575724464 0.9795166666666667 0
1641575734444 0.9792 0
1641575744433 0.98175 0
1641575754120 0.9822333333333333 0
1641575765052 0.9826666666666667 0
1641575775843 0.9831 0
1641575786033 0.9839333333333333 0
1641575796796 0.9830666666666666 0
1641575806786 0.98505 0
1641575816857 0.9855333333333334 0
1641575860003 0.8397 0
1641575870209 0.9514166666666667 0
1641575880737 0.9586833333333333 0
1641575892671 0.9635 0
1641575903213 0.9696166666666667 0
1641575913438 0.9717166666666667 0
1641575923556 0.97275 0
1641575933865 0.9742666666666666 0
1641575944627 0.9783166666666666 0
1641575955124 0.97665 0
1641575967001 0.9793 0
1641575977756 0.9808 0
1641575987860 0.9815166666666667 0
1641575998303 0.9813333333333333 0
1641576008227 0.9824 0
1641576018520 0.9838833333333333 0
1641576028868 0.9842333333333333 0
1641576038797 0.98465 0
1641576049804 0.98415 0
1641576060336 0.9854166666666667 0
1641576108014 0.8481 0
1641576118159 0.9521166666666666 0
1641576128142 0.9620166666666666 0
1641576138366 0.95825 0
1641576148201 0.9706 0
1641576158082 0.9722666666666666 0
1641576167820 0.9747833333333333 0
1641576179797 0.9747 0
1641576190679 0.9779166666666667 0
1641576200701 0.9783833333333334 0
1641576211457 0.97975 0
1641576221687 0.9808166666666667 0
1641576231629 0.9811833333333333 0
1641576241758 0.9826 0
1641576252484 0.98325 0
1641576262473 0.9827166666666667 0
1641576272342 0.9843166666666666 0
1641576283229 0.9841833333333333 0
1641576293613 0.9849333333333333 0
1641576303421 0.9859 0
1641576355450 0.8262833333333334 0
1641576365241 0.94865 0
1641576375373 0.9587 0
1641576385794 0.9652833333333334 0
1641576397222 0.9697833333333333 0
1641576408133 0.9717666666666667 0
1641576418607 0.9740666666666666 0
1641576428661 0.97715 0
1641576439016 0.9764333333333334 0
1641576448897 0.9784333333333334 0
1641576459133 0.97995 0
1641576469216 0.9815166666666667 0
1641576480157 0.9802666666666666 0
1641576491841 0.9825166666666667 0
1641576502701 0.9823166666666666 0
1641576514149 0.9829166666666667 0
1641576525111 0.9849833333333333 0
1641576536318 0.9836166666666667 0
1641576547500 0.9850833333333333 0
1641576558151 0.9849 0
1641576617115 0.81925 0
1641576629023 0.9436833333333333 0
1641576638785 0.9595833333333333 0
1641576650771 0.9667166666666667 0
1641576661419 0.9712166666666666 0
1641576671373 0.9718333333333333 0
1641576681763 0.9742 0
1641576691606 0.9761 0
1641576701533 0.9779333333333333 0
1641576712359 0.9780666666666666 0
1641576722329 0.9794 0
1641576734240 0.9811166666666666 0
1641576744769 0.9814833333333334 0
1641576756190 0.9822833333333333 0
1641576766608 0.9828 0
1641576776636 0.9827333333333333 0
1641576788463 0.9834666666666667 0
1641576799094 0.9841833333333333 0
1641576809686 0.98485 0
1641576820122 0.9853166666666666 0
1641576880547 0.86105 0
1641576890427 0.9517666666666666 0
1641576900708 0.9621166666666666 0
1641576911165 0.9650666666666666 0
1641576921365 0.9697166666666667 0
1641576931699 0.97285 0
1641576941751 0.97355 0
1641576952038 0.97535 0
1641576963774 0.9772 0
1641576973881 0.9781166666666666 0
1641576985384 0.9790666666666666 0
1641576995875 0.98 0
1641577005470 0.9809333333333333 0
1641577015423 0.9812 0
1641577026923 0.9836 0
1641577037550 0.9840666666666666 0
1641577050360 0.9837833333333333 0
1641577060226 0.9847666666666667 0
1641577071254 0.98465 0
1641577082510 0.9854333333333334 0
1641577154326 0.8807 0
1641577164559 0.9529333333333333 0
1641577174699 0.9612333333333334 0
1641577185647 0.9663333333333334 0
1641577195642 0.96515 0
1641577206449 0.9693333333333334 0
1641577217159 0.9746833333333333 0
1641577227130 0.97415 0
1641577236894 0.977 0
1641577248499 0.9754166666666667 0
1641577258928 0.97765 0
1641577269313 0.9810666666666666 0
1641577279162 0.9803166666666666 0
1641577290519 0.98135 0
1641577300945 0.98175 0
1641577311061 0.9827 0
1641577322727 0.9836 0
1641577333415 0.9838166666666667 0
1641577344560 0.9843666666666666 0
1641577355479 0.9857666666666667 0
1641577422625 0.8840666666666667 0
1641577432452 0.9536 0
1641577442475 0.9632166666666667 0
1641577452497 0.9674833333333334 0
1641577462799 0.9709166666666667 0
1641577473596 0.9723833333333334 0
1641577483917 0.9740166666666666 0
1641577494729 0.9755333333333334 0
1641577507268 0.9767166666666667 0
1641577518222 0.97885 0
1641577528161 0.979 0
1641577539715 0.9804166666666667 0
1641577549663 0.9811 0
1641577561425 0.9822333333333333 0
1641577571657 0.9816666666666667 0
1641577583526 0.9838833333333333 0
1641577593510 0.9829 0
1641577604247 0.9852833333333333 0
1641577616610 0.98375 0
1641577627041 0.9861666666666666 0
1641577698219 0.84505 0
1641577708330 0.9457833333333333 0
1641577718244 0.9606333333333333 0
1641577728799 0.9665666666666667 0
1641577739612 0.9686166666666667 0
1641577749879 0.9714 0
1641577759883 0.9737333333333333 0
1641577770196 0.9743333333333334 0
1641577780786 0.9766 0
1641577790992 0.9776166666666667 0
1641577801020 0.9789333333333333 0
1641577812615 0.9791333333333333 0
1641577823236 0.9799 0
1641577833523 0.9815833333333334 0
1641577843768 0.9815333333333334 0
1641577854380 0.9829 0
1641577864985 0.9837166666666667 0
1641577876790 0.9824666666666667 0
1641577888131 0.9840333333333333 0
1641577898162 0.9845333333333334 0
1641577974551 0.8278 0
1641577984511 0.9462 0
1641577994431 0.9594666666666667 0
1641578004283 0.9665166666666667 0
1641578014815 0.9695 0
1641578025132 0.9711833333333333 0
1641578036007 0.9746166666666667 0
1641578046368 0.9744333333333334 0
1641578056823 0.9761333333333333 0
1641578067579 0.9785666666666667 0
1641578078387 0.9788333333333333 0
1641578088954 0.9808666666666667 0
1641578101272 0.9804833333333334 0
1641578111604 0.9834 0
1641578121510 0.9822166666666666 0
1641578131620 0.98315 0
1641578142053 0.98315 0
1641578151904 0.9843333333333333 0
1641578162246 0.9848 0
1641578174512 0.9846166666666667 0
1641578250051 0.8225 0
1641578261092 0.9485166666666667 0
1641578271371 0.9608333333333333 0
1641578281634 0.9651333333333333 0
1641578292217 0.9692333333333333 0
1641578301998 0.9743333333333334 0
1641578312894 0.97375 0
1641578323197 0.9756666666666667 0
1641578334319 0.9775833333333334 0
1641578344405 0.9786833333333333 0
1641578354992 0.98005 0
1641578367054 0.9799666666666667 0
1641578376743 0.9811 0
1641578386866 0.9821833333333333 0
1641578397339 0.98365 0
1641578407275 0.983 0
1641578418187 0.9838666666666667 0
1641578428061 0.9848666666666667 0
1641578437936 0.9844166666666667 0
1641578449110 0.9846666666666667 0
1641578535059 0.8373 0
1641578547798 0.9481333333333334 0
1641578558648 0.9610666666666666 0
1641578568917 0.9654666666666667 0
1641578578941 0.9702166666666666 0
1641578588853 0.9721666666666666 0
1641578598725 0.9722166666666666 0
1641578608737 0.9759166666666667 0
1641578618997 0.9756 0
1641578629456 0.9773833333333334 0
1641578640578 0.9788666666666667 0
1641578652639 0.98055 0
1641578663156 0.9815666666666667 0
1641578673488 0.9808666666666667 0
1641578683913 0.9813666666666667 0
1641578694309 0.98385 0
1641578704531 0.98355 0
1641578715796 0.9832 0
1641578727424 0.9847666666666667 0
1641578737388 0.9849 0
1641578826650 0.86995 0
1641578836611 0.9533333333333334 0
1641578847801 0.9578833333333333 0
1641578857828 0.9681833333333333 0
1641578868140 0.9702666666666667 0
1641578878136 0.9725333333333334 0
1641578888615 0.97355 0
1641578898549 0.9753833333333334 0
1641578908584 0.97515 0
1641578918449 0.9783166666666666 0
1641578928782 0.979 0
1641578939390 0.9791666666666666 0
1641578950048 0.9812166666666666 0
1641578960587 0.9809833333333333 0
1641578971013 0.9823833333333334 0
1641578981603 0.9823666666666667 0
1641578992193 0.9845666666666667 0
1641579002070 0.9842333333333333 0
1641579012452 0.9856833333333334 0
1641579022853 0.9847333333333333 0
1641579109398 0.8243666666666667 0
1641579119435 0.9432 0
1641579129930 0.95485 0
1641579139705 0.9653333333333334 0
1641579149533 0.9692333333333333 0
1641579159274 0.9701666666666666 0
1641579170530 0.9730666666666666 0
1641579181657 0.9739166666666667 0
1641579191839 0.97645 0
1641579201739 0.97785 0
1641579211918 0.9777333333333333 0
1641579222265 0.9788166666666667 0
1641579232304 0.9800333333333333 0
1641579242365 0.9812 0
1641579252668 0.9820833333333333 0
1641579263169 0.9835666666666667 0
1641579273806 0.98325 0
1641579284788 0.9839 0
1641579294871 0.9840166666666667 0
1641579304712 0.9845333333333334 0
1641579394115 0.8666166666666667 0
1641579404476 0.9501166666666667 0
1641579414693 0.9600166666666666 0
1641579424848 0.9660666666666666 0
1641579435982 0.9680666666666666 0
1641579446609 0.97105 0
1641579457178 0.9735166666666667 0
1641579466837 0.9751 0
1641579476633 0.97705 0
1641579487880 0.9774666666666667 0
1641579499625 0.97875 0
1641579509446 0.9803 0
1641579519891 0.9812 0
1641579529808 0.9820333333333333 0
1641579539576 0.9827 0
1641579549427 0.9831 0
1641579559657 0.9833 0
1641579570302 0.98375 0
1641579580804 0.9851 0
1641579591822 0.9856 0
1641579686102 0.8502666666666666 0
1641579696931 0.9469 0
1641579707496 0.93295 0
1641579717346 0.9581 0
1641579727994 0.9658833333333333 0
1641579737954 0.9713166666666667 0
1641579748172 0.9721666666666666 0
1641579759208 0.9740166666666666 0
1641579769362 0.9754833333333334 0
1641579779710 0.9766 0
1641579789436 0.9777833333333333 0
1641579800082 0.97865 0
1641579810890 0.9800833333333333 0
1641579820831 0.9807833333333333 0
1641579830539 0.9812666666666666 0
1641579840861 0.9822 0
1641579850805 0.9817833333333333 0
1641579860716 0.9852166666666666 0
1641579871171 0.98435 0
1641579881135 0.9844333333333334 0
1641579983537 0.8177 0
1641579993186 0.9339166666666666 0
1641580004520 0.9539666666666666 0
1641580014735 0.9618833333333333 0
1641580025255 0.96425 0
1641580035222 0.96975 0
1641580045246 0.97155 0
1641580055250 0.97455 0
1641580066057 0.9751833333333333 0
1641580075918 0.9772333333333333 0
1641580087267 0.9787166666666667 0
1641580096939 0.9796833333333334 0
1641580108118 0.9798666666666667 0
1641580117890 0.9820333333333333 0
1641580128902 0.98185 0
1641580139461 0.9828833333333333 0
1641580149300 0.9839333333333333 0
1641580159289 0.9828833333333333 0
1641580169326 0.9846 0
1641580179270 0.9839833333333333 0
1641580280468 0.8576833333333334 0
1641580291527 0.9491833333333334 0
1641580301462 0.9616 0
1641580312780 0.9652333333333334 0
1641580324928 0.9696833333333333 0
1641580335392 0.9682666666666667 0
1641580345087 0.9741333333333333 0
1641580355064 0.97475 0
1641580365772 0.97695 0
1641580376362 0.9769166666666667 0
1641580386274 0.9782166666666666 0
1641580396375 0.9797166666666667 0
1641580407665 0.9815666666666667 0
1641580418811 0.9818666666666667 0
1641580428669 0.9821666666666666 0
1641580439195 0.9833666666666666 0
1641580449520 0.9834666666666667 0
1641580460714 0.985 0
1641580472000 0.98505 0
1641580481950 0.9847 0
1641580586886 0.8971 0
1641580597069 0.95395 0
1641580606904 0.9618666666666666 0
1641580616975 0.9665 0
1641580627032 0.9687666666666667 0
1641580636983 0.9717 0
1641580647249 0.9732666666666666 0
1641580657772 0.9743666666666667 0
1641580668024 0.9760333333333333 0
1641580678307 0.9777666666666667 0
1641580688077 0.9789333333333333 0
1641580698029 0.9792833333333333 0
1641580707911 0.9806 0
1641580718780 0.9806833333333334 0
1641580729571 0.98265 0
1641580739901 0.9828166666666667 0
1641580750590 0.9849166666666667 0
1641580760463 0.9839166666666667 0
1641580771960 0.9854166666666667 0
1641580782020 0.9856 0
1641580893309 0.8407 0
1641580902947 0.9482333333333334 0
1641580913874 0.95645 0
1641580926094 0.9665 0
1641580938422 0.9696166666666667 0
1641580949207 0.9697 0
1641580959761 0.9740666666666666 0
1641580969836 0.9742333333333333 0
1641580980094 0.9773333333333334 0
1641580989937 0.9786 0
1641581000127 0.97915 0
1641581010872 0.9788333333333333 0
1641581021320 0.98075 0
1641581031203 0.9816166666666667 0
1641581041342 0.9823 0
1641581052001 0.9839 0
1641581062315 0.98325 0
1641581073119 0.9829666666666667 0
1641581083320 0.9839166666666667 0
1641581093893 0.9847166666666667 0
1641581208306 0.8341666666666666 0
1641581218705 0.9479 0
1641581228670 0.9596166666666667 0
1641581241614 0.96425 0
1641581253798 0.96835 0
1641581263549 0.9709833333333333 0
1641581273477 0.9732833333333333 0
1641581283509 0.97525 0
1641581293835 0.9771333333333333 0
1641581305693 0.9789166666666667 0
1641581316674 0.97915 0
1641581327412 0.9805166666666667 0
1641581338240 0.98015 0
1641581348759 0.98105 0
1641581359610 0.9831 0
1641581369940 0.9823833333333334 0
1641581380098 0.98365 0
1641581390441 0.98355 0
1641581401570 0.9846333333333334 0
1641581411778 0.98505 0
1641581541714 0.8260833333333333 0
1641581552048 0.94605 0
1641581564303 0.9609833333333333 0
1641581574570 0.9667666666666667 0
1641581585137 0.9690333333333333 0
1641581595424 0.97255 0
1641581605310 0.9753333333333334 0
1641581616385 0.9758666666666667 0
1641581628694 0.9774 0
1641581644345 0.9775 0
1641581654971 0.9792833333333333 0
1641581665446 0.9802833333333333 0
1641581675840 0.9812 0
1641581685892 0.9826333333333334 0
1641581696228 0.9829333333333333 0
1641581706475 0.9832166666666666 0
1641581718474 0.9839833333333333 0
1641581728668 0.9830333333333333 0
1641581738782 0.9857833333333333 0
1641581749051 0.9853 0
1641581881851 0.8372166666666667 0
1641581893222 0.9437 0
1641581904816 0.9597666666666667 0
1641581916349 0.9657166666666667 0
1641581927497 0.9704333333333334 0
1641581938423 0.9716 0
1641581949650 0.9741333333333333 0
1641581960857 0.97595 0
1641581971932 0.9771 0
1641581982691 0.9775 0
1641581993530 0.9803166666666666 0
1641582004411 0.97945 0
1641582015594 0.9813833333333334 0
1641582026450 0.9821833333333333 0
1641582037230 0.9827166666666667 0
1641582047749 0.98345 0
1641582058206 0.9842166666666666 0
1641582069055 0.9834833333333334 0
1641582080059 0.9847666666666667 0
1641582091083 0.9852166666666666 0
1641582225890 0.8697833333333334 0
1641582237278 0.9482166666666667 0
1641582248426 0.9601833333333334 0
1641582259382 0.9653333333333334 0
1641582270099 0.9711 0
1641582280022 0.9713 0
1641582290051 0.9740666666666666 0
1641582300479 0.9755 0
1641582311014 0.9771833333333333 0
1641582321790 0.9791833333333333 0
1641582332738 0.9791833333333333 0
1641582343140 0.9801833333333333 0
1641582353860 0.9809666666666667 0
1641582364997 0.9814 0
1641582375628 0.9825333333333334 0
1641582386530 0.9846833333333334 0
1641582397155 0.9836666666666667 0
1641582407790 0.98495 0
1641582418124 0.9846 0
1641582428935 0.9852833333333333 0
1641582569410 0.8725166666666667 0
1641582579601 0.9530166666666666 0
1641582591220 0.95845 0
1641582600978 0.9663666666666667 0
1641582611778 0.9702 0
1641582622346 0.9727333333333333 0
1641582632547 0.9730833333333333 0
1641582643505 0.9763333333333334 0
1641582654225 0.9776333333333334 0
1641582664844 0.978 0
1641582675474 0.97855 0
1641582686071 0.9805333333333334 0
1641582696508 0.9808333333333333 0
1641582706547 0.9814 0
1641582716649 0.98285 0
1641582727420 0.98225 0
1641582738257 0.9840333333333333 0
1641582748984 0.9832166666666666 0
1641582759453 0.9849833333333333 0
1641582769850 0.9857666666666667 0
1641582907067 0.81875 0
1641582917636 0.9416333333333333 0
1641582928607 0.9592666666666667 0
1641582938856 0.9643 0
1641582949376 0.9687166666666667 0
1641582960109 0.9711833333333333 0
1641582970370 0.9743833333333334 0
1641582980453 0.976 0
1641582990629 0.9771 0
1641583002004 0.9773333333333334 0
1641583012218 0.9781833333333333 0
1641583022852 0.97985 0
1641583033703 0.9801333333333333 0
1641583044692 0.98185 0
1641583054786 0.98165 0
1641583065411 0.9828833333333333 0
1641583075488 0.9839 0
1641583086401 0.9828 0
1641583096512 0.9836166666666667 0
1641583107295 0.98445 0
1641583257338 0.8297333333333333 0
1641583267800 0.9447333333333333 0
1641583278566 0.9591 0
1641583289221 0.9646166666666667 0
1641583299898 0.9686666666666667 0
1641583310851 0.9723 0
1641583320712 0.9742166666666666 0
1641583330575 0.97655 0
1641583340701 0.9778333333333333 0
1641583352586 0.9785 0
1641583363307 0.9788166666666667 0
1641583373240 0.9801333333333333 0
1641583383774 0.9825333333333334 0
1641583394234 0.9822666666666666 0
1641583404372 0.9827333333333333 0
1641583414631 0.9833666666666666 0
1641583424968 0.98385 0
1641583435289 0.98515 0
1641583446238 0.9844666666666667 0
1641583456555 0.9846666666666667 0
1641583610138 0.8761166666666667 0
1641583621237 0.9510166666666666 0
1641583632042 0.9605666666666667 0
1641583642131 0.9644 0
1641583652550 0.9703333333333334 0
1641583662938 0.9721 0
1641583672950 0.9736666666666667 0
1641583683955 0.9755333333333334 0
1641583694619 0.9775833333333334 0
1641583704401 0.9784666666666667 0
1641583714707 0.9797833333333333 0
1641583724757 0.98095 0
1641583734969 0.9819166666666667 0
1641583745397 0.98215 0
1641583756324 0.98275 0
1641583766733 0.9834666666666667 0
1641583777506 0.9849 0
1641583788346 0.9843166666666666 0
1641583799027 0.9853333333333333 0
1641583809014 0.9856 0
1641583954287 0.86945 0
1641583964546 0.9529833333333333 0
1641583974692 0.9629333333333333 0
1641583984747 0.9674166666666667 0
1641583996164 0.9702 0
1641584006412 0.97105 0
1641584016899 0.9737 0
1641584027336 0.9720166666666666 0
1641584037713 0.97775 0
1641584048288 0.9772166666666666 0
1641584058114 0.9791 0
1641584068305 0.9797333333333333 0
1641584078805 0.9808333333333333 0
1641584089319 0.98145 0
1641584099826 0.98205 0
1641584109878 0.9826 0
1641584120551 0.9844166666666667 0
1641584130482 0.9837833333333333 0
1641584143271 0.9857833333333333 0
1641584153203 0.9840333333333333 0
1641584310192 0.8224833333333333 0
1641584321522 0.948 0
1641584333118 0.9591666666666666 0
1641584343015 0.9652 0
1641584353392 0.96835 0
1641584363274 0.9711833333333333 0
1641584374422 0.97475 0
1641584384110 0.97545 0
1641584394437 0.9769833333333333 0
1641584405569 0.9789333333333333 0
1641584416167 0.9809333333333333 0
1641584426408 0.9809833333333333 0
1641584436678 0.9809833333333333 0
1641584447127 0.9831833333333333 0
1641584457489 0.9824666666666667 0
1641584467669 0.98425 0
1641584478751 0.98405 0
1641584489003 0.9849 0
1641584499258 0.9843 0
1641584509961 0.98595 0
1641584676568 0.8521833333333333 0
1641584688506 0.9518 0
1641584699435 0.9607166666666667 0
1641584709723 0.96555 0
1641584721998 0.9691166666666666 0
1641584732422 0.9720666666666666 0
1641584742567 0.9733333333333334 0
1641584754831 0.9755833333333334 0
1641584765252 0.97625 0
1641584775564 0.9782833333333333 0
1641584787984 0.9788333333333333 0
1641584798255 0.9798666666666667 0
1641584808302 0.9807666666666667 0
1641584819063 0.9810666666666666 0
1641584829670 0.9815833333333334 0
1641584840854 0.9821666666666666 0
1641584851371 0.9841833333333333 0
1641584863321 0.9843833333333334 0
1641584873258 0.9831666666666666 0
1641584883935 0.9853 0
1641585043368 0.8532166666666666 0
1641585053880 0.9487333333333333 0
1641585063966 0.9611333333333333 0
1641585074111 0.9666833333333333 0
1641585085671 0.9659166666666666 0
1641585095896 0.9727666666666667 0
1641585106620 0.9744833333333334 0
1641585116616 0.9760833333333333 0
1641585126596 0.9774666666666667 0
1641585138022 0.9780166666666666 0
1641585148478 0.9794333333333334 0
1641585159519 0.98 0
1641585171820 0.9827 0
1641585182961 0.9819333333333333 0
1641585193328 0.98205 0
1641585203295 0.9840666666666666 0
1641585213264 0.9840166666666667 0
1641585223843 0.9848 0
1641585234227 0.9841833333333333 0
1641585244425 0.98545 0
1641585409526 0.7998333333333333 0
1641585420122 0.9313833333333333 0
1641585429958 0.9553 0
1641585440063 0.9652833333333334 0
1641585450783 0.9691666666666666 0
1641585461223 0.97105 0
1641585471722 0.9741166666666666 0
1641585481825 0.97505 0
1641585492344 0.9759 0
1641585502565 0.9771833333333333 0
1641585513070 0.9789 0
1641585523216 0.9808 0
1641585533616 0.9812833333333333 0
1641585544187 0.9803166666666666 0
1641585554850 0.9831333333333333 0
1641585565088 0.9831833333333333 0
1641585575374 0.9838333333333333 0
1641585585710 0.9832666666666666 0
1641585596122 0.9843833333333334 0
1641585606418 0.9847166666666667 0
1641585776078 0.82965 0
1641585786501 0.9495 0
1641585797030 0.95705 0
1641585807292 0.9669833333333333 0
1641585817220 0.9693666666666667 0
1641585827780 0.9714666666666667 0
1641585838457 0.9754833333333334 0
1641585848670 0.9744166666666667 0
1641585858687 0.9774333333333334 0
1641585868892 0.9777 0
1641585879227 0.9793833333333334 0
1641585889394 0.9808333333333333 0
1641585900248 0.9817166666666667 0
1641585910530 0.98175 0
1641585920524 0.9826333333333334 0
1641585930833 0.9830833333333333 0
1641585941151 0.9841 0
1641585952671 0.9836 0
1641585963824 0.9854 0
1641585973755 0.98505 0
1641586140502 0.8533833333333334 0
1641586150642 0.9465 0
1641586160790 0.9595666666666667 0
1641586170849 0.9663666666666667 0
1641586181669 0.9666333333333333 0
1641586191737 0.9717666666666667 0
1641586202561 0.9744333333333334 0
1641586212880 0.9760666666666666 0
1641586222909 0.9774333333333334 0
1641586232736 0.9790333333333333 0
1641586243459 0.9803666666666667 0
1641586253594 0.9806833333333334 0
1641586263386 0.9816 0
1641586273528 0.9824666666666667 0
1641586285362 0.9834166666666667 0
1641586296590 0.98295 0
1641586306858 0.9837666666666667 0
1641586317129 0.9846666666666667 0
1641586327504 0.9853666666666666 0
1641586339546 0.9852666666666666 0
1641586518387 0.8239666666666666 0
1641586528484 0.9478166666666666 0
1641586539011 0.9600333333333333 0
1641586549430 0.9666166666666667 0
1641586559695 0.9680833333333333 0
1641586569956 0.97155 0
1641586580714 0.9751666666666666 0
1641586593324 0.9754166666666667 0
1641586604226 0.9772166666666666 0
1641586614947 0.9788833333333333 0
1641586626402 0.9801 0
1641586636539 0.9797666666666667 0
1641586647365 0.9813166666666666 0
1641586657578 0.9826 0
1641586667700 0.9820833333333333 0
1641586677985 0.9846 0
1641586690524 0.9832166666666666 0
1641586701367 0.9840166666666667 0
1641586711551 0.9846666666666667 0
1641586722168 0.9854833333333334 0
1641586901619 0.8429333333333333 0
1641586911844 0.948 0
1641586921806 0.9602 0
1641586932950 0.9649833333333333 0
1641586943026 0.9686666666666667 0
1641586953006 0.9729666666666666 0
1641586963778 0.9726833333333333 0
1641586974388 0.9759666666666666 0
1641586984643 0.9768833333333333 0
1641586995176 0.9775333333333334 0
1641587004934 0.97925 0
1641587015278 0.9789 0
1641587026317 0.98095 0
1641587036626 0.9804 0
1641587046832 0.9825666666666667 0
1641587057457 0.9824666666666667 0
1641587070087 0.9819333333333333 0
1641587080360 0.9849833333333333 0
1641587090535 0.9841 0
1641587100826 0.9846 0
1641587282979 0.8335333333333333 0
1641587293925 0.94755 0
1641587304088 0.9606833333333333 0
1641587314944 0.9638666666666666 0
1641587326450 0.9712 0
1641587336367 0.9721 0
1641587347346 0.9744666666666667 0
1641587357608 0.9755833333333334 0
1641587368484 0.9769666666666666 0
1641587379581 0.9788166666666667 0
1641587390263 0.9803833333333334 0
1641587400668 0.9797 0
1641587410849 0.9807166666666667 0
1641587422245 0.9811666666666666 0
1641587433316 0.9833166666666666 0
1641587443581 0.9831166666666666 0
1641587453921 0.9829 0
1641587464722 0.9841333333333333 0
1641587475451 0.98465 0
1641587485917 0.9843833333333334 0
1641587681635 0.83155 0
1641587691604 0.9489 0
1641587702874 0.9589833333333333 0
1641587714473 0.9623 0
1641587725348 0.9707333333333333 0
1641587735720 0.9720166666666666 0
1641587745528 0.9741 0
1641587757757 0.9753833333333334 0
1641587768849 0.9765166666666667 0
1641587778722 0.9783333333333334 0
1641587789049 0.9796 0
1641587799314 0.9810666666666666 0
1641587810503 0.9808833333333333 0
1641587822182 0.9829166666666667 0
1641587832709 0.9819666666666667 0
1641587843295 0.9827 0
1641587853702 0.9840666666666666 0
1641587864336 0.98495 0
1641587874659 0.98425 0
1641587884641 0.9854333333333334 0
1641588078976 0.8172666666666667 0
1641588089633 0.9485666666666667 0
1641588100037 0.9625166666666667 0
1641588111114 0.9670333333333333 0
1641588121820 0.9691166666666666 0
1641588131551 0.97215 0
1641588142547 0.9738666666666667 0
1641588154712 0.97585 0
1641588164867 0.97705 0
1641588174710 0.9784833333333334 0
1641588185645 0.9798666666666667 0
1641588196119 0.98055 0
1641588206023 0.9805666666666667 0
1641588216444 0.9816333333333334 0
1641588226911 0.9823833333333334 0
1641588237320 0.98295 0
1641588247589 0.9834166666666667 0
1641588257790 0.9844666666666667 0
1641588268956 0.9838 0
1641588279356 0.9853166666666666 0
1641588476132 0.848 0
1641588486728 0.9487333333333333 0
1641588496666 0.9598833333333333 0
1641588507390 0.9641833333333333 0
1641588517728 0.9677166666666667 0
1641588528583 0.9717166666666667 0
1641588540570 0.9723166666666667 0
1641588550620 0.97535 0
1641588562101 0.97595 0
1641588572403 0.9778 0
1641588582357 0.9790666666666666 0
1641588592599 0.9797 0
1641588602505 0.98155 0
1641588612522 0.9821666666666666 0
1641588622701 0.9816 0
1641588633308 0.98385 0
1641588643454 0.982 0
1641588653437 0.9849333333333333 0
1641588663523 0.9842166666666666 0
1641588673774 0.9861333333333333 0
1641588873284 0.84 0
1641588884977 0.9471833333333334 0
1641588895619 0.9614 0
1641588906638 0.9655 0
1641588916987 0.9694666666666667 0
1641588927139 0.9730166666666666 0
1641588938184 0.9727666666666667 0
1641588950085 0.976 0
1641588960908 0.97685 0
1641588971552 0.9774166666666667 0
1641588981294 0.9784833333333334 0
1641588996871 0.97945 0
1641589007425 0.98085 0
1641589017763 0.9824833333333334 0
1641589028986 0.98295 0
1641589039490 0.9824 0
1641589049789 0.9840166666666667 0
1641589060307 0.9836833333333334 0
1641589071103 0.9847333333333333 0
1641589081369 0.9842333333333333 0
