1645732115624 0.2808 0
1645732123508 0.44 0
1645732131694 0.5208 0
1645732139746 0.5836 0
1645732147734 0.6322 0
1645732155756 0.6702 0
1645732163770 0.7058 0
1645732172027 0.7362 0
1645732179913 0.777 0
1645732188058 0.81 0
1645732246236 0.4026 0
1645732304528 0.533 0
1645732362622 0.5976 0
1645732420668 0.646 0
1645732478468 0.7084 0
1645732536432 0.7474 0
1645732594544 0.7872 0
1645732652384 0.823 0
1645732710580 0.854 0
1645732768398 0.8878 0
1645732826275 0.4352 0
1645732883341 0.6168 0
1645732940519 0.6748 0
1645732997823 0.7304 0
1645733054836 0.7778 0
1645733111806 0.8174 0
1645733168901 0.8548 0
1645733226095 0.8834 0
1645733283486 0.9114 0
1645733340391 0.9154 0
