1641968996345 0.7753717689673106 0
1641969008936 0.23138662455876668 0
1641969021529 0.1257999501268069 0
1641969034136 0.06802929081916809 0
1641969046732 0.03622771991093954 0
1641969059392 0.022181516450643538 0
1641969071971 0.019071172620356083 0
1641969084639 0.013545221052567164 0
1641969097313 0.012764080987870694 0
1641969109968 0.014293087425331275 0
1641969122601 0.010412152070800464 0
1641969135194 0.008293640171736479 0
1641969147865 0.010032964037482937 0
1641969160578 0.009146827055917432 0
1641969173201 0.008003474810843667 0
1641969185911 0.007071436833838622 0
1641969198558 0.006400118001798788 0
1641969211201 0.006237923148957392 0
1641969223833 0.008350416344155868 0
1641969236540 0.005412591339275241 0
1641969257138 0.7929462138493856 0
1641969267305 0.24030259573459625 0
1641969277410 0.1350924016912778 0
1641969287591 0.07112605595986049 0
1641969297727 0.0378667373696963 0
1641969307902 0.02498829907029867 0
1641969318037 0.016084995113313197 0
1641969328204 0.016644439039131004 0
1641969338322 0.013082196161647637 0
1641969348440 0.014522534180680911 0
1641969358547 0.012883223537479838 0
1641969368697 0.009237956445415814 0
1641969378891 0.009201976019144058 0
1641969389080 0.00821075841858983 0
1641969399288 0.006064856248348951 0
1641969409463 0.007981053679188093 0
1641969419589 0.007395386387159427 0
1641969429656 0.008469077085579434 0
1641969439828 0.006670332694115738 0
1641969449942 0.006623031206429005 0
1641969481329 0.8044446097215017 0
1641969491456 0.2497108324845632 0
1641969501572 0.14151768941084544 0
1641969511649 0.07691196609934171 0
1641969521840 0.03950281627972921 0
1641969531981 0.024370070097843807 0
1641969542099 0.017488194535672665 0
1641969552228 0.016357004615664483 0
1641969562333 0.017175339143474896 0
1641969572475 0.010872717245916525 0
1641969582620 0.011377800329029561 0
1641969592703 0.008395877027511597 0
1641969602857 0.008641580185666681 0
1641969613039 0.012864382529507081 0
1641969623220 0.008580455817033848 0
1641969633398 0.007454517865243058 0
1641969643538 0.009710381829117735 0
1641969653696 0.0058155755876873935 0
1641969663855 0.004435524537259092 0
1641969674036 0.006692503315396607 0
1641969716592 0.8066476495265961 0
1641969727107 0.2596436245759328 0
1641969737719 0.1511611766576767 0
1641969748332 0.08246055145661037 0
1641969758917 0.045529219534496464 0
1641969769442 0.028607284839948018 0
1641969779941 0.020546229650080204 0
1641969790556 0.019622857528924943 0
1641969801144 0.016056999815503757 0
1641969811745 0.012122829593842229 0
1641969822371 0.01501621289725105 0
1641969832872 0.011801502383251984 0
1641969843426 0.010063820918649435 0
1641969854045 0.011795817902932564 0
1641969864686 0.006877652236074209 0
1641969875237 0.009908510373160243 0
1641969885779 0.007184690162974099 0
1641969896405 0.008125776676957805 0
1641969906968 0.007235556084786852 0
1641969917571 0.00765440409630537 0
1641969970875 0.8216898272673289 0
1641969981422 0.2613638050556183 0
1641969991980 0.15052676040728888 0
1641970002489 0.08153535799980163 0
1641970013067 0.044483393130699794 0
1641970023660 0.0274740044961373 0
1641970034291 0.022974842221538228 0
1641970044825 0.01718824647217989 0
1641970055381 0.0121430653338631 0
1641970065951 0.017080482000857593 0
1641970076518 0.014550914895534516 0
1641970087039 0.012637619526435932 0
1641970097644 0.010091911718994378 0
1641970108176 0.008745745979249478 0
1641970118621 0.00970926471625765 0
1641970129224 0.007184495731815696 0
1641970139870 0.009208557064831258 0
1641970150466 0.0074016277601321534 0
1641970161050 0.010938392373422782 0
1641970171577 0.007022825551653902 0
1641970235582 0.7975119877020518 0
1641970245801 0.24544698034524917 0
1641970256025 0.13685509055455525 0
1641970266238 0.07338356115221978 0
1641970276363 0.038903466546535495 0
1641970286536 0.023702933671077092 0
1641970296624 0.017383114047845205 0
1641970306698 0.01293874297440052 0
1641970316804 0.01834577507575353 0
1641970326928 0.010980034852897128 0
1641970337157 0.012293338001519442 0
1641970347342 0.011818997347851594 0
1641970357538 0.010094246420264245 0
1641970367683 0.010822665409371256 0
1641970377874 0.008735228676348924 0
1641970387987 0.005078662400568525 0
1641970398229 0.008916292481621107 0
1641970408406 0.005718688944851359 0
1641970418607 0.007250636479010184 0
1641970428722 0.005461548425878088 0
1641970505207 0.8066542616049449 0
1641970515685 0.2595718609889348 0
1641970526190 0.147609481994311 0
1641970536782 0.08163551210959752 0
1641970547345 0.04450375711123149 0
1641970557948 0.02865444516291221 0
1641970568468 0.02314829740921656 0
1641970579006 0.012613111003736655 0
1641970589660 0.018340316787113745 0
1641970600163 0.014807460923741262 0
1641970610717 0.013224911005422472 0
1641970621302 0.011277680410196384 0
1641970631889 0.006165559530630708 0
1641970642446 0.01164655424170196 0
1641970653017 0.008402497567981481 0
1641970663656 0.008743527201687296 0
1641970674146 0.010165022666628162 0
1641970684709 0.007222373664565384 0
1641970695295 0.006501623521124323 0
1641970705814 0.007823388172561924 0
1641970791985 0.7657135711193085 0
1641970802123 0.23172636824448903 0
1641970812223 0.13141698814233144 0
1641970822440 0.06945423628091812 0
1641970832602 0.038277589116493864 0
1641970842779 0.02293407343228658 0
1641970852955 0.01770924580891927 0
1641970863052 0.015376807729279001 0
1641970873264 0.015843225122739873 0
1641970883367 0.017024438360333443 0
1641970893569 0.01245120723110934 0
1641970903820 0.008495615995799502 0
1641970913968 0.0074402266458918655 0
1641970924071 0.008757914578914642 0
1641970934259 0.009854875766734283 0
1641970944486 0.007179381232336164 0
1641970954653 0.006735566642383734 0
1641970964811 0.008293110559259851 0
1641970975000 0.0071942031046996514 0
1641970985180 0.006782183876757821 0
1641971082052 0.8012714824040731 0
1641971092702 0.26327147988478344 0
1641971103295 0.15024285250504812 0
1641971113805 0.08087162843942643 0
1641971124352 0.04540689618786176 0
1641971134935 0.029092714746793112 0
1641971145535 0.01966190848921736 0
1641971156141 0.015084339580933253 0
1641971166743 0.017961875249942142 0
1641971177287 0.013909953368579349 0
1641971187847 0.013869034942487875 0
1641971198364 0.010717868005484342 0
1641971208869 0.011053538204481204 0
1641971219485 0.00806578641931216 0
1641971230015 0.009878801846007507 0
1641971240525 0.008653200149225692 0
1641971251157 0.006304670766368509 0
1641971261772 0.009361972125743826 0
1641971272427 0.006887865366507322 0
1641971283010 0.006263246640004217 0
1641971391028 0.7905588820298513 0
1641971401140 0.244502818163236 0
1641971411288 0.1354371944506963 0
1641971421384 0.0723094037214915 0
1641971431484 0.038729524006942906 0
1641971441669 0.022971687705814838 0
1641971451853 0.01782862410893043 0
1641971462038 0.017465104075769584 0
1641971472296 0.01437031484246254 0
1641971482496 0.011211407280961672 0
1641971492585 0.012616648727407058 0
1641971502760 0.009266659527768692 0
1641971512864 0.009235137893694142 0
1641971523068 0.010886135751505693 0
1641971533235 0.007774912041301528 0
1641971543438 0.00620428618999819 0
1641971553568 0.005510521282255649 0
1641971563643 0.008841707392533621 0
1641971573880 0.006402035208356877 0
1641971584100 0.006706619458304097 0
1641971702714 0.8238818760236104 0
1641971713276 0.2710219447294871 0
1641971723829 0.1608973663965861 0
1641971734369 0.09008362235625585 0
1641971744932 0.04729093192617098 0
1641971755523 0.030948791546622913 0
1641971766098 0.025455036724110446 0
1641971776685 0.02010632517809669 0
1641971787253 0.015357076520721118 0
1641971797849 0.014896371447791656 0
1641971808371 0.014484295842051506 0
1641971819024 0.01143154036452373 0
1641971829627 0.01067597319111228 0
1641971840148 0.009779636587078373 0
1641971850716 0.009700723687807718 0
1641971861317 0.009286884976923466 0
1641971871840 0.010233129937946797 0
1641971882398 0.006067054515331983 0
1641971892953 0.007204673859725396 0
1641971903597 0.008418596035366257 0
1641972033787 0.8095025502840678 0
1641972044337 0.26109819192091627 0
1641972054906 0.1495282346725464 0
1641972065570 0.08439822158813477 0
1641972076254 0.0453203276971976 0
1641972086873 0.03024764618476232 0
1641972097454 0.023530980395277342 0
1641972108028 0.0164843753926456 0
1641972118638 0.012379625762502353 0
1641972129256 0.01577121893763542 0
1641972139902 0.016147536019484203 0
1641972150535 0.011022539615879456 0
1641972161167 0.012464422909915448 0
1641972171738 0.007117201298599442 0
1641972182354 0.01037500658109784 0
1641972192960 0.006902737911293904 0
1641972203559 0.008979301095878085 0
1641972214077 0.009282989953955014 0
1641972224691 0.009484287457292278 0
1641972235349 0.005771529939646522 0
1641972376699 0.8539543218135833 0
1641972387745 0.28393969943523406 0
1641972398746 0.16986861995855967 0
1641972409793 0.09544293848276138 0
1641972420768 0.05204426436821619 0
1641972431757 0.03160824933052063 0
1641972442814 0.026172249295314153 0
1641972453880 0.02171980007539193 0
1641972464877 0.02018956413815419 0
1641972475911 0.014326528088996808 0
1641972486943 0.013163906998187303 0
1641972498015 0.014363914734870196 0
1641972509083 0.012336805501828592 0
1641972520117 0.009722836063802242 0
1641972531178 0.009346369077637792 0
1641972542267 0.01021622981975476 0
1641972553398 0.01024011977861325 0
1641972564358 0.008314350732664268 0
1641972575368 0.007836488922561209 0
1641972586428 0.009631120148549476 0
1641972740401 0.808060618575414 0
1641972750969 0.2625794673760732 0
1641972761537 0.14868702049255372 0
1641972772050 0.08228499872287115 0
1641972782683 0.04687280308504899 0
1641972793229 0.028266142257054646 0
1641972803854 0.02266294467051824 0
1641972814459 0.01954742981294791 0
1641972825020 0.012542619206508001 0
1641972835545 0.014813427157700062 0
1641972846155 0.01242430727382501 0
1641972856724 0.013960273316999276 0
1641972867304 0.01089563278456529 0
1641972877888 0.008570766813308001 0
1641972888453 0.007070861080909769 0
1641972899009 0.009720881954704722 0
1641972909533 0.00971032529429843 0
1641972920050 0.007446190696582198 0
1641972930548 0.0056959891490948695 0
1641972941109 0.007950957461943228 0
1641973105584 0.8195268377780914 0
1641973116207 0.25877682887713116 0
1641973126764 0.15049864713350933 0
1641973137367 0.08319384920597077 0
1641973147928 0.0453045505464077 0
1641973158486 0.028516617682079474 0
1641973169132 0.019038753225902715 0
1641973179721 0.0192384315893054 0
1641973190313 0.018335704683760803 0
1641973200984 0.014683598167449236 0
1641973211534 0.012720670205603043 0
1641973222218 0.01077076081459721 0
1641973232862 0.009640015666186809 0
1641973243447 0.008635586897532145 0
1641973254021 0.010434905413289865 0
1641973264649 0.009244515575716893 0
1641973275223 0.005466161266155541 0
1641973285804 0.007038890570774675 0
1641973296354 0.007910005780713011 0
1641973306934 0.0075662201311439276 0
1641973482329 0.8228831024010976 0
1641973492973 0.26792787703673043 0
1641973503554 0.15533252844810486 0
1641973514125 0.08637363090117772 0
1641973524734 0.04737779858708382 0
1641973535362 0.030691396099328996 0
1641973545891 0.023369232850521802 0
1641973556461 0.013908469433089097 0
1641973567046 0.015055176123480002 0
1641973577606 0.014843381960441668 0
1641973588191 0.0132820001386106 0
1641973598813 0.014378346158315737 0
1641973609452 0.010704541200647752 0
1641973620005 0.009487657847255469 0
1641973630580 0.008968193242202202 0
1641973641222 0.008184194847941398 0
1641973651840 0.00742266899086535 0
1641973662436 0.00936528639656802 0
1641973673032 0.00614713428368171 0
1641973683652 0.0077826422652850545 0
1641973871376 0.7905233338514964 0
1641973882005 0.25122870217959087 0
1641973892599 0.1442118998448054 0
1641973903210 0.08008040108482042 0
1641973913753 0.04419873634179433 0
1641973924328 0.02710690434773763 0
1641973934796 0.02010393970012665 0
1641973945383 0.016162657777965068 0
1641973955993 0.01559769232198596 0
1641973966522 0.013051748306800922 0
1641973977136 0.011027000036587319 0
1641973987764 0.012826846125225225 0
1641973998349 0.010018993091707428 0
1641974008882 0.010815257205689946 0
1641974019392 0.008213158339262009 0
1641974029928 0.008668697771430015 0
1641974040558 0.009078536592299739 0
1641974051213 0.008217282759087782 0
1641974061847 0.0069289664984680715 0
1641974072411 0.0075342597289010885 0
1641974271941 0.8194606013615926 0
1641974282853 0.27248027495543165 0
1641974293899 0.1635179887533188 0
1641974304824 0.09121019965807597 0
1641974315822 0.05403985498547554 0
1641974326851 0.03244817089339097 0
1641974337999 0.02391094390898943 0
1641974348959 0.02314096067249775 0
1641974359970 0.016835001955429713 0
1641974370963 0.016354034631947675 0
1641974381899 0.01211384960959355 0
1641974392926 0.013220612490922212 0
1641974403999 0.01336739655037721 0
1641974414984 0.01073177722338587 0
1641974426010 0.008901512722050151 0
1641974437061 0.006570717597752809 0
1641974448139 0.0089213406847169 0
1641974459152 0.009985089634358882 0
1641974470221 0.007770311403553933 0
1641974481182 0.009679848404849568 0
1641974692033 0.8247571755250295 0
1641974702612 0.2658246746381124 0
1641974713153 0.14949606370925902 0
1641974723775 0.08169929914871851 0
1641974734394 0.04366218949854374 0
1641974745002 0.02837198077539603 0
1641974755658 0.02059408139139414 0
1641974766235 0.01708153934031725 0
1641974776858 0.01897136843552192 0
1641974787383 0.017462403463944794 0
1641974797952 0.010333937370032072 0
1641974808498 0.011818339997281631 0
1641974818996 0.009149422230074804 0
1641974829569 0.010045271946986517 0
1641974840070 0.009357152366265654 0
1641974850698 0.009610992669686675 0
1641974861303 0.00722570166097333 0
1641974871888 0.007732082435364524 0
1641974882405 0.007485385609169801 0
1641974892932 0.007284513943145672 0
1641975113515 0.803416399637858 0
1641975124064 0.258483194732666 0
1641975134684 0.14605949631134668 0
1641975145277 0.08231966448227565 0
1641975155863 0.0428045272787412 0
1641975166472 0.03042992349813382 0
1641975176935 0.01903905378083388 0
1641975187576 0.017833629983166854 0
1641975198230 0.016788535599162182 0
1641975208826 0.012843810547888279 0
1641975219500 0.012227736816058557 0
1641975230106 0.01242121617657443 0
1641975240689 0.011007287685076396 0
1641975251188 0.01055371233758827 0
1641975261816 0.008640361629302302 0
1641975272346 0.01011379924310992 0
1641975282965 0.009043088348582386 0
1641975293569 0.008336562379449606 0
1641975304198 0.0076594747051596645 0
1641975314659 0.006043061680781344 0
1641975549688 0.8369128767808278 0
1641975560649 0.28641693952083586 0
1641975571687 0.1716787168264389 0
1641975582759 0.0966841824611028 0
1641975593824 0.05366418514053027 0
1641975604843 0.03468092321952184 0
1641975615934 0.025347923824936152 0
1641975627018 0.02184064928541581 0
1641975638049 0.015652267968157926 0
1641975649111 0.017586636378864446 0
1641975660153 0.014236524779101213 0
1641975671142 0.013295524078110854 0
1641975682111 0.012281692977249622 0
1641975693169 0.01279109470297893 0
1641975704108 0.010448627207924922 0
1641975715128 0.009044150406867266 0
1641975726087 0.00879523041471839 0
1641975737195 0.009099995997796456 0
1641975748183 0.008102396709347764 0
1641975759266 0.008903030094504357 0
1641976003284 0.844930154244105 0
1641976014285 0.2838424012978872 0
1641976025362 0.16796430331865947 0
1641976036475 0.09372307726542155 0
1641976047472 0.05008613477746646 0
1641976058556 0.03486687784592311 0
1641976069707 0.027539214965701102 0
1641976080718 0.020906768171985946 0
1641976091671 0.018942426416774592 0
1641976102766 0.015032675524552664 0
1641976113876 0.013726099083820978 0
1641976124930 0.009557992834846178 0
1641976135953 0.012699427753935257 0
1641976146985 0.01045927118435502 0
1641976157995 0.009429795792450507 0
1641976169055 0.009974359127258262 0
1641976180004 0.008495477531136324 0
1641976191128 0.008304280347625415 0
1641976202222 0.011924321481958032 0
1641976213310 0.0058222459542875485 0
1641976470552 0.8078656324227651 0
1641976481099 0.25248923213481905 0
1641976491757 0.14662267015775043 0
1641976502346 0.07818909253279369 0
1641976512959 0.041301942485570904 0
1641976523516 0.02637224905391534 0
1641976534172 0.01984865038643281 0
1641976544721 0.01842785879224539 0
1641976555273 0.015161038271089396 0
1641976565934 0.01294055283665657 0
1641976576474 0.00881291523973147 0
1641976587067 0.012092550853391488 0
1641976597649 0.011528677135457596 0
1641976608237 0.008570282126963138 0
1641976618967 0.0076932739025602735 0
1641976629630 0.009241576583931843 0
1641976640212 0.007715012783060471 0
1641976650768 0.008393138701344529 0
1641976661396 0.008919287216415007 0
1641976671965 0.006198481370415538 0
1641976940809 0.8215075246969858 0
1641976951388 0.2635377869526545 0
1641976961906 0.15202480943202973 0
1641976972513 0.08500793706178665 0
1641976983044 0.046016562386353814 0
1641976993683 0.029165690340598426 0
1641977004305 0.018629584448536237 0
1641977014941 0.01688089088499546 0
1641977025518 0.015775859556098778 0
1641977036113 0.015353628930697838 0
1641977046725 0.010465420970320702 0
1641977057376 0.01495043216024836 0
1641977067964 0.010513307518574098 0
1641977078516 0.009438863004744053 0
1641977089096 0.010603089142839113 0
1641977099669 0.010580178858960669 0
1641977110238 0.004741112751606852 0
1641977120822 0.006248633964608113 0
1641977131428 0.008849417104106397 0
1641977142011 0.007104538207190732 0
1641977422350 0.8282773000240325 0
1641977433410 0.27530937848091125 0
1641977444475 0.15932675699392954 0
1641977455469 0.09143814749121666 0
1641977466620 0.04832855315407117 0
1641977477586 0.03246834985017776 0
1641977488665 0.0245350139255325 0
1641977499770 0.01664530126055082 0
1641977510742 0.01646552399198214 0
1641977521838 0.01577740337923169 0
1641977532834 0.013640684302647909 0
1641977543951 0.011729696424057086 0
1641977554975 0.011579652544359366 0
1641977566005 0.012630550411095221 0
1641977577084 0.014170986905942361 0
1641977588103 0.006123037479445338 0
1641977599161 0.008889637427280347 0
1641977610232 0.006629642298569282 0
1641977621325 0.009142352360238632 0
1641977632366 0.008514662210332851 0
1641977924230 0.8220682833194732 0
1641977934825 0.2649622097492218 0
1641977945428 0.15441461901664733 0
1641977956061 0.08372007067998251 0
1641977966651 0.04526212806304296 0
1641977977219 0.02882802163461844 0
1641977987753 0.020939543922742207 0
1641977998299 0.017738734154403208 0
1641978008928 0.017995128304262958 0
1641978019532 0.016105641207347313 0
1641978030196 0.013953431384762129 0
1641978040795 0.009383400513976813 0
1641978051327 0.009784401421248912 0
1641978061886 0.011378078282872836 0
1641978072502 0.009059799831484755 0
1641978083047 0.008935405014206966 0
1641978093576 0.007722661241019765 0
1641978104147 0.008562381583824753 0
1641978114790 0.008579056788856785 0
1641978125323 0.007643811613321305 0
1641978429182 0.8131093459765116 0
1641978439740 0.263211726975441 0
1641978450358 0.14896993052164714 0
1641978460969 0.08052518889904023 0
1641978471555 0.04428406927982966 0
1641978482073 0.031651792514324185 0
1641978492601 0.02196545605510473 0
1641978503229 0.016394478063533703 0
1641978513799 0.01588999410867691 0
1641978524385 0.01736804284900427 0
1641978534939 0.010573857941726843 0
1641978545564 0.010853704977035522 0
1641978556204 0.012075044758617879 0
1641978566823 0.008743349121759334 0
1641978577428 0.008447298081405461 0
1641978588037 0.008500602807849646 0
1641978598598 0.00711282458708932 0
1641978609229 0.00958873263100783 0
1641978619818 0.007780632916900019 0
1641978630486 0.006435144136318316 0
1641978943242 0.7925664837996165 0
1641978953812 0.2548886160691579 0
1641978964404 0.1487772223353386 0
1641978974896 0.08116523218949635 0
1641978985407 0.04389163706103961 0
1641978996010 0.0276948066915075 0
1641979006605 0.02296691177288691 0
1641979017207 0.01926290207505226 0
1641979027736 0.016954811989267668 0
1641979038319 0.01471370278497537 0
1641979048969 0.01496657717525959 0
1641979059465 0.010310834642499685 0
1641979070009 0.010802442044019698 0
1641979080566 0.007268803223843376 0
1641979091048 0.009513057669748862 0
1641979101661 0.009779619502276182 0
1641979112250 0.008196894321714839 0
1641979122889 0.00673940362346669 0
1641979133524 0.008970450627493362 0
1641979144056 0.005482934657049676 0
1641979469181 0.8268271160443624 0
1641979480193 0.2756500559886297 0
1641979491226 0.16463848910331727 0
1641979502365 0.09123825607895851 0
1641979513389 0.05043735978603363 0
1641979524365 0.03167136210203171 0
1641979535373 0.022743294595678646 0
1641979546353 0.019571654087801774 0
1641979557373 0.019765327657262483 0
1641979568347 0.015453494725128015 0
1641979579304 0.01567213933567206 0
1641979590276 0.015355751759807268 0
1641979601321 0.011188430424034595 0
1641979612289 0.010389508796234926 0
1641979623334 0.00954830887913704 0
1641979634348 0.009480348335330685 0
1641979645284 0.009084488437697292 0
1641979656342 0.00796070188631614 0
1641979667400 0.009573233052715659 0
1641979678575 0.007847902017707626 0
1641980016106 0.8168018473943075 0
1641980026663 0.2639602171421051 0
1641980037207 0.1507285812695821 0
1641980047838 0.08421746855378151 0
1641980058430 0.048160483169555665 0
1641980069063 0.0304955864439408 0
1641980079689 0.021351218179861704 0
1641980090311 0.014944889372338852 0
1641980100951 0.015972122054050367 0
1641980111560 0.017197025776902835 0
1641980122163 0.011483784982562065 0
1641980132791 0.011028321019311746 0
1641980143359 0.012214289976656438 0
1641980153950 0.00920028409337004 0
1641980164546 0.010375173001984756 0
1641980175138 0.00933315406429271 0
1641980185696 0.007143764149645964 0
1641980196333 0.006280427688484391 0
1641980206976 0.008267509215511382 0
1641980217576 0.007377710520600279 0
1641980565385 0.7911711858272552 0
1641980575993 0.25382557900746666 0
1641980586569 0.14684101688861848 0
1641980597153 0.07864366795619329 0
1641980607724 0.04132834262649218 0
1641980618272 0.027490203802784285 0
1641980628815 0.023619779802362125 0
1641980639429 0.018713649638493857 0
1641980649988 0.013198764847218991 0
1641980660555 0.015311385843654473 0
1641980671184 0.012186154262224833 0
1641980681699 0.011917793088778854 0
1641980692295 0.010185436567415794 0
1641980702884 0.009977532370388507 0
1641980713468 0.0059692988003293675 0
1641980724147 0.009549969136963288 0
1641980734694 0.009929928504178922 0
1641980745320 0.006095599667603771 0
1641980755896 0.009749638030367594 0
1641980766505 0.005582247145846486 0
1641981124392 0.8157762382507324 0
1641981135484 0.2708615474541982 0
1641981146540 0.15883807078202566 0
1641981157533 0.09100072571436564 0
1641981168639 0.04981119605898857 0
1641981179690 0.02698516662021478 0
1641981190682 0.024600556284189223 0
1641981201700 0.022504921770095825 0
1641981212784 0.017954493807752925 0
1641981223847 0.017259952925642332 0
1641981234842 0.012687538353353739 0
1641981245889 0.011641529161731402 0
1641981256936 0.011777469754964113 0
1641981267899 0.010416446340332428 0
1641981278885 0.010067956521237889 0
1641981289960 0.008661503052214782 0
1641981300994 0.009925576079078019 0
1641981311992 0.009430017654101053 0
1641981322997 0.0073200200599618254 0
1641981334110 0.006884655598861476 0
1641981704384 0.8168271363417308 0
1641981714989 0.2615648366848628 0
1641981725597 0.14923283540407817 0
1641981736235 0.08265261296431224 0
1641981746843 0.04592669825553894 0
1641981757470 0.027322217579185962 0
1641981768070 0.01859607721567154 0
1641981778708 0.018118432370821634 0
1641981789297 0.01641720401297013 0
1641981799880 0.015408761038879554 0
1641981810451 0.01141958655565977 0
1641981820976 0.010339400946597258 0
1641981831599 0.011501872729510068 0
1641981842161 0.006436316060647368 0
1641981852795 0.01168908490911126 0
1641981863502 0.00802894371325771 0
1641981874103 0.008842895728473863 0
1641981884746 0.008077752653261026 0
1641981895381 0.007651860439373801 0
1641981905979 0.007619032239665588 0
1641982287088 0.7969950418392817 0
1641982297662 0.2543467919667562 0
1641982308312 0.14598750432332358 0
1641982318962 0.08169054124355316 0
1641982329515 0.04372571868300438 0
1641982340082 0.03061965814232826 0
1641982350685 0.021428592837850254 0
1641982361248 0.018419246364136537 0
1641982371838 0.012208339177072048 0
1641982382382 0.0162557515501976 0
1641982393004 0.012461091609795888 0
1641982403664 0.01163997159252564 0
1641982414188 0.011451162190238635 0
1641982424834 0.010915135043859481 0
1641982435440 0.008619593506678938 0
1641982446055 0.008032412718733152 0
1641982456648 0.007148803092663487 0
1641982467265 0.008854687643796206 0
1641982477846 0.008364490346113841 0
1641982488436 0.0062444979195327805 0
1641982882679 0.8292564712842305 0
1641982893758 0.2779251158078512 0
1641982904797 0.16303173480033875 0
1641982915818 0.09091036336024602 0
1641982926818 0.0532813518345356 0
1641982937830 0.030045732725660006 0
1641982948857 0.025090410188833873 0
1641982959843 0.020642155576248964 0
1641982970909 0.016505563234289488 0
1641982981958 0.015953916668891906 0
1641982993094 0.01430572768499454 0
1641983004107 0.011488431913654009 0
1641983015165 0.012959790184597175 0
1641983026115 0.011355073800931374 0
1641983037241 0.008558105304588875 0
1641983048222 0.010884418561433752 0
1641983059274 0.010842941772813598 0
1641983070313 0.008371966157481075 0
1641983081441 0.006953411854431033 0
1641983092415 0.008619892957185706 0
1641983500798 0.8448160142262777 0
1641983512322 0.29438136014143623 0
1641983523841 0.17802986676295599 0
1641983535355 0.10305447686115901 0
1641983546883 0.05774524124066035 0
1641983558324 0.03604881678819656 0
1641983569799 0.030385081740220386 0
1641983581267 0.023294048400719962 0
1641983592734 0.014450047960380713 0
1641983604237 0.015430098026494185 0
1641983615708 0.01651347126116355 0
1641983627301 0.01544992078046004 0
1641983638696 0.011319256329908966 0
1641983650248 0.008800936897844076 0
1641983661783 0.012606861792877316 0
1641983673196 0.011567002185682455 0
1641983684691 0.010089177618424098 0
1641983696247 0.009102702103058496 0
1641983707777 0.009127895211055875 0
1641983719283 0.005967007063142955 0
1641984136504 0.8236343976815541 0
1641984147567 0.27572247954209644 0
1641984158647 0.16385290668010713 0
1641984169741 0.09403448113203049 0
1641984180780 0.05120618236859639 0
1641984191808 0.03499839831839005 0
1641984202862 0.022156135433912278 0
1641984213848 0.019959889734784762 0
1641984224919 0.019935092601180076 0
1641984235980 0.013693585367500783 0
1641984246941 0.016619992840786774 0
1641984257950 0.013861094162861506 0
1641984268982 0.01198848522355159 0
1641984279967 0.010194667558620373 0
1641984291076 0.0109772690380613 0
1641984302085 0.010116566379616658 0
1641984313070 0.008419741625835498 0
1641984324080 0.00938385326427718 0
1641984335059 0.007017780050883691 0
1641984346088 0.008964267295474808 0
1641984773428 0.859188974905014 0
1641984784912 0.2978169460376104 0
1641984796380 0.17506989659468333 0
1641984807913 0.10027272189855575 0
1641984819383 0.0552382511417071 0
1641984830963 0.03478824012577534 0
1641984842481 0.025411916995048522 0
1641984854085 0.026768394434948762 0
1641984865532 0.021084288197755815 0
1641984877094 0.014239881936212381 0
1641984888604 0.015533982959389686 0
1641984900126 0.013032073333114385 0
1641984911667 0.011718316123386224 0
1641984923116 0.012175141206632057 0
1641984934577 0.010009685442224145 0
1641984946065 0.008347633945817749 0
1641984957588 0.011361701245481769 0
1641984969155 0.00929416257676979 0
1641984980638 0.006537690722880264 0
1641984992185 0.01038094184199969 0
1641985433665 0.7996533616542816 0
1641985444303 0.2595459853172302 0
1641985454892 0.14892594328324 0
1641985465503 0.08159421015580495 0
1641985476072 0.04484508661329746 0
1641985486637 0.026888219030201436 0
1641985497236 0.021841671513517697 0
1641985507825 0.018560782441496847 0
1641985518455 0.014378382367144029 0
1641985529070 0.014804687314728896 0
1641985539611 0.011000130339463551 0
1641985550217 0.012991835775102179 0
1641985560823 0.010147959399720033 0
1641985571401 0.010623065732916196 0
1641985582069 0.008437976978470882 0
1641985592642 0.008321873789901535 0
1641985603157 0.006939827209400634 0
1641985613697 0.007004454107272128 0
1641985624232 0.007647637376561761 0
1641985634841 0.008187491073583563 0
1641986087375 0.791155481894811 0
1641986097938 0.25967459534804027 0
1641986108574 0.15152005514303843 0
1641986119215 0.08579002302090327 0
1641986129818 0.04623844091494878 0
1641986140456 0.03127334596713384 0
1641986151070 0.023871070677787067 0
1641986161644 0.01663950390170018 0
1641986172266 0.011626015069087347 0
1641986182831 0.016957878397405146 0
1641986193416 0.013319128576914469 0
1641986204028 0.013327893330653508 0
1641986214679 0.009967677816251914 0
1641986225341 0.009340309538071355 0
1641986235997 0.00964507794479529 0
1641986246684 0.010662851737315456 0
1641986257279 0.008727374758633475 0
1641986267796 0.006872691009628276 0
1641986278421 0.008493399880826473 0
1641986289092 0.006474544044335683 0
1641986755756 0.8237265670617422 0
1641986766387 0.2601725281159083 0
1641986777019 0.14734669438997905 0
1641986787549 0.0797541693876187 0
1641986798173 0.0442273953696092 0
1641986808808 0.02697926794588566 0
1641986819329 0.018616739144921304 0
1641986829984 0.01842268836150567 0
1641986840594 0.017270186070352793 0
1641986851232 0.011666684580345948 0
1641986861818 0.015511114191636442 0
1641986872439 0.010406970185538133 0
1641986883075 0.011221822073931496 0
1641986893641 0.008794127399660647 0
1641986904201 0.01270237310876449 0
1641986914847 0.009741831041375796 0
1641986925328 0.009141444265283644 0
1641986935988 0.004694629613558451 0
1641986946598 0.0043541973896945516 0
1641986957228 0.009968099229161939 0
1641987431888 0.8329467506249746 0
1641987442511 0.2643680476029714 0
1641987453097 0.1515584293325742 0
1641987463663 0.08373455448150635 0
1641987474225 0.04677090491155783 0
1641987484774 0.0272142286837101 0
1641987495327 0.02121918516655763 0
1641987505910 0.01908614113330841 0
1641987516421 0.018329040124018987 0
1641987527030 0.013013878932595252 0
1641987537685 0.01169634495228529 0
1641987548289 0.013170478545129299 0
1641987558892 0.011560472886264325 0
1641987569478 0.006769236259410779 0
1641987580081 0.009753770657007893 0
1641987590664 0.009244685645836095 0
1641987601233 0.006912176669389009 0
1641987611828 0.008864189907660087 0
1641987622445 0.008209066866027813 0
1641987633069 0.006607105681300163 0
1641988122810 0.8914094380219777 0
1641988134751 0.31983513724009194 0
1641988146613 0.1991614189386368 0
1641988158588 0.1167721726735433 0
1641988170503 0.06995706886450449 0
1641988182441 0.0417726816991965 0
1641988194316 0.027749776934583983 0
1641988206246 0.023837805584073068 0
1641988218176 0.022210671234627565 0
1641988230100 0.018667179155349732 0
1641988242051 0.019597049190104007 0
1641988253998 0.015201644742985566 0
1641988265949 0.010448311091462771 0
1641988277864 0.014162358129769563 0
1641988289816 0.009891903980076312 0
1641988301645 0.011753623834376534 0
1641988313597 0.011872114855796099 0
1641988325583 0.01009181333631277 0
1641988337510 0.010762246000642578 0
1641988349420 0.010369269897850851 0
1641988849775 0.8301471162001292 0
1641988860862 0.2861267051855723 0
1641988871961 0.17122711311976116 0
1641988882921 0.09744637580712637 0
1641988893892 0.056380030248562495 0
1641988904901 0.033201575713356336 0
1641988915984 0.02456546967178583 0
1641988927054 0.020645380260547002 0
1641988938131 0.017083371369043986 0
1641988949103 0.01851965182075898 0
1641988960134 0.011595814450333516 0
1641988971195 0.010293482463310162 0
1641988982193 0.012462594312926133 0
1641988993290 0.010242589746663968 0
1641989004384 0.01047575372979045 0
1641989015374 0.009803853086257974 0
1641989026448 0.01127589552955081 0
1641989037517 0.007549430236592889 0
1641989048599 0.00994327737937371 0
1641989059660 0.008223530157282949 0
1641989574325 0.8262027391751607 0
1641989585416 0.2762023750623067 0
1641989596509 0.16348625723918278 0
1641989607538 0.09215103814403217 0
1641989618553 0.05189655231237412 0
1641989629615 0.03305803562204043 0
1641989640618 0.026688905653357506 0
1641989651744 0.019391644735634327 0
1641989662764 0.01569228687683741 0
1641989673837 0.014659763715416193 0
1641989684778 0.013643831175069013 0
1641989695913 0.009689335384468237 0
1641989707015 0.012702062940970062 0
1641989718151 0.010994925863792498 0
1641989729206 0.014156323471665382 0
1641989740281 0.009591084894848367 0
1641989751328 0.00771327948483328 0
1641989762375 0.007951824245601893 0
1641989773429 0.006795857631321996 0
1641989784521 0.010070685817860067 0
1641990308131 0.7990527425289154 0
1641990318822 0.25918041467666625 0
1641990329333 0.15035733519395192 0
1641990339913 0.08374131415685018 0
1641990350558 0.04725229923129082 0
1641990361144 0.0266320889989535 0
1641990371722 0.023581362466017407 0
1641990382357 0.018491134514907998 0
1641990393008 0.01818790732075771 0
1641990403573 0.013682977414131164 0
1641990414257 0.01551185757269462 0
1641990424917 0.0124883490934968 0
1641990435586 0.00879018851518631 0
1641990446184 0.008657772713154554 0
1641990456839 0.009681532735501727 0
1641990467473 0.008764588769649466 0
1641990478136 0.008123734121397138 0
1641990488725 0.008558406903098026 0
1641990499335 0.007510444222887357 0
1641990509916 0.0071685684595877925 0
1641991052043 0.8238408066749573 0
1641991063152 0.2765934158484141 0
1641991074196 0.1655629113594691 0
1641991085241 0.09247879336277644 0
1641991096305 0.04973167177438736 0
1641991107379 0.02939233522862196 0
1641991118444 0.024712466301520665 0
1641991129578 0.021628244913121066 0
1641991140655 0.019839491620163123 0
1641991151702 0.01211658664792776 0
1641991162801 0.017431312380731107 0
1641991173944 0.012536013199637333 0
1641991185106 0.01003001955623428 0
1641991196256 0.010001685427874326 0
1641991207478 0.009651298932855329 0
1641991218636 0.010176071900129318 0
1641991229762 0.011675150789320469 0
1641991240875 0.0066837573109815515 0
1641991252045 0.007028472972661257 0
1641991263270 0.007166832244147857 0
1641991812174 0.840066300757726 0
1641991823211 0.283241561293602 0
1641991834239 0.166986128393809 0
1641991845259 0.09551658786535264 0
1641991856345 0.05198357348839442 0
1641991867389 0.033878808396061263 0
1641991878476 0.023784832940498987 0
1641991889588 0.020364297819137574 0
1641991900764 0.01979224563787381 0
1641991911918 0.01651179836342732 0
1641991922967 0.011253990796829264 0
1641991934048 0.011451120281219482 0
1641991945188 0.011562221708148718 0
1641991956254 0.0117892424531281 0
1641991967292 0.009011404878894487 0
1641991978335 0.009178065814698736 0
1641991989451 0.007679482745751739 0
1641992000523 0.0099025697765251 0
1641992011672 0.009447491563266764 0
1641992022740 0.007929989616821209 0
1641992583410 0.8063287048816681 0
1641992594076 0.25807003502845766 0
1641992604787 0.14725169343948363 0
1641992615379 0.08135758839448293 0
1641992626073 0.04364880910317103 0
1641992636795 0.028897859180967014 0
1641992647426 0.020665091238915922 0
1641992658066 0.017659813584387302 0
1641992668766 0.015388737931350868 0
1641992679409 0.010419154842446248 0
1641992690104 0.012698306187738975 0
1641992700779 0.014641609840591749 0
1641992711463 0.009878422624245285 0
1641992722140 0.010970736955230435 0
1641992732810 0.007250628035888076 0
1641992743496 0.012341598173541328 0
1641992754186 0.0071715564435037476 0
1641992764842 0.005350441410454611 0
1641992775505 0.00908584869094193 0
1641992786066 0.008177997967600822 0
1641993358060 0.8270497836112977 0
1641993369217 0.2853014727830887 0
1641993380385 0.17154979332685472 0
1641993391435 0.10166812877655029 0
1641993402602 0.06056758135755857 0
1641993413732 0.033873697824279465 0
1641993424889 0.027135512575507163 0
1641993436035 0.02217632077485323 0
1641993447167 0.016591962995628515 0
1641993458272 0.020115733759105206 0
1641993469488 0.01528994383836786 0
1641993480613 0.009908467831959327 0
1641993491793 0.01027445950632294 0
1641993502841 0.011187480745464563 0
1641993513940 0.008896768231814105 0
1641993525075 0.012125364506493012 0
1641993536073 0.00812165120843177 0
1641993547226 0.010486019900565345 0
1641993558250 0.008749632013589144 0
1641993569313 0.009398604882135987 0
