1645552889268 0.46 0
1645552894527 0.5888 0
1645552899708 0.6596 0
1645552904821 0.678 0
1645552909990 0.7292 0
1645552915170 0.7496 0
1645552920414 0.7688 0
1645552925476 0.8032 0
1645552930554 0.816 0
1645552935539 0.842 0
1645552944929 0.7442 0
1645552945602 0.0 0
1645552946281 0.0 0
1645552946960 0.0 0
1645552947653 0.0 0
1645552948328 0.0 0
1645552949027 0.0 0
1645552949720 0.0 0
1645552950423 0.0 0
1645552951165 0.0 0
1645552965215 0.7545333333333333 0
1645552965917 0.0 0
1645552966628 0.0 0
1645552967331 0.0 0
1645552968024 0.0 0
1645552968696 0.0 0
1645552969378 0.0 0
1645552970060 0.0 0
1645552970746 0.0 0
1645552971401 0.0 0
