1640069526267 3.0427161026000977 0
1640069530308 2.9672618019104005 0
1640069534249 2.9383017715454103 0
1640069538176 2.9125852615356447 0
1640069542182 2.8833981063842775 0
1640069546153 2.8529774124145506 0
1640069550088 2.820404684448242 0
1640069554044 2.7845012252807617 0
1640069558036 2.746511476516724 0
1640069562017 2.70856477355957 0
1640069566004 2.6653111576080324 0
1640069569992 2.6207593872070314 0
1640069573988 2.580821915817261 0
1640069578052 2.535686956787109 0
1640069582010 2.488234294509888 0
1640069585990 2.4478790573120115 0
1640069589990 2.400325470352173 0
1640069593933 2.3568542179107665 0
1640069597895 2.313741742706299 0
1640069601914 2.26153205909729 0
1640069605858 2.217679863357544 0
1640069609825 2.1694873159408568 0
1640069613786 2.12302324180603 0
1640069617807 2.0695841791152954 0
1640069621784 2.0216890085220336 0
1640069625828 1.9719262733459473 0
1640069629828 1.9243265495300292 0
1640069633771 1.8782637338638306 0
1640069637780 1.823229384994507 0
1640069641784 1.7718208055496216 0
1640069645746 1.7212055179595946 0
1640069649751 1.680496295928955 0
1640069653716 1.6240496593475342 0
1640069657664 1.5867406869888305 0
1640069661620 1.5306813995361328 0
1640069665608 1.4772178499221802 0
1640069669636 1.426825312614441 0
1640069673683 1.3728524503707886 0
1640069677641 1.3256544414520264 0
1640069681659 1.2760132579803467 0
1640069685663 1.247760661315918 0
1640069689594 1.1849029516220093 0
1640069693592 1.1433896200180054 0
1640069697543 1.0994444708824158 0
1640069701625 1.0495872749328614 0
1640069705560 1.0049555884361268 0
1640069709543 0.9614831982612609 0
1640069713519 0.9188304833412171 0
1640069717495 0.8733125692367554 0
1640069721472 0.836902372455597 0
1640069725478 0.7938934854984283 0
1640069729406 0.7513230786323547 0
1640069733380 0.7089300441741944 0
1640069737408 0.6724861394882202 0
1640069741384 0.6462418606758118 0
1640069745389 0.5977645873069763 0
1640069749376 0.5674766809463501 0
1640069753343 0.5325866120815277 0
1640069757387 0.5009994597434998 0
1640069761404 0.4707517647266388 0
1640069765387 0.43818491215705874 0
1640069769360 0.4083882155895233 0
1640069773409 0.3882434426307678 0
1640069777401 0.3494716059684753 0
1640069781435 0.32498090090751647 0
1640069785383 0.3066286635398865 0
1640069789428 0.2867023126363754 0
1640069793454 0.2635985832929611 0
1640069797425 0.24486150422096253 0
1640069801413 0.2303820303916931 0
1640069805388 0.21438712384700775 0
1640069809617 0.19741565079689025 0
1640069813762 0.18367695243358612 0
1640069817772 0.16814153089523315 0
1640069821739 0.16117449679374696 0
1640069825756 0.14382048463821412 0
1640069829767 0.13403028600215913 0
1640069833779 0.12286340442895889 0
1640069837763 0.11690069967508317 0
1640069841754 0.11605100103616714 0
1640069845746 0.11005908967256546 0
1640069849742 0.10342754578590393 0
1640069853748 0.10080932879447937 0
1640069857754 0.09659156082868577 0
1640069861780 0.09703958364725113 0
1640069865747 0.10400417412519455 0
1640069869742 0.09535324902534485 0
1640069873746 0.08999433697462082 0
1640069877766 0.08590423200130462 0
1640069881738 0.09138459924459458 0
1640069885793 0.08532714397907257 0
1640069889814 0.07820015372037888 0
1640069893823 0.07377164863348007 0
1640069897856 0.0655122388780117 0
1640069901866 0.06183617374897003 0
1640069905885 0.07170483086705208 0
1640069909846 0.0628892196059227 0
1640069913793 0.10849930030107498 0
1640069917805 0.06539591843783855 0
1640069921862 0.05416701518893242 0
1640069929940 2.9957418544769285 0
1640069933495 2.897520802688599 0
1640069937019 2.824248248672485 0
1640069940600 2.759939268112183 0
1640069944099 2.6997703372955324 0
1640069947642 2.6369350959777833 0
1640069951154 2.5804276557922363 0
1640069954686 2.5283241939544676 0
1640069958195 2.4821989391326906 0
1640069961667 2.4381110748291017 0
1640069965163 2.399594873046875 0
1640069968625 2.3638793239593507 0
1640069972169 2.3302322986602784 0
1640069975728 2.294481908798218 0
1640069979298 2.2671362209320067 0
1640069982817 2.236004846572876 0
1640069986324 2.208485874557495 0
1640069989888 2.1768376430511474 0
1640069993397 2.1522663692474366 0
1640069996918 2.124548424911499 0
1640070000499 2.097161990737915 0
1640070004000 2.0740287620544433 0
1640070007540 2.0429490577697753 0
1640070011016 2.0235425273895262 0
1640070014577 1.9959978401184082 0
1640070018058 1.9725270061492919 0
1640070021548 1.9457094242095947 0
1640070025046 1.9206041679382324 0
1640070028579 1.8899974369049073 0
1640070032164 1.8772491939544678 0
1640070035631 1.8374957036972046 0
1640070039161 1.8152108724594116 0
1640070042709 1.792735463142395 0
1640070046210 1.7621439506530763 0
1640070049769 1.7327342620849608 0
1640070053355 1.714684065437317 0
1640070056885 1.6884529098510743 0
1640070060458 1.662876552581787 0
1640070063980 1.6306755020141601 0
1640070067506 1.6121151470184327 0
1640070071014 1.5706076656341552 0
1640070074546 1.5506877351760864 0
1640070078076 1.5255134061813354 0
1640070081608 1.4912437490463257 0
1640070085123 1.4644151531219483 0
1640070088676 1.430237892150879 0
1640070092195 1.40179213142395 0
1640070095760 1.3846076456069947 0
1640070099292 1.34751100025177 0
1640070102823 1.3338123805999755 0
1640070106341 1.2891385673522948 0
1640070109841 1.2592715991973877 0
1640070113379 1.239556904220581 0
1640070116897 1.202114376449585 0
1640070120431 1.1792811053276062 0
1640070123946 1.149385269355774 0
1640070127490 1.1206414776802063 0
1640070131011 1.0956386053085327 0
1640070134509 1.05531668510437 0
1640070138023 1.033197155189514 0
1640070141599 1.0076518055915833 0
1640070145143 0.9764650926589966 0
1640070148616 0.9405136804580688 0
1640070152130 0.9216751197814942 0
1640070155643 0.8863077121734619 0
1640070159158 0.8665202723503113 0
1640070162638 0.8345257047176361 0
1640070166225 0.8093539032936096 0
1640070169785 0.789721757221222 0
1640070173311 0.760934002494812 0
1640070176769 0.7333776247024536 0
1640070180292 0.7102754816055298 0
1640070183845 0.6804896533966065 0
1640070187393 0.6557053645133972 0
1640070190936 0.6427836393356323 0
1640070194509 0.6190994694232941 0
1640070198022 0.594835682964325 0
1640070201562 0.5809786894798279 0
1640070205123 0.543238240814209 0
1640070208652 0.5170307870388031 0
1640070212093 0.5029762035369874 0
1640070215623 0.488386932182312 0
1640070219170 0.46321277914047243 0
1640070222693 0.4517631650924683 0
1640070226223 0.4281249547958374 0
1640070229734 0.402991440820694 0
1640070233249 0.38742664551734923 0
1640070236728 0.3688770797729492 0
1640070240240 0.35368360958099365 0
1640070243793 0.33786080923080447 0
1640070247325 0.3207381485939026 0
1640070250850 0.3057474441289902 0
1640070254396 0.2904393167972565 0
1640070257925 0.27468361554145815 0
1640070261394 0.26340882062911986 0
1640070264917 0.24907997813224791 0
1640070268477 0.24081377447843552 0
1640070272060 0.21775645036697389 0
1640070275562 0.2080726181268692 0
1640070279075 0.19897645773887634 0
1640070290253 2.998032200241089 0
1640070293802 2.891842378616333 0
1640070297326 2.8052279151916504 0
1640070300882 2.7321018730163575 0
1640070304443 2.6714394538879396 0
1640070307955 2.6172205249786376 0
1640070311523 2.565584420013428 0
1640070315050 2.524042349624634 0
1640070318566 2.481713304519653 0
1640070322078 2.445212496185303 0
1640070325686 2.4107096591949464 0
1640070329239 2.381055472946167 0
1640070332747 2.3452738704681395 0
1640070336287 2.318358393287659 0
1640070339775 2.2920112297058104 0
1640070343340 2.2573099838256834 0
1640070346880 2.2355905416488646 0
1640070350415 2.2074336055755617 0
1640070353936 2.179364186477661 0
1640070357637 2.152831254196167 0
1640070361180 2.1282527347564697 0
1640070364743 2.099874856185913 0
1640070368342 2.0731401016235353 0
1640070371912 2.0477104373931887 0
1640070375426 2.023006299972534 0
1640070378963 1.9949234703063965 0
1640070382588 1.9704640718460082 0
1640070386168 1.9504335147857665 0
1640070389675 1.9173486560821533 0
1640070393172 1.8923261581420898 0
1640070396701 1.8663783740997315 0
1640070400250 1.847229053878784 0
1640070403846 1.8102222139358521 0
1640070407395 1.7801125574111938 0
1640070410945 1.7553902500152587 0
1640070414519 1.7284585235595704 0
1640070418043 1.7056545551300049 0
1640070421569 1.6832247032165528 0
1640070425135 1.6537612035751343 0
1640070428647 1.6121508234024047 0
1640070432192 1.5878995916366576 0
1640070435750 1.558839776802063 0
1640070439290 1.5291774379730225 0
1640070442833 1.5031300481796264 0
1640070446341 1.4717107948303223 0
1640070449880 1.4375877922058105 0
1640070453402 1.4158787324905395 0
1640070456999 1.3831440382003783 0
1640070460579 1.354640368080139 0
1640070464055 1.3295035663604737 0
1640070467602 1.2900496974945068 0
1640070471118 1.2584187334060668 0
1640070474690 1.2272206155776977 0
1640070478259 1.2026833183288574 0
1640070481819 1.1750668312072754 0
1640070485371 1.1470417432785034 0
1640070488888 1.12165166721344 0
1640070492517 1.0776019227981568 0
1640070495989 1.057058189678192 0
1640070499754 1.0278488549232483 0
1640070503357 0.9933738935470581 0
1640070506893 0.9635128640174866 0
1640070510608 0.9347022623062133 0
1640070514136 0.909481307220459 0
1640070517672 0.8789086147308349 0
1640070521202 0.8627192287445068 0
1640070524728 0.8193821031570434 0
1640070528254 0.7990900986671448 0
1640070531786 0.7736596841812133 0
1640070535365 0.7443345848083496 0
1640070538841 0.7161482641220093 0
1640070542425 0.6938871910095215 0
1640070545983 0.6759580090522767 0
1640070549533 0.6466791728973389 0
1640070553018 0.6213386060714722 0
1640070556587 0.597475159072876 0
1640070560089 0.5721256687641144 0
1640070563579 0.5579984170436859 0
1640070567087 0.5298670882701874 0
1640070570649 0.5095981489181518 0
1640070574105 0.4937926021575928 0
1640070577641 0.4674923480987549 0
1640070581223 0.44719370603561404 0
1640070584748 0.4262480791091919 0
1640070588335 0.4119144005775452 0
1640070591892 0.38586937770843505 0
1640070595420 0.37365363578796384 0
1640070598987 0.353695356464386 0
1640070602549 0.33629724493026736 0
1640070606059 0.3228656081676483 0
1640070609573 0.307275982093811 0
1640070613150 0.2932413820266724 0
1640070616699 0.27668567237854 0
1640070620235 0.26108689448833466 0
1640070623780 0.25005280137062075 0
1640070627340 0.23768488326072693 0
1640070630896 0.2246497257232666 0
1640070634487 0.21820073947906493 0
1640070638030 0.20077361359596252 0
1640070641564 0.18720124406814576 0
1640070656058 2.982905129623413 0
1640070659615 2.8939204864501953 0
1640070663169 2.8190448501586913 0
1640070666709 2.7578472541809083 0
1640070670223 2.703134418106079 0
1640070673682 2.6502501983642577 0
1640070677266 2.608099473953247 0
1640070680823 2.565028200149536 0
1640070684386 2.529328982925415 0
1640070687878 2.4926956451416014 0
1640070691446 2.4552194805145264 0
1640070695021 2.4298408725738527 0
1640070698567 2.397690329360962 0
1640070702131 2.3636903762817383 0
1640070705672 2.3370843273162842 0
1640070709222 2.3142530799865724 0
1640070712684 2.2841003700256346 0
1640070716193 2.2585168254852297 0
1640070719774 2.2275724601745606 0
1640070723298 2.2039980813980105 0
1640070726836 2.175874913024902 0
1640070730384 2.1503249977111816 0
1640070733952 2.120852933502197 0
1640070737576 2.09669711894989 0
1640070741148 2.0724930973052977 0
1640070744689 2.0495343379974367 0
1640070748235 2.0230867652893068 0
1640070751740 1.9909788780212403 0
1640070755280 1.9622670612335205 0
1640070758858 1.9466244829177857 0
1640070762390 1.9061738346099855 0
1640070765933 1.8849820140838622 0
1640070769415 1.8519531829833984 0
1640070773000 1.8233285022735595 0
1640070776565 1.8081651109695434 0
1640070780122 1.7722757123947144 0
1640070783684 1.7417519746780397 0
1640070787218 1.7168842796325683 0
1640070790749 1.6906604595184327 0
1640070794260 1.654512180328369 0
1640070797821 1.6342020761489868 0
1640070801360 1.6029684448242187 0
1640070804876 1.561457120513916 0
1640070808378 1.5371516836166381 0
1640070811938 1.5187080776214599 0
1640070815497 1.4879134355545045 0
1640070819024 1.4631499462127686 0
1640070822558 1.4184598936080932 0
1640070826146 1.39241208820343 0
1640070829628 1.3711541555404663 0
1640070833117 1.33117822265625 0
1640070836628 1.3028982347488403 0
1640070840187 1.2684053407669067 0
1640070843743 1.2430521684646607 0
1640070847352 1.211731202507019 0
1640070850901 1.178074474334717 0
1640070854423 1.1448227844238281 0
1640070857925 1.1255914781570435 0
1640070861463 1.0967580448150636 0
1640070864963 1.064357207775116 0
1640070868496 1.0392116725921632 0
1640070872008 0.9996286807060242 0
1640070875567 0.9726924379348755 0
1640070879104 0.9423295501708985 0
1640070882675 0.925523190689087 0
1640070886221 0.8960807529449463 0
1640070889709 0.8671938673019409 0
1640070893210 0.8346721004486084 0
1640070896745 0.8068781620025635 0
1640070900395 0.7928920431137085 0
1640070903893 0.7552796480178833 0
1640070907396 0.7270274011135102 0
1640070910913 0.6992883424758911 0
1640070914459 0.6731456428050995 0
1640070917960 0.6623075023651123 0
1640070921482 0.6316501104831695 0
1640070925042 0.5990364017486572 0
1640070928540 0.57704290933609 0
1640070932045 0.5619304465293884 0
1640070935507 0.5384363201141358 0
1640070939046 0.5160458539009094 0
1640070942604 0.49609919700622557 0
1640070946088 0.47174755582809447 0
1640070949622 0.4503292480945587 0
1640070953150 0.43182183866500856 0
1640070956666 0.4103192662715912 0
1640070960195 0.3917458505153656 0
1640070963720 0.37577390627861024 0
1640070967196 0.35707324028015136 0
1640070970876 0.3381450225830078 0
1640070974391 0.3182250739097595 0
1640070977924 0.306653285074234 0
1640070981460 0.29192719259262084 0
1640070984973 0.278511963057518 0
1640070988494 0.26144177546501157 0
1640070992020 0.24708287262916565 0
1640070995523 0.23587952556610106 0
1640070999071 0.2224115175485611 0
1640071002616 0.20680550117492677 0
1640071006211 0.19929083380699159 0
1640071023531 2.9759904930114747 0
1640071027051 2.8431837654113767 0
1640071030575 2.7521775119781493 0
1640071034152 2.680963220214844 0
1640071037657 2.61729680519104 0
1640071041160 2.5626514541625975 0
1640071044671 2.5125529468536376 0
1640071048167 2.4670326263427733 0
1640071051673 2.426831324005127 0
1640071055221 2.3859970741271974 0
1640071058783 2.352525355529785 0
1640071062337 2.3223764528274535 0
1640071065826 2.2956145259857177 0
1640071069361 2.263929030609131 0
1640071072926 2.232175043487549 0
1640071076528 2.2097542137145996 0
1640071080053 2.181964303588867 0
1640071083626 2.1557595336914064 0
1640071087174 2.131023960494995 0
1640071090721 2.1034603370666503 0
1640071094300 2.083161539077759 0
1640071098006 2.049420630264282 0
1640071101519 2.0303142059326174 0
1640071105049 2.008614476776123 0
1640071108539 1.9762070793151856 0
1640071112106 1.961739566040039 0
1640071115661 1.9380068483352662 0
1640071119131 1.9102289684295655 0
1640071122671 1.8918831005096435 0
1640071126253 1.8585511100769043 0
1640071129801 1.831533684539795 0
1640071133341 1.8110539083480834 0
1640071136824 1.7823019073486328 0
1640071140334 1.75899439868927 0
1640071143912 1.7377883386611939 0
1640071147463 1.707935258102417 0
1640071151013 1.6725415466308593 0
1640071154553 1.6595443923950195 0
1640071158111 1.6272295385360718 0
1640071161639 1.5983426370620728 0
1640071165160 1.5824204210281372 0
1640071168717 1.5464166530609131 0
1640071172219 1.5270969570159911 0
1640071175774 1.4957300827026367 0
1640071179301 1.4630065889358521 0
1640071182850 1.4399428928375244 0
1640071186432 1.4154913055419922 0
1640071189918 1.380852536201477 0
1640071193467 1.3688259620666503 0
1640071197066 1.3314362901687622 0
1640071200667 1.2907943550109864 0
1640071204269 1.2803108203887938 0
1640071207856 1.241133226776123 0
1640071211513 1.2119466983795166 0
1640071215319 1.183335287475586 0
1640071219061 1.1573964813232422 0
1640071222875 1.1265173070907593 0
1640071226512 1.1002952758789062 0
1640071230079 1.077572723197937 0
1640071233747 1.043499631690979 0
1640071237432 1.0065463046073913 0
1640071241054 0.981656187915802 0
1640071244767 0.9645205494880676 0
1640071248415 0.9362590562820434 0
1640071252049 0.898267716217041 0
1640071255740 0.8780164834022522 0
1640071259367 0.8566173171043396 0
1640071263053 0.8352853151321411 0
1640071266609 0.7993538096427918 0
1640071270203 0.771483421421051 0
1640071273768 0.742382190322876 0
1640071277337 0.7156759026527405 0
1640071280903 0.7001888815879822 0
1640071284474 0.6702847364425659 0
1640071288141 0.6607430108070373 0
1640071291790 0.6326675168991089 0
1640071295406 0.6002730852127075 0
1640071298920 0.5814170283317566 0
1640071302495 0.5562347965240478 0
1640071306151 0.5289597393989564 0
1640071309798 0.5087378747463226 0
1640071313482 0.48855739870071413 0
1640071317076 0.47364822244644167 0
1640071320730 0.4494173915863037 0
1640071324351 0.4300290711402893 0
1640071327942 0.4101029480934143 0
1640071331568 0.3927164315223694 0
1640071335192 0.3734016919136047 0
1640071338869 0.364571195602417 0
1640071342471 0.33688333258628844 0
1640071346031 0.3246804551124573 0
1640071349774 0.3168134669303894 0
1640071353327 0.28965201158523557 0
1640071356964 0.27927391726970674 0
1640071360573 0.26096689696311953 0
1640071364261 0.2527656896352768 0
1640071367937 0.24106493079662322 0
1640071371608 0.2231231764793396 0
1640071375334 0.21586387586593628 0
1640071378954 0.20706295490264892 0
1640071400209 2.985385510635376 0
1640071403912 2.891048567581177 0
1640071407510 2.818624433898926 0
1640071411075 2.7592364879608153 0
1640071414796 2.708672467422485 0
1640071418393 2.6575866706848146 0
1640071422024 2.6109063858032227 0
1640071425605 2.5698773712158203 0
1640071429204 2.5266548274993896 0
1640071432778 2.4902643321990965 0
1640071436404 2.4565295055389402 0
1640071439932 2.4235920013427736 0
1640071443512 2.4003275283813474 0
1640071447089 2.3701861450195314 0
1640071450666 2.3444261112213134 0
1640071454216 2.3172745695114134 0
1640071457750 2.2933421016693116 0
1640071461330 2.2708754093170165 0
1640071464919 2.244677112197876 0
1640071468533 2.2223924461364746 0
1640071472090 2.1941661506652834 0
1640071475675 2.176519134902954 0
1640071479281 2.151869003677368 0
1640071482965 2.1364776565551757 0
1640071486544 2.1100402645111083 0
1640071490139 2.08695047454834 0
1640071493756 2.060698419570923 0
1640071497365 2.0377007234573363 0
1640071500972 2.019357999420166 0
1640071504582 1.9926204372406007 0
1640071508175 1.9723776243209838 0
1640071511748 1.942038572692871 0
1640071515344 1.915612368774414 0
1640071518897 1.8908007972717285 0
1640071522485 1.8720507446289063 0
1640071526056 1.8376448625564574 0
1640071529652 1.8201676029205323 0
1640071533215 1.784582384109497 0
1640071536839 1.7542036392211915 0
1640071540440 1.7404982034683227 0
1640071544138 1.713729274749756 0
1640071547900 1.681877543258667 0
1640071551549 1.6489613412857056 0
1640071555306 1.6269908655166625 0
1640071559023 1.6093879093170167 0
