1644090659411 0.7481833333333333 0
1644090675393 0.9193166666666667 0
1644090691508 0.9472 0
1644090707583 0.9638333333333333 0
1644090723599 0.97585 0
1644090782062 0.7712 0
1644090800167 0.9277333333333333 0
1644090818637 0.9521666666666667 0
1644090837011 0.9672 0
1644090855375 0.9775666666666667 0
1644090919444 0.7899333333333334 0
1644090939532 0.9319666666666667 0
1644090959804 0.955 0
1644090980067 0.9674333333333334 0
1644091000499 0.97645 0
1644091071689 0.7965333333333333 0
1644091093444 0.9314333333333333 0
1644091115831 0.95305 0
1644091138273 0.9641 0
1644091161251 0.9742666666666666 0
1644091237891 0.7994166666666667 0
1644091261919 0.9334 0
1644091286086 0.9534833333333333 0
1644091310543 0.9642833333333334 0
1644091335071 0.9723 0
1644091418569 0.8067166666666666 0
1644091444641 0.9313833333333333 0
1644091470659 0.9492333333333334 0
1644091496947 0.9615166666666667 0
1644091523224 0.9696333333333333 0
1644091613026 0.7934166666666667 0
1644091641056 0.9303666666666667 0
1644091668748 0.9487333333333333 0
1644091696644 0.9601666666666666 0
1644091724801 0.9670333333333333 0
1644091822110 0.8105 0
1644091851142 0.93005 0
1644091880398 0.9487166666666667 0
1644091910008 0.9585 0
1644091939153 0.9646 0
1644092041856 0.8126333333333333 0
1644092072849 0.9288666666666666 0
1644092103456 0.9462 0
1644092134597 0.9557833333333333 0
1644092165400 0.9625333333333334 0
1644092274735 0.8171 0
1644092307265 0.9271 0
1644092339867 0.94305 0
1644092372332 0.9528 0
1644092405275 0.9563833333333334 0
1644092520128 0.8032833333333333 0
1644092554473 0.9238166666666666 0
1644092588853 0.94115 0
1644092622827 0.9515166666666667 0
1644092656916 0.9562166666666667 0
1644092779771 0.8149666666666666 0
1644092816335 0.92485 0
1644092853179 0.9393 0
1644092889794 0.9473666666666667 0
1644092925945 0.9524833333333333 0
1644093054747 0.7989166666666667 0
1644093093014 0.9215333333333333 0
1644093131030 0.9385833333333333 0
1644093169811 0.9465333333333333 0
1644093208097 0.9501333333333334 0
1644093343390 0.8045833333333333 0
1644093382960 0.92355 0
1644093422984 0.9372 0
1644093463891 0.9440833333333334 0
1644093504693 0.9476833333333333 0
