1654724931582 0.3406223868520353 0
1654724944904 0.037593307844626854 0
1654724958570 0.005299004533105125 0
1654724971945 0.002817555622909026 0
1654724985825 0.0004981365629272804 0
1654724999189 0.0060117245630666154 0
1654725012644 0.003366684770880551 0
1654725025824 0.0021768552061869665 0
1654725039234 0.0002301244595636783 0
1654725052384 0.00021661806817501277 0
1654725065655 0.0005279148231708204 0
1654725079379 7.490249765869943e-05 0
1654725092857 6.865814669570762e-05 0
1654725106454 0.00011398510635653336 0
1654725120086 7.182677916861042e-05 0
1654725133320 8.432694070065025e-05 0
1654725146763 7.557161976434615e-05 0
1654725160491 4.5669756958925357e-05 0
1654725174229 4.291229084531372e-05 0
1654725187952 3.689985798493824e-05 0
1654725201400 3.451052016346458e-05 0
1654725214879 9.872010430935826e-05 0
1654725228344 5.0121474606463305e-05 0
1654725241683 3.3008621605398895e-05 0
1654725255152 5.987360609829224e-05 0
1654725268495 3.2599382588628256e-05 0
1654725281776 2.866743300119269e-05 0
1654725295359 2.549684239667438e-05 0
1654725308725 2.537821585781648e-05 0
1654725322515 2.5756313401072413e-05 0
1654725343716 0.16789260522352473 0
1654725360790 0.020149498305117846 0
1654725378045 0.008332658413351242 0
1654725395323 0.0010817221413420657 0
1654725412387 0.0012819487872662877 0
1654725429451 0.0001737547519316027 0
1654725446632 0.00015244154720347552 0
1654725464032 0.00013755787508171403 0
1654725481302 9.95042033840174e-05 0
1654725498695 8.00002179667768e-05 0
1654725515540 7.419337967113867e-05 0
1654725532597 6.826319837555925e-05 0
1654725549649 0.0013471770543134034 0
1654725566710 0.000622454849745022 0
1654725583905 0.0036876564127632998 0
1654725601011 0.0020808172239545585 0
1654725618217 0.0004658164421217434 0
1654725635806 0.00016325872167403333 0
1654725653532 6.571855720651844e-05 0
1654725670835 6.236421211908833e-05 0
1654725688281 7.303900896530718e-05 0
1654725705609 8.057120008204212e-05 0
1654725722938 4.5010872919736214e-05 0
1654725740266 4.149338685149132e-05 0
1654725758176 3.8742061312491735e-05 0
1654725775775 3.277807408494937e-05 0
1654725793254 3.376467887459879e-05 0
1654725810622 3.100081940750193e-05 0
1654725828233 2.825976383496917e-05 0
1654725845472 0.0008692597770673406 0
1654725871714 0.12300536188570996 0
1654725889206 0.007974547419329436 0
1654725906923 0.0113740956298444 0
1654725924451 0.0018796441483780177 0
1654725942020 0.0017151198240719322 0
1654725959665 0.0006734905760834495 0
1654725976930 0.00017731084464897811 0
1654725994561 0.0001669645095123781 0
1654726012249 0.00011228479134243326 0
1654726029825 7.653122178329089e-05 0
1654726047015 7.747486112202663e-05 0
1654726064708 6.073892880295441e-05 0
1654726082281 0.007277087995570217 0
1654726099892 0.0005953540914676373 0
1654726117382 0.0003010947071680349 0
1654726134925 0.0002898534617753995 0
1654726152470 8.236989226431348e-05 0
1654726170248 0.001482162482443318 0
1654726187802 0.0001530021778445487 0
1654726205469 8.724162056803137e-05 0
1654726222773 7.424810584484065e-05 0
1654726240184 6.228813229831657e-05 0
1654726257484 5.721242162519051e-05 0
1654726275085 4.540202021195802e-05 0
1654726292662 4.201210361931306e-05 0
1654726310004 3.9914147227987754e-05 0
1654726327557 3.2947592191446333e-05 0
1654726344844 3.0248872738429128e-05 0
1654726362100 3.0162272843565663e-05 0
1654726379893 2.7667035189490178e-05 0
1654726410804 0.22564677658308413 0
1654726428533 0.03891311898672979 0
1654726446109 0.023218160834139565 0
1654726463873 0.004762423246955398 0
1654726481541 0.018663910036909988 0
1654726499149 0.003299784818671959 0
1654726516870 0.0003495696592600375 0
1654726534668 0.00018315007457955247 0
1654726552055 0.000228267470414591 0
1654726569838 0.00015079557734327403 0
1654726587369 0.00010258859772615111 0
1654726604957 9.259641303719243e-05 0
1654726622025 8.701532131949146e-05 0
1654726639845 6.121631717130955e-05 0
1654726657189 0.00011067818133780142 0
1654726674678 0.00027252805800872333 0
1654726692282 0.009706489961434651 0
1654726709830 0.018397209655785843 0
1654726727399 0.0019287369639242522 0
1654726744713 0.0001842050639446507 0
1654726762167 0.00014515114790844558 0
1654726780079 0.00010414284237001634 0
1654726797893 8.530251551790487e-05 0
1654726815428 6.690527975686028e-05 0
1654726832740 5.979311008879202e-05 0
1654726850304 5.24531532123246e-05 0
1654726867917 0.00011138033508504568 0
1654726885476 5.4473314518027425e-05 0
1654726903221 0.0004907903952085373 0
1654726920717 0.0007327479397918786 0
1654726955155 0.11224765270769466 0
1654726972679 0.00588774187232773 0
1654726990005 0.0013376657082224766 0
1654727008279 0.0005047132978610643 0
1654727026040 0.0002830773227667813 0
1654727043478 0.00018985679768736906 0
1654727061010 0.00019867039722411823 0
1654727078942 0.00024574681485071157 0
1654727096776 0.00013090607584983948 0
1654727114590 0.00011394635965445911 0
1654727132184 0.00010262495001006932 0
1654727149796 8.756523135794649e-05 0
1654727167424 8.403994254178475e-05 0
1654727185272 7.535558770943257e-05 0
1654727202833 7.416649392234875e-05 0
1654727220451 9.562453611448637e-05 0
1654727238176 6.354024037916894e-05 0
1654727255841 5.779267351131991e-05 0
1654727273187 0.00010986806020063377 0
1654727290682 5.3898311012640525e-05 0
1654727307922 4.947851729566815e-05 0
1654727325696 5.038669648065139e-05 0
1654727343264 4.493741869243918e-05 0
1654727360882 5.638002890788248e-05 0
1654727378581 4.1520244638885696e-05 0
1654727396372 4.02876711981475e-05 0
1654727414459 3.780664713218681e-05 0
1654727432011 3.63351139885942e-05 0
1654727449836 3.342661624291674e-05 0
1654727467769 3.395674460286126e-05 0
