1651992448383 1.9779146434783936 0
1651992451675 1.596376935195923 0
1651992454976 1.3963730113983155 0
1651992458318 1.221044250679016 0
1651992461620 1.0781874010086059 0
1651992464961 0.9677512318611144 0
1651992468262 0.8343147145271301 0
1651992471525 0.7531040946960449 0
1651992474810 0.6750025051116944 0
1651992478101 0.5759287486076355 0
1651992483485 1.2305390899658204 0
1651992488514 0.9539205002784729 0
1651992493485 0.8216403469085694 0
1651992498611 0.723850114440918 0
1651992503646 0.5942679427623748 0
1651992508695 0.5600053194522858 0
1651992513694 0.4805303309440613 0
1651992518799 0.43575420985221863 0
1651992523883 0.3652628503799438 0
1651992528929 0.33022138888835906 0
1651992534441 1.0709142527580262 0
1651992539560 0.8537055212020874 0
1651992544665 0.7231013072013855 0
1651992549673 0.6274205108642578 0
1651992554864 0.5248509535312652 0
1651992559927 0.4608235735177994 0
1651992564971 0.3885865720272064 0
1651992570150 0.3356233343839645 0
1651992575093 0.3126994356513023 0
1651992580172 0.2505962004542351 0
1651992586122 0.8503170931522883 0
1651992591450 0.641687785823194 0
1651992596589 0.5455044284775916 0
1651992601922 0.42316961481609827 0
1651992607211 0.3909478318955951 0
1651992612457 0.317648392506756 0
1651992617704 0.27017253539542674 0
1651992623056 0.24676572775144437 0
1651992628391 0.21144867501668535 0
1651992633566 0.19518494379922233 0
1651992639932 0.8826440724372864 0
1651992645299 0.7276705481052399 0
1651992650763 0.6224229962825775 0
1651992656064 0.517671562576294 0
1651992661546 0.44719399765729906 0
1651992667049 0.370444068133831 0
1651992672466 0.3455790927529335 0
1651992677726 0.2880012500286102 0
1651992683200 0.24583684727549554 0
1651992688663 0.19291392474770547 0
