1654174791149 0.733765840053356 0
1654174804017 0.9741102285818226 0
1654174816796 0.9954526162614442 0
1654174829592 0.9974534651064088 0
1654174842418 0.9996968410840963 0
1654174855496 0.9992117868186503 0
1654174868142 0.9996362093009156 0
1654174881246 0.9998787364336386 0
1654174894527 0.9998181046504577 0
1654174907669 0.999757472867277 0
1654174920396 0.9993936821681926 0
1654174933059 0.999514945734554 0
1654174945871 0.9998181046504577 0
1654174958730 0.9994543139513733 0
1654174971569 0.9998181046504577 0
1654174984393 1.0 0
1654174997477 0.9996968410840963 0
1654175010121 0.999514945734554 0
1654175023053 1.0 0
1654175035942 0.9996968410840963 0
1654175048912 0.9999393682168193 0
1654175062176 1.0 0
1654175075340 0.9989086279027466 0
1654175088556 1.0 0
1654175101346 0.9999393682168193 0
1654175114454 1.0 0
1654175127223 0.9999393682168193 0
1654175139931 1.0 0
1654175153016 1.0 0
1654175166014 0.9999393682168193 0
1654175179083 1.0 0
1654175191967 0.999757472867277 0
1654175204766 1.0 0
1654175217763 1.0 0
1654175230616 1.0 0
1654175243742 0.9998787364336386 0
1654175256814 1.0 0
1654175269955 0.9998787364336386 0
1654175282817 0.9999393682168193 0
1654175295635 0.999757472867277 0
1654175308214 0.999757472867277 0
1654175321365 0.9999393682168193 0
1654175334222 1.0 0
1654175347290 1.0 0
1654175360582 1.0 0
1654175373912 0.9999393682168193 0
1654175387037 1.0 0
1654175400020 0.9999393682168193 0
1654175412779 1.0 0
1654175425502 1.0 0
1654175483416 0.8638044994239282 0
1654175498779 0.9918743557091747 0
1654175513927 0.9972712388575586 0
1654175528914 0.9979989084955431 0
1654175544567 0.9992723303620157 0
1654175560345 0.999393608635013 0
1654175575894 0.999393608635013 0
1654175590968 0.9996361651810078 0
1654175606041 0.9996968043175065 0
1654175621049 0.9994542477715117 0
1654175636160 0.9999393608635013 0
1654175651520 0.9995148869080104 0
1654175666724 0.9998787217270027 0
1654175682037 0.9999393608635013 0
1654175697213 0.9998180825905039 0
1654175712523 0.9986659389970287 0
1654175727739 0.9998787217270027 0
1654175742877 0.9994542477715117 0
1654175758120 0.9999393608635013 0
1654175773386 1.0 0
1654175788424 1.0 0
1654175803211 1.0 0
1654175818512 1.0 0
1654175833443 1.0 0
1654175848752 1.0 0
1654175863943 1.0 0
1654175879251 0.9999393608635013 0
1654175894714 0.9997574434540052 0
1654175909809 0.9999393608635013 0
1654175925152 0.9997574434540052 0
1654175940204 0.9996968043175065 0
1654175955225 0.9998180825905039 0
1654175970180 0.9998787217270027 0
1654175985545 1.0 0
1654176000505 1.0 0
1654176015685 1.0 0
1654176031206 1.0 0
1654176046317 1.0 0
1654176061256 1.0 0
1654176076094 0.9999393608635013 0
1654176091131 0.9995148869080104 0
1654176106278 0.9993329694985144 0
1654176121258 0.9999393608635013 0
1654176136629 1.0 0
1654176151794 1.0 0
1654176167181 0.9998787217270027 0
1654176182337 0.9998787217270027 0
1654176197552 1.0 0
1654176212793 1.0 0
1654176228020 1.0 0
1654176303921 0.9229416757608827 0
1654176321579 0.9942403298169031 0
1654176338606 0.9972111070692373 0
1654176355839 0.9976961319267612 0
1654176373219 0.9991512064993331 0
1654176390572 0.999393718928095 0
1654176407813 0.9996968594640475 0
1654176425127 0.9999393718928095 0
1654176442388 0.9994543470352856 0
1654176460482 0.9998181156784285 0
1654176478351 0.9998181156784285 0
1654176496100 1.0 0
1654176513075 1.0 0
1654176530202 0.9996968594640475 0
1654176547560 1.0 0
1654176564421 0.9999393718928095 0
1654176581638 0.9999393718928095 0
1654176598763 1.0 0
1654176615699 1.0 0
1654176632720 1.0 0
1654176649587 0.9996968594640475 0
1654176666770 0.9998181156784285 0
1654176684024 0.9996362313568571 0
1654176701296 0.999878743785619 0
1654176718135 0.9994543470352856 0
1654176735240 0.999878743785619 0
1654176752354 0.9998181156784285 0
1654176769247 0.9999393718928095 0
1654176786404 0.999393718928095 0
1654176803908 1.0 0
1654176821250 1.0 0
1654176838588 0.9999393718928095 0
1654176856045 1.0 0
1654176873756 1.0 0
1654176890966 1.0 0
1654176908043 0.9996968594640475 0
1654176925229 1.0 0
1654176942157 1.0 0
1654176959198 1.0 0
1654176976277 1.0 0
1654176993539 1.0 0
1654177010975 1.0 0
1654177027865 0.9999393718928095 0
1654177044841 1.0 0
1654177062164 0.9999393718928095 0
1654177079562 1.0 0
1654177096944 1.0 0
1654177113784 1.0 0
1654177131120 0.9999393718928095 0
1654177147852 1.0 0
1654177240776 0.8723468768950879 0
1654177259761 0.9804730139478471 0
1654177279087 0.9935112189205579 0
1654177298305 0.9969678593086719 0
1654177317338 0.9976955730745907 0
1654177336565 0.99805942995755 0
1654177355377 0.997513644633111 0
1654177374591 0.9991510006064281 0
1654177393755 0.9977562158884172 0
1654177412548 0.9998787143723469 0
1654177431538 0.999029714978775 0
1654177450849 0.9990903577926016 0
1654177469860 0.9988477865372953 0
1654177489730 0.9997574287446938 0
1654177510423 0.9995148574893875 0
1654177530340 0.9997574287446938 0
1654177549477 1.0 0
1654177568478 0.9995148574893875 0
1654177586970 1.0 0
1654177606131 0.9999393571861734 0
1654177625162 0.9995755003032141 0
1654177644564 0.9992116434202547 0
1654177663638 0.999029714978775 0
1654177682178 0.9996361431170406 0
1654177701348 0.9990903577926016 0
1654177719873 0.999454214675561 0
1654177738621 0.999454214675561 0
1654177757722 1.0 0
1654177776759 0.9993329290479078 0
1654177795694 1.0 0
1654177814677 0.9998180715585203 0
1654177833347 1.0 0
1654177852320 0.9998787143723469 0
1654177871244 0.9998180715585203 0
1654177890476 1.0 0
1654177909808 1.0 0
1654177928894 1.0 0
1654177948000 0.9997574287446938 0
1654177966854 0.9995755003032141 0
1654177985786 0.9996967859308672 0
1654178005061 0.9996361431170406 0
1654178024346 0.9998787143723469 0
1654178043266 0.9996967859308672 0
1654178062187 0.9996361431170406 0
1654178081585 0.9992722862340813 0
1654178100643 0.9999393571861734 0
1654178119754 1.0 0
1654178138996 0.9997574287446938 0
1654178158114 1.0 0
1654178177286 0.9995148574893875 0
1654178288057 0.9062348374575449 0
1654178308866 0.9954512372634643 0
1654178329677 0.9981198447355653 0
1654178350472 0.9990902474526928 0
1654178370960 0.9995754488112567 0
1654178391804 0.9990295972828724 0
1654178412905 0.9995147986414362 0
1654178433325 0.999878699660359 0
1654178454030 0.9998180494905385 0
1654178474760 0.9996360989810772 0
1654178495507 1.0 0
1654178516317 0.9996967491508976 0
1654178537101 0.9999393498301795 0
1654178557764 0.9993328481319748 0
1654178578796 0.999757399320718 0
1654178600437 0.999878699660359 0
1654178622020 0.9995147986414362 0
1654178643751 1.0 0
1654178665019 1.0 0
1654178686418 1.0 0
1654178707546 0.9990902474526928 0
1654178728962 0.9999393498301795 0
1654178750328 0.999878699660359 0
1654178771576 0.9999393498301795 0
1654178792794 1.0 0
1654178814041 1.0 0
1654178835687 0.9999393498301795 0
1654178856961 0.999757399320718 0
1654178878389 0.9998180494905385 0
1654178899609 0.9992115477923338 0
1654178920876 0.9992115477923338 0
1654178941923 0.999878699660359 0
1654178962997 0.9996967491508976 0
1654178984456 0.9993328481319748 0
1654179005880 0.999878699660359 0
1654179027214 0.999878699660359 0
1654179048405 1.0 0
1654179069794 0.9999393498301795 0
1654179091304 0.9999393498301795 0
1654179112381 1.0 0
1654179133824 1.0 0
1654179155318 1.0 0
1654179176519 0.9994541484716157 0
1654179197871 0.9996967491508976 0
1654179218654 0.9990295972828724 0
1654179239618 0.9999393498301795 0
1654179260728 0.9995147986414362 0
1654179282144 0.999878699660359 0
1654179303483 1.0 0
1654179324611 1.0 0
