1651839215874 0.9732196703910828 0
1651839218944 0.5968761962890625 0
1651839222025 0.5108354948878289 0
1651839225129 0.39520330691337585 0
1651839228396 0.3920517850100994 0
1651839231701 0.2833893288880587 0
1651839234918 0.2652979790210724 0
1651839238235 0.21673647725582124 0
1651839241452 0.21079414644241334 0
1651839244647 0.17922435827255248 0
1651839249980 0.7521903686523438 0
1651839250693 0.0 0
1651839251354 0.0 0
1651839252046 0.0 0
1651839252740 0.0 0
1651839253418 0.0 0
1651839254140 0.0 0
1651839254811 0.0 0
1651839255522 0.0 0
1651839256195 0.0 0
1651839263506 0.8233784670511881 0
1651839264167 0.0 0
1651839264826 0.0 0
1651839265513 0.0 0
1651839266199 0.0 0
1651839266860 0.0 0
1651839267519 0.0 0
1651839268183 0.0 0
1651839268865 0.0 0
1651839269552 0.0 0
1651839277316 0.7515635210121432 0
1651839277969 0.0 0
1651839278640 0.0 0
1651839279280 0.0 0
1651839279995 0.0 0
1651839280660 0.0 0
1651839281351 0.0 0
1651839282010 0.0 0
1651839282681 0.0 0
1651839283396 0.0 0
1651839291615 0.8531889332135518 0
1651839292325 0.0 0
1651839292999 0.0 0
1651839293639 0.0 0
1651839294327 0.0 0
1651839294995 0.0 0
1651839295684 0.0 0
1651839296343 0.0 0
1651839296973 0.0 0
1651839297627 0.0 0
