1645720174352 2.3020020481109618 0
1645720176248 2.296417845916748 0
1645720178142 2.288682305145264 0
1645720180068 2.2755658756256105 0
1645720182026 2.246104301071167 0
1645720183900 2.1786538982391357 0
1645720185808 2.077036902999878 0
1645720187695 1.969635069656372 0
1645720189588 1.8822360298156737 0
1645720191464 1.8147587894439696 0
1645720194402 2.2973231395721436 0
1645720196981 2.284545985412598 0
1645720199538 2.263268719100952 0
1645720202133 2.2218439041137694 0
1645720204701 2.153417660903931 0
1645720207216 2.0818723526000977 0
1645720209774 2.025601967048645 0
1645720212368 1.9846994995117186 0
1645720214974 1.9472881175994874 0
1645720217553 1.9127944358825684 0
1645720221248 2.2816154899597167 0
1645720224329 2.2283995506286622 0
1645720227323 2.1655937969207764 0
1645720230414 2.1083780351638794 0
1645720233491 2.0595216831207277 0
1645720236572 2.013609341812134 0
1645720239700 1.965763445663452 0
1645720242807 1.921408298110962 0
1645720245895 1.887180426597595 0
1645720248882 1.8588583797454834 0
