1651984627996 2.013100811767578 0
1651984631325 1.6536781314849853 0
1651984634709 1.4725831155776978 0
1651984638010 1.3235873643875122 0
1651984641292 1.1688981092453004 0
1651984646228 1.4805718870162965 0
1651984651285 1.2249728994369506 0
1651984656345 1.0752085861206055 0
1651984661397 0.9490432445526124 0
1651984666445 0.8453806920051574 0
1651984671927 1.2885155506134034 0
1651984677076 1.054495302772522 0
1651984682225 0.9277673845291138 0
1651984687307 0.8118172163963318 0
1651984692497 0.7305213464736938 0
1651984698449 1.0457161905336771 0
1651984703763 0.8318800378570702 0
1651984709082 0.7149287100361928 0
1651984714436 0.6356890770131813 0
1651984719525 0.5308644682747241 0
1651984725920 1.0249780926704406 0
1651984731383 0.8459593137741089 0
1651984736693 0.7618143083572387 0
1651984741937 0.6659607913017273 0
1651984747382 0.6022904448986054 0
