1652349787330 0.9890369360923768 0
1652349795407 0.6820177511930465 0
1652349803615 0.5495578544855118 0
1652349812066 0.5372313335895539 0
1652349820363 0.4703883234202862 0
1652349829810 1.3046427661895752 0
1652349835539 1.1374934931755065 0
1652349841287 1.0789505880355834 0
1652349846930 0.9997024061203003 0
1652349852638 0.9365071310043335 0
1652349865523 1.3915658435821534 0
1652349871197 1.2322122767448425 0
1652349877024 1.1649616249084473 0
1652349882819 1.1367691650390626 0
1652349888366 1.0659379766464234 0
1652349905020 0.9290877261161804 0
1652349910708 0.7382788321733474 0
1652349916521 0.63385029733181 0
1652349922326 0.5669803974866867 0
1652349928006 0.5410760967254639 0
1652349948323 1.4113116955757141 0
1652349954087 1.2811082481384277 0
1652349959695 1.2221542202949525 0
1652349965443 1.164445640563965 0
1652349971022 1.1140441915512085 0
