1641615713059 0.23735945491790772 0
1641615726574 0.23775257949034373 0
1641615743607 0.23921771440505982 0
1641615765780 0.2410041594862938 0
1641615793029 0.23944256148338317 0
1641615825056 0.23684875136216482 0
1641615860651 0.23956949991385143 0
1641615902112 0.23471002140045166 0
1641615942519 0.23639919171730678 0
1641615987591 0.2325664489587148 0
1641616035218 0.24030045111179352 0
1641616087812 0.23370698772668838 0
1641616144923 0.23869452750682832 0
1641616206510 0.23226748229265212 0
1641616270593 0.23740501267115274 0
1641616337852 0.23613700583775837 0
1641616410707 0.23440411990880966 0
1641616483704 0.23607991559505462 0
1641616562332 0.23870185754299164 0
1641616648277 0.23765683131217957 0
1641616737550 0.23797449012597402 0
1641616824658 0.23725598363478978 0
1641616921633 0.23244397270679473 0
1641617017666 0.24306092740694682 0
1641617130180 0.233510932858785 0
1641617238250 0.2413003979643186 0
1641617342600 0.24129905731280646 0
1641617462053 0.23744226364692053 0
1641617578944 0.237315086376667 0
1641617695315 0.23932870949109394 0
1641617819238 0.23345042924880982 0
1641617944251 0.2387532938838005 0
1641618074085 0.233211114692688 0
1641618215650 0.24291194301446278 0
1641618356562 0.23685785345633825 0
1641618499673 0.23708776926199596 0
1641618650415 0.2319665491302808 0
1641618805992 0.23594956925710042 0
1641618956534 0.24190831354459127 0
1641619118999 0.23735255092779795 0
1641619286036 0.236672474527359 0
1641619447480 0.2371422039628029 0
1641619618033 0.24196888971328737 0
1641619786083 0.24241866927146913 0
1641619962936 0.23458098300298055 0
1641620143500 0.23451764693657556 0
1641620330608 0.24131938767433167 0
1641620514677 0.23432018583615621 0
1641620707306 0.23589160628318787 0
1641620899595 0.24005552326838175 0
