1645804910431 0.1926 0
1645804919214 0.3468 0
1645804928123 0.4162 0
1645804936880 0.4978 0
1645804945492 0.5544 0
1645804954209 0.6088 0
1645804962897 0.6524 0
1645804971523 0.7046 0
1645804980267 0.7382 0
1645804989175 0.7734 0
1645804999222 0.3132 0
1645805008680 0.4894 0
1645805018493 0.5534 0
1645805028321 0.62 0
1645805037744 0.6666 0
1645805047593 0.7272 0
1645805057319 0.7572 0
1645805066916 0.8068 0
1645805075950 0.8162 0
1645805085421 0.8686 0
1645805095778 0.363 0
1645805105245 0.5494 0
1645805114877 0.6354 0
1645805124289 0.7012 0
1645805133899 0.7612 0
1645805143406 0.7952 0
1645805153157 0.8354 0
1645805162298 0.871 0
1645805171563 0.8848 0
1645805181117 0.897 0
