1652747747536 0.1086 0
1652747752001 0.1286 0
1652747756508 0.1688 0
1652747761122 0.2002 0
1652747765600 0.2308 0
1652747770243 0.2566 0
1652747774648 0.2684 0
1652747779118 0.2796 0
1652747783567 0.2982 0
1652747788206 0.3236 0
1652747792633 0.334 0
1652747797104 0.3504 0
1652747801562 0.3598 0
1652747805967 0.3886 0
1652747810525 0.397 0
1652747814950 0.4164 0
1652747819478 0.4286 0
1652747824010 0.4484 0
1652747828342 0.4724 0
1652747832845 0.4922 0
1652747837380 0.5008 0
1652747841740 0.5322 0
1652747846196 0.5376 0
1652747850815 0.565 0
1652747855345 0.5798 0
1652747859936 0.6218 0
1652747864419 0.6392 0
1652747868994 0.6566 0
1652747873476 0.6852 0
1652747878049 0.699 0
1652747882504 0.726 0
1652747886970 0.757 0
1652747891513 0.7792 0
1652747896118 0.7912 0
1652747900769 0.8164 0
1652747905371 0.8426 0
1652747909979 0.8556 0
1652747914404 0.8816 0
1652747918816 0.8926 0
1652747923378 0.9 0
1652747927833 0.9128 0
1652747932293 0.9316 0
1652747936852 0.9414 0
1652747941428 0.943 0
1652747946003 0.9584 0
1652747950546 0.962 0
1652747955096 0.9668 0
1652747959543 0.9646 0
1652747964045 0.976 0
1652747968565 0.9712 0
1652747980056 0.1958 0
1652747985188 0.3014 0
1652747990449 0.3574 0
1652747995676 0.3996 0
1652748000869 0.444 0
1652748006302 0.467 0
1652748011529 0.494 0
1652748016789 0.518 0
1652748022125 0.552 0
1652748027375 0.5742 0
1652748032720 0.5938 0
1652748037947 0.624 0
1652748043294 0.6284 0
1652748048490 0.6448 0
1652748053806 0.662 0
1652748059124 0.6862 0
1652748064359 0.7142 0
1652748069700 0.7192 0
1652748074988 0.7356 0
1652748080372 0.751 0
1652748085600 0.7568 0
1652748090929 0.773 0
1652748096152 0.7704 0
1652748101456 0.7872 0
1652748106691 0.7978 0
1652748111890 0.7904 0
1652748117395 0.8082 0
1652748122644 0.8218 0
1652748128076 0.8314 0
1652748133412 0.8156 0
1652748138542 0.84 0
1652748143980 0.8532 0
1652748149158 0.851 0
1652748154476 0.8506 0
1652748159660 0.863 0
1652748164935 0.8606 0
1652748170078 0.8508 0
1652748175420 0.8662 0
1652748180760 0.8788 0
1652748186030 0.867 0
1652748191366 0.8642 0
1652748196608 0.866 0
1652748201955 0.8732 0
1652748207193 0.8778 0
1652748212445 0.8868 0
1652748217672 0.8794 0
1652748222893 0.8792 0
1652748228279 0.8788 0
1652748233518 0.8804 0
1652748238822 0.8802 0
1652748251540 0.1624 0
1652748257420 0.252 0
1652748263450 0.2966 0
1652748269271 0.3444 0
1652748275170 0.3642 0
1652748281023 0.404 0
1652748286928 0.4132 0
1652748292916 0.425 0
1652748298842 0.4402 0
1652748304758 0.4706 0
1652748310569 0.4726 0
1652748316358 0.485 0
1652748322314 0.497 0
1652748328175 0.502 0
1652748333892 0.5138 0
1652748339995 0.5278 0
1652748345932 0.535 0
1652748351850 0.5418 0
1652748357723 0.532 0
1652748363629 0.54 0
1652748369598 0.559 0
1652748375641 0.5638 0
1652748381643 0.5628 0
1652748387700 0.5684 0
1652748393621 0.5778 0
1652748399561 0.5788 0
1652748405473 0.5804 0
1652748411418 0.5882 0
1652748417273 0.6008 0
1652748423167 0.6026 0
1652748429164 0.6066 0
1652748435061 0.6114 0
1652748441131 0.6254 0
1652748446972 0.6098 0
1652748452910 0.6228 0
1652748458877 0.6284 0
1652748464925 0.619 0
1652748470790 0.6176 0
1652748476823 0.639 0
1652748482724 0.6342 0
1652748488630 0.6478 0
1652748494565 0.6362 0
1652748500496 0.636 0
1652748506387 0.6542 0
1652748512390 0.6602 0
1652748518351 0.656 0
1652748524339 0.6622 0
1652748530104 0.6666 0
1652748535958 0.6756 0
1652748541940 0.6658 0
1652748555493 0.1678 0
1652748561911 0.3118 0
1652748568283 0.3566 0
1652748574742 0.3998 0
1652748581184 0.4328 0
1652748587735 0.4514 0
1652748594261 0.46 0
1652748600711 0.4794 0
1652748607262 0.4852 0
1652748613856 0.4894 0
1652748620306 0.4854 0
1652748626725 0.5034 0
1652748633275 0.5108 0
1652748639766 0.509 0
1652748646056 0.5134 0
1652748652547 0.5172 0
1652748658962 0.5156 0
1652748665329 0.5282 0
1652748671899 0.5278 0
1652748678281 0.5248 0
1652748684898 0.5426 0
1652748691348 0.5322 0
1652748698026 0.5394 0
1652748704385 0.5358 0
1652748710885 0.5402 0
1652748717428 0.5372 0
1652748723888 0.544 0
1652748730274 0.5466 0
1652748736739 0.5574 0
1652748743287 0.5552 0
1652748749715 0.5406 0
1652748756424 0.5514 0
1652748762950 0.557 0
1652748769424 0.5656 0
1652748776063 0.554 0
1652748782659 0.5552 0
1652748789073 0.5642 0
1652748795326 0.5556 0
1652748801591 0.5618 0
1652748808078 0.5662 0
1652748814565 0.5686 0
1652748821165 0.5636 0
1652748827545 0.5642 0
1652748834115 0.5704 0
1652748840429 0.565 0
1652748846717 0.5728 0
1652748852998 0.5698 0
1652748859576 0.5726 0
1652748866150 0.578 0
1652748872926 0.5766 0
1652748887100 0.1724 0
1652748894079 0.27 0
1652748900863 0.3144 0
1652748907819 0.3344 0
1652748914604 0.3444 0
1652748921534 0.3502 0
1652748928463 0.354 0
1652748935368 0.3724 0
1652748942256 0.3772 0
1652748949145 0.3872 0
1652748955841 0.3914 0
1652748962699 0.3932 0
1652748969719 0.3978 0
1652748976740 0.405 0
1652748983457 0.3962 0
1652748990296 0.4048 0
1652748997080 0.407 0
1652749003950 0.4116 0
1652749010876 0.4146 0
1652749017621 0.425 0
1652749024570 0.4136 0
1652749031435 0.4302 0
1652749038205 0.4248 0
1652749045170 0.4394 0
1652749051933 0.4192 0
1652749058744 0.4342 0
1652749065621 0.441 0
1652749072579 0.436 0
1652749079536 0.4478 0
1652749086416 0.4396 0
1652749093356 0.4454 0
1652749100195 0.4518 0
1652749107066 0.4476 0
1652749113743 0.4436 0
1652749120644 0.4516 0
1652749127370 0.4486 0
1652749134440 0.4478 0
1652749141198 0.46 0
1652749148171 0.4532 0
1652749154951 0.4496 0
1652749161822 0.4682 0
1652749168610 0.451 0
1652749175287 0.4744 0
1652749181808 0.4672 0
1652749188672 0.466 0
1652749195618 0.4614 0
1652749202406 0.4562 0
1652749209126 0.4726 0
1652749216041 0.4702 0
1652749222790 0.4664 0
