1652747747558 2.319844146347046 0
1652747752013 2.2969422843933107 0
1652747756526 2.250785888671875 0
1652747761136 2.1992656536102295 0
1652747765612 2.154209589767456 0
1652747770252 2.116778829193115 0
1652747774660 2.0698574607849123 0
1652747779127 2.0346320816040038 0
1652747783579 1.9948345455169678 0
1652747788218 1.953083741569519 0
1652747792645 1.916184770011902 0
1652747797116 1.8796118034362792 0
1652747801576 1.846217352294922 0
1652747805976 1.7948377521514893 0
1652747810536 1.7672310348510742 0
1652747814961 1.7201162445068359 0
1652747819488 1.68608353805542 0
1652747824023 1.6433764328002929 0
1652747828353 1.5831120254516602 0
1652747832857 1.5423782121658325 0
1652747837391 1.502806446456909 0
1652747841751 1.4418448766708374 0
1652747846211 1.398796979522705 0
1652747850831 1.3483017292022705 0
1652747855356 1.2978513751983642 0
1652747859947 1.2216315004348755 0
1652747864433 1.1773248987197875 0
1652747869010 1.1134602652549743 0
1652747873496 1.057659805393219 0
1652747878060 1.0029552265167236 0
1652747882515 0.9303054770469665 0
1652747886982 0.856940883922577 0
1652747891530 0.805415458869934 0
1652747896130 0.7426365606307983 0
1652747900781 0.6793700288772583 0
1652747905381 0.6079133487701416 0
1652747909991 0.5662125362873077 0
1652747914416 0.4971161587238312 0
1652747918825 0.45001781311035155 0
1652747923391 0.4218099260807037 0
1652747927851 0.37089332250356677 0
1652747932305 0.32543010411262513 0
1652747936872 0.2810210451602936 0
1652747941443 0.2614835822582245 0
1652747946013 0.22665557988882065 0
1652747950570 0.2020015996694565 0
1652747955108 0.17521096470355987 0
1652747959562 0.17256081669330597 0
1652747964064 0.14504028067588806 0
1652747968576 0.1401911297559738 0
1652747980069 2.215654475212097 0
1652747985208 2.015894002532959 0
1652747990460 1.8894410791397094 0
1652747995687 1.8085147800445556 0
1652748000879 1.7345816396713256 0
1652748006315 1.6766942100524902 0
1652748011538 1.635288956642151 0
1652748016803 1.5950910301208496 0
1652748022139 1.5271281091690063 0
1652748027387 1.4952054807662964 0
1652748032730 1.463371810722351 0
1652748037964 1.420016728591919 0
1652748043304 1.3995231315612793 0
1652748048501 1.3832371875762939 0
1652748053816 1.3587145677566528 0
1652748059133 1.3237797563552856 0
1652748064371 1.26101349067688 0
1652748069712 1.2759209518432617 0
1652748075000 1.2427297609329224 0
1652748080385 1.2309295597076415 0
1652748085615 1.22639947681427 0
1652748090941 1.2078967807769776 0
1652748096161 1.210642219543457 0
1652748101471 1.1838477265357972 0
1652748106704 1.1603433513641357 0
1652748111903 1.1913247798919677 0
1652748117411 1.157377740097046 0
1652748122653 1.1445990734100342 0
1652748128087 1.1354109798431395 0
1652748133424 1.1663404214859008 0
1652748138552 1.129295892906189 0
1652748143989 1.084666079711914 0
1652748149168 1.088581781578064 0
1652748154493 1.0880058506011963 0
1652748159669 1.073009206199646 0
1652748164945 1.079042501449585 0
1652748170087 1.1041573699951173 0
1652748175435 1.0800007472991944 0
1652748180775 1.0528683143615722 0
1652748186042 1.077376351928711 0
1652748191383 1.0906602806091308 0
1652748196620 1.1025768235206603 0
1652748201967 1.0669990100860596 0
1652748207209 1.0756497056007386 0
1652748212457 1.0379109121322632 0
1652748217692 1.0621319623947143 0
1652748222904 1.0636943117141724 0
1652748228295 1.0772193950653077 0
1652748233531 1.085148575592041 0
1652748238832 1.0861687313079833 0
1652748251554 2.9417811679840087 0
1652748257441 2.769921436691284 0
1652748263471 2.659985032653809 0
1652748269282 2.583254672241211 0
1652748275190 2.5465106658935546 0
1652748281037 2.5006703929901124 0
1652748286937 2.4850719470977785 0
1652748292929 2.469716600418091 0
1652748298853 2.4585247817993165 0
1652748304774 2.434389848327637 0
1652748310582 2.4400969150543212 0
1652748316369 2.4332407905578615 0
1652748322324 2.445463697052002 0
1652748328187 2.4271013011932374 0
1652748333913 2.4141659603118897 0
1652748340007 2.433579369354248 0
1652748345947 2.3936977653503417 0
1652748351862 2.4041125076293945 0
1652748357739 2.440194580078125 0
1652748363649 2.4340720428466796 0
1652748369619 2.4139872177124024 0
1652748375653 2.4198921112060545 0
1652748381655 2.4506798767089846 0
1652748387718 2.445786382293701 0
1652748393643 2.4337390785217283 0
1652748399580 2.4420184505462648 0
1652748405495 2.4515781150817872 0
1652748411431 2.462063324737549 0
1652748417285 2.450081078338623 0
1652748423189 2.457207569503784 0
1652748429177 2.436415922355652 0
1652748435073 2.4528196628570558 0
1652748441143 2.447745990371704 0
1652748446987 2.480878186416626 0
1652748452932 2.4772464683532713 0
1652748458887 2.481615366744995 0
1652748464937 2.4996845458984374 0
1652748470801 2.5207805625915527 0
1652748476842 2.4700893787384035 0
1652748482746 2.4875935806274416 0
1652748488641 2.48579408493042 0
1652748494577 2.5156780403137207 0
1652748500508 2.537623476791382 0
1652748506400 2.4935203239440917 0
1652748512404 2.5022684967041013 0
1652748518372 2.527704305267334 0
1652748524350 2.5369083209991454 0
1652748530124 2.5009838642120363 0
1652748535972 2.5405588718414305 0
1652748541961 2.549152158737183 0
1652748555508 3.625261152267456 0
1652748561925 3.305881177139282 0
1652748568295 3.1587629962921144 0
1652748574754 3.0883602699279784 0
1652748581196 3.0445349685668943 0
1652748587747 3.028455908203125 0
1652748594272 3.0286679710388182 0
1652748600723 3.021911550140381 0
1652748607275 3.01521032371521 0
1652748613871 3.029010364532471 0
1652748620319 3.0418709838867186 0
1652748626741 3.0292636074066164 0
1652748633285 3.0273963287353514 0
1652748639779 3.049286686706543 0
1652748646068 3.0536127197265626 0
1652748652564 3.057334539794922 0
1652748658977 3.0659483489990236 0
1652748665345 3.060807322311401 0
1652748671909 3.0767665824890136 0
1652748678293 3.098430033111572 0
1652748684910 3.080867335510254 0
1652748691363 3.093110401916504 0
1652748698037 3.1276864517211913 0
1652748704395 3.095741297531128 0
1652748710904 3.0909020980834963 0
1652748717442 3.127212272644043 0
1652748723899 3.1134201210021972 0
1652748730287 3.120728649139404 0
1652748736752 3.095922483825684 0
1652748743300 3.1014525844573972 0
1652748749725 3.154451922225952 0
1652748756437 3.1209765785217285 0
1652748762963 3.142063038635254 0
1652748769438 3.1227767753601072 0
1652748776082 3.153671554946899 0
1652748782669 3.1384010498046875 0
1652748789091 3.1319114555358887 0
1652748795346 3.1795562301635742 0
1652748801604 3.1644102138519288 0
1652748808102 3.160795792388916 0
1652748814591 3.175878849029541 0
1652748821177 3.1921838661193846 0
1652748827561 3.1933546966552733 0
1652748834128 3.1961455841064454 0
1652748840441 3.1884373489379882 0
1652748846729 3.1849305683135984 0
1652748853012 3.2071726097106934 0
1652748859589 3.1850598602294924 0
1652748866162 3.2154882637023925 0
1652748872953 3.1952517524719237 0
1652748887112 3.9592213310241697 0
1652748894096 3.6571899726867674 0
1652748900876 3.551474747467041 0
1652748907837 3.4998076354980467 0
1652748914616 3.472844232177734 0
1652748921553 3.4650495063781737 0
1652748928477 3.459716706085205 0
1652748935383 3.4559442001342773 0
1652748942269 3.4571363090515135 0
1652748949156 3.449854347229004 0
1652748955854 3.459440857696533 0
1652748962717 3.4733461196899413 0
1652748969732 3.4665025924682618 0
1652748976752 3.4648397644042968 0
1652748983470 3.4764887004852296 0
1652748990314 3.4721451148986815 0
1652748997096 3.4955238029479982 0
1652749003970 3.485976189041138 0
1652749010888 3.488763507080078 0
1652749017633 3.4864274757385254 0
1652749024592 3.5086575019836426 0
1652749031450 3.4878120677948 0
1652749038230 3.4986044631958007 0
1652749045182 3.495953150177002 0
1652749051948 3.525551900482178 0
1652749058757 3.513768588256836 0
1652749065634 3.5328052940368653 0
1652749072590 3.529181477355957 0
1652749079549 3.5370665618896484 0
1652749086436 3.5446499366760253 0
1652749093369 3.5482801902770995 0
1652749100207 3.544206901550293 0
1652749107083 3.567811365509033 0
1652749113759 3.562248282623291 0
1652749120657 3.566349042892456 0
1652749127381 3.577045290374756 0
1652749134453 3.5903885131835938 0
1652749141215 3.5772418472290037 0
1652749148185 3.581099402999878 0
1652749154963 3.5981034477233886 0
1652749161847 3.591570294189453 0
1652749168623 3.6027668838500975 0
1652749175300 3.5877190448760987 0
1652749181831 3.606157918548584 0
1652749188689 3.6060975219726563 0
1652749195631 3.6263559776306153 0
1652749202428 3.658369034576416 0
1652749209149 3.6265786735534666 0
1652749216054 3.6407791496276856 0
1652749222802 3.6554190704345704 0
