1651848354548 0.4472 0
1651848357862 0.6388 0
1651848361203 0.678 0
1651848364512 0.738 0
1651848367774 0.7808 0
1651848371051 0.7924 0
1651848374304 0.8216 0
1651848377519 0.8188 0
1651848380905 0.8352 0
1651848384221 0.8476 0
1651848387563 0.8508 0
1651848390828 0.8472 0
1651848394088 0.8316 0
1651848397358 0.8504 0
1651848400674 0.8764 0
1651848403979 0.8872 0
1651848407313 0.8692 0
1651848410576 0.9044 0
1651848413794 0.8944 0
1651848417050 0.906 0
1651848420385 0.8812 0
1651848423660 0.9024 0
1651848426880 0.8616 0
1651848430225 0.8984 0
1651848433365 0.9168 0
1651848436651 0.9172 0
1651848439978 0.9028 0
1651848443221 0.9292 0
1651848446451 0.8704 0
1651848449740 0.916 0
1651848452995 0.9148 0
1651848456193 0.9332 0
1651848459431 0.9448 0
1651848462675 0.9332 0
1651848465919 0.9188 0
1651848469151 0.9372 0
1651848472487 0.9236 0
1651848475743 0.9012 0
1651848478957 0.958 0
1651848482164 0.926 0
1651848485518 0.9316 0
1651848488744 0.9368 0
1651848492049 0.8956 0
1651848495409 0.9384 0
1651848498743 0.9356 0
1651848501978 0.938 0
1651848505224 0.9348 0
1651848508474 0.9144 0
1651848511713 0.926 0
1651848515020 0.9436 0
1651848521999 0.4068 0
1651848528513 0.618 0
1651848534950 0.674 0
1651848541423 0.734 0
1651848547847 0.736 0
1651848554243 0.7736 0
1651848560777 0.806 0
1651848567098 0.8064 0
1651848573493 0.8276 0
1651848579929 0.8256 0
1651848586282 0.7996 0
1651848592700 0.7852 0
1651848599196 0.8212 0
1651848605775 0.8724 0
1651848612275 0.8956 0
1651848618708 0.896 0
1651848625131 0.8664 0
1651848631500 0.8748 0
1651848637870 0.8864 0
1651848644320 0.9056 0
1651848650749 0.894 0
1651848657208 0.8736 0
1651848663622 0.9128 0
1651848670031 0.8928 0
1651848676464 0.8796 0
1651848682958 0.9276 0
1651848689473 0.928 0
1651848695974 0.908 0
1651848702354 0.8872 0
1651848708929 0.8792 0
1651848715371 0.902 0
1651848721832 0.9312 0
1651848728175 0.9292 0
1651848734544 0.9128 0
1651848740943 0.9364 0
1651848747367 0.9004 0
1651848753772 0.9336 0
1651848760213 0.9384 0
1651848766675 0.9428 0
1651848773105 0.914 0
1651848779475 0.8988 0
1651848785855 0.9116 0
1651848792306 0.9168 0
1651848798723 0.8924 0
1651848805221 0.9312 0
1651848811685 0.9376 0
1651848818180 0.96 0
1651848824721 0.962 0
1651848831168 0.962 0
1651848837774 0.9368 0
