1651747078163 0.4924 0
1651747081077 0.7412 0
1651747084121 0.8316 0
1651747086930 0.8712 0
1651747089765 0.9068 0
1651747092643 0.9172 0
1651747095593 0.94 0
1651747098456 0.9476 0
1651747101276 0.9592 0
1651747104182 0.9676 0
1651747107249 0.9696 0
1651747110235 0.982 0
1651747113143 0.9872 0
1651747116072 0.9856 0
1651747118986 0.9856 0
1651747121813 0.9912 0
1651747124680 0.9928 0
1651747127513 0.9956 0
1651747130378 0.9952 0
1651747133255 0.998 0
1651747136085 0.9968 0
1651747139014 0.9976 0
1651747141909 0.9964 0
1651747144709 0.9984 0
1651747147554 0.9972 0
1651747150452 0.9984 0
1651747153395 0.998 0
1651747156320 0.9988 0
1651747159309 0.9996 0
1651747162256 0.9988 0
1651747165148 0.9992 0
1651747168144 0.9996 0
1651747170995 0.9996 0
1651747173897 0.9984 0
1651747176891 0.9996 0
1651747179759 0.998 0
1651747182618 0.9992 0
1651747185470 1.0 0
1651747188457 0.9992 0
1651747191444 0.9988 0
1651747194383 0.9988 0
1651747197298 0.9996 0
1651747200214 0.9988 0
1651747203015 1.0 0
1651747205903 0.9984 0
1651747208886 0.9996 0
1651747211723 0.9988 0
1651747214593 0.9992 0
1651747217507 0.9992 0
1651747220373 0.9996 0
1651747226343 0.426 0
1651747229603 0.6108 0
1651747232868 0.6984 0
1651747236219 0.7748 0
1651747239628 0.8108 0
1651747242847 0.85 0
1651747246141 0.8756 0
1651747249416 0.8984 0
1651747252705 0.9176 0
1651747256051 0.9164 0
1651747259384 0.9396 0
1651747262696 0.9468 0
1651747266076 0.9624 0
1651747269246 0.962 0
1651747272522 0.97 0
1651747275745 0.9724 0
1651747278985 0.9816 0
1651747282201 0.9844 0
1651747285502 0.986 0
1651747288717 0.9944 0
1651747291868 0.9884 0
1651747295187 0.994 0
1651747298429 0.9944 0
1651747301718 0.994 0
1651747305118 0.9936 0
1651747308341 0.994 0
1651747311694 0.9952 0
1651747315033 0.9928 0
1651747318355 0.9972 0
1651747321686 0.998 0
1651747324987 0.9952 0
1651747328276 0.9968 0
1651747331563 0.9964 0
1651747334984 0.996 0
1651747338388 0.9972 0
1651747341656 0.9952 0
1651747344931 0.9948 0
1651747348204 0.9948 0
1651747351472 0.9972 0
1651747354874 0.9972 0
1651747358175 0.9976 0
1651747361482 0.9984 0
1651747364797 0.9956 0
1651747367985 0.998 0
1651747371174 0.9972 0
1651747374446 0.9996 0
1651747377665 0.9988 0
1651747381048 0.9996 0
1651747384356 0.998 0
1651747387656 0.9992 0
1651747394385 0.408 0
1651747398061 0.6364 0
1651747401602 0.7116 0
1651747404969 0.7668 0
1651747408476 0.8152 0
1651747411984 0.8204 0
1651747415558 0.858 0
1651747419075 0.8716 0
1651747422605 0.8964 0
1651747426173 0.91 0
1651747429799 0.9248 0
1651747433216 0.934 0
1651747436733 0.9484 0
1651747440227 0.94 0
1651747443740 0.9512 0
1651747447243 0.9512 0
1651747450853 0.966 0
1651747454459 0.9808 0
1651747457998 0.9732 0
1651747461626 0.9788 0
1651747465191 0.976 0
1651747468781 0.9852 0
1651747472193 0.9792 0
1651747475730 0.986 0
1651747479371 0.9856 0
1651747482860 0.9924 0
1651747486574 0.992 0
1651747490214 0.9916 0
1651747493934 0.99 0
1651747497336 0.9904 0
1651747500926 0.9956 0
1651747504492 0.9972 0
1651747508031 0.9956 0
1651747511644 0.9964 0
1651747515171 0.9972 0
1651747518631 0.992 0
1651747522226 0.994 0
1651747525707 0.9936 0
1651747529392 0.9864 0
1651747532832 0.9896 0
1651747536516 0.9948 0
1651747540110 0.994 0
1651747543706 0.9936 0
1651747547265 0.9976 0
1651747550892 0.9952 0
1651747554340 0.9952 0
1651747557985 0.9972 0
1651747561400 0.996 0
1651747564987 0.9968 0
1651747568364 0.9976 0
1651747575632 0.5156 0
1651747579351 0.8228 0
1651747583146 0.886 0
1651747587120 0.9072 0
1651747591012 0.9364 0
1651747594736 0.9328 0
1651747598490 0.9516 0
1651747602351 0.964 0
1651747606173 0.9716 0
1651747609804 0.9756 0
1651747613606 0.9772 0
1651747617268 0.9816 0
1651747620948 0.984 0
1651747624693 0.9864 0
1651747628473 0.9864 0
1651747632207 0.986 0
1651747636170 0.9896 0
1651747639866 0.9916 0
1651747643675 0.9916 0
1651747647514 0.9764 0
1651747651429 0.9948 0
1651747655102 0.992 0
1651747658896 0.9884 0
1651747662826 0.9916 0
1651747666795 0.9948 0
1651747670695 0.9956 0
1651747674504 0.9916 0
1651747678359 0.9948 0
1651747682338 0.9948 0
1651747686226 0.994 0
1651747690264 0.9972 0
1651747694205 0.9952 0
1651747698044 0.9948 0
1651747701848 0.9928 0
1651747705675 0.9928 0
1651747709363 0.996 0
1651747713263 0.9944 0
1651747717085 0.9924 0
1651747720928 0.9984 0
1651747724849 0.9952 0
1651747728770 0.9972 0
1651747732553 0.9932 0
1651747736509 0.994 0
1651747740185 0.9944 0
1651747743924 0.994 0
1651747747863 0.9968 0
1651747751663 0.9936 0
1651747755615 0.9916 0
1651747759462 0.9972 0
1651747763419 0.9996 0
1651747770895 0.3492 0
1651747774945 0.532 0
1651747778936 0.6492 0
1651747782988 0.7228 0
1651747786991 0.7716 0
1651747790927 0.808 0
1651747795029 0.8492 0
1651747799120 0.8716 0
1651747803130 0.8916 0
1651747807176 0.908 0
1651747811024 0.9192 0
1651747814944 0.9392 0
1651747819040 0.9452 0
1651747823091 0.9468 0
1651747827073 0.9536 0
1651747831088 0.9656 0
1651747835034 0.958 0
1651747839065 0.9684 0
1651747843185 0.9612 0
1651747847227 0.9704 0
1651747851257 0.9792 0
1651747855173 0.9768 0
1651747859122 0.9732 0
1651747863108 0.9768 0
1651747867074 0.984 0
1651747870987 0.9672 0
1651747874995 0.9828 0
1651747879067 0.9892 0
1651747882966 0.984 0
1651747886961 0.9868 0
1651747890899 0.9936 0
1651747894888 0.9888 0
1651747898918 0.986 0
1651747902942 0.984 0
1651747906830 0.9804 0
1651747911023 0.9796 0
1651747915065 0.9892 0
1651747919110 0.9828 0
1651747923120 0.9828 0
1651747927307 0.9856 0
1651747931324 0.982 0
1651747935321 0.9844 0
1651747939396 0.9876 0
1651747943376 0.9896 0
1651747947484 0.986 0
1651747951475 0.9884 0
1651747955443 0.9844 0
1651747959577 0.9888 0
1651747963608 0.988 0
1651747967675 0.9856 0
