1652406791657 0.1306 0
1652406796577 0.1858 0
1652406801496 0.2178 0
1652406806447 0.2416 0
1652406811304 0.2752 0
1652406816393 0.3022 0
1652406821278 0.3176 0
1652406826427 0.3368 0
1652406831320 0.348 0
1652406836177 0.359 0
1652406841125 0.3724 0
1652406845822 0.3748 0
1652406850661 0.3892 0
1652406855667 0.4232 0
1652406860524 0.4114 0
1652406865567 0.423 0
1652406870428 0.4422 0
1652406875450 0.4428 0
1652406880376 0.48 0
1652406885265 0.4928 0
1652406890170 0.4794 0
1652406895057 0.501 0
1652406899875 0.5106 0
1652406904537 0.517 0
1652406909402 0.5254 0
1652406914288 0.549 0
1652406919190 0.5356 0
1652406923985 0.5452 0
1652406928930 0.5696 0
1652406933870 0.576 0
1652406942745 0.3701 0
1652406951521 0.4332 0
1652406960154 0.4678 0
1652406968697 0.4835 0
1652406977394 0.4976 0
1652406985888 0.507 0
1652406994918 0.5223 0
1652407003467 0.534 0
1652407012109 0.5384 0
1652407020940 0.5508 0
1652407029699 0.5668 0
1652407038551 0.5685 0
1652407047307 0.5894 0
1652407056125 0.5833 0
1652407064810 0.5915 0
1652407073235 0.5941 0
1652407081718 0.6037 0
1652407090488 0.6035 0
1652407099120 0.6089 0
1652407107476 0.6207 0
1652407116036 0.6262 0
1652407124638 0.6169 0
1652407133098 0.6209 0
1652407141614 0.6319 0
1652407150366 0.6432 0
1652407159078 0.6568 0
1652407167994 0.642 0
1652407176398 0.6499 0
1652407184978 0.669 0
1652407193755 0.648 0
1652407206851 0.498 0
1652407219393 0.5329333333333334 0
1652407231844 0.5528 0
1652407244442 0.5640666666666667 0
1652407257050 0.5698 0
1652407269746 0.5675333333333333 0
1652407282212 0.5802 0
1652407294770 0.5826 0
1652407307323 0.5842666666666667 0
1652407319983 0.5948 0
1652407332669 0.5964 0
1652407345372 0.5977333333333333 0
1652407357916 0.5969333333333333 0
1652407370674 0.6057333333333333 0
1652407383345 0.6154666666666667 0
1652407396148 0.6080666666666666 0
1652407408864 0.6200666666666667 0
1652407421565 0.6034666666666667 0
1652407434133 0.6133333333333333 0
1652407446585 0.6246666666666667 0
1652407459047 0.6276666666666667 0
1652407471666 0.6308 0
1652407484373 0.6312666666666666 0
1652407497018 0.6311333333333333 0
1652407509455 0.6314 0
1652407522179 0.6310666666666667 0
1652407534715 0.6329333333333333 0
1652407547366 0.6347333333333334 0
1652407559930 0.6434 0
1652407572661 0.6427333333333334 0
1652407590476 0.5424 0
1652407607039 0.58365 0
1652407623880 0.58115 0
1652407640784 0.58655 0
1652407657553 0.5857 0
1652407674032 0.59455 0
1652407691167 0.5909 0
1652407707974 0.5978 0
1652407724847 0.6102 0
1652407741759 0.6018 0
1652407758701 0.6071 0
1652407775527 0.607 0
1652407792447 0.61 0
1652407809361 0.6107 0
1652407826072 0.6111 0
1652407842557 0.6159 0
1652407859608 0.626 0
1652407876527 0.61095 0
1652407893157 0.6238 0
1652407910306 0.62055 0
1652407926979 0.62245 0
1652407943826 0.62785 0
1652407960540 0.62675 0
1652407977302 0.63155 0
1652407994089 0.63345 0
1652408010716 0.6261 0
1652408027159 0.6346 0
1652408044125 0.63545 0
1652408060735 0.63325 0
1652408077776 0.64355 0
1652408100227 0.55928 0
1652408121766 0.57724 0
1652408143055 0.5762 0
1652408164572 0.57932 0
1652408185909 0.5802 0
1652408207356 0.58516 0
1652408228774 0.58572 0
1652408249820 0.59132 0
1652408271589 0.58848 0
1652408292833 0.59492 0
1652408313916 0.59664 0
1652408335160 0.59404 0
1652408356530 0.59776 0
1652408377714 0.59652 0
1652408399199 0.59968 0
1652408420481 0.59444 0
1652408441808 0.59836 0
1652408462949 0.60476 0
1652408484208 0.60068 0
1652408505604 0.59944 0
1652408526806 0.60564 0
1652408547833 0.60716 0
1652408569037 0.61004 0
1652408590277 0.61636 0
1652408611617 0.60892 0
1652408632977 0.6098 0
1652408654102 0.60904 0
1652408675554 0.603 0
1652408697202 0.60332 0
1652408718621 0.61796 0
