1652536678302 0.3148 0
1652536683262 0.4608 0
1652536688463 0.5392 0
1652536693641 0.5874 0
1652536698844 0.6446 0
1652536704152 0.6744 0
1652536709332 0.6982 0
1652536714532 0.743 0
1652536719662 0.7684 0
1652536724831 0.7966 0
1652536730000 0.8046 0
1652536735101 0.837 0
1652536740320 0.837 0
1652536745553 0.8658 0
1652536750823 0.8956 0
1652536755779 0.8716 0
1652536760967 0.8858 0
1652536766101 0.9154 0
1652536771212 0.9236 0
1652536776301 0.9266 0
1652536781509 0.921 0
1652536786717 0.9414 0
1652536791789 0.9304 0
1652536796985 0.9236 0
1652536802085 0.9254 0
1652536807244 0.9518 0
1652536812599 0.9466 0
1652536817741 0.9522 0
1652536822827 0.9524 0
1652536827942 0.9344 0
1652536840853 0.4266 0
1652536853439 0.6356 0
1652536866080 0.687 0
1652536878691 0.7426 0
1652536891353 0.7782 0
1652536904234 0.8118 0
1652536916840 0.8408 0
1652536929485 0.8672 0
1652536942362 0.8702 0
1652536955166 0.9012 0
1652536968351 0.9086 0
1652536981221 0.9062 0
1652536994126 0.9346 0
1652537007162 0.939 0
1652537020040 0.942 0
1652537032985 0.9462 0
1652537045856 0.9332 0
1652537058658 0.9414 0
1652537071632 0.9618 0
1652537084792 0.9496 0
1652537097944 0.9456 0
1652537110832 0.9586 0
1652537123496 0.9432 0
1652537136222 0.95 0
1652537149240 0.9658 0
1652537162368 0.9714 0
1652537175482 0.9606 0
1652537188444 0.9576 0
1652537201452 0.9508 0
1652537214483 0.9668 0
1652537228567 0.395 0
1652537241768 0.5982 0
1652537254892 0.675 0
1652537268214 0.7356 0
1652537281230 0.7526 0
1652537294283 0.8134 0
1652537307617 0.8286 0
1652537320758 0.8614 0
1652537334036 0.8812 0
1652537347233 0.8718 0
1652537360188 0.8994 0
1652537373436 0.9216 0
1652537386625 0.9228 0
1652537399864 0.9302 0
1652537413160 0.9262 0
1652537426156 0.9414 0
1652537439090 0.9388 0
1652537452213 0.9576 0
1652537465449 0.9384 0
1652537478365 0.9376 0
1652537491756 0.9516 0
1652537504816 0.9454 0
1652537518125 0.945 0
1652537531291 0.9544 0
1652537544512 0.963 0
1652537557644 0.9678 0
1652537570805 0.9592 0
1652537583650 0.9578 0
1652537596697 0.959 0
1652537609932 0.9692 0
1652537624537 0.4724 0
1652537638073 0.661 0
1652537651500 0.7368 0
1652537664759 0.7802 0
1652537677679 0.813 0
1652537691003 0.8446 0
1652537704083 0.871 0
1652537717396 0.9058 0
1652537730882 0.9022 0
1652537743795 0.9158 0
1652537757090 0.9234 0
1652537770486 0.9298 0
1652537783906 0.935 0
1652537797123 0.9444 0
1652537810386 0.9304 0
1652537823798 0.9518 0
1652537837011 0.953 0
1652537850161 0.9498 0
1652537863308 0.9606 0
1652537876560 0.9584 0
1652537889890 0.9554 0
1652537903153 0.9606 0
1652537916559 0.9636 0
1652537929832 0.9624 0
1652537943172 0.9482 0
1652537956260 0.9658 0
1652537969459 0.965 0
1652537982639 0.968 0
1652537995701 0.9506 0
1652538008750 0.9532 0
1652538023767 0.405 0
1652538037227 0.5714 0
1652538050742 0.649 0
1652538064306 0.7062 0
1652538077518 0.7596 0
1652538090934 0.7796 0
1652538104243 0.8164 0
1652538117610 0.856 0
1652538130969 0.8716 0
1652538144448 0.8942 0
1652538157814 0.9006 0
1652538171162 0.9238 0
1652538184418 0.9218 0
1652538197847 0.9266 0
1652538211389 0.9378 0
1652538224852 0.9426 0
1652538238321 0.9542 0
1652538251784 0.955 0
1652538265010 0.9538 0
1652538278205 0.9488 0
1652538291532 0.9546 0
1652538304803 0.9554 0
1652538318185 0.9368 0
1652538331533 0.9708 0
1652538345010 0.964 0
1652538358569 0.9638 0
1652538372009 0.9518 0
1652538385306 0.954 0
1652538398723 0.9748 0
1652538411934 0.9552 0
