1654162228600 0.7394045958891651 0
1654162242269 0.9745952828472685 0
1654162255799 0.9945431395137331 0
1654162269019 0.9976959922391317 0
1654162282183 0.9992117868186503 0
1654162295347 0.9993936821681926 0
1654162308544 0.999757472867277 0
1654162321711 0.9998181046504577 0
1654162334854 0.9996968410840963 0
1654162348062 0.9999393682168193 0
1654162406489 0.854466072403129 0
1654162421869 0.9905402947062034 0
1654162437409 0.9976350736765508 0
1654162452936 0.9987872172700261 0
1654162468278 0.9989691346795222 0
1654162484094 0.9993329694985144 0
1654162500025 0.9989691346795222 0
1654162516155 0.9993329694985144 0
1654162532395 0.9993329694985144 0
1654162547976 0.9998180825905039 0
1654162623922 0.9129986661816418 0
1654162641572 0.9929671395659028 0
1654162659409 0.9978173881411422 0
1654162676983 0.9987874378561902 0
1654162694659 0.999514975142476 0
1654162712140 0.9988480659633806 0
1654162729912 0.9992118346065236 0
1654162747500 0.9991512064993331 0
1654162765036 0.9997574875712381 0
1654162782888 0.9989693221777616 0
1654162873937 0.8765312310491207 0
1654162893874 0.9831412977562158 0
1654162913669 0.9927228623408126 0
1654162933118 0.9944815039417829 0
1654162952973 0.9985445724681625 0
1654162972932 0.9987265009096422 0
1654162992454 0.9982413583990297 0
1654163012078 0.9982413583990297 0
1654163032174 0.9987265009096422 0
1654163051824 0.9989084293511219 0
1654163162957 0.9010795730228045 0
1654163184672 0.9963609898107715 0
1654163205898 0.997331392527899 0
1654163227547 0.9991508976225133 0
1654163249424 0.998847646773411 0
1654163270547 0.998847646773411 0
1654163292053 0.9995754488112567 0
1654163313528 0.9996360989810772 0
1654163335163 0.998968947113052 0
1654163357180 0.998605046094129 0
