1639338411301 2.2918225887298584 0
1639338429945 2.1404215076446533 0
1639338448729 1.9531066261291503 0
1639338467286 1.736151612854004 0
1639338485480 1.5446684737205505 0
1639338503751 1.4362348421096802 0
1639338522004 1.3487897224426268 0
1639338540724 1.2704163166046143 0
1639338559354 1.1902277521133422 0
1639338577716 1.1143974941253663 0
1639338596109 1.0392261493682862 0
1639338614342 0.975542416191101 0
1639338632581 0.8884851249694824 0
1639338650848 0.9841462308883667 0
1639338668667 0.8702319136619567 0
1639338686771 0.7731305014371872 0
1639338705076 0.6931286687374115 0
1639338723506 0.6320891653060913 0
1639338741813 0.6174573781013489 0
1639338760082 0.5772707397460938 0
1639338777784 0.4982496823310852 0
1639338795616 0.4503174255847931 0
1639338813686 0.40245654128789904 0
1639338831779 0.34894116559028626 0
1639338849933 0.2934292546272278 0
1639338868198 0.2786934614419937 0
1639338886609 0.24822636820077895 0
1639338904866 0.216103648686409 0
1639338923204 0.20977220730781554 0
1639338941786 0.20314893507957457 0
1639338959894 0.22412059140205384 0
1639338978003 0.17520158771276473 0
1639338996440 0.12647833125889302 0
1639339014980 0.10575751569271087 0
1639339033108 0.14314474877119066 0
1639339051394 0.1268776149660349 0
1639339070655 0.08222538772821426 0
1639339089609 0.17253131930828094 0
1639339108013 0.2023175899505615 0
1639339126321 0.20490366287231446 0
1639339145010 0.24417999782562255 0
1639339163808 0.12819187953174113 0
1639339181724 0.07024134895801544 0
1639339200603 0.14175636433362962 0
1639339218777 0.08075875997543334 0
1639339236873 0.13775018340349196 0
1639339255135 0.0880516211926937 0
1639339273329 0.10455552020072938 0
1639339291250 0.053472822786867616 0
1639339310322 0.03614964081570506 0
1639339333211 2.1386720893859863 0
1639339345898 1.7392736814498901 0
1639339358561 1.5282143243789672 0
1639339371237 1.3797631938934327 0
1639339384011 1.2646541444778443 0
1639339396613 1.169955940437317 0
1639339409413 1.0732044672966004 0
1639339422041 0.9589585334777831 0
1639339434643 0.8401181448936462 0
1639339447135 0.7017232121944428 0
1639339459858 0.5741012104988098 0
1639339472508 0.4377488416671753 0
1639339485235 0.3414613438606262 0
1639339497653 0.2885125225305557 0
1639339510324 0.1666855541706085 0
1639339522865 0.11289361892938614 0
1639339535514 0.08173335499763489 0
1639339548336 0.09637041504383087 0
1639339560967 0.04482986642718315 0
1639339573611 0.030460697042942048 0
1639339586393 0.025685054329037667 0
1639339599275 0.019848469819873572 0
1639339611870 0.0166520824149251 0
1639339624638 0.014479154169559479 0
1639339637356 0.012437328794598579 0
1639339650133 0.011532266192138195 0
1639339662760 0.010153050397336483 0
1639339675375 0.00919233454167843 0
1639339688073 0.008425615513324738 0
1639339700650 0.007701659812033176 0
1639339713479 0.007168569640815258 0
1639339726109 0.006612885397672653 0
1639339739019 0.0062463308855891225 0
1639339751578 0.005856222756206989 0
1639339764216 0.005419614543765783 0
1639339776895 0.005126922158151865 0
1639339789585 0.004812721656262875 0
1639339802249 0.004525935490429401 0
1639339814896 0.004283081409335136 0
1639339827669 0.004046683572977781 0
1639339840328 0.0038471717309206724 0
1639339853096 0.0036354893058538435 0
1639339865878 0.003483152864128351 0
1639339878593 0.0032876180924475192 0
1639339890934 0.003145746782794595 0
1639339903586 0.0029957355350255965 0
1639339916111 0.0028548157878220083 0
1639339928898 0.0027532584980130195 0
1639339941487 0.0026016370195895435 0
1639339954259 0.002502044260874391 0
1639339988039 2.265638610458374 0
1639340001004 2.0382645709991456 0
1639340013718 1.842386137008667 0
1639340026402 1.6933818328857422 0
1639340039113 1.5810531791687013 0
1639340051933 1.4757333728790283 0
1639340064462 1.3816429956436158 0
1639340077054 1.2771981777191161 0
1639340089745 1.179833361530304 0
1639340102247 1.0417727998733521 0
1639340115047 0.9196102961540222 0
1639340127753 0.787665524673462 0
1639340140341 0.6212076196670532 0
1639340153119 0.47350242824554445 0
1639340165837 0.3293297073364258 0
1639340178486 0.23996368548870087 0
1639340191173 0.15165624973773956 0
1639340203795 0.10761528981924057 0
1639340216505 0.09756236482858657 0
1639340229164 0.058893213617801664 0
1639340242028 0.04980784823298454 0
1639340254956 0.03597880234718323 0
1639340268206 0.030720508140325547 0
1639340280862 0.025712031468749046 0
1639340293473 0.020063704371452332 0
1639340305875 0.017283202616870403 0
1639340318478 0.015331248152256012 0
1639340330994 0.01396188222616911 0
1639340343701 0.012486707390844821 0
1639340356437 0.011477129213511943 0
1639340369214 0.01062107715010643 0
1639340381920 0.00975622819662094 0
1639340394542 0.00901986062154174 0
1639340407516 0.008362261547148227 0
1639340420462 0.0078055845841765404 0
1639340433284 0.007345119239389897 0
1639340445991 0.006877686068415642 0
1639340458784 0.006410488955676556 0
1639340471763 0.006080241912603378 0
1639340484424 0.005708636420220137 0
1639340497505 0.005384702290594578 0
1639340510405 0.005140586155653 0
1639340523064 0.00484442645534873 0
1639340535757 0.004619503539800644 0
1639340548551 0.004403632393479347 0
1639340561157 0.004168311160057783 0
1639340574145 0.003984035937488079 0
1639340586830 0.0037917859934270383 0
1639340599534 0.0036137779470533133 0
1639340612554 0.00344414429217577 0
1639340657863 2.206363449859619 0
1639340670589 1.9228069271087647 0
1639340683016 1.7593425846099853 0
1639340695722 1.6193671821594238 0
1639340708449 1.4958265493392944 0
1639340720923 1.39955123462677 0
1639340733390 1.3015867111206054 0
1639340746139 1.1907336937904358 0
1639340758949 1.0690241368770599 0
1639340772178 0.926057621383667 0
1639340784800 0.7895456617355346 0
1639340797467 0.6657076376914978 0
1639340810218 0.5326783432006836 0
1639340822768 0.42311706047058106 0
1639340835079 0.3225801202774048 0
1639340847778 0.24443532872200013 0
1639340860452 0.1625585114121437 0
1639340873085 0.11783024561405182 0
1639340885730 0.09207542808651924 0
1639340898308 0.06385090255737305 0
1639340910933 0.06824568062722683 0
1639340923628 0.04071690157651901 0
1639340936322 0.03219417795538902 0
1639340948805 0.026948083214461804 0
1639340961239 0.021888587042689322 0
1639340973799 0.01753808180987835 0
1639340986960 0.016557464629411697 0
1639340999657 0.01452056706249714 0
1639341012156 0.012297885759174823 0
1639341024710 0.011728778010606766 0
1639341037408 0.010211497750878333 0
1639341050008 0.01004535539150238 0
1639341062520 0.009154179075360298 0
1639341075148 0.008099403427541256 0
1639341087779 0.007497864091396331 0
1639341100350 0.007423966109752655 0
1639341113154 0.006607886271178722 0
1639341125882 0.006454412350058556 0
1639341138560 0.005920304153114557 0
1639341151320 0.005548451116681099 0
1639341163847 0.005275911936163902 0
1639341176927 0.0049373401664197444 0
1639341189503 0.00462575064599514 0
1639341201976 0.004411779722571373 0
1639341214321 0.00424406857714057 0
1639341226855 0.004027635987102985 0
1639341239517 0.0038182105414569377 0
1639341252185 0.003665171616896987 0
1639341265115 0.00346583768799901 0
1639341277609 0.003341366507858038 0
1639341333557 2.3056821235656737 0
1639341346326 2.1513746017456055 0
1639341358732 2.0218793575286864 0
1639341371697 1.9066341102600097 0
1639341384381 1.8165249528884888 0
1639341397766 1.7230751808166505 0
1639341410600 1.6261654216766357 0
1639341423389 1.527992301940918 0
1639341436235 1.4336565336227416 0
1639341448940 1.3096202838897706 0
1639341461841 1.2081114995002746 0
1639341474478 1.0790268043518065 0
1639341487656 0.9664452713012696 0
1639341500313 0.8055117082595825 0
1639341513066 0.6313211488723754 0
1639341525721 0.479057898235321 0
1639341538393 0.3712370868206024 0
1639341551231 0.33318478059768675 0
1639341563915 0.23361899137496947 0
1639341576552 0.1588821793794632 0
1639341589299 0.15066678832769395 0
1639341602108 0.09216528700590133 0
1639341614875 0.06717784571647643 0
1639341627746 0.04837748672068119 0
1639341640580 0.037315683376789095 0
1639341654077 0.031093337661027908 0
1639341666812 0.027024306055903436 0
1639341679487 0.022733792182803154 0
1639341692146 0.01954830060005188 0
1639341705052 0.017879966866970062 0
1639341717660 0.01619528115838766 0
1639341730303 0.0156704633012414 0
1639341743150 0.01394809323847294 0
1639341755822 0.012518796640634537 0
1639341768674 0.011595899744331837 0
1639341781076 0.011351958452165127 0
1639341794004 0.01013239389359951 0
1639341806668 0.010277605783939362 0
1639341819452 0.009284037629514933 0
1639341832490 0.008956947201490402 0
1639341845135 0.008239636962115765 0
1639341857760 0.0074829398334026334 0
1639341870195 0.007024464972317219 0
1639341882873 0.006777847407758236 0
1639341895630 0.006715268702059984 0
1639341908899 0.006399850866943598 0
1639341921691 0.005820800697803497 0
1639341934433 0.005497108996659518 0
1639341947013 0.005220807891339063 0
1639341959749 0.005264082907140255 0
1639342027772 2.249693835067749 0
1639342040595 2.00064178276062 0
1639342053295 1.7887923994064332 0
1639342065830 1.6438983642578124 0
1639342078585 1.5199918579101563 0
1639342091295 1.4119104698181153 0
1639342103932 1.310928336906433 0
1639342116775 1.208086180305481 0
1639342129479 1.0655670463562013 0
1639342142254 0.9487603103637695 0
1639342154602 0.8122837229728699 0
1639342167371 0.6391195017814636 0
1639342180280 0.5074791065216064 0
1639342192766 0.396349018239975 0
1639342205587 0.26915140750408173 0
1639342218306 0.205147577047348 0
1639342231058 0.14345916496515274 0
1639342244108 0.08838585389852524 0
1639342256914 0.06277366557717323 0
1639342270279 0.0482301309466362 0
1639342282858 0.03951666957736015 0
1639342295713 0.030276739567518234 0
1639342308518 0.02611105296611786 0
1639342321178 0.020704933762550354 0
1639342334030 0.01877449051439762 0
1639342347178 0.01575058071911335 0
1639342359915 0.013974054491519929 0
1639342372818 0.012443004727363587 0
1639342385628 0.01145666019320488 0
1639342398852 0.01040203312933445 0
1639342411856 0.009680535988509655 0
1639342424968 0.009065662871301174 0
1639342437377 0.008352322906255722 0
1639342450153 0.007779471154510975 0
1639342463455 0.007278602331876755 0
1639342476379 0.006840257317572832 0
1639342489623 0.006374107207357884 0
1639342502813 0.005974645989388227 0
1639342515659 0.005669197684526443 0
1639342528923 0.005325045823305845 0
1639342541653 0.005069782491773367 0
1639342554899 0.0047958752889186145 0
1639342567639 0.004588168421387672 0
1639342580407 0.004327533607184887 0
1639342593073 0.004117395947873592 0
1639342605841 0.003920320957526565 0
1639342618529 0.003717036534100771 0
1639342631322 0.003576927953213453 0
1639342644145 0.0034232727993279695 0
1639342656815 0.003259148819744587 0
1639342735322 2.2388959594726563 0
1639342748038 2.005770832633972 0
1639342760718 1.8292202089309693 0
1639342773435 1.697683543395996 0
1639342786107 1.599344114303589 0
1639342798948 1.5107763416290283 0
1639342811731 1.4236622287750245 0
1639342824600 1.31550904712677 0
1639342837092 1.1924897457122803 0
1639342849682 1.108545531654358 0
1639342862451 0.9112915374755859 0
1639342875190 0.7468963665008544 0
1639342887871 0.6291866325378418 0
1639342900522 0.4750273093223572 0
1639342913309 0.3142149802684784 0
1639342926163 0.22511350803375244 0
1639342938993 0.15914512085914612 0
1639342951660 0.1077699038386345 0
1639342964305 0.07474986112117768 0
1639342976975 0.05885423299074173 0
1639342989808 0.04576209788918495 0
1639343002519 0.0329407688498497 0
1639343015072 0.02913485891520977 0
1639343027755 0.02442085055708885 0
1639343040104 0.021131940424442292 0
1639343052894 0.018333216759562492 0
1639343065547 0.01618457216322422 0
1639343078359 0.015093091118335724 0
1639343091007 0.013039632251858712 0
1639343103577 0.01210103406906128 0
1639343116287 0.01123922282755375 0
1639343128977 0.01018429669737816 0
1639343141744 0.00939455488473177 0
1639343154408 0.008715003250539304 0
1639343167126 0.008248257863521576 0
1639343179990 0.007731174069643021 0
1639343192748 0.007271921867877245 0
1639343205016 0.0068026178248226645 0
1639343217603 0.0064197564125061035 0
1639343230364 0.006015669211000204 0
1639343243053 0.005706762814521789 0
1639343255843 0.0053518703773617745 0
1639343268485 0.005112717931717635 0
1639343281123 0.00482661054879427 0
1639343293864 0.004616846608370542 0
1639343306508 0.00443218594044447 0
1639343319194 0.0041837529174983505 0
1639343331940 0.003990583703666926 0
1639343344601 0.003825804087892175 0
1639343357301 0.003630267045646906 0
1639343447143 2.2023320758819582 0
1639343459764 1.9142204816818238 0
1639343472115 1.7463569765090943 0
1639343484522 1.6312864194869996 0
1639343497380 1.531581462097168 0
1639343510146 1.4433950330734253 0
1639343522929 1.3460703327178956 0
1639343535643 1.2658586769104003 0
1639343548320 1.1506042127609253 0
1639343560750 1.0560582611083984 0
1639343573317 0.9272952454566955 0
1639343585964 0.7749957243919372 0
1639343598691 0.6069421232223511 0
1639343611348 0.4567705225944519 0
1639343623793 0.32322971715927123 0
1639343636383 0.22896278619766236 0
1639343649084 0.16675122870206832 0
1639343661775 0.1120068951010704 0
1639343674453 0.07951102808713913 0
1639343687141 0.05874299318790436 0
1639343699676 0.046079107013344764 0
1639343712349 0.03695846583545208 0
1639343725061 0.02940259348452091 0
1639343737729 0.024595072618126868 0
1639343750196 0.020431502225995064 0
1639343762821 0.017986689427495 0
1639343775510 0.016137924087047575 0
1639343788331 0.014463213887810708 0
1639343801020 0.013029068641364574 0
1639343813866 0.01217529024630785 0
1639343826557 0.011178779470920563 0
1639343839272 0.010271375480294227 0
1639343851946 0.009540780724585056 0
1639343864375 0.008780226565897465 0
1639343876795 0.008226790480315686 0
1639343889456 0.007741760863363743 0
1639343902071 0.007311401255428791 0
1639343914733 0.0069031053975224495 0
1639343927530 0.006431326289474964 0
1639343940345 0.006084763151407242 0
1639343953147 0.005746794866025448 0
1639343965758 0.005455601119995117 0
1639343978576 0.005179365447536111 0
1639343991300 0.004922707318887115 0
1639344003973 0.004669303750991821 0
1639344016526 0.004451638606190682 0
1639344029219 0.004254540128260851 0
1639344041672 0.004030996862053871 0
1639344054191 0.0038694185994565485 0
1639344066974 0.003715486966073513 0
1639344168229 2.1524461307525633 0
1639344180971 1.790171252822876 0
1639344193348 1.5715151121139526 0
1639344205960 1.420798469734192 0
1639344218839 1.2986903810501098 0
1639344231395 1.20750161151886 0
1639344244123 1.0863920588493348 0
1639344256860 1.0133183362960816 0
1639344269553 0.9026033693313599 0
1639344282165 0.7790183492660523 0
1639344294612 0.6662386708498002 0
1639344307212 0.509153199672699 0
1639344319981 0.3840798534870148 0
1639344332736 0.2878222987651825 0
1639344345339 0.19886754860877992 0
1639344358100 0.13434475184082986 0
1639344370485 0.08984341961443425 0
1639344383274 0.06089312989115715 0
1639344396021 0.04693789005279541 0
1639344408655 0.033455997115373615 0
1639344421424 0.027559866386651994 0
1639344434227 0.02348314757347107 0
1639344447058 0.018722860822081567 0
1639344459768 0.016002496820688248 0
1639344472475 0.013923878788948059 0
1639344485276 0.01189449711292982 0
1639344497734 0.01083800772279501 0
1639344510480 0.009690741714835168 0
1639344523321 0.008833833825588226 0
1639344535908 0.008126555041968823 0
1639344548567 0.007450567039847374 0
1639344561163 0.006945776085555554 0
1639344574009 0.006520981524884701 0
1639344586837 0.006010709603875876 0
1639344599230 0.00564288404583931 0
1639344611828 0.00527033249028027 0
1639344624481 0.00497116528749466 0
1639344636903 0.004699515974521637 0
1639344649563 0.004419475892931223 0
1639344662201 0.004180874630063772 0
1639344674892 0.003955961686000228 0
1639344687582 0.003737981205061078 0
1639344700369 0.003561460341885686 0
1639344712752 0.003398131301254034 0
1639344725373 0.0031975308287888766 0
1639344738212 0.003060132983699441 0
1639344750624 0.0029308161940425634 0
1639344763333 0.002803089289739728 0
1639344775707 0.0026500126250088214 0
1639344788316 0.002552417726442218 0
1639344900021 2.1946763442993165 0
1639344912717 1.876482336997986 0
1639344925397 1.697205817604065 0
1639344938086 1.5627131233215332 0
1639344950707 1.451429263496399 0
1639344963187 1.3672165967941283 0
1639344976005 1.2400858167648316 0
1639344988308 1.1700525701522828 0
1639345000977 1.041275115585327 0
1639345013675 0.9086388112068177 0
1639345025916 0.7599839196681977 0
1639345038545 0.6079905666351318 0
1639345051144 0.4972979778289795 0
1639345064008 0.34803316955566405 0
1639345076808 0.244624191904068 0
1639345089435 0.260664497756958 0
1639345101930 0.1612954717874527 0
1639345114651 0.09912859675884247 0
1639345127430 0.0704511756658554 0
1639345140083 0.05008716883659363 0
1639345152949 0.03955324479341507 0
1639345165693 0.034080366823077204 0
1639345178460 0.025103587847948073 0
1639345191217 0.02228961828649044 0
1639345203963 0.01750922763645649 0
1639345216673 0.01549897385686636 0
1639345229422 0.014071324682235717 0
1639345242067 0.012633745370805263 0
1639345254878 0.011281859524548054 0
1639345267580 0.010388395270705224 0
1639345279997 0.009667272737622261 0
1639345292692 0.008755610981583596 0
1639345305451 0.008202368788421155 0
1639345318135 0.0077399412542581555 0
1639345330744 0.007215468733757734 0
1639345343274 0.0066702981159091 0
1639345355809 0.006279060243815184 0
1639345368445 0.005940806544572115 0
1639345381015 0.0055397993385791775 0
1639345393752 0.005300786776095629 0
1639345406534 0.005019154824316502 0
1639345419245 0.004759518556296825 0
1639345431947 0.004493393715843558 0
1639345444638 0.004283735800534487 0
1639345457477 0.004042318514734506 0
1639345470093 0.0038956192322075365 0
1639345482526 0.0037010869447141885 0
1639345495046 0.003523434644937515 0
1639345507520 0.003371433397755027 0
1639345520284 0.0032273724466562272 0
