1651738258348 1.333065606689453 0
1651738261340 0.8137017692565918 0
1651738264269 0.5469870555400849 0
1651738267286 0.3950204272508621 0
1651738270244 0.295385573387146 0
1651738273106 0.24506775703430175 0
1651738275865 0.18759192132949828 0
1651738279004 0.14989983714818955 0
1651738281893 0.12189071716666222 0
1651738284801 0.10220287466049194 0
1651738287575 0.08805357858240605 0
1651738290367 0.06807569026350975 0
1651738293249 0.05214784697890282 0
1651738296150 0.047980742475390435 0
1651738298972 0.0450168479859829 0
1651738301860 0.030923755624890328 0
1651738304739 0.03231079070866108 0
1651738307618 0.0233964076846838 0
1651738310587 0.019565611538290978 0
1651738313548 0.01707135888636112 0
1651738316505 0.016829088270664216 0
1651738319438 0.015163438624143601 0
1651738322470 0.017279204304143786 0
1651738325460 0.012739956519752741 0
1651738328338 0.008974719496443868 0
1651738331198 0.010472169318050147 0
1651738334101 0.014051090237498284 0
1651738336950 0.011353452762961389 0
1651738339877 0.010181830900907516 0
1651738342860 0.007117650974169373 0
1651738348922 1.3979098435401915 0
1651738352251 1.0189225116729737 0
1651738355506 0.795947870349884 0
1651738358919 0.6297171011447906 0
1651738362222 0.5070926513195038 0
1651738365503 0.4301386138439178 0
1651738368810 0.35000061104297636 0
1651738372055 0.3006941885471344 0
1651738375376 0.23857418555021287 0
1651738378618 0.2127573148727417 0
1651738381926 0.17196878571510316 0
1651738385101 0.1576081291139126 0
1651738388408 0.12707954905033111 0
1651738391682 0.1159676636338234 0
1651738394947 0.1082367092847824 0
1651738398277 0.08149261660575867 0
1651738401515 0.07266716214418412 0
1651738404727 0.06574443696439267 0
1651738408098 0.05593866350650788 0
1651738411484 0.0583811074256897 0
1651738414680 0.08251552392840386 0
1651738417903 0.05206498407125473 0
1651738421225 0.0477142800450325 0
1651738424376 0.03976299774646759 0
1651738427673 0.0521682192325592 0
1651738430913 0.03711771360635757 0
1651738434021 0.037245610809326174 0
1651738437319 0.04039729142189026 0
1651738440601 0.035411857652664185 0
1651738443919 0.030228728061914446 0
1651738450679 1.4501451333999633 0
1651738454295 1.0215145747184753 0
1651738457834 0.7546641138076782 0
1651738461515 0.614621678161621 0
1651738465043 0.5112745488166809 0
1651738468670 0.4484175675392151 0
1651738472227 0.3812625385761261 0
1651738475856 0.33053701388835904 0
1651738479515 0.2962122989177704 0
1651738483023 0.28644232639074324 0
1651738486464 0.2439358010292053 0
1651738490134 0.20193972442150115 0
1651738493667 0.1894304324388504 0
1651738497368 0.1702767933487892 0
1651738500820 0.1490710082769394 0
1651738504511 0.15202965277433395 0
1651738508037 0.12302638986110687 0
1651738511501 0.12326068660020828 0
1651738515061 0.131620250582695 0
1651738518434 0.12383543457984925 0
1651738521945 0.09945938476324082 0
1651738525619 0.10706090831756591 0
1651738529182 0.11553887078762054 0
1651738532828 0.09747054040431977 0
1651738536385 0.1098541943192482 0
1651738540012 0.0977351668715477 0
1651738543459 0.08852358821630478 0
1651738547065 0.09012123869657516 0
1651738550810 0.09397845288515091 0
1651738554382 0.09404893531799316 0
1651738561444 1.2826307362556457 0
1651738565348 0.6635865149974823 0
1651738569394 0.4527074214220047 0
1651738573317 0.37154918322563174 0
1651738577276 0.309119650888443 0
1651738581185 0.2718327572822571 0
1651738585036 0.2523640182495117 0
1651738588918 0.22273587243556978 0
1651738592621 0.20374612579345702 0
1651738596555 0.19988881497383118 0
1651738600399 0.17249427342414855 0
1651738604073 0.1731631601333618 0
1651738607763 0.15575645713806152 0
1651738611586 0.21929933112859726 0
1651738615335 0.1577947402238846 0
1651738619003 0.14522237825393677 0
1651738622878 0.14031098939180375 0
1651738626787 0.1368557763338089 0
1651738630425 0.12685203149318694 0
1651738634253 0.12688383185863494 0
1651738638141 0.12984894201755523 0
1651738642148 0.12814915467500687 0
1651738646081 0.115228549015522 0
1651738649889 0.11833937153816224 0
1651738653816 0.1226493579864502 0
1651738657736 0.11972549142837524 0
1651738661709 0.12017152361869812 0
1651738665436 0.11881450872421265 0
1651738669234 0.11055120650529861 0
1651738673210 0.11479325140714645 0
1651738680731 1.5700099361419677 0
1651738684761 1.2478251388549804 0
1651738688882 1.0117176706314086 0
1651738692962 0.8403886047363281 0
1651738697021 0.6917284900665284 0
1651738701127 0.629819769859314 0
1651738705188 0.5657449418067932 0
1651738708984 0.49416807680130004 0
1651738712976 0.4456374479293823 0
1651738717121 0.41421410245895385 0
1651738721152 0.3810133041381836 0
1651738725176 0.4645238992214203 0
1651738729227 0.37139390382766724 0
1651738733360 0.32569334416389467 0
1651738737404 0.32993789105415344 0
1651738741454 0.31837868938446046 0
1651738745643 0.33962071089744567 0
1651738749821 0.35489576506614684 0
1651738753879 0.285132674407959 0
1651738757969 0.2885028895378113 0
1651738762062 0.2905971565723419 0
1651738766093 0.2703182248592377 0
1651738770172 0.27612210483551025 0
1651738774362 0.27179032442569734 0
1651738778523 0.2619024124860764 0
1651738782755 0.2521007001876831 0
1651738786749 0.2652124533176422 0
1651738790803 0.2611532844543457 0
1651738794969 0.23033879463672638 0
1651738799098 0.22219695055484773 0
