1644436171458 1.5577172763824463 0
1644436173538 1.3816129350662232 0
1644436175596 1.2398448190689086 0
1644436177593 1.103615717124939 0
1644436179736 0.9793171318054199 0
1644436181813 0.8611745929718018 0
1644436183832 0.7581511519432068 0
1644436185949 0.6628295501708984 0
1644436188038 0.5843919531822205 0
1644436190126 0.49667442903518677 0
1644436194355 1.4395385213851928 0
1644436196329 1.1089721940994264 0
1644436198245 0.8899962608337403 0
1644436200162 0.7255983222961426 0
1644436202089 0.5956414321899414 0
1644436204172 0.48309608421325684 0
1644436206128 0.39862058300971986 0
1644436208143 0.32639373359680174 0
1644436210074 0.2709455894947052 0
1644436211985 0.2171901110649109 0
1644436217884 1.523767370223999 0
1644436219769 1.2457040651321412 0
1644436221649 1.0483022825241088 0
1644436223549 0.8816353207588196 0
1644436225439 0.7334898309707641 0
1644436227291 0.6071260269165039 0
1644436229157 0.4968096335411072 0
1644436230994 0.41241056537628173 0
1644436232922 0.33191603927612306 0
1644436234840 0.2729471709012985 0
