1651972475315 0.8465225131988525 0
1651972477686 0.47261301250457766 0
1651972480074 0.2966429009914398 0
1651972482465 0.2726162754058838 0
1651972484854 0.22558959703445436 0
1651972487243 0.1858894983716309 0
1651972489627 0.14158388769328595 0
1651972492030 0.14005770399570466 0
1651972494428 0.1555816094636917 0
1651972496826 0.22797275104522705 0
1651972499226 0.10973411514759064 0
1651972501587 0.136553530369699 0
1651972503981 0.07600513724982738 0
1651972506385 0.04541010822094977 0
1651972508767 0.04740808911919594 0
1651972511121 0.06393829708695412 0
1651972513531 0.05489167774952948 0
1651972515922 0.056032194739580155 0
1651972518281 0.08314361400604248 0
1651972520645 0.04804062458202243 0
1651972523038 0.06844062879011036 0
1651972525462 0.053171887888014316 0
1651972527794 0.06038466025069356 0
1651972530120 0.07550467154085636 0
1651972532477 0.27481117743849753 0
1651972534846 0.039485782581195235 0
1651972537266 0.04655574659742415 0
1651972539590 0.05426916359364987 0
1651972542005 0.0354942985130474 0
1651972544404 0.014852321198396384 0
1651972546755 0.028768296097777785 0
1651972549154 0.04369359560757875 0
1651972551525 0.03233231511944905 0
1651972553938 0.04081228614225984 0
1651972556360 0.027861761578544975 0
1651972558763 0.02651116488415282 0
1651972561155 0.0698539133310318 0
1651972563493 0.017786183389183134 0
1651972565911 0.002927247668802738 0
1651972568294 0.019858212491683663 0
1651972570706 0.02545129027925432 0
1651972573105 0.019504323673341425 0
1651972575488 0.05467768297865987 0
1651972577866 0.15288937525749208 0
1651972580245 0.06842107625305653 0
1651972582666 0.05292428188920021 0
1651972585040 0.02356433884948492 0
1651972587430 0.009376434784755111 0
1651972589859 0.012841529082600027 0
1651972592258 0.004163930781697855 0
1651972595372 0.4397464966773987 0
1651972598219 0.23255357407927513 0
1651972601181 0.17129535930156709 0
1651972604084 0.151508178293705 0
1651972606927 0.1388755303353071 0
1651972609778 0.09346506876945496 0
1651972612544 0.08259527474716306 0
1651972615503 0.06676658560335637 0
1651972618393 0.08951367271244526 0
1651972621195 0.08541766338795423 0
1651972624029 0.0714757510855794 0
1651972626813 0.05813802580535412 0
1651972629725 0.04776940489411354 0
1651972632606 0.05756671202853322 0
1651972635511 0.04779136068373919 0
1651972638339 0.04156741924602538 0
1651972641127 0.031159050797810776 0
1651972643993 0.06602293464336545 0
1651972646801 0.05650209861770272 0
1651972649524 0.034600324397161604 0
1651972652383 0.07182110901847481 0
1651972655230 0.03803146556317806 0
1651972658196 0.04069201819784939 0
1651972661127 0.03875188797176816 0
1651972663854 0.03925075459741056 0
1651972666721 0.04780365442633629 0
1651972669555 0.03479537185356021 0
1651972672410 0.036338414459861815 0
1651972675260 0.04839657167084515 0
1651972678081 0.03177709103319794 0
1651972680960 0.025759777078963816 0
1651972683862 0.026971376923285426 0
1651972686687 0.06782998996078968 0
1651972689569 0.015535338495112955 0
1651972692485 0.011861990366410464 0
1651972695405 0.03137470792531967 0
1651972698269 0.0719789260584861 0
1651972701043 0.05055719360206276 0
1651972703886 0.021273488943651317 0
1651972706785 0.021784290217841045 0
1651972709629 0.010183213368337602 0
1651972712454 0.012822315889038146 0
1651972715280 0.021944961495604366 0
1651972718135 0.029054834056273102 0
1651972720974 0.024925872457027435 0
1651972723877 0.04617385141737759 0
1651972726805 0.04225111890230328 0
1651972729727 0.0184307834426756 0
1651972732555 0.01842803145512007 0
1651972735503 0.04722724802233279 0
1651972740017 0.37826604328155516 0
1651972744080 0.22877739464441935 0
1651972748078 0.15527343318462372 0
1651972752166 0.13951879796584446 0
1651972756336 0.10495956042607625 0
1651972760469 0.09108832551737626 0
1651972764416 0.06792034767866134 0
1651972768394 0.0772251336062948 0
1651972772468 0.06009036042590936 0
1651972776470 0.04509202821155389 0
1651972780524 0.057773237539827826 0
1651972784489 0.05887489680548509 0
1651972788603 0.04507927358721693 0
1651972792589 0.0483714379971226 0
1651972796662 0.03235599405964216 0
1651972800637 0.0723743159878999 0
1651972804711 0.030932299092660348 0
1651972808693 0.027663456612328687 0
1651972812575 0.035929760233933725 0
1651972816623 0.03446801267092427 0
1651972820594 0.035080445012574395 0
1651972824657 0.04996171934201072 0
1651972828757 0.03699212513652941 0
1651972832820 0.027241316739718118 0
1651972836942 0.04515379476360977 0
1651972840917 0.028273412860929967 0
1651972844843 0.025793418087344616 0
1651972848962 0.028753933790077766 0
1651972852901 0.036405386497266594 0
1651972856867 0.025433344001105675 0
1651972860976 0.012344425682506214 0
1651972864963 0.031083170980979534 0
1651972869058 0.03539400102129827 0
1651972873194 0.04732466610285143 0
1651972877150 0.027365475992361703 0
1651972881155 0.03088702351798614 0
1651972885228 0.01581097242727022 0
1651972889325 0.016786418624175712 0
1651972893442 0.022945763102670512 0
1651972897417 0.03193675562878295 0
1651972901392 0.03955530987450232 0
1651972905424 0.018607400146623453 0
1651972909480 0.0175588051596346 0
1651972913522 0.04241419476748755 0
1651972917608 0.02209220277996113 0
1651972921527 0.022722144609410317 0
1651972925526 0.01855057742378752 0
1651972929617 0.015808545651381914 0
1651972933758 0.020107805621329074 0
1651972937791 0.018254195275949313 0
1651972942667 0.2553070825428987 0
1651972946824 0.15579630314874535 0
1651972951041 0.11805334966455851 0
1651972955016 0.1134708408603162 0
1651972959326 0.0834403146643596 0
1651972963454 0.07240959226083489 0
1651972967582 0.07842290879118662 0
1651972971809 0.06340764281055504 0
1651972975954 0.048721221595591196 0
1651972980199 0.039676836730550134 0
1651972984379 0.03596719388747436 0
1651972988315 0.03419405532015597 0
1651972992356 0.06327154435302837 0
1651972996410 0.040827724121627246 0
1651973000642 0.02205714238044913 0
1651973004643 0.027060575021538167 0
1651973008726 0.042127259361975505 0
1651973012871 0.04479435904964578 0
1651973016988 0.025334177172334632 0
1651973021161 0.051960210653857114 0
1651973025436 0.0356752481676425 0
1651973029541 0.02286176390463482 0
1651973033638 0.014998300637598713 0
1651973037799 0.015245248043584738 0
1651973042122 0.024551075008712963 0
1651973046343 0.04694423157432102 0
1651973050424 0.026196039522837247 0
1651973054630 0.02653704039557723 0
1651973058811 0.025456299576669866 0
1651973063048 0.03140611041959044 0
1651973067189 0.02508929870948191 0
1651973071355 0.018525090859078813 0
1651973075557 0.03670180942168895 0
1651973079672 0.026453242712519035 0
1651973083637 0.019219235378466835 0
1651973087807 0.02221174622579334 0
1651973091974 0.022618277533836644 0
1651973096205 0.02715795996716153 0
1651973100523 0.02179134332728116 0
1651973104704 0.02338454699957712 0
1651973108990 0.018840499164303828 0
1651973113180 0.02054970961812276 0
1651973117433 0.012163064833213747 0
1651973121457 0.023531978859596396 0
1651973125704 0.019195726054969185 0
1651973129918 0.01586792145515515 0
1651973134096 0.02763306904716701 0
1651973138156 0.020732427649194217 0
1651973142296 0.01941983337296674 0
1651973146444 0.047431591667545916 0
1651973151489 0.313675603055954 0
1651973155758 0.1944790392676989 0
1651973160002 0.16157669297456742 0
1651973164406 0.13613724896709123 0
1651973168712 0.11100806660155456 0
1651973173063 0.09740845622122288 0
1651973177439 0.0821664549956719 0
1651973181652 0.0688982542524735 0
1651973185955 0.05840247222532829 0
1651973190220 0.05391766476407647 0
1651973194483 0.047729970586051544 0
1651973198729 0.05078912087107698 0
1651973202906 0.0520616113550961 0
1651973207320 0.041641056855767966 0
1651973211383 0.03325998990001778 0
1651973215580 0.023069773896317928 0
1651973219826 0.03398405182138085 0
1651973224032 0.03277324251259367 0
1651973228195 0.03230931731375555 0
1651973232407 0.02277262508564939 0
1651973236669 0.01375776237618799 0
1651973240690 0.02189062298601493 0
1651973245199 0.03308686432512477 0
1651973249373 0.04227628012262285 0
1651973253607 0.03241525591226915 0
1651973257890 0.030203979924569527 0
1651973262174 0.02939541920175155 0
1651973266648 0.014367170591916268 0
1651973270857 0.030758591020076224 0
1651973275181 0.03290507863502329 0
1651973279365 0.0190884139707312 0
1651973283675 0.02867720316738511 0
1651973287963 0.014687559465567272 0
1651973292344 0.014310949799170096 0
1651973296680 0.03702079691626132 0
1651973300990 0.01795866273402547 0
1651973305350 0.02604428170705214 0
1651973309591 0.017932980200943225 0
1651973313916 0.019643568398741384 0
1651973318166 0.03056253126260514 0
1651973322396 0.029509445839002727 0
1651973326726 0.015728458731947465 0
1651973331163 0.0252341951219365 0
1651973335444 0.016327017572293212 0
1651973339693 0.024911669825483113 0
1651973343915 0.008854828192914525 0
1651973348125 0.014498389905551448 0
1651973352456 0.022080355016343915 0
1651973356652 0.01937477435655892 0
1651973360777 0.013976505510540058 0
1651973366519 0.33334803969065346 0
1651973370916 0.21533037509123484 0
1651973375471 0.15674618027408918 0
1651973379915 0.12890204530159632 0
1651973384431 0.10027207967936992 0
1651973388731 0.08781091331889232 0
1651973393160 0.07397679620236158 0
1651973397450 0.056927394744753834 0
1651973401864 0.04802733455797036 0
1651973406291 0.044034903517613806 0
1651973410746 0.05920988074988127 0
1651973415077 0.04786191345974803 0
1651973419361 0.029803923288360238 0
1651973423666 0.037390170837193724 0
1651973428383 0.02180008214134723 0
1651973432896 0.023850510732394952 0
1651973437469 0.048038314673428735 0
1651973441767 0.025901187687988082 0
1651973446066 0.023688512295112013 0
1651973450364 0.028373446140127878 0
1651973454746 0.03286569458730519 0
1651973458989 0.035021049504789216 0
1651973463376 0.023803480843951303 0
1651973467960 0.025086829217492293 0
1651973472297 0.020718850215058773 0
1651973476758 0.019499095739455272 0
1651973481110 0.045610565684611595 0
1651973485615 0.018506225902525087 0
1651973489935 0.01982310577187066 0
1651973494337 0.025935687964161236 0
1651973498690 0.021682727477575343 0
1651973503225 0.019639043035916983 0
1651973507659 0.013809195719907682 0
1651973512008 0.01516013429936332 0
1651973516445 0.027895565750147216 0
1651973520602 0.026758514198164145 0
1651973524973 0.024782507238040367 0
1651973529685 0.027961719267163426 0
1651973534214 0.03070889978359143 0
1651973538716 0.0128036317709911 0
1651973543252 0.009907388763137473 0
1651973547662 0.03919391653211787 0
1651973552003 0.009733519165000568 0
1651973556301 0.015497881498963882 0
1651973560641 0.040676155694605164 0
1651973564941 0.02169504665735488 0
1651973569223 0.011725273366024096 0
1651973573612 0.012787802668847143 0
1651973577991 0.009935238839375476 0
1651973582572 0.020062308907927946 0
1651973588239 0.266646963671132 0
1651973592680 0.180684566929058 0
1651973597515 0.12626501630666764 0
1651973602204 0.09495159295812611 0
1651973606986 0.08597338404908883 0
1651973611475 0.06578300183573844 0
1651973615871 0.05645237696821863 0
1651973620600 0.05540172651581015 0
1651973625247 0.05648898873423522 0
1651973629914 0.039247215168029426 0
1651973634373 0.03162677651077457 0
1651973639257 0.04057725561427727 0
1651973643684 0.04525631105886992 0
1651973648382 0.03144808267843138 0
1651973652837 0.02318693927569212 0
1651973657419 0.02574874215905159 0
1651973661932 0.02914106786887269 0
1651973666766 0.0407357663619209 0
1651973671310 0.033618256656446056 0
1651973676188 0.019955910201404987 0
1651973680835 0.015697166532209497 0
1651973685298 0.018671978272064908 0
1651973689905 0.014813495039814802 0
1651973694342 0.01873371564080068 0
1651973698800 0.035628920759086934 0
1651973703328 0.030531701652959653 0
1651973708047 0.022215627109749645 0
1651973712723 0.017094660528495044 0
1651973717260 0.017444304946514885 0
1651973721901 0.01393872631880996 0
1651973726370 0.03142913951865236 0
1651973731170 0.0400766526469931 0
1651973735798 0.03161116976801411 0
1651973740352 0.011838352545786815 0
1651973745423 0.008516603364697619 0
1651973750230 0.014470188909435829 0
1651973754698 0.013222963583358205 0
1651973759132 0.02285815689412766 0
1651973763762 0.02196984803482938 0
1651973768646 0.022217208033476474 0
1651973773267 0.012592160379088122 0
1651973777880 0.008403188980773062 0
1651973782549 0.026937353899984386 0
1651973787064 0.02886447624211672 0
1651973791639 0.016762024591036342 0
1651973796335 0.012121601348959775 0
1651973801024 0.025576744556266025 0
1651973805537 0.015224414871526662 0
1651973810267 0.016934058075103047 0
1651973814797 0.018912668049655832 0
1651973820776 0.27926747776343364 0
1651973825517 0.162326083522291 0
1651973830174 0.13046165252743833 0
1651973834862 0.09228436690182583 0
1651973839905 0.08227183231793267 0
1651973844423 0.056811238856423245 0
1651973848913 0.054928450033845715 0
1651973853624 0.06593742878810982 0
1651973858339 0.029844288846140512 0
1651973862797 0.021192162484601318 0
1651973867261 0.03424793683710638 0
1651973871882 0.02877700224018957 0
1651973876932 0.015749204407375785 0
1651973881657 0.02628590330810933 0
1651973886475 0.02449710903783416 0
1651973891237 0.013376271317020618 0
1651973895955 0.02997243367386428 0
1651973900520 0.015064694054132126 0
1651973904955 0.015935603191287482 0
1651973909732 0.05705754646156246 0
1651973914321 0.02763545835898952 0
1651973918948 0.014347223365207015 0
1651973923869 0.013224653416324037 0
1651973928423 0.016083454804767743 0
1651973933266 0.021581045647354725 0
1651973938002 0.016498763920581794 0
1651973942283 0.020359065818122492 0
1651973946867 0.022299258053135953 0
1651973951584 0.018700337351352486 0
1651973956171 0.015951023678825442 0
1651973960577 0.012355061029169265 0
1651973965282 0.010318269699309632 0
1651973969684 0.03672778296354587 0
1651973974427 0.013328620788184059 0
1651973979295 0.016154151837160513 0
1651973983934 0.016124153652204317 0
1651973988815 0.023215757073547862 0
1651973993616 0.021344506776413814 0
1651973998375 0.028686887814942077 0
1651974003195 0.01897638858303647 0
1651974007758 0.011765614368172278 0
1651974012584 0.02347255734940877 0
1651974017252 0.02268132864381994 0
1651974021980 0.02367133654775565 0
1651974026553 0.011696268181918908 0
1651974031331 0.012353506761690438 0
1651974036370 0.010541514127937754 0
1651974041010 0.013737125792569022 0
1651974045913 0.019023035539245028 0
1651974050777 0.020397128221545144 0
1651974057175 0.3313826893647512 0
1651974061839 0.22435104412237802 0
1651974066733 0.1797200597524643 0
1651974071521 0.1531050283163786 0
1651974076389 0.11766989963750045 0
1651974081234 0.09454791591614485 0
1651974086264 0.09417000739822785 0
1651974091055 0.061021788495779036 0
1651974095622 0.045551737633968394 0
1651974100459 0.05310801179942985 0
1651974105372 0.044439245284969606 0
1651974110196 0.03955756977181882 0
1651974115209 0.024465962970070542 0
1651974120122 0.02049812941097965 0
1651974124835 0.030561162563972174 0
1651974129522 0.032593221701929964 0
1651974134270 0.014671365423050399 0
1651974138968 0.014590945727905879 0
1651974143720 0.02772193007040769 0
1651974148438 0.04106059895465151 0
1651974153081 0.036976707879205546 0
1651974157753 0.013957718739192933 0
1651974162193 0.02835590820918636 0
1651974166915 0.02278636935132866 0
1651974171896 0.016035223103873432 0
1651974176797 0.036614485714181015 0
1651974181424 0.038637993112734206 0
1651974186151 0.017489834097858207 0
1651974191063 0.012520255932149787 0
1651974196012 0.0061063888834944615 0
1651974200741 0.03170091096631562 0
1651974205509 0.041299753074347974 0
1651974210260 0.015488855531532317 0
1651974215074 0.011376495538201805 0
1651974219844 0.007765049190609716 0
1651974224764 0.020159512358383896 0
1651974229712 0.024785644110633682 0
1651974234345 0.02411711409652295 0
1651974239292 0.018862154686730356 0
1651974243880 0.03092831810262675 0
1651974248867 0.019511884369219964 0
1651974253858 0.015307560351444408 0
1651974258562 0.013438367771248643 0
1651974263157 0.028299750185819962 0
1651974267949 0.010082396205801827 0
1651974272934 0.009055886827230764 0
1651974277939 0.02204520071761217 0
1651974282962 0.012060609522112645 0
1651974288163 0.011578315496095457 0
1651974292915 0.02164461496183649 0
1651974299842 0.2699968709537711 0
1651974305025 0.1515071887903169 0
1651974309873 0.11502986184661193 0
1651974314904 0.09088177101896595 0
1651974319774 0.06549089230321163 0
1651974324925 0.06037803251231667 0
1651974329938 0.05303008778914163 0
1651974334936 0.03100629613857177 0
1651974339896 0.024839392438371872 0
1651974344841 0.019184793564636978 0
1651974349797 0.01890787126551108 0
1651974354886 0.021864294623048994 0
1651974359546 0.03347196767396798 0
1651974364187 0.02866853817665528 0
1651974369284 0.032904351827051065 0
1651974374206 0.01947206656087104 0
1651974379203 0.014718964331097754 0
1651974384286 0.018303318354089913 0
1651974389003 0.01543312874517644 0
1651974393891 0.029673768414570898 0
1651974398930 0.030660754441811124 0
1651974403904 0.02034250789193351 0
1651974408979 0.018519987715083577 0
1651974413862 0.02367603751224061 0
1651974418733 0.03773590274819305 0
1651974423888 0.01029678078233485 0
1651974428679 0.019625775008077165 0
1651974433439 0.0213395451677819 0
1651974438342 0.008379891068408089 0
1651974443400 0.027123023411953353 0
1651974448355 0.018332419906875827 0
1651974453445 0.014162942354664892 0
1651974458210 0.024533967951443445 0
1651974463370 0.021377433129830176 0
1651974468302 0.01133473350711381 0
1651974473106 0.011307119617575382 0
1651974478232 0.01105623544706218 0
1651974483175 0.024175855988883034 0
1651974488459 0.02015283691339461 0
1651974493409 0.017276205244431242 0
1651974498327 0.014117392173932064 0
1651974503319 0.016638283029477764 0
1651974508230 0.022026104362805145 0
1651974513473 0.01854397965471799 0
1651974518335 0.019757804409255977 0
1651974522976 0.014754098690760442 0
1651974527862 0.010957718219571878 0
1651974532842 0.010876452843909184 0
1651974537713 0.020746527758508975 0
1651974542383 0.017338705069820843 0
1651974549699 0.23703747580846152 0
1651974554667 0.13723163371384145 0
1651974559678 0.11005916085739931 0
1651974564503 0.07952910488446553 0
1651974569448 0.06511335825696588 0
1651974574471 0.0485479128635178 0
1651974579710 0.04151734728179872 0
1651974584842 0.032182886938999095 0
1651974589826 0.01764036232425521 0
1651974594874 0.02236746421298012 0
1651974600034 0.02842856213810543 0
1651974604963 0.030604864360950886 0
1651974610028 0.02579504281442302 0
1651974614861 0.022264595578517763 0
1651974620155 0.03399232057550301 0
1651974625127 0.02379540768902128 0
1651974630184 0.02154798823930323 0
1651974635059 0.021860901852604003 0
1651974640094 0.029459270038579902 0
1651974645157 0.020801685163316628 0
1651974650514 0.02213140976227199 0
1651974655654 0.008997158699901775 0
1651974660735 0.009701029559154995 0
1651974665663 0.03479544594675147 0
1651974670835 0.02583921555550769 0
1651974675806 0.024687003001912188 0
1651974680560 0.00927235989375816 0
1651974685633 0.009872940581555788 0
1651974690594 0.021359695509650434 0
1651974695629 0.0103782402307416 0
1651974700686 0.016349062000455647 0
1651974705790 0.019962976009868242 0
1651974711008 0.020322368596370023 0
1651974715929 0.014091673746617744 0
1651974720894 0.014338445492406997 0
1651974726012 0.015216060093526418 0
1651974731046 0.007787725115396703 0
1651974736160 0.020811202512526265 0
1651974741047 0.01446536696339026 0
1651974745806 0.01534548458160522 0
1651974751058 0.019137313006647554 0
1651974756048 0.012451211933558807 0
1651974760743 0.004426499192878449 0
1651974765683 0.015897702100865232 0
1651974770682 0.007699557592265774 0
1651974775827 0.022526033972157165 0
1651974780745 0.017102793822344392 0
1651974785707 0.012942225993267492 0
1651974790984 0.02390365545495879 0
1651974795931 0.017245917550916784 0
1651974803762 0.32917510524634713 0
1651974809056 0.21988817793522195 0
1651974814053 0.15564995703556106 0
1651974819046 0.1379363923406908 0
1651974824296 0.10019831106932657 0
1651974829400 0.069911775761315 0
1651974834657 0.06820120365792115 0
1651974839820 0.0559359772000606 0
1651974844858 0.0492256018246144 0
1651974849887 0.03775064887596761 0
1651974855137 0.061749704117773134 0
1651974860333 0.020436450660582667 0
1651974865444 0.028004121776424896 0
1651974870522 0.02827600614182787 0
1651974875632 0.01893299070471287 0
1651974880855 0.03281020503533417 0
1651974886075 0.022551736840130083 0
1651974891372 0.019044759711490514 0
1651974896570 0.01523633457690205 0
1651974901679 0.03866057478599568 0
1651974906905 0.01610266244377156 0
1651974911908 0.01542151782282076 0
1651974916709 0.00732016050427699 0
1651974921870 0.021574863027586134 0
1651974926961 0.020463123160740247 0
1651974931978 0.029732508371040536 0
1651974937376 0.0350077196783621 0
1651974942483 0.032480369525410294 0
1651974947582 0.016452513316313533 0
1651974952693 0.013225208733155549 0
1651974958034 0.016689595489420873 0
1651974963208 0.01656865285401211 0
1651974968441 0.01908190447514246 0
1651974973740 0.024618918194833157 0
1651974978922 0.01312266145884644 0
1651974983949 0.02565268607259629 0
1651974989156 0.021916934208709434 0
1651974994262 0.01128341648839659 0
1651974999270 0.0177269523934473 0
1651975004520 0.03162077971897405 0
1651975009614 0.010263416554357457 0
1651975014692 0.02541951950915254 0
1651975019595 0.014434495201115135 0
1651975024626 0.016515648788806157 0
1651975029436 0.003604636596819505 0
1651975034704 0.01215432933774719 0
1651975039812 0.013196226356482451 0
1651975044809 0.010518716424514931 0
1651975049856 0.019261912756035213 0
1651975054838 0.02697512830488071 0
1651975062617 0.26189840244884105 0
1651975067943 0.15557783184243884 0
1651975073328 0.1148460449999446 0
1651975078460 0.09970618688510866 0
1651975083970 0.07139858042943609 0
1651975089107 0.05636972875383549 0
1651975094424 0.04458954815257558 0
1651975099664 0.03414301932028615 0
1651975105210 0.03750710134242562 0
1651975110455 0.040750156313068296 0
1651975115952 0.021881195689926698 0
1651975121142 0.0273108588142775 0
1651975126339 0.01878508104588707 0
1651975131558 0.010562025645711234 0
1651975136775 0.01866653585217016 0
1651975141989 0.03330813831127872 0
1651975147438 0.024739296762401997 0
1651975152571 0.022803150623707618 0
1651975157683 0.017890766767053673 0
1651975162823 0.01314848529875902 0
1651975168064 0.012928650925036379 0
1651975173414 0.01761216741936119 0
1651975178621 0.011186728857604819 0
1651975183893 0.022806039691577133 0
1651975188999 0.017899897011000417 0
1651975194050 0.06983067169911673 0
1651975199173 0.016573752533771295 0
1651975204573 0.00967415015254089 0
1651975209846 0.009516413227463216 0
1651975215029 0.009928302213417412 0
1651975220520 0.013485688046637455 0
1651975225787 0.019766244899213928 0
1651975230877 0.019628075953190178 0
1651975236241 0.011245143285175492 0
1651975241652 0.0087271339504268 0
1651975246870 0.009744835408824308 0
1651975252010 0.017898149244684417 0
1651975257476 0.018468561473322154 0
1651975262960 0.02153897802095594 0
1651975268286 0.023750729799576025 0
1651975273581 0.010900706823041072 0
1651975278779 0.015605936019681363 0
1651975284042 0.012532856843034745 0
1651975288995 0.012497699624464488 0
1651975294175 0.012383651192062336 0
1651975299573 0.018508067740712994 0
1651975304920 0.01668273660234933 0
1651975310261 0.013485438537603237 0
1651975315481 0.01683482753655606 0
1651975320996 0.023359594580864645 0
1651975329336 0.25774572849735117 0
1651975334727 0.17587003561937103 0
1651975340049 0.13475329943749112 0
1651975345415 0.0907019343427534 0
1651975351221 0.07157596472319608 0
1651975356802 0.05677762273495179 0
1651975362156 0.0536433536379344 0
1651975367515 0.06210289870821898 0
1651975373057 0.03817751455510824 0
1651975378517 0.028559806040469288 0
1651975383847 0.031741089657947495 0
1651975389353 0.041929312198176964 0
1651975394545 0.017899315471157286 0
1651975399916 0.03212633184060351 0
1651975405166 0.011448334253399205 0
1651975410569 0.012508214323614111 0
1651975416098 0.017944864019992957 0
1651975421249 0.013933422491703672 0
1651975426517 0.030345468030036942 0
1651975431807 0.019873087009895422 0
1651975436948 0.027708629149994182 0
1651975442311 0.015331905491366557 0
1651975447641 0.018180347396362834 0
1651975452891 0.03408584337676808 0
1651975458559 0.01583889982895646 0
1651975463956 0.013150080052961534 0
1651975469320 0.013157214792489432 0
1651975474835 0.012848691264985786 0
1651975480123 0.018942976873318456 0
1651975485145 0.008039233912322873 0
1651975490423 0.020392888619553937 0
1651975496111 0.028075696809119876 0
1651975501613 0.01245855224113172 0
1651975507270 0.010035913228462883 0
1651975512735 0.04029820950969051 0
1651975518114 0.026370403297679094 0
1651975523318 0.01457819425353056 0
1651975528631 0.012060159840094295 0
1651975533843 0.011597019905225747 0
1651975539375 0.03364883728648384 0
1651975544713 0.024840010004803337 0
1651975550214 0.016053671106461404 0
1651975555530 0.02535198045895063 0
1651975560753 0.009886461302070708 0
1651975565993 0.008375390790808073 0
1651975571342 0.01049787585360074 0
1651975576742 0.01381385067977319 0
1651975582110 0.016742927942832622 0
1651975587304 0.011525580146105016 0
1651975592581 0.015568701547194617 0
1651975601132 0.21540452606695815 0
1651975606591 0.12773223890294216 0
1651975612154 0.09071557735589528 0
1651975617811 0.06692687688540955 0
1651975623297 0.05005540754126867 0
1651975628613 0.03787756728323385 0
1651975634108 0.03705489410399977 0
1651975639779 0.037395758162908806 0
1651975645035 0.030200091863509887 0
1651975650206 0.02606347619885853 0
1651975655511 0.027261507814470853 0
1651975660616 0.021524832428639933 0
1651975666254 0.020944351463458903 0
1651975671720 0.009204827855541673 0
1651975677026 0.015084538776223804 0
1651975682495 0.016472465437974506 0
1651975687907 0.00918270797595664 0
1651975693435 0.00954430706239125 0
1651975698716 0.012615011841511847 0
1651975704169 0.026948344753179466 0
1651975709432 0.025836007393714364 0
1651975715089 0.018707583911147935 0
1651975720282 0.013910109224590529 0
1651975725825 0.014754852884270654 0
1651975731232 0.022022511153555184 0
1651975736781 0.025257508359737446 0
1651975742146 0.013238667529387948 0
1651975747580 0.011820420968061952 0
1651975753396 0.007462704464311335 0
1651975758959 0.013686532587285341 0
1651975764233 0.012673556670471944 0
1651975769597 0.016413508689646278 0
1651975775355 0.024669716131600974 0
1651975780842 0.02703464055703497 0
1651975786328 0.015998900136428136 0
1651975791670 0.007110391874502738 0
1651975797049 0.005544355200177504 0
1651975802489 0.015794277833113504 0
1651975808058 0.014998671633619806 0
1651975813430 0.02285508040316273 0
1651975819044 0.011618676560300668 0
1651975824444 0.007818951767718348 0
1651975829823 0.005190897763011412 0
1651975835402 0.012689667750011176 0
1651975840948 0.024211137639575074 0
1651975846532 0.008314345080185498 0
1651975852075 0.0089436898019816 0
1651975857364 0.008604068270996537 0
1651975862853 0.017353413533128643 0
1651975868486 0.013255463586020146 0
1651975877746 0.3147078890892726 0
1651975883377 0.2057121750432066 0
1651975888829 0.14915349926846755 0
1651975894594 0.10717063043278961 0
1651975900077 0.10389309656210467 0
1651975905597 0.07804328468121871 0
1651975911005 0.06324104158266176 0
1651975916472 0.04355472447319556 0
1651975921900 0.040140243901127456 0
1651975927369 0.04021179107750323 0
1651975932956 0.026409466991361336 0
1651975938576 0.027576210113643626 0
1651975944179 0.03218255936847832 0
1651975949694 0.032688645652126896 0
1651975955445 0.01913707775886719 0
1651975960960 0.019114671757362728 0
1651975966428 0.024043548499231536 0
1651975971898 0.016616347122047744 0
1651975977070 0.020457466463530416 0
1651975982501 0.0187978449285579 0
1651975988238 0.02467317212898557 0
1651975993674 0.017195522069943146 0
1651975999151 0.03042208403960899 0
1651976004592 0.01019914867559894 0
1651976010112 0.01041939483188668 0
1651976015807 0.01426068559166894 0
1651976021390 0.022841714121065188 0
1651976027115 0.024584295037075172 0
1651976032465 0.020543119635796726 0
1651976038022 0.02641124425580498 0
1651976043602 0.02062261104920405 0
1651976048976 0.016944491956577146 0
1651976054345 0.007183920975564528 0
1651976059841 0.014070336478955708 0
1651976065619 0.013741109430567213 0
1651976071205 0.01007353073027789 0
1651976076888 0.024997587840511912 0
1651976082261 0.014798676127690903 0
1651976087898 0.00968349679289951 0
1651976093476 0.016316881692229588 0
1651976098737 0.02761726985486169 0
1651976104257 0.025987038050908712 0
1651976109834 0.009323780794364963 0
1651976115589 0.011231541596015613 0
1651976121098 0.00966916585473432 0
1651976126552 0.022611237324241425 0
1651976132069 0.01775408031057131 0
1651976137543 0.009653620139825866 0
1651976143194 0.010475261070411766 0
1651976148479 0.02236240997920324 0
1651976157995 0.2545404624347055 0
1651976163646 0.17979310788671662 0
1651976169416 0.121918545540639 0
1651976174988 0.09871122068268069 0
1651976180622 0.07619621751688767 0
1651976186392 0.05958822762006392 0
1651976191952 0.04856207246577155 0
1651976197571 0.044247273955761675 0
1651976203331 0.03311297013869984 0
1651976208987 0.036797076233727806 0
1651976214310 0.021637216167882715 0
1651976220067 0.028172104823714083 0
1651976225571 0.036330290455647105 0
1651976230887 0.021055830532552035 0
1651976236509 0.02538586766543578 0
1651976242195 0.014039161132102374 0
1651976247647 0.015493975669029728 0
1651976252995 0.012724501938667015 0
1651976258437 0.0284557069784762 0
1651976263999 0.014601549632075102 0
1651976269522 0.01049636098205141 0
1651976275056 0.018657713741097107 0
1651976280561 0.02417235336482538 0
1651976286298 0.014371189932761918 0
1651976291892 0.008676696122256399 0
1651976297287 0.012851798832309785 0
1651976303096 0.022420757299586393 0
1651976308655 0.012812973265384473 0
1651976314383 0.005873943411145061 0
1651976319855 0.020762546322013846 0
1651976325457 0.022438347379412873 0
1651976331245 0.02561257439205592 0
1651976336939 0.018222367458909552 0
1651976342625 0.013344012025028449 0
1651976348486 0.016633989341538907 0
1651976354233 0.011538800074754569 0
1651976359854 0.015265843881161369 0
1651976365171 0.017850886019346823 0
1651976370683 0.01514611853854809 0
1651976376324 0.020106116786304206 0
1651976381853 0.011014316671701132 0
1651976387426 0.013948347030409486 0
1651976393212 0.012481780982067125 0
1651976398830 0.019578800547794484 0
1651976404550 0.006898177333139512 0
1651976410237 0.011699695607058821 0
1651976415825 0.011283505337425908 0
1651976421500 0.012307294154086537 0
1651976426967 0.017598681933983312 0
1651976432571 0.01076153727450686 0
1651976442171 0.24349357650005904 0
1651976448034 0.17315909394506981 0
1651976453926 0.12713112443050573 0
1651976459638 0.08915730170688473 0
1651976465521 0.06873660668704404 0
1651976471011 0.06800961392550565 0
1651976476915 0.050788669919552394 0
1651976482725 0.04317908885339253 0
1651976488360 0.03279865671386562 0
1651976494035 0.03735858182367916 0
1651976499686 0.02294144519945325 0
1651976505378 0.01800098637604967 0
1651976511141 0.028566090730222152 0
1651976516850 0.021076610100694188 0
1651976522330 0.023101923040001436 0
1651976528167 0.019116441564337023 0
1651976533908 0.03803108869674981 0
1651976539648 0.021581815512288275 0
1651976545407 0.012613153427620174 0
1651976550932 0.019469945837371137 0
1651976556731 0.014668943059892029 0
1651976562471 0.024560875558700148 0
1651976568198 0.023208278476978036 0
1651976574006 0.018364049938129037 0
1651976579756 0.015596107802677117 0
1651976585697 0.012004904056274537 0
1651976591747 0.01673171715351708 0
1651976597461 0.018527641212716273 0
1651976603297 0.01785563612295531 0
1651976609042 0.03547378518181519 0
1651976614806 0.00987649628836243 0
1651976620593 0.01832186295635839 0
1651976626183 0.011033038301187202 0
1651976631841 0.021919351841534342 0
1651976637719 0.027088697181020163 0
1651976643473 0.010477628218152039 0
1651976649251 0.009463990646686384 0
1651976655013 0.009930475635486694 0
1651976660741 0.025578981632718895 0
1651976666581 0.022217185360265058 0
1651976672407 0.01317673264474797 0
1651976678074 0.003256997450938056 0
1651976683886 0.005626672303452343 0
1651976689671 0.01758740198274764 0
1651976695513 0.02378680937461494 0
1651976701419 0.01949570154705595 0
1651976706977 0.02369230679087472 0
1651976712959 0.010393013563656343 0
1651976718812 0.008365955135743619 0
1651976724669 0.009097755153126375 0
1651976734850 0.18213419962575847 0
1651976740552 0.10424035523139535 0
1651976746361 0.07144301196071587 0
1651976751989 0.05758638889696763 0
1651976757921 0.03472926482069822 0
1651976763844 0.03437717927959077 0
1651976769857 0.021043389866744634 0
1651976775481 0.02186231019510085 0
1651976781411 0.017567253359569813 0
1651976787371 0.01742756318530745 0
1651976793144 0.03137926071499194 0
1651976799193 0.017765266654119774 0
1651976805026 0.018419680082108085 0
1651976810973 0.025504491416628704 0
1651976816529 0.009809539129305283 0
1651976822211 0.012492987573155654 0
1651976827932 0.013637255301672356 0
1651976833988 0.01709364441440629 0
1651976839669 0.015274587689680633 0
1651976845642 0.014696487701307192 0
1651976851385 0.02056594275329309 0
1651976857471 0.022597240652459057 0
1651976863486 0.014489764086282275 0
1651976868983 0.009483274485351832 0
1651976874716 0.008228457274584907 0
1651976880476 0.00644006962723599 0
1651976886246 0.00673287223114781 0
1651976892120 0.014307875197413345 0
1651976898119 0.012864626353831949 0
1651976904134 0.014143941634885412 0
1651976909844 0.011804312265107897 0
1651976915805 0.022771875520518015 0
1651976921590 0.018844625944346452 0
1651976927456 0.012432630107894334 0
1651976933339 0.010561066431298116 0
1651976939240 0.011270642146681943 0
1651976945099 0.009855454611779883 0
1651976950810 0.008574327120793089 0
1651976956588 0.006303005962015654 0
1651976962601 0.01218686803332571 0
1651976968315 0.020240847451413985 0
1651976974056 0.011476193770299478 0
1651976980004 0.004645084274086671 0
1651976985760 0.001238509156031832 0
1651976991609 0.003960791878631254 0
1651976997449 0.008098404884467982 0
1651977003299 0.019014596311818892 0
1651977009413 0.01765461015021625 0
1651977015191 0.028931624963057245 0
1651977021046 0.012342528639768981 0
1651977031895 0.22095895668113327 0
1651977037960 0.13834198159761343 0
1651977044124 0.09536479371148292 0
1651977049911 0.07702043339658797 0
1651977055692 0.0503913017784998 0
1651977061737 0.041660980532899634 0
1651977067671 0.04205260983105772 0
1651977073613 0.03754063149950419 0
1651977079496 0.025086954624299048 0
1651977085417 0.04053524272194997 0
1651977091342 0.023301647140496536 0
1651977097322 0.0308242087512909 0
1651977103017 0.01471513769812521 0
1651977108841 0.01755894316140381 0
1651977114886 0.018517227719861026 0
1651977120870 0.014406623375050255 0
1651977126680 0.011666405760601193 0
1651977132678 0.0072733241104928565 0
1651977138649 0.018306614948786375 0
1651977144396 0.010410110693663393 0
1651977150410 0.03455903966345847 0
1651977156366 0.02006480161829786 0
1651977162376 0.010100755068141275 0
1651977168308 0.008190009975002292 0
1651977174309 0.009142341316029853 0
1651977180358 0.020589601514462905 0
1651977186441 0.019807240620451562 0
1651977192326 0.015652498296076962 0
1651977198367 0.009193737692097487 0
1651977204043 0.014140245510081128 0
1651977209938 0.022842841334126684 0
1651977216042 0.02479986766252875 0
1651977222193 0.02386545390413973 0
1651977228171 0.01935604095947783 0
1651977234303 0.008950446553740145 0
1651977240373 0.00817261262270621 0
1651977246388 0.007218563244244997 0
1651977252236 0.009881387681214519 0
1651977258156 0.006249327706372523 0
1651977264288 0.020385149653523938 0
1651977270324 0.013443339733197642 0
1651977276514 0.011728214678943144 0
1651977282829 0.011442197735881897 0
1651977288911 0.03535185501211136 0
1651977295075 0.009732765360118792 0
1651977300880 0.011219006112411209 0
1651977306856 0.011932232446182717 0
1651977312633 0.02329008529054876 0
1651977318749 0.011028864640065725 0
1651977324659 0.010820274345852882 0
