1651972475308 0.6864 0
1651972477666 0.8352 0
1651972480067 0.9076 0
1651972482445 0.9056 0
1651972484832 0.9224 0
1651972487225 0.94 0
1651972489607 0.9508 0
1651972492010 0.9512 0
1651972494420 0.9492 0
1651972496806 0.9308 0
1651972499219 0.9612 0
1651972501569 0.9512 0
1651972503962 0.9728 0
1651972506366 0.988 0
1651972508747 0.9836 0
1651972511111 0.9792 0
1651972513514 0.9764 0
1651972515903 0.9812 0
1651972518262 0.974 0
1651972520627 0.9808 0
1651972523020 0.978 0
1651972525446 0.9824 0
1651972527787 0.9796 0
1651972530113 0.9768 0
1651972532455 0.9212 0
1651972534823 0.9868 0
1651972537244 0.9844 0
1651972539569 0.9832 0
1651972541986 0.9908 0
1651972544384 0.9952 0
1651972546748 0.9912 0
1651972549133 0.9872 0
1651972551507 0.9872 0
1651972553919 0.9876 0
1651972556341 0.9916 0
1651972558754 0.99 0
1651972561139 0.9788 0
1651972563474 0.9952 0
1651972565903 1.0 0
1651972568275 0.9912 0
1651972570685 0.994 0
1651972573088 0.9948 0
1651972575469 0.982 0
1651972577847 0.9528 0
1651972580235 0.9792 0
1651972582645 0.9836 0
1651972585019 0.9928 0
1651972587423 0.998 0
1651972589838 0.9956 0
1651972592240 0.9992 0
1651972595364 0.8376 0
1651972598201 0.921 0
1651972601159 0.9454 0
1651972604065 0.949 0
1651972606919 0.9546 0
1651972609758 0.9688 0
1651972612523 0.9726 0
1651972615480 0.9772 0
1651972618374 0.97 0
1651972621175 0.9718 0
1651972624011 0.9758 0
1651972626791 0.981 0
1651972629705 0.985 0
1651972632591 0.9818 0
1651972635491 0.9856 0
1651972638331 0.9854 0
1651972641107 0.9908 0
1651972643971 0.979 0
1651972646782 0.9816 0
1651972649505 0.9888 0
1651972652361 0.9758 0
1651972655209 0.9868 0
1651972658178 0.9876 0
1651972661107 0.9882 0
1651972663844 0.9878 0
1651972666699 0.9872 0
1651972669545 0.9882 0
1651972672389 0.9884 0
1651972675242 0.985 0
1651972678072 0.9904 0
1651972680940 0.9924 0
1651972683843 0.9914 0
1651972686665 0.9802 0
1651972689551 0.994 0
1651972692464 0.9952 0
1651972695383 0.9894 0
1651972698247 0.9776 0
1651972701035 0.9836 0
1651972703866 0.9934 0
1651972706764 0.993 0
1651972709621 0.9962 0
1651972712431 0.9962 0
1651972715270 0.9932 0
1651972718127 0.9912 0
1651972720966 0.9922 0
1651972723869 0.9836 0
1651972726786 0.9876 0
1651972729719 0.995 0
1651972732547 0.9942 0
1651972735481 0.9846 0
1651972739998 0.8544 0
1651972744061 0.9184 0
1651972748070 0.948 0
1651972752146 0.9536 0
1651972756327 0.9650666666666666 0
1651972760450 0.9693333333333334 0
1651972764392 0.9770666666666666 0
1651972768373 0.9732 0
1651972772449 0.9818666666666667 0
1651972776448 0.9849333333333333 0
1651972780503 0.98 0
1651972784470 0.9805333333333334 0
1651972788584 0.9832 0
1651972792581 0.9834666666666667 0
1651972796642 0.9898666666666667 0
1651972800619 0.9762666666666666 0
1651972804688 0.9904 0
1651972808674 0.9905333333333334 0
1651972812554 0.988 0
1651972816603 0.9894666666666667 0
1651972820575 0.9885333333333334 0
1651972824637 0.9821333333333333 0
1651972828735 0.9869333333333333 0
1651972832800 0.9914666666666667 0
1651972836921 0.9845333333333334 0
1651972840909 0.9906666666666667 0
1651972844824 0.9921333333333333 0
1651972848942 0.9909333333333333 0
1651972852892 0.9886666666666667 0
1651972856848 0.9921333333333333 0
1651972860956 0.9962666666666666 0
1651972864941 0.9894666666666667 0
1651972869036 0.9874666666666667 0
1651972873172 0.9846666666666667 0
1651972877129 0.9918666666666667 0
1651972881147 0.9894666666666667 0
1651972885209 0.9945333333333334 0
1651972889305 0.9932 0
1651972893423 0.9925333333333334 0
1651972897392 0.9901333333333333 0
1651972901376 0.9869333333333333 0
1651972905403 0.9938666666666667 0
1651972909460 0.9945333333333334 0
1651972913512 0.9850666666666666 0
1651972917585 0.9922666666666666 0
1651972921518 0.9928 0
1651972925506 0.9941333333333333 0
1651972929597 0.9958666666666667 0
1651972933740 0.9926666666666667 0
1651972937771 0.9936 0
1651972942647 0.905841557748733 0
1651972946803 0.9470525473459589 0
1651972951019 0.9609229127767405 0
1651972954996 0.9630568151507068 0
1651972959305 0.973459589223793 0
1651972963435 0.976126967191251 0
1651972967574 0.9749266471058949 0
1651972971785 0.9798612963456922 0
1651972975935 0.983995732195252 0
1651972980177 0.9873299546545745 0
1651972984359 0.9882635369431848 0
1651972988306 0.9887970125366764 0
1651972992332 0.978794345158709 0
1651972996389 0.9871965857562016 0
1651973000619 0.9935982928781009 0
1651973004622 0.9906641771138971 0
1651973008706 0.9859962656708455 0
1651973012851 0.9846625766871165 0
1651973016967 0.9909309149106429 0
1651973021141 0.9818618298212857 0
1651973025415 0.9874633235529474 0
1651973029532 0.9930648172846093 0
1651973033619 0.9957321952520672 0
1651973037779 0.9945318751667112 0
1651973042105 0.9906641771138971 0
1651973046321 0.9845292077887436 0
1651973050413 0.9902640704187783 0
1651973054609 0.9911976527073887 0
1651973058789 0.9909309149106429 0
1651973063028 0.9886636436383035 0
1651973067168 0.9910642838090158 0
1651973071334 0.993464923979728 0
1651973075548 0.9878634302480661 0
1651973079653 0.9906641771138971 0
1651973083618 0.9942651373699654 0
1651973087784 0.9933315550813551 0
1651973091952 0.9922646038943719 0
1651973096196 0.9901307015204054 0
1651973100500 0.993464923979728 0
1651973104685 0.9929314483862364 0
1651973108969 0.9939983995732196 0
1651973113159 0.9941317684715925 0
1651973117415 0.9957321952520672 0
1651973121432 0.9919978660976261 0
1651973125683 0.9937316617764738 0
1651973129896 0.9943985062683383 0
1651973134076 0.9911976527073887 0
1651973138138 0.9938650306748467 0
1651973142272 0.9933315550813551 0
1651973146420 0.9862630034675913 0
1651973151470 0.876 0
1651973155735 0.9214666666666667 0
1651973159979 0.9368 0
1651973164388 0.9506666666666667 0
1651973168692 0.9578666666666666 0
1651973173052 0.9656 0
1651973177419 0.9693333333333334 0
1651973181635 0.9756 0
1651973185937 0.9805333333333334 0
1651973190199 0.9818666666666667 0
1651973194474 0.9832 0
1651973198720 0.9825333333333334 0
1651973202885 0.9816 0
1651973207302 0.9850666666666666 0
1651973211363 0.9886666666666667 0
1651973215558 0.9914666666666667 0
1651973219806 0.9885333333333334 0
1651973224011 0.9864 0
1651973228185 0.9892 0
1651973232389 0.9925333333333334 0
1651973236649 0.9957333333333334 0
1651973240671 0.9926666666666667 0
1651973245189 0.9878666666666667 0
1651973249353 0.9865333333333334 0
1651973253585 0.9885333333333334 0
1651973257867 0.9908 0
1651973262164 0.9897333333333334 0
1651973266627 0.9950666666666667 0
1651973270848 0.9908 0
1651973275172 0.9897333333333334 0
1651973279346 0.9929333333333333 0
1651973283652 0.9897333333333334 0
1651973287953 0.9945333333333334 0
1651973292325 0.9958666666666667 0
1651973296661 0.9868 0
1651973300981 0.9945333333333334 0
1651973305327 0.9909333333333333 0
1651973309573 0.9930666666666667 0
1651973313895 0.9941333333333333 0
1651973318147 0.9913333333333333 0
1651973322376 0.9913333333333333 0
1651973326716 0.9941333333333333 0
1651973331144 0.9909333333333333 0
1651973335425 0.9937333333333334 0
1651973339672 0.9914666666666667 0
1651973343906 0.9966666666666667 0
1651973348106 0.9956 0
1651973352447 0.9926666666666667 0
1651973356631 0.9930666666666667 0
1651973360758 0.9957333333333334 0
1651973366498 0.872 0
1651973370895 0.9269333333333334 0
1651973375450 0.9478666666666666 0
1651973379891 0.9593333333333334 0
1651973384411 0.9665333333333334 0
1651973388721 0.9734666666666667 0
1651973393141 0.9772 0
1651973397428 0.9812 0
1651973401854 0.9858666666666667 0
1651973406270 0.9845333333333334 0
1651973410726 0.9804 0
1651973415056 0.9849333333333333 0
1651973419351 0.9906666666666667 0
1651973423645 0.9877333333333334 0
1651973428362 0.9925333333333334 0
1651973432874 0.9925333333333334 0
1651973437448 0.9844 0
1651973441746 0.9913333333333333 0
1651973446056 0.9930666666666667 0
1651973450342 0.9901333333333333 0
1651973454728 0.9884 0
1651973458969 0.9884 0
1651973463353 0.9909333333333333 0
1651973467951 0.9925333333333334 0
1651973472287 0.9936 0
1651973476746 0.9938666666666667 0
1651973481091 0.9841333333333333 0
1651973485594 0.9942666666666666 0
1651973489914 0.994 0
1651973494316 0.9909333333333333 0
1651973498665 0.9924 0
1651973503204 0.9934666666666667 0
1651973507638 0.9953333333333333 0
1651973511989 0.9954666666666667 0
1651973516424 0.9894666666666667 0
1651973520583 0.9926666666666667 0
1651973524950 0.9921333333333333 0
1651973529666 0.9901333333333333 0
1651973534192 0.9922666666666666 0
1651973538695 0.996 0
1651973543229 0.9966666666666667 0
1651973547652 0.9853333333333333 0
1651973551982 0.9974666666666666 0
1651973556280 0.9958666666666667 0
1651973560630 0.9878666666666667 0
1651973564920 0.9928 0
1651973569199 0.9961333333333333 0
1651973573593 0.9957333333333334 0
1651973577981 0.9972 0
1651973582562 0.9929333333333333 0
1651973588229 0.9053080821552414 0
1651973592661 0.9358495598826354 0
1651973597493 0.9551880501467058 0
1651973602185 0.968124833288877 0
1651973606967 0.9702587356628434 0
1651973611452 0.9778607628700987 0
1651973615848 0.9823953054147773 0
1651973620590 0.982795412109896 0
1651973625223 0.981461723126167 0
1651973629889 0.9873299546545745 0
1651973634354 0.9902640704187783 0
1651973639246 0.9877300613496932 0
1651973643660 0.9874633235529474 0
1651973648360 0.9903974393171513 0
1651973652817 0.9918644971992532 0
1651973657408 0.9914643905041345 0
1651973661912 0.9910642838090158 0
1651973666745 0.9869298479594558 0
1651973671287 0.9895972259269138 0
1651973676168 0.9933315550813551 0
1651973680823 0.9950653507602027 0
1651973685273 0.9937316617764738 0
1651973689895 0.9950653507602027 0
1651973694321 0.9933315550813551 0
1651973698778 0.9861296345692184 0
1651973703317 0.9890637503334222 0
1651973708026 0.9919978660976261 0
1651973712701 0.9937316617764738 0
1651973717236 0.9941317684715925 0
1651973721879 0.9950653507602027 0
1651973726359 0.9901307015204054 0
1651973731145 0.9847959455854894 0
1651973735775 0.99079754601227 0
1651973740341 0.9966657775406775 0
1651973745413 0.9970658842357962 0
1651973750204 0.9951987196585756 0
1651973754675 0.9961323019471859 0
1651973759115 0.9919978660976261 0
1651973763742 0.9930648172846093 0
1651973768624 0.9926647105894906 0
1651973773257 0.9958655641504401 0
1651973777856 0.9970658842357962 0
1651973782527 0.9909309149106429 0
1651973787045 0.9899973326220325 0
1651973791622 0.9945318751667112 0
1651973796325 0.9966657775406775 0
1651973801003 0.992131234995999 0
1651973805517 0.9950653507602027 0
1651973810244 0.9951987196585756 0
1651973814778 0.9937316617764738 0
1651973820754 0.8907708722325953 0
1651973825498 0.9425180048012803 0
1651973830152 0.9541210989597226 0
1651973834841 0.9683915710856228 0
1651973839894 0.9717257935449454 0
1651973844398 0.9811949853294212 0
1651973848891 0.9826620432115231 0
1651973853603 0.9799946652440651 0
1651973858315 0.9922646038943719 0
1651973862777 0.9939983995732196 0
1651973867241 0.9895972259269138 0
1651973871859 0.9910642838090158 0
1651973876911 0.9949319818618299 0
1651973881634 0.9902640704187783 0
1651973886456 0.9922646038943719 0
1651973891216 0.9961323019471859 0
1651973895931 0.9910642838090158 0
1651973900496 0.9951987196585756 0
1651973904932 0.9941317684715925 0
1651973909712 0.9826620432115231 0
1651973914302 0.9915977594025074 0
1651973918928 0.9953320885569485 0
1651973923846 0.9969325153374233 0
1651973928404 0.9949319818618299 0
1651973933255 0.9927980794878635 0
1651973937979 0.9939983995732196 0
1651973942258 0.9931981861829822 0
1651973946851 0.9919978660976261 0
1651973951573 0.9943985062683383 0
1651973956151 0.9950653507602027 0
1651973960558 0.9953320885569485 0
1651973965259 0.9961323019471859 0
1651973969660 0.9869298479594558 0
1651973974403 0.994665244065084 0
1651973979273 0.9939983995732196 0
1651973983913 0.9935982928781009 0
1651973988793 0.9918644971992532 0
1651973993605 0.9929314483862364 0
1651973998354 0.9895972259269138 0
1651974003185 0.9938650306748467 0
1651974007741 0.9966657775406775 0
1651974012560 0.9937316617764738 0
1651974017230 0.9923979727927448 0
1651974021958 0.9919978660976261 0
1651974026542 0.9957321952520672 0
1651974031321 0.9955988263536943 0
1651974036345 0.9962656708455588 0
1651974040999 0.9949319818618299 0
1651974045889 0.9931981861829822 0
1651974050755 0.9923979727927448 0
1651974057163 0.8677333333333334 0
1651974061812 0.9122666666666667 0
1651974066714 0.93 0
1651974071501 0.9442666666666667 0
1651974076377 0.958 0
1651974081214 0.9676 0
1651974086253 0.9690666666666666 0
1651974091029 0.9785333333333334 0
1651974095602 0.9849333333333333 0
1651974100440 0.9836 0
1651974105349 0.9870666666666666 0
1651974110185 0.9870666666666666 0
1651974115198 0.9928 0
1651974120102 0.9929333333333333 0
1651974124816 0.9892 0
1651974129499 0.9898666666666667 0
1651974134247 0.9961333333333333 0
1651974138942 0.9962666666666666 0
1651974143695 0.9910666666666667 0
1651974148415 0.9854666666666667 0
1651974153057 0.9882666666666666 0
1651974157733 0.9957333333333334 0
1651974162168 0.9908 0
1651974166889 0.9930666666666667 0
1651974171870 0.9948 0
1651974176775 0.9889333333333333 0
1651974181403 0.9882666666666666 0
1651974186127 0.9954666666666667 0
1651974191038 0.9969333333333333 0
1651974195988 0.9984 0
1651974200722 0.9894666666666667 0
1651974205489 0.9865333333333334 0
1651974210237 0.9953333333333333 0
1651974215054 0.9965333333333334 0
1651974219819 0.9974666666666666 0
1651974224744 0.9933333333333333 0
1651974229687 0.992 0
1651974234334 0.9925333333333334 0
1651974239272 0.9942666666666666 0
1651974243855 0.99 0
1651974248841 0.9930666666666667 0
1651974253838 0.9948 0
1651974258539 0.9954666666666667 0
1651974263136 0.9912 0
1651974267931 0.9961333333333333 0
1651974272914 0.9965333333333334 0
1651974277921 0.9929333333333333 0
1651974282942 0.9961333333333333 0
1651974288144 0.9954666666666667 0
1651974292893 0.9924 0
1651974299822 0.9060707138092061 0
1651974305013 0.9464976651100734 0
1651974309849 0.961440960640427 0
1651974314886 0.9721147431621081 0
1651974319752 0.9783855903935957 0
1651974324902 0.981054036024016 0
1651974329915 0.9835890593729153 0
1651974334911 0.9914609739826551 0
1651974339875 0.9917278185456971 0
1651974344829 0.9943962641761174 0
1651974349777 0.9949299533022015 0
1651974354875 0.9935957304869913 0
1651974359526 0.9893262174783188 0
1651974364161 0.9906604402935291 0
1651974369266 0.9887925283522349 0
1651974374186 0.9941294196130754 0
1651974379191 0.9949299533022015 0
1651974384275 0.9949299533022015 0
1651974388991 0.9953302201467645 0
1651974393879 0.9918612408272182 0
1651974398910 0.9906604402935291 0
1651974403887 0.9943962641761174 0
1651974408967 0.9937291527685124 0
1651974413843 0.9919946631087392 0
1651974418713 0.9873248832555037 0
1651974423863 0.9963975983989326 0
1651974428659 0.9939959973315544 0
1651974433427 0.9933288859239493 0
1651974438320 0.9973315543695798 0
1651974443376 0.9917278185456971 0
1651974448334 0.9931954636424283 0
1651974453420 0.9959973315543695 0
1651974458190 0.9917278185456971 0
1651974463346 0.9938625750500334 0
1651974468277 0.9962641761174116 0
1651974473083 0.9966644429619747 0
1651974478208 0.9970647098065377 0
1651974483152 0.9933288859239493 0
1651974488436 0.9946631087391594 0
1651974493397 0.9961307538358906 0
1651974498304 0.9947965310206804 0
1651974503296 0.9947965310206804 0
1651974508208 0.9923949299533023 0
1651974513449 0.9943962641761174 0
1651974518312 0.9930620413609073 0
1651974522952 0.9953302201467645 0
1651974527840 0.9959973315543695 0
1651974532830 0.9959973315543695 0
1651974537687 0.9934623082054703 0
1651974542360 0.9950633755837225 0
1651974549677 0.9161333333333334 0
1651974554646 0.9522666666666667 0
1651974559666 0.964 0
1651974564478 0.9733333333333334 0
1651974569421 0.9793333333333333 0
1651974574459 0.986 0
1651974579684 0.9876 0
1651974584819 0.9913333333333333 0
1651974589802 0.9949333333333333 0
1651974594851 0.9928 0
1651974600011 0.9917333333333334 0
1651974604940 0.9901333333333333 0
1651974610016 0.992 0
1651974614840 0.9937333333333334 0
1651974620135 0.99 0
1651974625114 0.9921333333333333 0
1651974630171 0.9926666666666667 0
1651974635046 0.9930666666666667 0
1651974640082 0.9918666666666667 0
1651974645145 0.9930666666666667 0
1651974650502 0.9914666666666667 0
1651974655641 0.9972 0
1651974660721 0.9964 0
1651974665643 0.9904 0
1651974670818 0.9912 0
1651974675786 0.9910666666666667 0
1651974680534 0.9977333333333334 0
1651974685615 0.9974666666666666 0
1651974690572 0.9928 0
1651974695605 0.9966666666666667 0
1651974700667 0.994 0
1651974705778 0.9930666666666667 0
1651974710995 0.9936 0
1651974715905 0.9954666666666667 0
1651974720869 0.9952 0
1651974725985 0.9946666666666667 0
1651974731026 0.9981333333333333 0
1651974736138 0.9936 0
1651974741034 0.9949333333333333 0
1651974745786 0.9958666666666667 0
1651974751034 0.9944 0
1651974756021 0.996 0
1651974760720 0.9986666666666667 0
1651974765660 0.9957333333333334 0
1651974770669 0.9972 0
1651974775807 0.9928 0
1651974780721 0.9945333333333334 0
1651974785683 0.9956 0
1651974790960 0.9926666666666667 0
1651974795908 0.9945333333333334 0
1651974803739 0.8801708033093141 0
1651974809030 0.9228716306378436 0
1651974814040 0.9458233253269283 0
1651974819022 0.9547638110488391 0
1651974824275 0.9675740592473979 0
1651974829387 0.978382706164932 0
1651974834632 0.9805177475313585 0
1651974839807 0.9823859087269816 0
1651974844834 0.9846543901788097 0
1651974849874 0.9861222311182279 0
1651974855125 0.9822524686415799 0
1651974860320 0.9943955164131305 0
1651974865431 0.9919935948759008 0
1651974870509 0.9910595142780891 0
1651974875618 0.9939951961569256 0
1651974880842 0.9893247931678676 0
1651974886062 0.992260475046704 0
1651974891359 0.9935948759007206 0
1651974896557 0.9950627168401388 0
1651974901666 0.9874566319722444 0
1651974906891 0.9945289564985321 0
1651974911895 0.9951961569255404 0
1651974916683 0.9978649586335735 0
1651974921851 0.9942620763277289 0
1651974926937 0.9943955164131305 0
1651974931952 0.9907926341072858 0
1651974937352 0.9890579129970644 0
1651974942470 0.9885241526554577 0
1651974947569 0.9945289564985321 0
1651974952679 0.9961302375233521 0
1651974958021 0.995329597010942 0
1651974963195 0.9946623965839338 0
1651974968428 0.9937283159861222 0
1651974973727 0.991860154790499 0
1651974978909 0.9957299172671471 0
1651974983936 0.9925273552175073 0
1651974989135 0.9934614358153189 0
1651974994249 0.9967974379503602 0
1651974999256 0.9955964771817454 0
1651975004507 0.9893247931678676 0
1651975009601 0.9975980784627703 0
1651975014678 0.9915932746196957 0
1651975019572 0.9951961569255404 0
1651975024612 0.9931945556445156 0
1651975029410 0.9989324793167867 0
1651975034680 0.9973311982919669 0
1651975039798 0.9955964771817454 0
1651975044780 0.9966639978649586 0
1651975049830 0.9939951961569256 0
1651975054812 0.9917267147050974 0
1651975062592 0.907367859049653 0
1651975067918 0.948611852642819 0
1651975073304 0.9619594233849439 0
1651975078437 0.9682327816337427 0
1651975083946 0.9794447410571276 0
1651975089081 0.9835824879871863 0
1651975094400 0.9851841964762413 0
1651975099650 0.9895888948211425 0
1651975105187 0.9879871863320876 0
1651975110436 0.9881206620395088 0
1651975115929 0.9938601174586226 0
1651975121128 0.9917245061398825 0
1651975126320 0.9945274959957288 0
1651975131545 0.9970635344367326 0
1651975136755 0.99359316604378 0
1651975141966 0.9906567004805126 0
1651975147416 0.9919914575547251 0
1651975152547 0.993059263214095 0
1651975157658 0.9938601174586226 0
1651975162802 0.9958622530699413 0
1651975168039 0.9963961558996263 0
1651975173400 0.9934596903363588 0
1651975178608 0.99679658302189 0
1651975183866 0.9922584089695675 0
1651975188976 0.9938601174586226 0
1651975194023 0.9803790710090764 0
1651975199160 0.9943940202883075 0
1651975204559 0.9966631073144687 0
1651975209832 0.996262680192205 0
1651975215016 0.99786438868126 0
1651975220507 0.9955953016550988 0
1651975225773 0.9938601174586226 0
1651975230853 0.9938601174586226 0
1651975236216 0.9961292044847838 0
1651975241631 0.997330485851575 0
1651975246845 0.9963961558996263 0
1651975251985 0.9943940202883075 0
1651975257456 0.994127068873465 0
1651975262946 0.9929257875066738 0
1651975268272 0.9913240790176188 0
1651975273567 0.99679658302189 0
1651975278766 0.9945274959957288 0
1651975284029 0.996262680192205 0
1651975288982 0.9949279231179925 0
1651975294151 0.9958622530699413 0
1651975299553 0.9945274959957288 0
1651975304896 0.99466097170315 0
1651975310237 0.99572877736252 0
1651975315455 0.9955953016550988 0
1651975320982 0.9926588360918313 0
1651975329312 0.9049652963160705 0
1651975334702 0.9411372130272291 0
1651975340033 0.9542178323545115 0
1651975345400 0.9706353443673251 0
1651975351197 0.9771756540309664 0
1651975356778 0.9814468766684463 0
1651975362131 0.984516817939135 0
1651975367491 0.9814468766684463 0
1651975373042 0.9869193806727176 0
1651975378492 0.99038974906567 0
1651975383826 0.9905232247730913 0
1651975389335 0.9881206620395088 0
1651975394531 0.9947944474105713 0
1651975399901 0.9894554191137213 0
1651975405142 0.9969300587293113 0
1651975410542 0.9958622530699413 0
1651975416077 0.9949279231179925 0
1651975421235 0.9963961558996263 0
1651975426503 0.9906567004805126 0
1651975431792 0.9937266417512013 0
1651975436928 0.9901227976508276 0
1651975442285 0.9947944474105713 0
1651975447626 0.9939935931660437 0
1651975452877 0.9898558462359851 0
1651975458537 0.9955953016550988 0
1651975463931 0.99572877736252 0
1651975469294 0.9966631073144687 0
1651975474808 0.9955953016550988 0
1651975480106 0.9943940202883075 0
1651975485128 0.997330485851575 0
1651975490406 0.9937266417512013 0
1651975496086 0.9922584089695675 0
1651975501599 0.9975974372664175 0
1651975507255 0.9970635344367326 0
1651975512713 0.9870528563801388 0
1651975518090 0.9922584089695675 0
1651975523295 0.9945274959957288 0
1651975528605 0.996262680192205 0
1651975533829 0.9965296316070476 0
1651975539358 0.9898558462359851 0
1651975544698 0.9931927389215163 0
1651975550199 0.996262680192205 0
1651975555516 0.9917245061398825 0
1651975560739 0.9959957287773625 0
1651975565969 0.997330485851575 0
1651975571316 0.9971970101441537 0
1651975576717 0.99572877736252 0
1651975582084 0.9947944474105713 0
1651975587283 0.9955953016550988 0
1651975592567 0.9953283502402562 0
1651975601110 0.9261136303014137 0
1651975606567 0.9583889037076554 0
1651975612130 0.9731928514270473 0
1651975617795 0.9795945585489464 0
1651975623282 0.9835956255001334 0
1651975628598 0.9885302747399306 0
1651975634084 0.9890637503334222 0
1651975639755 0.9887970125366764 0
1651975645021 0.9899973326220325 0
1651975650180 0.99079754601227 0
1651975655496 0.9914643905041345 0
1651975660602 0.9935982928781009 0
1651975666239 0.9933315550813551 0
1651975671706 0.997332622032542 0
1651975677002 0.9953320885569485 0
1651975682480 0.9961323019471859 0
1651975687892 0.9971992531341691 0
1651975693420 0.9975993598292878 0
1651975698689 0.9962656708455588 0
1651975704142 0.9917311283008803 0
1651975709403 0.9914643905041345 0
1651975715075 0.9950653507602027 0
1651975720268 0.9957321952520672 0
1651975725810 0.994665244065084 0
1651975731217 0.9929314483862364 0
1651975736761 0.9914643905041345 0
1651975742122 0.995998933048813 0
1651975747564 0.9965324086423046 0
1651975753292 0.9975993598292878 0
1651975758938 0.9950653507602027 0
1651975764209 0.9955988263536943 0
1651975769576 0.9951987196585756 0
1651975775340 0.9909309149106429 0
1651975780827 0.9922646038943719 0
1651975786313 0.9953320885569485 0
1651975791655 0.9975993598292878 0
1651975797034 0.9979994665244065 0
1651975802474 0.9953320885569485 0
1651975808043 0.994798612963457 0
1651975813415 0.9923979727927448 0
1651975819020 0.995998933048813 0
1651975824429 0.9971992531341691 0
1651975829808 0.9982662043211523 0
1651975835387 0.9954654574553214 0
1651975840923 0.9918644971992532 0
1651975846511 0.9977327287276607 0
1651975852054 0.9977327287276607 0
1651975857343 0.9974659909309149 0
1651975862838 0.9939983995732196 0
1651975868471 0.9954654574553214 0
1651975877720 0.876450967311541 0
1651975883352 0.9266177451634423 0
1651975888798 0.9475650433622415 0
1651975894579 0.9631754503002001 0
1651975900053 0.9657104736490995 0
1651975905577 0.9757171447631755 0
1651975910981 0.98025350233489 0
1651975916447 0.9859906604402935 0
1651975921886 0.9881254169446297 0
1651975927348 0.9873248832555037 0
1651975932931 0.9919946631087392 0
1651975938555 0.9915943962641761 0
1651975944154 0.9893262174783188 0
1651975949675 0.990126751167445 0
1651975955429 0.9939959973315544 0
1651975960944 0.9939959973315544 0
1651975966412 0.990527018012008 0
1651975971873 0.9942628418945963 0
1651975977055 0.9943962641761174 0
1651975982485 0.9951967978652435 0
1651975988222 0.9918612408272182 0
1651975993653 0.9951967978652435 0
1651975999127 0.9895930620413609 0
1651976004566 0.9966644429619747 0
1651976010090 0.9962641761174116 0
1651976015792 0.9942628418945963 0
1651976021374 0.9927951967978652 0
1651976027100 0.9919946631087392 0
1651976032450 0.9934623082054703 0
1651976037997 0.9918612408272182 0
1651976043585 0.9938625750500334 0
1651976048952 0.9958639092728485 0
1651976054329 0.9975983989326217 0
1651976059825 0.9967978652434957 0
1651976065603 0.9958639092728485 0
1651976071179 0.9967978652434957 0
1651976076857 0.9915943962641761 0
1651976082236 0.9950633755837225 0
1651976087874 0.9965310206804536 0
1651976093461 0.9943962641761174 0
1651976098721 0.990260173448966 0
1651976104242 0.9913275517011341 0
1651976109812 0.9970647098065377 0
1651976115574 0.9969312875250167 0
1651976121083 0.9966644429619747 0
1651976126537 0.9937291527685124 0
1651976132047 0.9941294196130754 0
1651976137518 0.9971981320880587 0
1651976143169 0.9967978652434957 0
1651976148452 0.9918612408272182 0
1651976157977 0.9010945008008543 0
1651976163621 0.933128670581954 0
1651976169390 0.955552589428724 0
1651976174965 0.9676988788040577 0
1651976180606 0.9759743726641751 0
1651976186366 0.9810464495461826 0
1651976191924 0.9849172450613988 0
1651976197544 0.9857180993059264 0
1651976203306 0.9899893219434063 0
1651976208971 0.9878537106246663 0
1651976214293 0.9945274959957288 0
1651976220050 0.9918579818473038 0
1651976225545 0.987720234917245 0
1651976230859 0.9938601174586226 0
1651976236484 0.9915910304324613 0
1651976242170 0.9959957287773625 0
1651976247629 0.9959957287773625 0
1651976252979 0.9963961558996263 0
1651976258421 0.990923651895355 0
1651976263982 0.9955953016550988 0
1651976269506 0.9971970101441537 0
1651976275030 0.99466097170315 0
1651976280539 0.9923918846769888 0
1651976286271 0.9961292044847838 0
1651976291866 0.9971970101441537 0
1651976297260 0.9959957287773625 0
1651976303079 0.993059263214095 0
1651976308629 0.9959957287773625 0
1651976314357 0.9977309129738388 0
1651976319830 0.9937266417512013 0
1651976325435 0.9922584089695675 0
1651976331223 0.9921249332621462 0
1651976336914 0.9945274959957288 0
1651976342597 0.9958622530699413 0
1651976348470 0.9945274959957288 0
1651976354216 0.9963961558996263 0
1651976359828 0.9949279231179925 0
1651976365155 0.9939935931660437 0
1651976370667 0.9955953016550988 0
1651976376308 0.99359316604378 0
1651976381837 0.9966631073144687 0
1651976387330 0.9955953016550988 0
1651976393187 0.9955953016550988 0
1651976398814 0.994127068873465 0
1651976404529 0.9982648158035238 0
1651976410213 0.9966631073144687 0
1651976415805 0.9959957287773625 0
1651976421482 0.99679658302189 0
1651976426941 0.9949279231179925 0
1651976432546 0.9959957287773625 0
1651976442144 0.909709255801547 0
1651976448008 0.9399839957321953 0
1651976453909 0.9542544678580955 0
1651976459621 0.9699919978660976 0
1651976465498 0.9778607628700987 0
1651976470983 0.9778607628700987 0
1651976476811 0.9835956255001334 0
1651976482708 0.9874633235529474 0
1651976488332 0.9898639637236596 0
1651976494012 0.9895972259269138 0
1651976499660 0.9930648172846093 0
1651976505353 0.9949319818618299 0
1651976511124 0.9905308082155242 0
1651976516834 0.9937316617764738 0
1651976522314 0.9930648172846093 0
1651976528144 0.9942651373699654 0
1651976533879 0.9885302747399306 0
1651976539622 0.9933315550813551 0
1651976545390 0.9963990397439317 0
1651976550915 0.9943985062683383 0
1651976556704 0.9951987196585756 0
1651976562446 0.9923979727927448 0
1651976568170 0.9915977594025074 0
1651976573986 0.9945318751667112 0
1651976579731 0.9965324086423046 0
1651976585672 0.9965324086423046 0
1651976591720 0.9951987196585756 0
1651976597436 0.9941317684715925 0
1651976603280 0.994798612963457 0
1651976609015 0.9883969058415577 0
1651976614787 0.9963990397439317 0
1651976620568 0.9939983995732196 0
1651976626158 0.9963990397439317 0
1651976631824 0.993464923979728 0
1651976637701 0.9925313416911177 0
1651976643451 0.9962656708455588 0
1651976649234 0.9967991464390504 0
1651976654996 0.995998933048813 0
1651976660724 0.992131234995999 0
1651976666565 0.9929314483862364 0
1651976672381 0.9957321952520672 0
1651976678051 0.9991997866097626 0
1651976683862 0.9979994665244065 0
1651976689648 0.9945318751667112 0
1651976695495 0.9930648172846093 0
1651976701398 0.9931981861829822 0
1651976706951 0.9926647105894906 0
1651976712942 0.9962656708455588 0
1651976718795 0.997332622032542 0
1651976724647 0.9970658842357962 0
1651976734824 0.9324071600320598 0
1651976740526 0.9619289340101523 0
1651976746338 0.9763558642799893 0
1651976751971 0.9822335025380711 0
1651976757904 0.9893133849853059 0
1651976763821 0.9895805503606733 0
1651976769832 0.9941223617419183 0
1651976775458 0.9935880309911835 0
1651976781388 0.9951910232433877 0
1651976787346 0.9951910232433877 0
1651976793116 0.9906492118621427 0
1651976799176 0.9951910232433877 0
1651976805003 0.995057440555704 0
1651976810951 0.9923857868020305 0
1651976816512 0.9977290943093775 0
1651976822193 0.9955917713064387 0
1651976827915 0.995458188618755 0
1651976833970 0.994656692492653 0
1651976839652 0.9953246059310713 0
1651976845625 0.9957253539941223 0
1651976851362 0.9939887790542346 0
1651976857449 0.9926529521773978 0
1651976863463 0.9947902751803366 0
1651976868961 0.9970611808709591 0
1651976874689 0.9970611808709591 0
1651976880449 0.9975955116216938 0
1651976886223 0.9977290943093775 0
1651976892093 0.995858936681806 0
1651976898095 0.9963932674325408 0
1651976904108 0.9951910232433877 0
1651976909827 0.9957253539941223 0
1651976915782 0.9923857868020305 0
1651976921572 0.9937216136788672 0
1651976927438 0.995458188618755 0
1651976933314 0.9965268501202245 0
1651976939222 0.9959925193694897 0
1651976945081 0.9971947635586428 0
1651976950792 0.9975955116216938 0
1651976956560 0.9985305904354795 0
1651976962574 0.996259684744857 0
1651976968297 0.9933208656158162 0
1651976974039 0.9963932674325408 0
1651976979976 0.9989313384985306 0
1651976985733 0.9997328346246327 0
1651976991586 0.9986641731231632 0
1651976997427 0.9973283462463265 0
1651977003272 0.9934544483034998 0
1651977009395 0.994255944429602 0
1651977015164 0.991317125300561 0
1651977021023 0.995858936681806 0
1651977031794 0.9209016940109377 0
1651977037932 0.9533146591970122 0
1651977044096 0.9677204215019342 0
1651977049888 0.9761237828464719 0
1651977055665 0.9850606909430439 0
1651977061720 0.9878618113912232 0
1651977067653 0.9869281045751634 0
1651977073590 0.9897292250233427 0
1651977079478 0.9918634120314792 0
1651977085398 0.9871948779511804 0
1651977091323 0.9918634120314792 0
1651977097304 0.9899959983993597 0
1651977102994 0.9959983993597439 0
1651977108823 0.9950646925436841 0
1651977114863 0.9954648526077098 0
1651977120846 0.9954648526077098 0
1651977126656 0.996265172735761 0
1651977132654 0.9987995198079231 0
1651977138623 0.9950646925436841 0
1651977144369 0.996265172735761 0
1651977150387 0.9889289048952915 0
1651977156343 0.9939975990396158 0
1651977162357 0.9974656529278378 0
1651977168285 0.9970654928638122 0
1651977174286 0.9963985594237695 0
1651977180335 0.9933306655995732 0
1651977186413 0.9942643724156329 0
1651977192304 0.9949313058556756 0
1651977198342 0.9969321061758036 0
1651977204015 0.9953314659197012 0
1651977209915 0.9923969587835134 0
1651977216016 0.9917300253434708 0
1651977222170 0.992530345471522 0
1651977228143 0.9938642123516073 0
1651977234278 0.9967987194877951 0
1651977240345 0.9978658129918634 0
1651977246361 0.9978658129918634 0
1651977252218 0.9969321061758036 0
1651977258129 0.9975990396158463 0
1651977264261 0.9938642123516073 0
1651977270305 0.996265172735761 0
1651977276488 0.9966653327997865 0
1651977282806 0.9963985594237695 0
1651977288885 0.9890622915833 0
1651977295048 0.9969321061758036 0
1651977300857 0.9966653327997865 0
1651977306832 0.9954648526077098 0
1651977312605 0.9933306655995732 0
1651977318725 0.9965319461117781 0
1651977324632 0.9969321061758036 0
