1645550798238 1.4514146802902221 0
1645550799826 1.1007001392364502 0
1645550801369 0.9549082675933838 0
1645550802928 0.8832251833915711 0
1645550804418 0.808730919265747 0
1645550805986 0.7633351483345032 0
1645550807495 0.7085127410888672 0
1645550808982 0.658881244468689 0
1645550810522 0.6172890525817871 0
1645550812099 0.5692403593063354 0
1645550813641 0.5510616173744202 0
1645550815193 0.5322197780601681 0
1645550816698 0.4711109395503998 0
1645550818247 0.4245130544900894 0
1645550819764 0.4252973036289215 0
1645550821279 0.3743400542020798 0
1645550822847 0.36398335955142974 0
1645550824369 0.3511179775238037 0
1645550825901 0.3156758750677109 0
1645550827422 0.3035051303565502 0
1645550829505 1.081899151802063 0
1645550831390 0.6894617069244384 0
1645550833214 0.600883706855774 0
1645550835067 0.528319388628006 0
1645550836957 0.4736060035228729 0
1645550838770 0.4359430946588516 0
1645550840651 0.3751226037502289 0
1645550842521 0.35190182785987856 0
1645550844369 0.3259730270385742 0
1645550846257 0.28394390234947203 0
1645550848162 0.26614741023778915 0
1645550850080 0.23167328441143037 0
1645550851929 0.20943089478313923 0
1645550853772 0.18518104450702666 0
1645550855626 0.19727672497332097 0
1645550857440 0.16127933792173862 0
1645550859289 0.1848789188504219 0
1645550861157 0.12404592663086951 0
1645550863112 0.1184710194543004 0
1645550865061 0.11432113446295261 0
1645550867696 1.0814776470184326 0
1645550869826 0.8160814813375473 0
1645550871959 0.7155895255088807 0
1645550874101 0.6500005941390992 0
1645550876205 0.5604085649013519 0
1645550878371 0.510178805398941 0
1645550880551 0.4619839753627777 0
1645550882685 0.40759475946426393 0
1645550884833 0.36774118440151216 0
1645550886895 0.3354200716614723 0
1645550888988 0.2783643261313438 0
1645550891045 0.2742482459306717 0
1645550893141 0.21668881973028184 0
1645550895296 0.19513567675948143 0
1645550897442 0.21305387563705444 0
1645550899600 0.17025181116238236 0
1645550901694 0.15030576706826687 0
1645550903756 0.12221679456755519 0
1645550905837 0.12677729347348213 0
1645550907961 0.07612022596988827 0
