1654350337059 0.2999305544427966 0
1654350350909 0.08004543956532692 0
1654350364764 0.05535928054989913 0
1654350378687 0.061353507164715756 0
1654350392586 0.04143466341190611 0
1654350406558 0.04811440855903314 0
1654350420681 0.05300406599256396 0
1654350434554 0.03378595958546234 0
1654350448496 0.04044996007625104 0
1654350462428 0.05142570960460284 0
1654350517699 0.1780628342070528 0
1654350557698 0.0521740573478422 0
1654350598400 0.041865114104444344 0
1654350639238 0.04626041074827215 0
1654350679418 0.03506105364578222 0
1654350719716 0.028013677766513173 0
1654350760160 0.03736982433978482 0
1654350800396 0.03291264920955563 0
1654350840609 0.019896830742100753 0
1654350881367 0.03270505979390909 0
1654350953754 0.15162640158177357 0
1654350994531 0.034430374888319494 0
1654351035364 0.028457749987149148 0
1654351076399 0.032952860314316566 0
1654351118137 0.034157445285193974 0
1654351159174 0.014695618043362198 0
1654351200361 0.018740549488119602 0
1654351241473 0.043051447835256815 0
1654351282904 0.012284752044200443 0
1654351324477 0.030689805647227102 0
1654351413114 0.28362233733827236 0
1654351454219 0.08201133913302364 0
1654351495801 0.05964161551756849 0
1654351537687 0.05173926234743437 0
1654351579472 0.05080524478522804 0
1654351621147 0.04103500349368062 0
1654351663275 0.05089640294067819 0
1654351704850 0.04420759799676168 0
1654351746677 0.024323915185976104 0
1654351788984 0.048199437011265986 0
1654351893560 0.13922743405514135 0
1654351935172 0.026345760037459177 0
1654351976792 0.0326094361564539 0
1654352018414 0.026341616351623767 0
1654352060347 0.011701857510498648 0
1654352102368 0.027616561833950514 0
1654352144391 0.01031530166131479 0
1654352186545 0.04518894313032579 0
1654352228587 0.02088596466047415 0
1654352270740 0.02628895659943826 0
