1654406329023 0.3332696210247318 0
1654406342541 0.03355742760719662 0
1654406356359 0.006680866087264413 0
1654406369743 0.011492999020249181 0
1654406383740 0.0006139725849369034 0
1654406397671 0.0005035271811250209 0
1654406411345 0.0002052957286777392 0
1654406425109 0.00011902166582583184 0
1654406438713 0.00021466678506112128 0
1654406452191 0.017103829302217214 0
1654406465564 0.012389988610297347 0
1654406479256 0.0019465589800161625 0
1654406492727 0.00012682329921071515 0
1654406506615 0.0003968571858996307 0
1654406520207 0.00016121813302837567 0
1654406533831 9.796087377680718e-05 0
1654406547338 9.71862300067195e-05 0
1654406561185 5.365053725002904e-05 0
1654406574620 0.00015242628546916086 0
1654406587866 5.2074594392655805e-05 0
1654406601328 0.0009984464442500157 0
1654406614896 0.0007595117764613813 0
1654406628491 0.003887698721900086 0
1654406642253 0.0012568734312571447 0
1654406655571 0.0006575335821298687 0
1654406668849 6.670091915742162e-05 0
1654406685878 6.952745913894851e-05 0
1654406698852 4.23084473247376e-05 0
1654406712224 3.662365918330531e-05 0
1654406725180 3.2275627018526e-05 0
1654406738648 2.7669358984236166e-05 0
1654406751955 2.907401022894134e-05 0
1654406765332 3.5514576134196604e-05 0
1654406778261 2.60039889515801e-05 0
1654406791298 2.8661293065353078e-05 0
1654406804494 2.172271670443252e-05 0
1654406817572 2.6548023527287642e-05 0
1654406831085 2.450891902410306e-05 0
1654406844311 4.193574620060502e-05 0
1654406857470 6.275700709773052e-05 0
1654406870600 2.9659681904096383e-05 0
1654406883639 1.9808844001707354e-05 0
1654406896781 1.7315516510125885e-05 0
1654406910127 1.7714384280112986e-05 0
1654406923417 1.5814424477161003e-05 0
1654406936854 1.7154490634143158e-05 0
1654406949893 1.5473387902626817e-05 0
1654406962981 1.3681726036148687e-05 0
1654406976149 1.4546944594374447e-05 0
1654406989386 1.6303791846604257e-05 0
1654407036073 0.18341716879153794 0
1654407051432 0.010998280007966564 0
1654407066919 0.0017254038854090914 0
1654407082471 0.001928485547269398 0
1654407097805 0.00847977576735283 0
1654407113143 0.0027695070252753288 0
1654407128738 0.0020457076487863553 0
1654407144188 0.001391965208507106 0
1654407159657 0.005214321425964088 0
1654407174903 0.0003298688317706367 0
1654407190212 0.00028097989329656025 0
1654407205369 0.0001266062766616525 0
1654407220667 0.00010696229488898188 0
1654407236295 0.00011371199263604871 0
1654407251372 6.0897670072591993e-05 0
1654407266932 7.990341814068733e-05 0
1654407282370 5.388277360781117e-05 0
1654407297743 4.5884280058481434e-05 0
1654407313300 4.100817284790212e-05 0
1654407328987 3.8718098811132444e-05 0
1654407344297 3.626881927038285e-05 0
1654407359820 3.5933422942636645e-05 0
1654407375327 3.657545079692e-05 0
1654407390732 3.0317185761823243e-05 0
1654407406101 3.405859411049921e-05 0
1654407421896 3.183915716537835e-05 0
1654407437394 2.7145453174476106e-05 0
1654407453142 2.7228704599432945e-05 0
1654407468600 2.4879674752213322e-05 0
1654407484115 2.6199624818090575e-05 0
1654407499836 2.5232400975140927e-05 0
1654407515235 2.7854581276187673e-05 0
1654407530784 2.2582499816173985e-05 0
1654407545969 2.5968524092150415e-05 0
1654407561115 2.4228955102486956e-05 0
1654407576638 2.0483381492431026e-05 0
1654407592284 3.5438084371944986e-05 0
1654407607708 2.1332030793548875e-05 0
1654407623062 2.1631992218526156e-05 0
1654407638534 2.3052716271599242e-05 0
1654407654288 1.9303789274829567e-05 0
1654407669747 1.7949616539854777e-05 0
1654407685589 1.81507703953533e-05 0
1654407700771 1.8146207987622658e-05 0
1654407716325 1.6726230711764375e-05 0
1654407731612 1.6805999239307623e-05 0
1654407746737 5.679233595623439e-05 0
1654407762260 2.7404241795868156e-05 0
1654407777676 2.1892437133619415e-05 0
1654407793216 3.531296684277793e-05 0
1654407846031 0.13300139515224685 0
1654407863586 0.012343627738621146 0
1654407881626 0.009591458063378182 0
1654407898980 0.0020021680467012773 0
1654407916246 0.0006128247414152611 0
1654407933851 0.00022141098507495472 0
1654407951754 0.00016902587635970865 0
1654407969604 0.0001411117954963567 0
1654407986905 0.0001377001538323335 0
1654408004234 0.00011762944788104309 0
1654408021474 0.00010681161029154212 0
1654408038706 9.751762233083161e-05 0
1654408056178 0.00010658394095257208 0
1654408074271 8.805444580559273e-05 0
1654408091897 8.181021674811291e-05 0
1654408109189 8.115839185292417e-05 0
1654408126644 7.728586921192153e-05 0
1654408144064 7.79235194437114e-05 0
1654408161289 7.384138370583494e-05 0
1654408178662 7.673501212326478e-05 0
1654408196023 6.844377721191976e-05 0
1654408213454 6.697636522641285e-05 0
1654408230897 9.080863702315206e-05 0
1654408248157 6.582052499131299e-05 0
1654408265437 6.0709741342215607e-05 0
1654408282702 6.418507581194328e-05 0
1654408300270 6.377072542072549e-05 0
1654408318091 5.743330569299891e-05 0
1654408335894 5.703072621490624e-05 0
1654408353896 5.911628560321774e-05 0
1654408371419 5.482171608164861e-05 0
1654408389323 5.6605084377819196e-05 0
1654408406949 5.637179668236418e-05 0
1654408424548 5.262884621390084e-05 0
1654408442363 5.136912382569239e-05 0
1654408459661 4.9990770916968006e-05 0
1654408477096 5.228306545124539e-05 0
1654408494381 4.875584281093301e-05 0
1654408511707 4.923874596464286e-05 0
1654408528934 4.948707406408139e-05 0
1654408546271 4.655423935990648e-05 0
1654408563709 4.759881746949795e-05 0
1654408581357 4.7062546043649625e-05 0
1654408599063 5.063815317348958e-05 0
1654408616662 4.870622319650094e-05 0
1654408634339 4.6250399349790825e-05 0
1654408651749 4.6551166919395984e-05 0
1654408669084 4.4870404716558466e-05 0
1654408686467 4.416004123451744e-05 0
1654408704186 4.4446587872179634e-05 0
1654408763672 0.241719840505946 0
1654408782899 0.03374766565609685 0
1654408802246 0.02920838790851673 0
1654408821391 0.01755709312034795 0
1654408840951 0.0032002388489511136 0
1654408859777 0.004699297724639728 0
1654408878891 0.0007357584258003935 0
1654408898055 0.005797316386739838 0
1654408917530 0.0040699047344133 0
1654408937035 0.0013863363896545729 0
1654408956717 0.00020606699873006515 0
1654408975875 0.00019809895980746805 0
1654408995350 0.0001783113629248187 0
1654409014864 0.00024374980128644426 0
1654409034290 0.000155997296384089 0
1654409053530 0.00020989113359486434 0
1654409073259 0.00013581161192097866 0
1654409092211 0.00012951419185259672 0
1654409111711 0.0011189928417121727 0
1654409131446 0.0002418603482530517 0
1654409150845 0.00014577750758141712 0
1654409170201 0.0001386131110419409 0
1654409189482 0.0001272489919982062 0
1654409209042 0.00011834376143736921 0
1654409228795 0.0001319603390773965 0
1654409248443 0.00011493049018129338 0
1654409267923 0.00012535056678336532 0
1654409287216 0.00011818807390620147 0
1654409306630 0.00011455225748370875 0
1654409326345 0.00011161067235553801 0
1654409346589 0.00010802137105859276 0
1654409366359 0.00010985800218932204 0
1654409385408 0.00010716528027255445 0
1654409404788 0.0001103007750312604 0
1654409423993 0.0001063469008533702 0
1654409443333 0.00010895541398800833 0
1654409462941 0.00010448868017204715 0
1654409482440 0.00010232440323900407 0
1654409501262 0.00010162448331421686 0
1654409520774 9.946971526178839e-05 0
1654409540351 0.00010019331574766869 0
1654409559544 9.952280344773342e-05 0
1654409579375 0.0011134155621810597 0
1654409598893 0.00014860822782180233 0
1654409618473 0.0013740876637240494 0
1654409637818 0.0001513269044975075 0
1654409657140 0.00013169962013738422 0
1654409676671 0.00011748275069556306 0
1654409696240 0.00010672759437336168 0
1654409715589 0.002266726234470372 0
1654409779929 0.12866591057418866 0
1654409801363 0.01595589177559181 0
1654409822342 0.008264762435735632 0
1654409843776 0.006555625112354032 0
1654409864912 0.005117707598406762 0
1654409885976 0.004483391427331501 0
1654409907230 0.01642925194150568 0
1654409928229 0.007153211204422758 0
1654409949223 0.005712965917708022 0
1654409970298 0.00491845546437591 0
1654409991709 0.010051029947148488 0
1654410012502 0.006808112876572001 0
1654410033431 0.00510062794492538 0
1654410054684 0.005375328478717445 0
1654410076066 0.004713072066006876 0
1654410097095 0.00405272925152836 0
1654410118019 0.003663125220746749 0
1654410139131 0.0033847720589089284 0
1654410160410 0.008093071027583417 0
1654410181517 0.009711268455990307 0
1654410202713 0.0063543695936585905 0
1654410223639 0.004950758412503852 0
1654410244874 0.004229429007581517 0
1654410266107 0.0038021014411813974 0
1654410287308 0.0034815282512307964 0
1654410308686 0.004009284588116529 0
1654410330254 0.0032331982056110057 0
1654410351214 0.0030969374296641768 0
1654410372318 0.0029540956750139773 0
1654410393738 0.016357398188859586 0
1654410415021 0.011786778261347311 0
1654410436737 0.006544762144605406 0
1654410458167 0.005516583153283 0
1654410479807 0.004727944535596865 0
1654410501826 0.00423451858377902 0
1654410523284 0.003945035077965864 0
1654410545184 0.003610565075976164 0
1654410566517 0.0033421041506077336 0
1654410587715 0.0031498221039757573 0
1654410609524 0.006131271518539133 0
1654410630638 0.012924815978166231 0
1654410652064 0.010350830131334653 0
1654410673642 0.007112795688132387 0
1654410694652 0.0059665515609917015 0
1654410715983 0.005068556559694617 0
1654410737896 0.004526378758602325 0
1654410759355 0.006777213942187249 0
1654410781370 0.005845105596797695 0
1654410802976 0.004615300501055549 0
1654410824452 0.004145524278825374 0
