1645570752703 2.3944836044311524 0
1645570760438 1.9232010112762452 0
1645570768112 1.6861989711761474 0
1645570775946 1.472667070865631 0
1645570783560 1.3233259631156922 0
1645570791228 1.162668382358551 0
1645570799053 1.0121390000343322 0
1645570806832 0.9027092252254486 0
1645570814520 0.7751097667694091 0
1645570822177 0.6906231144905091 0
1645570839718 2.0362841327667236 0
1645570848908 1.864835294532776 0
1645570857997 1.865722077178955 0
1645570867093 1.8831831344604493 0
1645570876217 1.9399160739898682 0
1645570885454 1.9863996601104736 0
1645570894553 1.9818585083007811 0
1645570903453 2.0766179862976073 0
1645570912344 2.1334784912109375 0
1645570921628 2.156289430999756 0
1645570940505 2.8090612380981446 0
1645570950879 2.6232256534576415 0
1645570961010 2.7108889320373537 0
1645570971303 2.7544385429382325 0
1645570981578 2.7644825302124025 0
1645570991563 2.8773079364776613 0
1645571001424 2.905030760574341 0
1645571011821 2.9911862907409668 0
1645571022008 3.0017569267272948 0
1645571032191 3.140897261047363 0
