1652742357322 0.1086 0
1652742361858 0.1402 0
1652742366293 0.1752 0
1652742370640 0.2022 0
1652742375272 0.2232 0
1652742386945 0.1524 0
1652742392141 0.2012 0
1652742397419 0.2436 0
1652742402629 0.2744 0
1652742408107 0.297 0
1652742420833 0.1306 0
1652742426811 0.1836 0
1652742432850 0.2044 0
1652742438937 0.2326 0
1652742444885 0.2456 0
1652742458604 0.15 0
1652742465005 0.212 0
1652742471513 0.2292 0
1652742477942 0.2544 0
1652742484154 0.266 0
1652742498654 0.1336 0
1652742505730 0.1786 0
1652742512561 0.2138 0
1652742519545 0.2426 0
1652742526534 0.2526 0
