1654312441455 1.0634098860873886 0
1654312456174 0.2937811413539415 0
1654312470414 0.1651157453210779 0
1654312484991 0.12127877699942723 0
1654312499733 0.11732094248793244 0
1654312514482 0.11034817505653677 0
1654312528575 0.08930950524657671 0
1654312543181 0.10384987941335516 0
1654312557501 0.1112984634358602 0
1654312571880 0.1141337108511303 0
1654312585988 0.07942665164153281 0
1654312600053 0.09213912431347712 0
1654312614329 0.0895902455800746 0
1654312628445 0.12027765742036847 0
1654312642714 0.062074465065272345 0
1654312657392 0.1256068713582069 0
1654312672066 0.07840970202402991 0
1654312686382 0.06401484108303372 0
1654312701266 0.07081199274162227 0
1654312715841 0.09781475477591108 0
1654312730386 0.034827404949219036 0
1654312744974 0.10630605709160289 0
1654312759489 0.06536546467308307 0
1654312773845 0.09566947654833483 0
1654312788196 0.07396019154903126 0
1654312802671 0.0600474271484821 0
1654312817148 0.04529620799320736 0
1654312831456 0.08366002474117036 0
1654312846351 0.09676982441438027 0
1654312860699 0.07371805264561782 0
1654312916037 0.30547234982074056 0
1654312956301 0.09138354023305026 0
1654312996293 0.06887867066371443 0
1654313036651 0.06099038456689598 0
1654313077316 0.09304681672977695 0
1654313117583 0.06624055160705905 0
1654313158370 0.06644799782023163 0
1654313199165 0.0910740076989951 0
1654313239561 0.08449812815743789 0
1654313280012 0.040915804117707635 0
1654313321388 0.06139243480312334 0
1654313362217 0.05834658675828857 0
1654313403156 0.09158734743435584 0
1654313443693 0.04954443591991504 0
1654313484501 0.10742691762935566 0
1654313525171 0.05625260769182336 0
1654313566045 0.05629716698474493 0
1654313607307 0.032295404405869345 0
1654313647756 0.07442510400718022 0
1654313688224 0.08402797798408984 0
1654313728990 0.04150027579034919 0
1654313769391 0.06318961694269488 0
1654313809825 0.03823298947365291 0
1654313850308 0.09544183859479435 0
1654313890225 0.04111265295613841 0
1654313930575 0.09537161787410121 0
1654313971017 0.04378258708093649 0
1654314011676 0.03867332877409009 0
1654314052066 0.07033856347355495 0
1654314092930 0.06936670648763153 0
1654314165388 0.17593895318500433 0
1654314206289 0.061890083581951236 0
1654314247189 0.05040099123311519 0
1654314288221 0.05426357495974369 0
1654314329607 0.07030998722272463 0
1654314370669 0.06461806041307386 0
1654314411613 0.04950929379080574 0
1654314452643 0.056417206298354214 0
1654314493742 0.03459695249071038 0
1654314534790 0.08386452926251692 0
1654314576014 0.025294515537798788 0
1654314617482 0.03047175075785029 0
1654314658329 0.09265764757191211 0
1654314699589 0.04124424275884555 0
1654314740685 0.07261208617969919 0
1654314782086 0.05123245060324058 0
1654314823186 0.02772105478062108 0
1654314863968 0.0059850653823232194 0
1654314904995 0.11321593860841835 0
1654314945969 0.0384562361282278 0
1654314987071 0.010327632331994588 0
1654315027652 0.09163863270058202 0
1654315068259 0.07016763709437979 0
1654315109087 0.06270458782872734 0
1654315149812 0.03556242517752582 0
1654315190287 0.06934829226913752 0
1654315230567 0.007758729678510417 0
1654315270967 0.0016912308852091908 0
1654315311320 6.897850298413571e-06 0
1654315351782 0.11066959474378683 0
1654315438488 0.4138449681887777 0
1654315478672 0.17097272765644803 0
1654315519182 0.121392795110371 0
1654315560111 0.09688827218473739 0
1654315600772 0.1201233289260204 0
1654315641817 0.07890276407795857 0
1654315682683 0.08103380044739208 0
1654315723757 0.11779023946150805 0
1654315764338 0.07804787310150955 0
1654315804804 0.10176753484202718 0
1654315845524 0.07500134880783516 0
1654315886383 0.09253680224412579 0
1654315927343 0.06508488362189087 0
1654315968452 0.08246710120642849 0
1654316009374 0.09990867046072419 0
1654316050486 0.04543541376141885 0
1654316091224 0.09313730480485241 0
1654316132162 0.09268817522030312 0
1654316173184 0.05250039954497306 0
1654316214038 0.09905738945939628 0
1654316255102 0.0774533171099961 0
1654316296264 0.03706378298339088 0
1654316337318 0.0988694197574696 0
1654316378427 0.08383883658701113 0
1654316419456 0.058780627177347944 0
1654316460497 0.09038814090419635 0
1654316501481 0.07359287678327149 0
1654316542523 0.0773546269926131 0
1654316583659 0.08596118038107063 0
1654316624713 0.04327219125788706 0
1654316728994 0.2033553354130097 0
1654316770316 0.06210356303734678 0
1654316811728 0.05057040809715713 0
1654316853028 0.033064628696668895 0
1654316894561 0.06878952545440525 0
1654316936047 0.04025673870494046 0
1654316977798 0.04704462745747465 0
1654317019343 0.07147378808096476 0
1654317060919 0.04566853934568412 0
1654317102506 0.04785670260187598 0
1654317144141 0.07699432252397442 0
1654317186305 0.009439599933600787 0
1654317227908 0.0008038536289823653 0
1654317269805 0.009074759915326427 0
1654317311565 0.15704205298090337 0
1654317353122 0.05909550341217502 0
1654317394721 0.04117293347130319 0
1654317436362 0.03743133951170618 0
1654317478165 0.0043256139436927505 0
1654317520089 0.026399367976268975 0
1654317561804 0.10407661757655898 0
1654317603640 0.06479183459033769 0
1654317645390 0.059543574918479156 0
1654317687150 0.003788898874579806 0
1654317728531 0.12785304297710476 0
1654317770008 0.04248807062826755 0
1654317811438 0.0457657845196296 0
1654317852790 0.020583374998543128 0
1654317894487 0.05054007804824636 0
1654317935986 0.02690221735740172 0
