1654693623510 0.5699718382618592 0
1654693637913 0.11716981155596023 0
1654693652464 0.0720970983993817 0
1654693667027 0.060729100394158075 0
1654693681310 0.05155020194992225 0
1654693725517 0.22776400920506953 0
1654693763752 0.06307882885810072 0
1654693801874 0.053340320411526726 0
1654693840144 0.03440601157242382 0
1654693878380 0.03826843453548893 0
1654693925019 0.1713576697668428 0
1654693962324 0.04552269328497504 0
1654693999982 0.04378419343186302 0
1654694037668 0.037321048265753755 0
1654694075309 0.027087823159647584 0
1654694125803 0.3330703845415931 0
1654694163094 0.09805715669193878 0
1654694200232 0.06688211260870633 0
1654694237652 0.07282500171343745 0
1654694274904 0.05253069818092159 0
1654694332226 0.13695607088282089 0
1654694369320 0.029933391045259328 0
1654694406652 0.036792667916117794 0
1654694443866 0.028408995500780652 0
1654694481088 0.021492356902109773 0
