1651708856065 0.626 0
1651708858845 0.7824 0
1651708861656 0.8456 0
1651708864415 0.8836 0
1651708867265 0.8848 0
1651708870106 0.888 0
1651708872918 0.9412 0
1651708875759 0.946 0
1651708878546 0.9444 0
1651708881428 0.958 0
1651708886528 0.7626 0
1651708891487 0.8598 0
1651708896416 0.9064 0
1651708901397 0.9114 0
1651708906383 0.9324 0
1651708911501 0.9454 0
1651708916356 0.9386 0
1651708921413 0.9444 0
1651708926409 0.9598 0
1651708931300 0.957 0
1651708939003 0.7990666666666667 0
1651708946318 0.8684 0
1651708953701 0.8938666666666667 0
1651708961035 0.9078666666666667 0
1651708968364 0.9216 0
1651708975672 0.9333333333333333 0
1651708983068 0.9468 0
1651708990197 0.9465333333333333 0
1651708997500 0.9494666666666667 0
1651709004773 0.9484 0
1651709015000 0.8751 0
1651709024744 0.9145 0
1651709034284 0.9258 0
1651709043959 0.9353 0
1651709053667 0.9415 0
1651709063201 0.9477 0
1651709073035 0.9541 0
1651709082642 0.962 0
1651709092299 0.9648 0
1651709102044 0.9641 0
1651709114797 0.89064 0
1651709126640 0.91888 0
1651709138700 0.9268 0
1651709150650 0.93248 0
1651709163100 0.93856 0
1651709175228 0.94896 0
1651709187454 0.95432 0
1651709199876 0.95768 0
1651709211851 0.96336 0
1651709223864 0.96176 0
1651709239461 0.8989333333333334 0
1651709253973 0.9274 0
1651709268998 0.9304666666666667 0
1651709283579 0.9400666666666667 0
1651709298018 0.9506 0
1651709312636 0.9490666666666666 0
1651709327182 0.9632666666666667 0
1651709341959 0.9656666666666667 0
1651709356540 0.9666666666666667 0
1651709371312 0.9672 0
1651709389934 0.9233142857142858 0
1651709407315 0.9384 0
1651709424690 0.9440571428571428 0
1651709442229 0.9499428571428571 0
1651709459703 0.9550857142857143 0
1651709477223 0.9549714285714286 0
1651709494729 0.9581714285714286 0
1651709512004 0.9668 0
1651709529496 0.9680571428571428 0
1651709546541 0.9689142857142857 0
1651709567824 0.9328 0
1651709588068 0.94795 0
1651709608182 0.9514 0
1651709628587 0.95745 0
1651709648626 0.9618 0
1651709668793 0.96575 0
1651709688733 0.96885 0
1651709708350 0.9696 0
1651709728508 0.97085 0
1651709748446 0.97365 0
1651709773313 0.9371111111111111 0
1651709796241 0.9531555555555555 0
1651709819810 0.9601333333333333 0
1651709842677 0.9611111111111111 0
1651709865433 0.9703111111111111 0
1651709888800 0.966 0
1651709912130 0.9726666666666667 0
1651709935128 0.9766222222222222 0
1651709958018 0.9746666666666667 0
1651709980851 0.9796888888888889 0
1651710008640 0.94252 0
1651710034397 0.95888 0
1651710060374 0.96296 0
1651710086026 0.97056 0
1651710112583 0.97144 0
1651710138859 0.97452 0
1651710164552 0.97544 0
1651710190850 0.97544 0
1651710216853 0.97892 0
1651710242893 0.98144 0
1651710274032 0.960690909090909 0
1651710302870 0.9698909090909091 0
1651710331948 0.9728363636363636 0
1651710360943 0.9733818181818182 0
1651710390262 0.9796363636363636 0
1651710419638 0.9773454545454545 0
1651710449154 0.9809818181818182 0
1651710478216 0.9787272727272728 0
1651710506955 0.9802181818181818 0
1651710536664 0.9827272727272728 0
1651710570816 0.9553666666666667 0
1651710603189 0.9676333333333333 0
1651710635841 0.9758 0
1651710667541 0.9761 0
1651710699214 0.9769 0
1651710730888 0.9793 0
1651710763510 0.9802333333333333 0
1651710796364 0.9832333333333333 0
1651710828568 0.9811666666666666 0
1651710860749 0.9825333333333334 0
1651710898949 0.9458769230769231 0
1651710934100 0.9574153846153847 0
1651710968296 0.9655692307692307 0
1651711003673 0.9663384615384616 0
1651711038981 0.9703076923076923 0
1651711074540 0.9721538461538461 0
1651711110576 0.9759076923076923 0
1651711145645 0.9761538461538461 0
1651711180641 0.9790769230769231 0
1651711215995 0.9788307692307693 0
1651711257928 0.9534 0
1651711296835 0.9644285714285714 0
1651711335363 0.9684571428571429 0
1651711373924 0.971 0
1651711411908 0.9745714285714285 0
1651711450124 0.9750857142857143 0
1651711488357 0.9772285714285714 0
1651711527285 0.9778857142857142 0
1651711565450 0.9819714285714286 0
1651711604348 0.9791142857142857 0
1651711649767 0.954 0
1651711691538 0.96592 0
1651711733062 0.9685066666666666 0
1651711775344 0.97264 0
1651711817207 0.9745333333333334 0
1651711858572 0.9756266666666666 0
1651711899963 0.97832 0
1651711941550 0.97864 0
1651711983230 0.9808266666666666 0
1651712025368 0.9819466666666666 0
1651712074033 0.9635 0
1651712118451 0.970025 0
1651712163445 0.973425 0
1651712208524 0.977 0
1651712253312 0.97845 0
1651712298208 0.9798 0
1651712342824 0.9799 0
1651712387709 0.9807 0
1651712432367 0.98035 0
1651712477418 0.98315 0
1651712528556 0.9620705882352941 0
1651712577141 0.9726823529411764 0
1651712625276 0.9742823529411765 0
1651712672599 0.9764235294117647 0
1651712720945 0.9779058823529412 0
1651712768053 0.9795294117647059 0
1651712815850 0.9822823529411765 0
1651712864005 0.9802588235294117 0
1651712912491 0.9805882352941176 0
1651712961272 0.982964705882353 0
1651713017068 0.9653333333333334 0
1651713067919 0.9742444444444445 0
1651713120201 0.9744444444444444 0
1651713171821 0.9780444444444445 0
1651713223510 0.9790666666666666 0
1651713274561 0.9798666666666667 0
1651713326379 0.9777333333333333 0
1651713378161 0.9818222222222223 0
1651713429835 0.9816444444444444 0
1651713481459 0.9829111111111111 0
1651713539190 0.9751157894736842 0
1651713593381 0.9806947368421053 0
1651713646532 0.9804421052631579 0
1651713701276 0.9822526315789474 0
1651713756088 0.9821894736842105 0
1651713810996 0.9820421052631579 0
1651713865772 0.9844421052631579 0
1651713920840 0.9851578947368421 0
1651713975828 0.984757894736842 0
1651714030890 0.9831578947368421 0
1651714093609 0.96542 0
1651714151465 0.97236 0
1651714209469 0.97526 0
1651714266738 0.97564 0
1651714324434 0.97932 0
1651714382266 0.97838 0
1651714440198 0.9795 0
1651714498023 0.98218 0
1651714555565 0.98144 0
1651714612721 0.97998 0
