1652705014885 2.219973472595215 0
1652705020449 1.9208544609069824 0
1652705026278 1.696337568283081 0
1652705031952 1.5236045476913451 0
1652705037540 1.402205324935913 0
1652705043136 1.295954518699646 0
1652705048746 1.1657408394813538 0
1652705054288 1.1012720582962037 0
1652705059807 1.0288717695236207 0
1652705065509 0.9819945693016052 0
1652705071043 0.8989943895339966 0
1652705076654 0.8658410017967224 0
1652705082322 0.7849265228271485 0
1652705087887 0.7470099311828613 0
1652705093487 0.683435311126709 0
1652705099049 0.6887659406661988 0
1652705104622 0.6448690710067749 0
1652705110212 0.5424937242507935 0
1652705115893 0.5510814051628112 0
1652705121564 0.5138434639453888 0
1652705127220 0.4894862805366516 0
1652705132610 0.4697882351398468 0
1652705138285 0.40097695413827894 0
1652705143849 0.41000054941177366 0
1652705149399 0.40007476185560226 0
1652705154997 0.32450351078510287 0
1652705160765 0.34518626847267153 0
1652705166397 0.32372580127716066 0
1652705172002 0.2961051401615143 0
1652705177649 0.2690293641269207 0
1652705183339 0.25945752568244934 0
1652705188963 0.25178175485134124 0
1652705194581 0.23226846715211868 0
1652705200329 0.25743882921040057 0
1652705205942 0.1867381261587143 0
1652705211546 0.2086029825925827 0
1652705217289 0.21721638669967652 0
1652705222911 0.2011031649850309 0
1652705228489 0.19091615217924118 0
1652705233839 0.1664472060918808 0
1652705239417 0.1230645996272564 0
1652705244847 0.18166057695150375 0
1652705250355 0.15862017587870358 0
1652705255926 0.13834700160324573 0
1652705261769 0.2500262286424637 0
1652705267408 0.14044513722658158 0
1652705272943 0.12579584749937056 0
1652705278448 0.128543689006567 0
1652705283868 0.09801822290718555 0
1652705289523 0.10949927911162377 0
1652705299358 1.9872917434692383 0
1652705308424 1.5731013996124268 0
1652705317659 1.3897281433105468 0
1652705326693 1.2411741722106933 0
1652705335607 1.1067297399520875 0
1652705344684 0.996441787815094 0
1652705353773 0.9090431261062623 0
1652705363016 0.7851998142242431 0
1652705372254 0.6972079999446869 0
1652705381426 0.600456385421753 0
1652705390665 0.551938655757904 0
1652705399674 0.4798504637002945 0
1652705408675 0.4004937078475952 0
1652705417893 0.4220722195148468 0
1652705427059 0.3487012686371803 0
1652705436203 0.29551039299964904 0
1652705445167 0.27844326137900355 0
1652705454376 0.2663667033791542 0
1652705463305 0.24734624044895173 0
1652705472405 0.21929984781742096 0
1652705481352 0.2275515965461731 0
1652705490585 0.22442169638872148 0
1652705499469 0.17888139325380326 0
1652705508488 0.17610972440242767 0
1652705517586 0.17812229622900486 0
1652705526718 0.1729326935529709 0
1652705535807 0.16563153772354125 0
1652705544974 0.18054504544734956 0
1652705554150 0.15326550874710082 0
1652705563337 0.1612395599603653 0
1652705572659 0.1533739014863968 0
1652705581792 0.1474550316631794 0
1652705590742 0.11503129813075065 0
1652705599879 0.10590174774304033 0
1652705608762 0.1243385986328125 0
1652705617942 0.15807477459684013 0
1652705627003 0.12698000106811524 0
1652705636001 0.12454932287931442 0
1652705645252 0.1330605195235461 0
1652705654497 0.10759177005216479 0
1652705663674 0.10642530344352126 0
1652705672755 0.13987301298379898 0
1652705682017 0.08990113975405693 0
1652705691139 0.09548707869201899 0
1652705700272 0.09761349494159222 0
1652705709444 0.11636631471812725 0
1652705718748 0.10942267274335027 0
1652705727984 0.10327631672173739 0
1652705737051 0.10038901951313019 0
1652705746398 0.09478316005915403 0
1652705757631 1.6392589551925658 0
1652705768075 1.2591308645248414 0
1652705778237 1.0773469877243043 0
1652705788644 0.9867487685203552 0
1652705798942 0.8107847896099091 0
1652705809167 0.7422008182525635 0
1652705819500 0.6554759517431259 0
1652705829873 0.5897378098487854 0
1652705840448 0.513789241218567 0
1652705850578 0.4507396628141403 0
1652705861012 0.4059080251693726 0
1652705871398 0.3532994195699692 0
1652705881728 0.3218804208278656 0
1652705892115 0.28740393643379214 0
1652705902459 0.24866889529228212 0
1652705912860 0.2633847757101059 0
1652705923113 0.23367093502283096 0
1652705933460 0.2056826004743576 0
1652705944081 0.2097388125449419 0
1652705954428 0.17639322360754012 0
1652705964856 0.18046427131891252 0
1652705975148 0.14998880558609962 0
1652705985489 0.14853818912506103 0
1652705996072 0.15377416212558748 0
1652706006311 0.15591343893408777 0
1652706016995 0.1474592523276806 0
1652706027288 0.1331274988040328 0
1652706037655 0.14416529200077058 0
1652706047874 0.11940210388898849 0
1652706058208 0.10027029982358217 0
1652706068512 0.14441876375973225 0
1652706078915 0.11747755025029183 0
1652706089175 0.10590200791656972 0
1652706099353 0.08923101329803466 0
1652706109550 0.10706350381970406 0
1652706120277 0.09860434620324522 0
1652706130731 0.09687335838526487 0
1652706141125 0.10526105960011482 0
1652706151467 0.1305121849745512 0
1652706161930 0.09752820211201907 0
1652706172153 0.0989892780393362 0
1652706182538 0.09202684626355767 0
1652706192734 0.10121425573825836 0
1652706203102 0.0873001192796044 0
1652706213329 0.07925744538009166 0
1652706223734 0.0880079678222537 0
1652706234118 0.11069818642437458 0
1652706244442 0.07443664564937354 0
1652706254904 0.09506850652098656 0
1652706265173 0.05902926809340715 0
1652706278238 1.7214086252212524 0
1652706290422 1.4148559141159058 0
1652706302272 1.2383248269081115 0
1652706314236 1.1510452350616456 0
1652706325976 1.0292528943538666 0
1652706337524 0.8879755332946777 0
1652706349096 0.8171433099746704 0
1652706360936 0.7640659404754638 0
1652706372789 0.6423314589500427 0
1652706384824 0.5832571659564972 0
1652706396693 0.5323181684494018 0
1652706408315 0.4248893196582794 0
1652706419962 0.4004570560455322 0
1652706431711 0.38567791986465455 0
1652706443452 0.32390158829689025 0
1652706455321 0.25470641214847567 0
1652706467142 0.25602324540615085 0
1652706479211 0.2611393824219704 0
1652706491053 0.2131014160513878 0
1652706502891 0.20245053188800813 0
1652706514991 0.21224742752313613 0
1652706526766 0.19017171531915664 0
1652706538603 0.162289358407259 0
1652706550428 0.1281544596195221 0
1652706562149 0.13515697055459022 0
1652706573976 0.16767944939136506 0
1652706585588 0.14467987348437308 0
1652706597311 0.15957543858587742 0
1652706609004 0.17110620531737805 0
1652706620862 0.13781367306411266 0
1652706632698 0.1319110402226448 0
1652706644650 0.1271344796359539 0
1652706656281 0.11897713916301728 0
1652706668014 0.1520958755582571 0
1652706679722 0.109852418795228 0
1652706691602 0.11314987928420306 0
1652706703497 0.10096976200640202 0
1652706715447 0.10571851680874825 0
1652706727424 0.11776934976279736 0
1652706739313 0.1015240098118782 0
1652706751261 0.10933110129982233 0
1652706763107 0.09551539528891444 0
1652706775123 0.09008801447451115 0
1652706786827 0.09148597622103989 0
1652706798691 0.10617681047171354 0
1652706810607 0.09573631616160273 0
1652706822409 0.07854096813201904 0
1652706834218 0.09869473509192467 0
1652706846219 0.0978676954254508 0
1652706858049 0.09692371415700764 0
1652706873366 1.800186264038086 0
1652706886400 1.4057416370391846 0
1652706899460 1.2462479837417602 0
1652706912894 1.0965327150344848 0
1652706926368 1.0100009013175963 0
1652706939393 0.9056042808532715 0
1652706952793 0.8340428646087646 0
1652706966043 0.7068598810195923 0
1652706979113 0.6264006675720215 0
1652706992473 0.5466410437583923 0
1652707005899 0.4890125585317612 0
1652707019253 0.4217742731809616 0
1652707032675 0.35488697423934934 0
1652707045836 0.3631980999946594 0
1652707059021 0.3139881505250931 0
1652707071838 0.29801991035938263 0
1652707084748 0.2533234809100628 0
1652707098055 0.23812586033344268 0
1652707111365 0.2248307273387909 0
1652707124623 0.19590809824466704 0
1652707137672 0.21983644058704377 0
1652707150927 0.2249801836490631 0
1652707164236 0.16420972151756286 0
1652707177409 0.15581980156898498 0
1652707190603 0.1472735028386116 0
1652707203699 0.15429477059841157 0
1652707216888 0.14847146419286728 0
1652707230110 0.169101538336277 0
1652707243370 0.14731171818375588 0
1652707256556 0.1672507416665554 0
1652707269650 0.12278201948404312 0
1652707282852 0.10633315271139145 0
1652707296149 0.12585238888859748 0
1652707309166 0.10678949188441038 0
1652707322397 0.11106447051614524 0
1652707335673 0.10512668435573577 0
1652707348875 0.14559250583946706 0
1652707362356 0.13573559052972123 0
1652707375907 0.11358284158110618 0
1652707389017 0.09883675771728158 0
1652707402181 0.08050037278831006 0
1652707415384 0.09071530677229166 0
1652707428831 0.09065593520179391 0
1652707442040 0.10577073310315609 0
1652707455328 0.12489940367639064 0
1652707468724 0.11541003260910511 0
1652707481844 0.09857258857414126 0
1652707495033 0.09226525354087353 0
1652707508274 0.09957174291014671 0
1652707521475 0.10197883722633123 0
1652707539135 1.7818488113403321 0
1652707553863 1.4381571918487548 0
1652707568643 1.2943626420974732 0
1652707583447 1.2108454946517944 0
1652707598143 1.0737825868606568 0
1652707612794 0.9893364822387696 0
1652707627513 0.8767599958419799 0
1652707642306 0.7961547077178955 0
1652707657031 0.6971651288032532 0
1652707671823 0.6224370029449463 0
1652707686546 0.5670008653640747 0
1652707701478 0.4965592960357666 0
1652707716290 0.41584089493751525 0
1652707731205 0.3680529839038849 0
1652707745995 0.3431357645452023 0
1652707760877 0.3004490263223648 0
1652707775695 0.31239956448078154 0
1652707790505 0.25876200896203516 0
1652707805439 0.22330375847816467 0
1652707820339 0.22557755104899407 0
1652707835008 0.19361727687120436 0
1652707849684 0.2343702633500099 0
1652707864397 0.20168400363326072 0
1652707879059 0.17796485930681227 0
1652707893826 0.2027289038181305 0
1652707908722 0.17657365473806858 0
1652707923446 0.17229152604937553 0
1652707938390 0.16344152758717537 0
1652707953381 0.11781019074320793 0
1652707968273 0.14612080283164977 0
1652707982928 0.13161220647096633 0
1652707998059 0.14109089132547378 0
1652708012835 0.15467891982197762 0
1652708027640 0.14476982445716857 0
1652708042483 0.13396303487420083 0
1652708057294 0.12840861834585668 0
1652708072122 0.13331035637557506 0
1652708087346 0.10282514383494853 0
1652708102360 0.13383834579586984 0
1652708117165 0.11083754606544971 0
1652708131913 0.10705811214148998 0
1652708146855 0.11870451290309429 0
1652708161382 0.11571962446570397 0
1652708176299 0.11971333458125591 0
1652708190931 0.11992521773874759 0
1652708205544 0.10518562164604664 0
1652708220247 0.09604494942128658 0
1652708235127 0.09974719746857881 0
1652708249845 0.11865200744569301 0
1652708264668 0.0955729992672801 0
1652708284874 1.7251068544387818 0
1652708301331 1.3791219293594361 0
1652708317595 1.246734076309204 0
1652708333776 1.1444631734848023 0
1652708349991 1.0554192094802857 0
1652708366463 0.9408395579338074 0
1652708382761 0.8602351885795593 0
1652708398900 0.7676372618675232 0
1652708415236 0.6906732050895691 0
1652708431125 0.5799723664283752 0
1652708447760 0.5109812765598297 0
1652708463813 0.5051058730602265 0
1652708479904 0.41602817826271055 0
1652708496231 0.3726089833021164 0
1652708512507 0.33546308557987214 0
1652708528757 0.2894445144176483 0
1652708544922 0.24319111189842224 0
1652708561348 0.25157447504997255 0
1652708577651 0.2620688248157501 0
1652708594082 0.21702707683742045 0
1652708610220 0.2009364104628563 0
1652708626469 0.1827871440768242 0
1652708642657 0.17071298785209657 0
1652708658964 0.18383992627859116 0
1652708675211 0.1819868196159601 0
1652708691289 0.15869907658696175 0
1652708707363 0.12099337985217572 0
1652708724289 0.13149810373187065 0
1652708740309 0.1733668384283781 0
1652708756575 0.14403644078969954 0
1652708772816 0.12442403638362884 0
1652708788606 0.12753941277265549 0
1652708805126 0.12137041921019553 0
1652708821445 0.13294671607613565 0
1652708837813 0.12571981282830239 0
1652708854127 0.14813186872601508 0
1652708870271 0.11246360876560212 0
1652708886551 0.1178538719534874 0
1652708902774 0.12114208289533854 0
1652708919211 0.1122500192835927 0
1652708935377 0.08937091734707356 0
1652708951453 0.11354414380788803 0
1652708967505 0.09784354511797429 0
1652708983842 0.11798174075782299 0
1652709000052 0.08505717587769032 0
1652709016505 0.08997060740068555 0
1652709032703 0.07305019680261612 0
1652709048656 0.09118553104074671 0
1652709064856 0.08833034462332726 0
1652709081070 0.10457604208141566 0
1652709103656 1.7790808557510376 0
1652709121347 1.3461410703659058 0
1652709138977 1.2026314544677734 0
1652709156770 1.057505931377411 0
1652709174404 0.9640539488792419 0
1652709191928 0.869605018234253 0
1652709209798 0.7940598680496216 0
1652709227463 0.7027017570495605 0
1652709245083 0.6192061771392823 0
1652709262596 0.5176894696235657 0
1652709280178 0.48461416444778443 0
1652709298027 0.41521597323417664 0
1652709315967 0.360995990562439 0
1652709333410 0.3603891395568848 0
1652709350879 0.30314011211395264 0
1652709368879 0.2564195514202118 0
1652709386496 0.2495929050564766 0
1652709404357 0.23034291267395018 0
1652709421895 0.19551710896492006 0
1652709439482 0.2003235981464386 0
1652709457165 0.17631990647912024 0
1652709474933 0.18265269556045532 0
1652709492815 0.16316486529111862 0
1652709510351 0.1634926028072834 0
1652709528033 0.16149626453220844 0
1652709545641 0.14727865512222052 0
1652709563574 0.1351881440937519 0
1652709581219 0.13366901639699935 0
1652709599138 0.1345859355032444 0
1652709616999 0.11946301949620247 0
1652709634695 0.13164527445733548 0
1652709652416 0.12134013772904872 0
1652709669890 0.1735299687743187 0
1652709687649 0.1257638543367386 0
1652709705521 0.12264979555606842 0
1652709723046 0.11428370452523232 0
1652709741100 0.1380881166636944 0
1652709758697 0.1340358247220516 0
1652709776531 0.09703425148129463 0
1652709794226 0.08894005006551743 0
1652709811869 0.1112781396150589 0
1652709829474 0.10894169547855855 0
1652709847287 0.08264123080968856 0
1652709864609 0.11807269887067377 0
1652709882807 0.08678431026935578 0
1652709900581 0.0954396536014974 0
1652709918258 0.08091237627267837 0
1652709936185 0.06266590567529201 0
1652709953908 0.08716107267737389 0
1652709971544 0.10310330421179532 0
1652709997057 1.7667313293457032 0
1652710016113 1.411773341178894 0
1652710035183 1.252832476043701 0
1652710054268 1.1267921741485596 0
1652710073646 1.021823664855957 0
1652710092940 0.9152782077789307 0
1652710111939 0.8399622407913208 0
1652710131026 0.7392991822242737 0
1652710150068 0.6581331231117249 0
1652710169167 0.5753797540187836 0
1652710188162 0.5425667778015136 0
1652710207467 0.46576511030197143 0
1652710226630 0.41584236917495726 0
1652710245717 0.3657595754146576 0
1652710265282 0.3382519151210785 0
1652710284478 0.2964165494441986 0
1652710303749 0.2568970428824425 0
1652710323100 0.25615649812221525 0
1652710342291 0.22978031488656997 0
1652710361423 0.20114258728027343 0
1652710380554 0.19662998830974102 0
1652710399545 0.20205370346307755 0
1652710418917 0.18670549660921096 0
1652710438184 0.1639965225815773 0
1652710457174 0.16076504411697387 0
1652710476355 0.15998052163124085 0
1652710495338 0.1675596192061901 0
1652710514347 0.15649518322348593 0
1652710533439 0.141183648198843 0
1652710552463 0.16409508616924287 0
1652710571784 0.1266399387538433 0
1652710590988 0.13186557648181915 0
1652710610106 0.13276186456382275 0
1652710629374 0.1359925553303212 0
1652710648502 0.12184740370213985 0
1652710667704 0.10249889712929726 0
1652710686686 0.10486012367010117 0
1652710705807 0.11811377194225788 0
1652710724595 0.11394217059761286 0
1652710743877 0.09272700821757317 0
1652710763076 0.10784684132635593 0
1652710782171 0.11144419802175835 0
1652710801631 0.10072152795344591 0
1652710820691 0.10529927108585835 0
1652710839999 0.11744948480427266 0
1652710859470 0.09256021447479724 0
1652710878292 0.07926724887564779 0
1652710897337 0.10223657288104296 0
1652710916364 0.10928433541134 0
1652710935374 0.0886812388703227 0
1652710963569 1.4554910221099853 0
1652710984220 1.0679692399024963 0
1652711004719 0.9102763339996338 0
1652711025494 0.8206538402557373 0
1652711046285 0.684497405385971 0
1652711066884 0.6367427156448364 0
1652711087374 0.5562679944992065 0
1652711107775 0.49890281410217285 0
1652711128385 0.4559749084472656 0
1652711149174 0.3821643028259277 0
1652711169946 0.3291788249015808 0
1652711190606 0.2711933860898018 0
1652711211023 0.30021585552692415 0
1652711231568 0.249825249171257 0
1652711252148 0.21562203512191772 0
1652711272557 0.21998545880317688 0
1652711293015 0.17305086790174246 0
1652711313431 0.1423374078989029 0
1652711334197 0.17349389560520648 0
1652711354798 0.1330649912059307 0
1652711375571 0.14025754479169847 0
1652711396242 0.13436211593151093 0
1652711416913 0.15734793389439583 0
1652711437407 0.16229553634002805 0
1652711457961 0.1400023492217064 0
1652711478424 0.12768916277885436 0
1652711499103 0.0987879714474082 0
1652711519599 0.11793806599080563 0
1652711540284 0.12027883335649968 0
1652711560858 0.10036285477876664 0
1652711581622 0.09137465144693852 0
1652711602364 0.09372696846351028 0
1652711622921 0.09865678632110357 0
1652711643277 0.08195472564250231 0
1652711663668 0.10204776676446199 0
1652711684380 0.08255119168013335 0
1652711705042 0.09366306127756834 0
1652711725758 0.08797863518297672 0
1652711746185 0.10108639899045228 0
1652711766688 0.09639133852347731 0
1652711787080 0.06514091484695674 0
1652711807550 0.08989940786510706 0
1652711828215 0.07028496358897537 0
1652711848643 0.06398096653046087 0
1652711869244 0.07123939366340637 0
1652711889827 0.08619424831196666 0
1652711910758 0.09174129919484257 0
1652711931404 0.0619213180243969 0
1652711951844 0.05929041084051132 0
1652711972305 0.07973100560829044 0
1652712003362 1.7981341705322265 0
1652712025442 1.4144468900680542 0
1652712047333 1.2468803619384765 0
1652712069384 1.1579327465057374 0
1652712091412 1.0457080255508422 0
1652712113634 0.9341009023666382 0
1652712135584 0.8587266913414001 0
1652712157502 0.7382567193031311 0
1652712179441 0.6902990297317505 0
1652712201942 0.5955284634590149 0
1652712224262 0.5411707127571106 0
1652712246584 0.4693303742170334 0
1652712268427 0.3640615162372589 0
1652712290479 0.3669314069509506 0
1652712312539 0.3525695273399353 0
1652712334379 0.28512213468551634 0
1652712356380 0.2920055463790894 0
1652712378421 0.228821423317492 0
1652712400644 0.23377847314178943 0
1652712422821 0.2039961329638958 0
1652712444699 0.18137008836269378 0
1652712466852 0.2189744082212448 0
1652712488901 0.19065390622615813 0
1652712511011 0.18516176388263703 0
1652712533058 0.15457990435361862 0
1652712555182 0.15371784201264382 0
1652712577143 0.1487559711664915 0
1652712599069 0.16465345387756825 0
1652712621294 0.16581738900840282 0
1652712643310 0.12880919575095176 0
1652712665462 0.12838349824547768 0
1652712687464 0.11096975455582142 0
1652712709908 0.1046596209730953 0
1652712732033 0.13077619054317474 0
1652712753784 0.1119037505671382 0
1652712775807 0.11211535794660449 0
1652712798012 0.11420190214663745 0
1652712820012 0.13340582502484322 0
1652712841769 0.11235269216299057 0
1652712863702 0.1184385753929615 0
1652712885748 0.09215645578727126 0
1652712907883 0.09458776973634958 0
1652712930047 0.10975775247067213 0
1652712951995 0.0942471982061863 0
1652712973936 0.11454361657500267 0
1652712996079 0.11021025556325913 0
1652713018170 0.11263425485640764 0
1652713039954 0.09824114845097065 0
1652713061808 0.09962195684341714 0
1652713083920 0.0776295800447464 0
1652713118628 1.753618400478363 0
1652713141953 1.3937121402740478 0
1652713165524 1.2739201446533204 0
1652713188964 1.143808834838867 0
1652713212280 1.028229788684845 0
1652713235753 0.9436445302009583 0
1652713259149 0.8720332341194152 0
1652713282807 0.7439911195755005 0
1652713306503 0.6804372333526612 0
1652713330006 0.5682440773963928 0
1652713353469 0.5371771193504333 0
1652713376841 0.44562891120910647 0
1652713400390 0.4041499909877777 0
1652713423829 0.3631686002731323 0
1652713447418 0.3478663969993591 0
1652713471088 0.29128118636608125 0
1652713494661 0.2516918527126312 0
1652713517934 0.24130778539180756 0
1652713541391 0.23178941024541855 0
1652713565017 0.18676552282571793 0
1652713588982 0.1833255413889885 0
1652713612353 0.18130166227817535 0
1652713636167 0.16181547712087632 0
1652713659491 0.17493631937801837 0
1652713682646 0.17504413830041884 0
1652713706163 0.15147140600681305 0
1652713729517 0.15571992567777634 0
1652713753007 0.1552298675298691 0
1652713776583 0.1332490455329418 0
1652713800219 0.13823098745346069 0
1652713823553 0.10983677486479282 0
1652713846917 0.10349150667786598 0
1652713870194 0.14195154722929001 0
1652713893766 0.14266163939535617 0
1652713917172 0.13422478519678116 0
1652713940635 0.10400935144424439 0
1652713964130 0.11181233276519924 0
1652713987697 0.09750839840173721 0
1652714011424 0.12747963081598282 0
1652714034952 0.11006799195408822 0
1652714058424 0.10399273871625773 0
1652714082188 0.086002032533288 0
1652714105522 0.0772857570528984 0
1652714129108 0.11009846151620149 0
1652714152490 0.1247518173366785 0
1652714175970 0.09004754394590854 0
1652714199369 0.10990899121910333 0
1652714223172 0.10818544998466968 0
1652714246518 0.09604310012310743 0
1652714270392 0.08647421357631684 0
1652714308242 1.5919491228103637 0
1652714333116 1.2182618195533752 0
1652714358217 1.0659729774475097 0
1652714383001 0.9627838817596436 0
1652714408245 0.8793215854644776 0
1652714432965 0.7824267475128174 0
1652714458062 0.7015249616146088 0
1652714482891 0.6090836946487427 0
1652714507740 0.5151281984329223 0
1652714532937 0.4768693732261658 0
1652714557857 0.4325063980102539 0
1652714582575 0.38226467628479005 0
1652714607472 0.3236224020719528 0
1652714632256 0.27569217307567595 0
1652714657173 0.24754031546115876 0
1652714682118 0.26045624324679373 0
1652714707239 0.23166932591199874 0
1652714732416 0.19177623660564422 0
1652714757134 0.1805637614607811 0
1652714782010 0.1656164934784174 0
1652714806956 0.17270949557423593 0
1652714832059 0.17049690588116645 0
1652714856885 0.1226505561888218 0
1652714881815 0.13566128975749014 0
1652714906635 0.12972030189037323 0
1652714931881 0.11073235628604888 0
1652714956822 0.13937402518480085 0
1652714981640 0.11742815228104592 0
1652715006895 0.10047849502563476 0
1652715031934 0.09223915309309959 0
1652715056928 0.11444743982553482 0
1652715081404 0.09684919469952584 0
1652715106426 0.09894154608547688 0
1652715131058 0.09708016703724862 0
1652715156238 0.12068355382084847 0
1652715181081 0.13270439741015433 0
1652715205830 0.10335587298870087 0
1652715230827 0.10392723761796951 0
1652715255676 0.11994341334998608 0
1652715280411 0.08512132117748261 0
1652715305416 0.07553349248245358 0
1652715330183 0.07383272243291139 0
1652715355329 0.06901340395174921 0
1652715380008 0.06552959457635879 0
1652715404823 0.0781250901401043 0
1652715429530 0.0921125849891454 0
1652715454521 0.09201937980353832 0
1652715479009 0.06660397610515356 0
1652715503861 0.0709272168237716 0
1652715528431 0.07369717552065849 0
1652715569435 1.8007811208724975 0
1652715595832 1.3757795957565309 0
1652715622274 1.2381189917087554 0
1652715648680 1.1236743837356566 0
1652715675221 1.0207029000282288 0
1652715701866 0.9157690484523773 0
1652715728450 0.8200479045391083 0
1652715754643 0.7403253664970398 0
1652715781151 0.6692429344177246 0
1652715807627 0.5858892090797424 0
1652715833960 0.5101984673500061 0
1652715860266 0.45569202337265013 0
1652715886878 0.4018620762348175 0
1652715913506 0.37914192464351654 0
1652715940002 0.31173141919374464 0
1652715966290 0.2783416786670685 0
1652715992963 0.25670496649742125 0
1652716019317 0.24420207751411946 0
1652716045390 0.20513453372716903 0
1652716071943 0.20314547053575516 0
1652716098592 0.19734346007108688 0
1652716124790 0.1955877299427986 0
1652716150888 0.19245887203216552 0
1652716177238 0.1529808016180992 0
1652716203645 0.1664095879137516 0
1652716230132 0.16070385662317277 0
1652716256323 0.1700908481299877 0
1652716283247 0.14709991830587388 0
1652716309304 0.12150164190456271 0
1652716335721 0.13414714722037316 0
1652716362062 0.1017702032238245 0
1652716388642 0.10253102254867553 0
1652716415283 0.14791117737591267 0
1652716441960 0.13197740696668625 0
1652716467986 0.15105090363621712 0
1652716494620 0.13991035282611847 0
1652716521142 0.11224942392110825 0
1652716547687 0.0940953124254942 0
1652716574034 0.07465576764941216 0
1652716600747 0.09639667954444885 0
1652716627014 0.11228645588941873 0
1652716653249 0.10677785349786281 0
1652716679544 0.10170796530544758 0
1652716706145 0.10616222486197949 0
1652716732560 0.10002595179378987 0
1652716758891 0.10851835870444775 0
1652716785545 0.0843784970909357 0
1652716811900 0.08800347927212715 0
1652716838260 0.08240164044499397 0
1652716864565 0.08876447855383157 0
1652716909209 1.8326341636657715 0
1652716937355 1.3732546119689941 0
1652716965314 1.2486667629241943 0
1652716993389 1.1195518672943114 0
1652717021443 0.9821682598114013 0
1652717049613 0.9011931538581848 0
1652717077486 0.8029937631607056 0
1652717105504 0.7008285514831543 0
1652717133703 0.6511184623718261 0
1652717161617 0.557590158367157 0
1652717189601 0.5096875519275665 0
1652717217571 0.4362873493671417 0
1652717245509 0.40164918203353883 0
1652717273296 0.3460384316921234 0
1652717301108 0.31328084440231324 0
1652717329333 0.29221989839076995 0
1652717357435 0.2524539860486984 0
1652717385232 0.22384209735393523 0
1652717413011 0.2136537448644638 0
1652717441041 0.21150823078155517 0
1652717468816 0.19903140479326248 0
1652717496422 0.14338257855772973 0
1652717524400 0.1511805218696594 0
1652717552524 0.16789082357883453 0
1652717580346 0.16148307138681411 0
1652717608452 0.13015629678219556 0
1652717636365 0.1527125512778759 0
1652717664023 0.1601917088329792 0
1652717691851 0.1499605107627809 0
1652717719661 0.13444029815047978 0
1652717747805 0.12519025307893752 0
1652717775604 0.12254242794662713 0
1652717803179 0.10612551594227553 0
1652717831281 0.10947850801795721 0
1652717859198 0.10422358815968037 0
1652717887142 0.12085955325812102 0
1652717914965 0.0972897294729948 0
1652717942730 0.10214554529190063 0
1652717970676 0.09429582246094942 0
1652717998648 0.09925000388324261 0
1652718026141 0.10053011357337237 0
1652718053928 0.0860693900167942 0
1652718081627 0.1019658505320549 0
1652718109485 0.11324062343537808 0
1652718137422 0.0820579989142716 0
1652718165475 0.08195063458159565 0
1652718193312 0.08756447282582522 0
1652718221361 0.09811415221095085 0
1652718249398 0.12894847457557918 0
1652718277432 0.09668756888210774 0
1652718325915 1.7075495586395264 0
1652718355394 1.3325663957595826 0
1652718384800 1.1767153593063355 0
1652718414231 1.0738352058410645 0
1652718443273 0.9887995626449585 0
1652718473017 0.9159347408294678 0
1652718502339 0.8356099542617798 0
1652718531657 0.7336105735778808 0
1652718560833 0.6421879940032958 0
1652718590332 0.5997338792800904 0
1652718619911 0.5300787569999695 0
1652718649293 0.44891299419403075 0
1652718678751 0.3914030429840088 0
1652718708085 0.37109906001091003 0
1652718737235 0.32933775897026063 0
1652718766690 0.2816931418389082 0
1652718796451 0.2409683716416359 0
1652718825937 0.2535481523275375 0
1652718855492 0.2332573930978775 0
1652718884787 0.20719713817834853 0
1652718914568 0.1994180253267288 0
1652718943756 0.1790580907344818 0
1652718973150 0.18189804540872573 0
1652719002363 0.1926093485534191 0
1652719031759 0.17312320870161058 0
1652719061247 0.13769521396160125 0
1652719090658 0.14744564841985702 0
1652719119887 0.13422645411491393 0
1652719149520 0.13352730461657047 0
1652719178793 0.14160412073731424 0
1652719208306 0.13230978429839016 0
1652719238058 0.12413748974204064 0
1652719267588 0.11569987996220589 0
1652719296997 0.10691160424947739 0
1652719326487 0.1391170926809311 0
1652719356210 0.12721449466124177 0
1652719385712 0.1104184443295002 0
1652719414841 0.10353825308275409 0
1652719444121 0.11176937574446201 0
1652719473252 0.12003167796730996 0
1652719502632 0.1363413049429655 0
1652719531973 0.08718858610093594 0
1652719561283 0.11139105672687293 0
1652719591020 0.08155532984435558 0
1652719620602 0.10797491426765919 0
1652719650046 0.08048740892335772 0
1652719679609 0.07896202180981636 0
1652719708902 0.08009351891875267 0
1652719738459 0.08815874666646123 0
1652719767739 0.07981581621468067 0
1652719820287 1.6877072813034057 0
1652719851163 1.3065065128326416 0
1652719882169 1.1997647575378418 0
1652719913216 1.0380062329292297 0
1652719944124 0.9657352619171142 0
1652719975038 0.8654682058334351 0
1652720005622 0.8063721752166748 0
1652720036417 0.7255406561851502 0
1652720067478 0.6404490816116333 0
1652720098495 0.5495211352348328 0
1652720129240 0.513625452041626 0
1652720160298 0.4301170515537262 0
1652720191060 0.39305894794464113 0
1652720221897 0.3711172036647797 0
1652720252864 0.30274232878685 0
1652720283854 0.2591830281496048 0
1652720315040 0.24186966543197633 0
1652720346406 0.21360556950569154 0
1652720377070 0.2306436622560024 0
1652720407843 0.18789725649356842 0
1652720438677 0.17143680258989333 0
1652720469826 0.18339328900575638 0
1652720500638 0.1505530995249748 0
1652720531562 0.15844690321087837 0
1652720562684 0.15394643845558167 0
1652720593738 0.16211727662086486 0
1652720624734 0.14280178046226502 0
1652720655445 0.1274824320971966 0
1652720686528 0.13587083216309548 0
1652720717488 0.12057900117933751 0
1652720748676 0.12870416916906835 0
1652720779664 0.11264495015442372 0
1652720810713 0.11898705515265465 0
1652720841447 0.1205170898348093 0
1652720872689 0.10728287044763565 0
1652720903707 0.1223046207934618 0
1652720934588 0.09608438642621041 0
1652720965633 0.102490099536255 0
1652720996419 0.09870198764950038 0
1652721027614 0.08025809521079064 0
1652721058448 0.08506416759043932 0
1652721089837 0.10317601291239262 0
1652721120659 0.08717952053993941 0
1652721151658 0.07952258548587561 0
1652721182688 0.08236669178456069 0
1652721213827 0.10741740676164627 0
1652721244618 0.08893614971339703 0
1652721275379 0.11057488138377666 0
1652721306179 0.09223143754601479 0
1652721337165 0.09629601034075022 0
1652721393610 1.650192943572998 0
1652721425932 1.2466378650665284 0
1652721458564 1.1290861115455628 0
1652721490939 0.997278780555725 0
1652721523573 0.9124256443023682 0
1652721555981 0.8106963402748107 0
1652721588727 0.7279190536499024 0
1652721621389 0.6643462138175964 0
1652721653977 0.5462218367815018 0
1652721686604 0.5248032953262329 0
1652721718936 0.4571267177581787 0
1652721751602 0.36950995438098905 0
1652721784489 0.3416980354785919 0
1652721817104 0.29249647405147555 0
1652721849615 0.28231401507258413 0
1652721882330 0.26178362560272217 0
1652721914983 0.21032774538993834 0
1652721947588 0.21666152024269103 0
1652721980325 0.2102497968673706 0
1652722013012 0.1887178333759308 0
1652722045695 0.1816185203909874 0
1652722078108 0.19140733978450297 0
1652722110735 0.17312342352867127 0
1652722143331 0.13233462058901788 0
1652722176153 0.15918277561068536 0
1652722208646 0.1546806473106146 0
1652722241487 0.1570025079164654 0
1652722274013 0.10630509738773107 0
1652722306643 0.1320084831148386 0
1652722339200 0.140342391204834 0
1652722371562 0.14021560736000538 0
1652722403902 0.10277408062964678 0
1652722436528 0.1153034695059061 0
1652722469311 0.1030248565018177 0
1652722502116 0.11891453600525856 0
1652722534391 0.11127315096538513 0
1652722567338 0.09652546861767769 0
1652722599639 0.08763576639294625 0
1652722632105 0.09295103529989719 0
1652722664693 0.1007848965972662 0
1652722697301 0.09914120447784662 0
1652722729749 0.08106963024660944 0
1652722762368 0.08608738102316857 0
1652722795288 0.09113042833805084 0
1652722828007 0.08507040268853307 0
1652722860360 0.07976245252303779 0
1652722893214 0.08145265067517757 0
1652722925811 0.06965351864993573 0
1652722958267 0.06536540686860681 0
1652722990869 0.07532943123579025 0
1652723052269 1.7117488349914551 0
1652723086561 1.3471753301620484 0
1652723121004 1.2323907302856445 0
1652723155183 1.1075375675201415 0
1652723189775 1.0119432434082032 0
1652723223980 0.9013646797180176 0
1652723258417 0.8272144131183624 0
1652723292708 0.7448277954101562 0
1652723327078 0.6874343622207642 0
1652723361607 0.586144912815094 0
1652723395730 0.5509497849464416 0
1652723429818 0.47497647829055784 0
1652723464204 0.4132316563606262 0
1652723498811 0.375744677400589 0
1652723533126 0.32316789908409116 0
1652723567474 0.29796071367263793 0
1652723601663 0.2859808126449585 0
1652723635970 0.2573925822734833 0
1652723670254 0.20013071975708008 0
1652723704255 0.2009390198081732 0
1652723738454 0.1795793677389622 0
1652723772627 0.1966452906817198 0
1652723807046 0.16097561876177788 0
1652723841486 0.19149324311614035 0
1652723875961 0.16751518864631654 0
1652723910053 0.13483735421299933 0
1652723944377 0.1397124970972538 0
1652723978657 0.14582501539587975 0
1652724013327 0.1525260587155819 0
1652724047712 0.12596687671244144 0
1652724081893 0.14292090450525283 0
1652724116253 0.12001817185878753 0
1652724150280 0.14738090736567974 0
1652724184645 0.1422997877538204 0
1652724219201 0.12073411343693734 0
1652724253325 0.12210913898646832 0
1652724287460 0.09999925954565406 0
1652724321557 0.10203836896568537 0
1652724356984 0.10249540191441775 0
1652724391735 0.09513439084291458 0
1652724426898 0.09599628946185113 0
1652724461676 0.09322121549248695 0
1652724496412 0.0821423952460289 0
1652724531043 0.08257266468554735 0
1652724566279 0.09506598376333714 0
1652724601382 0.08719012967944145 0
1652724636127 0.11039182271361352 0
1652724671102 0.09022223918288946 0
1652724706000 0.08445972587764262 0
1652724740968 0.0770940330043435 0
1652724808109 1.6807054701805115 0
1652724844953 1.2664971576690673 0
1652724881418 1.128352543449402 0
1652724918281 1.0015645235061645 0
1652724954734 0.887020623588562 0
1652724991448 0.7998198822021484 0
1652725028257 0.7175439491271972 0
1652725064616 0.6316408044815064 0
1652725101326 0.5636507332801819 0
1652725137927 0.4864173348426819 0
1652725174733 0.4300950698852539 0
1652725211111 0.3928814160823822 0
1652725247767 0.338012789863348 0
1652725284701 0.30865139808654785 0
1652725321184 0.25251528897285463 0
1652725357614 0.2296640751361847 0
1652725394526 0.2440096048951149 0
1652725431814 0.23578992507457733 0
1652725468582 0.20062188749313353 0
1652725505389 0.1988252901494503 0
1652725542245 0.18484703431129457 0
1652725578974 0.18997806730270386 0
1652725616159 0.14646558225154876 0
1652725652840 0.13059941015075893 0
1652725689390 0.1052182855039835 0
1652725726407 0.1392883784085512 0
1652725763120 0.1511996800392866 0
1652725800032 0.12223598310947419 0
1652725836624 0.15961004928350447 0
1652725873366 0.1011701364070177 0
1652725910288 0.08527397078275681 0
1652725947027 0.10334659332036972 0
1652725983769 0.135774158090353 0
1652726020309 0.13908029068782926 0
1652726057660 0.12403004652261734 0
1652726094770 0.09102269920408726 0
1652726132042 0.09470026416480541 0
1652726168767 0.12615909016728402 0
1652726205618 0.10735127178132534 0
1652726242343 0.10409939112067222 0
1652726279106 0.0932402240216732 0
1652726316046 0.11120340535640716 0
1652726352796 0.09125004409849644 0
1652726389491 0.08104364597201347 0
1652726426351 0.0824784907077439 0
1652726463383 0.0781785695195198 0
1652726500348 0.06304926517605781 0
1652726536976 0.07103249294161797 0
1652726573757 0.08711954263690859 0
1652726610431 0.08740031263902784 0
