1645564337830 2.0299387493133545 0
1645564345915 1.6454196006774902 0
1645564354597 1.3859943777084351 0
1645564362990 1.2139515586853027 0
1645564371092 1.090158710861206 0
1645564379383 0.9640821910858154 0
1645564387673 0.8775003460407257 0
1645564395941 0.7823585540294647 0
1645564404192 0.6804189314842224 0
1645564412465 0.5774908811330796 0
1645564428230 1.234335053730011 0
1645564428877 0.0 0
1645564429525 0.0 0
1645564430215 0.0 0
1645564430867 0.0 0
1645564431509 0.0 0
1645564432166 0.0 0
1645564432810 0.0 0
1645564433437 0.0 0
1645564434080 0.0 0
1645564450959 1.430650321674347 0
1645564451604 0.0 0
1645564452254 0.0 0
1645564452887 0.0 0
1645564453522 0.0 0
1645564454163 0.0 0
1645564454783 0.0 0
1645564455452 0.0 0
1645564456101 0.0 0
1645564456727 0.0 0
