1651741702772 0.5116 0
1651741705697 0.7648 0
1651741708574 0.8472 0
1651741711454 0.8904 0
1651741714318 0.918 0
1651741717189 0.928 0
1651741720124 0.9532 0
1651741723081 0.962 0
1651741726040 0.9704 0
1651741728840 0.9748 0
1651741731823 0.9792 0
1651741734703 0.9872 0
1651741737627 0.9916 0
1651741740549 0.9896 0
1651741743447 0.9888 0
1651741746323 0.9956 0
1651741749215 0.9948 0
1651741752117 0.9972 0
1651741755025 0.998 0
1651741757881 0.9984 0
1651741760786 0.9976 0
1651741763800 0.9988 0
1651741766770 0.9972 0
1651741769646 0.9996 0
1651741772577 0.9988 0
1651741775479 0.998 0
1651741778379 0.9976 0
1651741781308 0.9968 0
1651741784306 0.9992 0
1651741787143 0.9992 0
1651741790002 1.0 0
1651741792915 1.0 0
1651741795843 1.0 0
1651741798760 0.998 0
1651741801587 1.0 0
1651741804500 1.0 0
1651741807388 0.9996 0
1651741810311 1.0 0
1651741813209 0.9996 0
1651741816111 1.0 0
1651741818935 1.0 0
1651741821824 1.0 0
1651741824794 0.9992 0
1651741827646 0.9996 0
1651741830535 1.0 0
1651741833425 0.9996 0
1651741836350 0.9996 0
1651741839211 1.0 0
1651741842175 1.0 0
1651741845068 1.0 0
1651741851187 0.434 0
1651741854481 0.6288 0
1651741857682 0.7176 0
1651741860933 0.7928 0
1651741864375 0.8304 0
1651741867725 0.8692 0
1651741871149 0.8924 0
1651741874351 0.914 0
1651741877710 0.932 0
1651741880945 0.9396 0
1651741884324 0.956 0
1651741887601 0.9644 0
1651741890877 0.9736 0
1651741894397 0.978 0
1651741897707 0.9812 0
1651741901056 0.9848 0
1651741904376 0.9788 0
1651741907683 0.9768 0
1651741911033 0.9884 0
1651741914378 0.9916 0
1651741917654 0.9932 0
1651741920919 0.9956 0
1651741924207 0.9932 0
1651741927503 0.9948 0
1651741930780 0.996 0
1651741934025 0.9976 0
1651741937352 0.9972 0
1651741940701 0.9968 0
1651741943887 0.9944 0
1651741947174 0.998 0
1651741950412 0.9968 0
1651741953568 0.9992 0
1651741956840 0.9972 0
1651741960080 0.9956 0
1651741963429 0.9956 0
1651741966773 0.9948 0
1651741970176 0.996 0
1651741973491 0.9984 0
1651741976709 0.9984 0
1651741979962 0.998 0
1651741983216 0.9976 0
1651741986487 0.9976 0
1651741989715 0.9996 0
1651741992997 0.9984 0
1651741996201 0.9992 0
1651741999359 0.9988 0
1651742002607 1.0 0
1651742005932 0.9992 0
1651742009344 0.9976 0
1651742012568 0.9952 0
1651742019216 0.4132 0
1651742022744 0.63 0
1651742026187 0.7076 0
1651742029732 0.7848 0
1651742033289 0.8232 0
1651742036713 0.84 0
1651742040208 0.8684 0
1651742043652 0.8904 0
1651742047352 0.8952 0
1651742050936 0.9232 0
1651742054480 0.9256 0
1651742058013 0.944 0
1651742061634 0.9632 0
1651742065117 0.9548 0
1651742068761 0.9612 0
1651742072403 0.972 0
1651742075933 0.9712 0
1651742079576 0.9844 0
1651742083284 0.9772 0
1651742086914 0.9784 0
1651742090564 0.9828 0
1651742094086 0.984 0
1651742097684 0.9828 0
1651742101365 0.9924 0
1651742104830 0.9788 0
1651742108412 0.9884 0
1651742112004 0.9928 0
1651742115547 0.9876 0
1651742119046 0.988 0
1651742122571 0.9924 0
1651742126211 0.9948 0
1651742129720 0.9956 0
1651742133437 0.9952 0
1651742137075 0.9968 0
1651742140712 0.9952 0
1651742144299 0.9928 0
1651742147825 0.996 0
1651742151337 0.99 0
1651742155206 0.9768 0
1651742158839 0.9904 0
1651742162462 0.9896 0
1651742166006 0.9944 0
1651742169857 0.9976 0
1651742173290 0.986 0
1651742176834 0.9952 0
1651742180430 0.9964 0
1651742184140 0.9956 0
1651742187662 0.9968 0
1651742191136 0.9932 0
1651742194636 0.9944 0
1651742201723 0.5204 0
1651742205661 0.8372 0
1651742209531 0.8928 0
1651742213319 0.912 0
1651742217076 0.9376 0
1651742220895 0.9476 0
1651742224908 0.9596 0
1651742228763 0.9672 0
1651742232614 0.9768 0
1651742236483 0.9824 0
1651742240501 0.9832 0
1651742244199 0.9868 0
1651742247953 0.9888 0
1651742251747 0.992 0
1651742255500 0.9912 0
1651742259348 0.9884 0
1651742263068 0.978 0
1651742266885 0.9884 0
1651742270810 0.9972 0
1651742274529 0.9952 0
1651742278375 0.9952 0
1651742282170 0.9968 0
1651742285936 0.9948 0
1651742289699 0.9952 0
1651742293420 0.9952 0
1651742297250 0.9976 0
1651742301106 0.9904 0
1651742304986 0.9984 0
1651742308908 0.9964 0
1651742312676 0.9952 0
1651742316400 0.9972 0
1651742320138 0.9956 0
1651742323894 0.9972 0
1651742327723 0.996 0
1651742331584 0.9988 0
1651742335472 0.9972 0
1651742339071 0.9956 0
1651742342961 0.9956 0
1651742346600 0.9952 0
1651742350275 0.9944 0
1651742354074 0.9972 0
1651742357934 0.998 0
1651742361502 0.9972 0
1651742365392 0.996 0
1651742369059 0.9964 0
1651742372952 0.9984 0
1651742376714 0.9968 0
1651742380545 0.9972 0
1651742384212 0.9976 0
1651742388114 0.9992 0
1651742395674 0.3188 0
1651742399728 0.5452 0
1651742403719 0.6528 0
1651742407755 0.7432 0
1651742411816 0.802 0
1651742415724 0.828 0
1651742419835 0.8764 0
1651742423732 0.8804 0
1651742427681 0.9128 0
1651742431622 0.9324 0
1651742435591 0.9488 0
1651742439677 0.9488 0
1651742443711 0.9508 0
1651742447631 0.9624 0
1651742451468 0.9664 0
1651742455405 0.9708 0
1651742459433 0.964 0
1651742463601 0.9672 0
1651742467628 0.9784 0
1651742471594 0.978 0
1651742475619 0.9768 0
1651742479631 0.9484 0
1651742483504 0.9772 0
1651742487459 0.9832 0
1651742491479 0.9704 0
1651742495470 0.9848 0
1651742499514 0.988 0
1651742503563 0.9616 0
1651742507599 0.9872 0
1651742511480 0.9792 0
1651742515405 0.9908 0
1651742519369 0.9916 0
1651742523477 0.9864 0
1651742527544 0.984 0
1651742531579 0.9744 0
1651742535706 0.9916 0
1651742539619 0.9932 0
1651742543492 0.9904 0
1651742547429 0.9844 0
1651742551359 0.9936 0
1651742555397 0.9928 0
1651742559349 0.992 0
1651742563430 0.99 0
1651742567448 0.994 0
1651742571535 0.9828 0
1651742575571 0.9672 0
1651742579560 0.9864 0
1651742583623 0.9916 0
1651742587486 0.9932 0
1651742591316 0.9972 0
