1651970552898 0.4172 0
1651970556091 0.6188 0
1651970559317 0.6912 0
1651970562362 0.7756 0
1651970565554 0.8368 0
1651970569484 0.3556 0
1651970573141 0.5888 0
1651970576746 0.6576 0
1651970580473 0.7116 0
1651970584156 0.7652 0
1651970588307 0.4172 0
1651970591900 0.5852 0
1651970595540 0.642 0
1651970599167 0.738 0
1651970602882 0.748 0
1651970607237 0.6056 0
1651970610840 0.8056 0
1651970614505 0.856 0
1651970618186 0.8952 0
1651970621891 0.9288 0
1651970626538 0.402 0
1651970630324 0.5652 0
1651970634123 0.6336 0
1651970637923 0.692 0
1651970641529 0.7592 0
