1645552377168 1.6062627899169921 0
1645552378626 1.5931859838485718 0
1645552380098 1.5679098728179932 0
1645552381629 1.5011133731842041 0
1645552383087 1.3550199661254883 0
1645552384551 1.2005020135879516 0
1645552386043 1.0675777883529662 0
1645552387510 0.9744792966842651 0
1645552388978 0.918953022480011 0
1645552390457 0.8760403349876403 0
1645552391956 0.8329137950897216 0
1645552393466 0.7978803956985474 0
1645552394927 0.7685350295066834 0
1645552396415 0.7379337309837342 0
1645552397891 0.7023478380680084 0
1645552399367 0.676045923614502 0
1645552400821 0.648106830739975 0
1645552402320 0.6159584035873413 0
1645552403822 0.5952317941665649 0
1645552405309 0.5624668740272522 0
1645552407360 1.5900409976959229 0
1645552409173 1.524084591293335 0
1645552410992 1.4026852087974548 0
1645552413282 1.2716695487976075 0
1645552415043 1.1791222255706788 0
1645552416827 1.1019584129333495 0
1645552418624 1.0291989582061767 0
1645552420436 0.9635792753219604 0
1645552422226 0.9195085638165474 0
1645552423998 0.879502162361145 0
1645552425813 0.8463974044799805 0
1645552427577 0.8136094070434571 0
1645552429396 0.7836838650226593 0
1645552431218 0.7539922308444977 0
1645552432987 0.7242437938690186 0
1645552434825 0.6978171101093292 0
1645552436620 0.6651153191566467 0
1645552438419 0.6417222019433976 0
1645552440217 0.6091525613307953 0
1645552441990 0.5863135600090027 0
1645552444443 1.479426634979248 0
1645552446488 1.1238988649368287 0
1645552448539 0.8675961901664734 0
1645552450591 0.7552256672859192 0
1645552452631 0.6819330887317657 0
1645552454671 0.6289314021587372 0
1645552456731 0.5880805326461792 0
1645552458832 0.5555611397266388 0
1645552460894 0.5293266868591309 0
1645552462864 0.5010767679214477 0
1645552464917 0.476886812210083 0
1645552466978 0.45905717329978946 0
1645552469045 0.43852262806892395 0
1645552471090 0.4136228772163391 0
1645552473162 0.38861540542840955 0
1645552475189 0.36699743687212466 0
1645552477256 0.3495298214197159 0
1645552479302 0.3259375669956207 0
1645552481330 0.30702015388011933 0
1645552483383 0.28606478748321534 0
1645552486379 1.5856086812973023 0
1645552488636 1.5127131088256836 0
1645552490934 1.3839421802520753 0
1645552493228 1.2326434745788575 0
1645552495547 1.1250588731765747 0
1645552497846 1.0510539297103882 0
1645552500139 0.994320726776123 0
1645552502425 0.9442456924438477 0
1645552504696 0.8994784673690795 0
1645552506938 0.8567877784729004 0
1645552509166 0.8201930060386657 0
1645552511447 0.7833092294692993 0
1645552513735 0.7461915414810181 0
1645552516006 0.7181242926597595 0
1645552518341 0.6839421988964081 0
1645552520671 0.6686999131679535 0
1645552523007 0.6364663149833679 0
1645552525298 0.6018172011375428 0
1645552527619 0.586050712108612 0
1645552529899 0.5579531149864196 0
1645552533299 1.558304652786255 0
1645552535753 1.4440383687973022 0
1645552538245 1.3199463827133178 0
1645552540760 1.2234025802612305 0
1645552543263 1.1534692775726318 0
1645552545803 1.1002097999572753 0
1645552548262 1.048209761428833 0
1645552550752 0.9995468734741211 0
1645552553225 0.954076907157898 0
1645552555726 0.9088800806045533 0
1645552558211 0.8670111176490783 0
1645552560632 0.819005355978012 0
1645552563117 0.7845595098018646 0
1645552565607 0.739538968372345 0
1645552568091 0.7060954490423202 0
1645552570576 0.6649580309867859 0
1645552573052 0.617452576637268 0
1645552575509 0.6013017883300781 0
1645552578014 0.577049274301529 0
1645552580489 0.5173518584251404 0
1645552584491 1.5319553314208985 0
1645552587182 1.3289286668777467 0
1645552589914 1.138132740020752 0
1645552592631 1.033706287765503 0
1645552595250 0.9721641216278076 0
1645552597978 0.9374143398284912 0
1645552600731 0.9036511884689331 0
1645552603469 0.8818812705993653 0
1645552606213 0.8588685084342956 0
1645552608955 0.8409991727828979 0
1645552611682 0.8207028172492981 0
1645552614377 0.8091962487220764 0
1645552617121 0.7839393015861511 0
1645552619826 0.7673553649902344 0
1645552622512 0.748085148525238 0
1645552625204 0.7199952493667603 0
1645552627919 0.7065136355400086 0
1645552630640 0.6821097507476807 0
1645552633368 0.6650479608535766 0
1645552636046 0.6361643421649933 0
1645552640593 1.5674773599624634 0
1645552643522 1.4703711769104004 0
1645552646504 1.3775013090133668 0
1645552649460 1.312217818069458 0
1645552652450 1.261816121673584 0
1645552655453 1.2279951351165772 0
1645552658374 1.1936944967269898 0
1645552661263 1.168915890789032 0
1645552664149 1.150047071456909 0
1645552667041 1.1269543914794922 0
1645552670037 1.1115931285858154 0
1645552672940 1.0887983589172363 0
1645552675801 1.0714285676956177 0
1645552678771 1.0445993515014649 0
1645552681614 1.0318836073875428 0
1645552684570 1.0114787069320679 0
1645552687529 0.9809919904708863 0
1645552690496 0.9660675433158874 0
1645552693497 0.946762643623352 0
1645552696451 0.919450632762909 0
1645552701703 1.586838653945923 0
1645552704869 1.5137156570434571 0
1645552708004 1.398113660621643 0
1645552711133 1.2804251453399658 0
1645552714379 1.190296183013916 0
1645552717594 1.1253300878524781 0
1645552720760 1.0663675159454347 0
1645552723950 1.0224043725967407 0
1645552727224 0.9819191643714905 0
1645552730418 0.945737423324585 0
1645552733653 0.910400630569458 0
1645552736863 0.8754286148071289 0
1645552740098 0.8402379257202148 0
1645552743273 0.7994159029006958 0
1645552746540 0.7619640405654907 0
1645552749747 0.7358439027786254 0
1645552752915 0.700971614074707 0
1645552756138 0.6748528314590454 0
1645552759412 0.6224094361305237 0
1645552762682 0.6010302636623382 0
1645552768651 1.4105558444976807 0
1645552772065 1.1388752878189088 0
1645552775580 1.018760995388031 0
1645552779088 0.9371444405555726 0
1645552782445 0.8679154214859008 0
1645552785913 0.8142726458311081 0
1645552789363 0.7737755800247192 0
1645552792890 0.7358052260398865 0
1645552796402 0.6961220066070557 0
1645552799875 0.6689972482681275 0
1645552803395 0.6508141625404358 0
1645552806911 0.6153308709144593 0
1645552810372 0.5860952316284179 0
1645552813927 0.559131396484375 0
1645552817445 0.5344789210319519 0
1645552820988 0.5206381435871125 0
1645552824431 0.48525237369537355 0
1645552827969 0.4709547335624695 0
1645552831475 0.434661457490921 0
1645552834892 0.39703902621269227 0
1645552841392 1.4517811908721925 0
1645552845129 1.1084897266387939 0
1645552848889 0.9214184946060181 0
1645552852659 0.830726645565033 0
1645552856412 0.78402783908844 0
1645552860208 0.749571472978592 0
1645552863882 0.714403071975708 0
1645552867670 0.6960361617088318 0
1645552871491 0.6681401755332946 0
1645552875224 0.646897378873825 0
1645552878940 0.6104540295124053 0
1645552882652 0.592421314239502 0
1645552886356 0.5731026597499848 0
1645552890113 0.5405463317871094 0
1645552893883 0.5256144764900208 0
1645552897674 0.4992624580383301 0
1645552901442 0.46221388659477236 0
1645552905202 0.4482877172470093 0
1645552908962 0.41914371075630186 0
1645552912779 0.40266485903263094 0
1645552920192 1.5373045011520385 0
1645552924231 1.3908283143997193 0
1645552928239 1.308198186302185 0
1645552932223 1.260289446258545 0
1645552936203 1.228835732269287 0
1645552940205 1.200144123649597 0
1645552944215 1.1720739107131959 0
1645552948232 1.1504286540985107 0
1645552952332 1.140541771888733 0
1645552956559 1.1186786136627198 0
1645552960512 1.1032010248184203 0
1645552964462 1.0822463804244995 0
1645552968501 1.0650099842071534 0
1645552972589 1.047613335132599 0
1645552976696 1.0195946128845215 0
1645552980742 0.99859429769516 0
1645552984821 0.97304456615448 0
1645552988806 0.9466891498565674 0
1645552992866 0.9114053312301635 0
1645552996990 0.9010692091941833 0
1645553005162 1.3612948066711426 0
1645553009395 1.0382929592609405 0
1645553013709 0.9220853809356689 0
1645553018061 0.8604131555557251 0
1645553022540 0.8206459722042084 0
1645553026925 0.7891054109573364 0
1645553031357 0.7671866907119751 0
1645553035668 0.7462767000198365 0
1645553039999 0.7247823239326477 0
1645553044356 0.7082216199874878 0
1645553048838 0.6756038963317871 0
1645553053121 0.657072029876709 0
1645553057515 0.637443734073639 0
1645553061863 0.6204422040939331 0
1645553066196 0.5919462134361267 0
1645553070632 0.5605310810565949 0
1645553074948 0.5389311168909073 0
1645553079280 0.5148234601899981 0
1645553083637 0.48807774386405944 0
1645553087982 0.4758490599632263 0
1645553096836 1.5042461542129517 0
1645553101497 1.2654792901992797 0
1645553106246 1.1002106327056884 0
1645553111041 1.0085360286712646 0
1645553115683 0.9474338845252991 0
1645553120242 0.8983325294494628 0
1645553124860 0.8660645049095154 0
1645553129429 0.8323647008895874 0
1645553133932 0.8017204336166381 0
1645553138524 0.769994176864624 0
1645553143171 0.7435050457000733 0
1645553147807 0.7110014049530029 0
1645553152452 0.6779425896644592 0
1645553157086 0.6504008941650391 0
1645553161727 0.6244716439247131 0
1645553166375 0.5925379645824432 0
1645553171001 0.5572582770824432 0
1645553175556 0.5320917160272598 0
1645553180089 0.4852720730781555 0
1645553184552 0.46063521451950074 0
1645553194183 1.4785375980377198 0
1645553199042 1.2916864402770996 0
1645553203883 1.1729437821388244 0
1645553208898 1.0898502272605897 0
1645553213686 1.0253604949951172 0
1645553218547 0.9733889583587646 0
1645553223339 0.9418999671936035 0
1645553228238 0.9054999580860138 0
1645553233173 0.8769685543060303 0
1645553238016 0.8503409940719604 0
1645553242982 0.8202721660614014 0
1645553247902 0.7916525955200195 0
1645553252798 0.7538089365005494 0
1645553257618 0.7224205546379089 0
1645553262548 0.6912912065505982 0
1645553267403 0.672348946762085 0
1645553272199 0.6324938624382019 0
1645553277125 0.5875029722213745 0
1645553281966 0.5523277119636536 0
1645553286814 0.5204282974243164 0
1645553297385 1.4426735927581786 0
1645553302529 1.1882720686912536 0
1645553307690 1.0456231143951416 0
1645553312888 0.9589483050346375 0
1645553318056 0.8936304219245911 0
1645553323267 0.8466516840934754 0
1645553328539 0.7974532829284668 0
1645553333681 0.7708657973527908 0
1645553338973 0.714045193195343 0
1645553344225 0.6895450572490692 0
1645553349482 0.6439694326400757 0
1645553354657 0.6082562931060791 0
1645553359878 0.5685395218849182 0
1645553365142 0.5357430593967438 0
1645553370338 0.49297855654209854 0
1645553375473 0.4680412937879562 0
1645553380628 0.42242764699459073 0
1645553385857 0.3834073003768921 0
1645553391111 0.39922270072698596 0
1645553396348 0.321500071811676 0
1645553407830 1.4445845058441162 0
1645553413344 1.180768947982788 0
1645553418859 1.0570858478546143 0
1645553424446 0.9813711219787598 0
1645553429949 0.9399600130081177 0
1645553435433 0.9097331496238709 0
1645553441034 0.8769221473693848 0
1645553446449 0.8630372434616089 0
1645553451956 0.8283617778778076 0
1645553457579 0.8131422201156616 0
1645553463060 0.7811786799430848 0
1645553468619 0.7753045259475708 0
1645553474159 0.7380443393707276 0
1645553479657 0.7189054555892944 0
1645553485185 0.6876074714183807 0
1645553490705 0.6634908257484436 0
1645553496192 0.6398280803442001 0
1645553501707 0.6079529704093933 0
1645553507203 0.598930321931839 0
1645553512794 0.5400423582077026 0
1645553525450 1.4245585395812987 0
1645553531390 1.1371481951713562 0
1645553537292 1.014134323501587 0
1645553543244 0.956199501991272 0
1645553549175 0.9202789704322815 0
1645553554948 0.891908526802063 0
1645553560891 0.8657030927658081 0
1645553566695 0.8414560161590576 0
1645553572463 0.8252093435287475 0
1645553578404 0.7924820870399475 0
1645553584369 0.7701829018592834 0
1645553590328 0.7398317656517028 0
1645553596333 0.7254661326408386 0
1645553602258 0.7050199241638183 0
1645553608105 0.6624983490943909 0
1645553613893 0.64406616294384 0
1645553619840 0.6102138945579528 0
1645553625578 0.5913895037174225 0
1645553631472 0.5661413021087647 0
1645553637396 0.5235981434822082 0
1645553651227 1.3982025257110595 0
1645553657426 1.0044848916053772 0
1645553663700 0.8415534740447999 0
1645553669971 0.7680862807273865 0
1645553676037 0.715191226863861 0
1645553682393 0.6796509046554565 0
1645553688710 0.6342590259552002 0
1645553694997 0.6075036576271057 0
1645553701272 0.5741450307369232 0
1645553707513 0.5515107985496521 0
1645553713676 0.5244224653244018 0
1645553719911 0.518247977924347 0
1645553726115 0.4752838583230972 0
1645553732336 0.4413272871017456 0
1645553738537 0.42447718114852906 0
1645553744862 0.39807651953697204 0
1645553751149 0.36952295747697356 0
1645553757413 0.3485409822225571 0
1645553763488 0.3277380529403687 0
1645553769842 0.299214441215992 0
1645553784626 1.4423872491836547 0
1645553791305 1.1998865772247314 0
1645553797921 1.0898949850082398 0
1645553804451 1.0335618506431579 0
1645553811125 0.9849565467834472 0
1645553817850 0.9479943378448487 0
1645553824381 0.9290660987854004 0
1645553831019 0.8963455051422119 0
1645553837710 0.8767609371185303 0
1645553844346 0.8504174277305603 0
1645553851057 0.8241810809135437 0
1645553857669 0.7966223276615143 0
1645553864257 0.7755069881439209 0
1645553870935 0.7431288814544678 0
1645553877639 0.723856199836731 0
1645553884355 0.683578441286087 0
1645553890959 0.6685525770187378 0
1645553897179 0.6318545092821122 0
1645553903796 0.5991062728881836 0
1645553910348 0.564656549024582 0
1645553926195 1.51729303150177 0
1645553933301 1.3295418270111083 0
1645553940427 1.1889372928619384 0
1645553947540 1.1146662091255188 0
1645553954087 1.0574623455047607 0
1645553961052 1.0239831748962402 0
1645553967763 0.9857362369537354 0
1645553974661 0.9609830797195434 0
1645553981776 0.9360543403625489 0
1645553988698 0.9081566995620728 0
1645553995662 0.8829616081237793 0
1645554002605 0.8716028696060181 0
1645554009533 0.8437359479904175 0
1645554016493 0.8178682186603546 0
1645554023428 0.7989505586624146 0
1645554030317 0.7800307266235351 0
1645554037245 0.7395791659593582 0
1645554044136 0.7168787373542785 0
1645554051095 0.6862253312110901 0
1645554058239 0.6723635277748108 0
