1645139915262 0.4636 0
1645139918801 0.5988 0
1645139922369 0.642 0
1645139926063 0.6784 0
1645139929728 0.71 0
1645139960652 0.696 0
1645139991055 0.7948 0
1645140021695 0.8396 0
1645140052718 0.864 0
1645140083646 0.8912 0
1645140114839 0.6512 0
1645140144523 0.768 0
1645140174555 0.824 0
1645140204372 0.862 0
1645140234836 0.8864 0
1645140266084 0.6844 0
1645140296098 0.828 0
1645140326168 0.8684 0
1645140356136 0.8952 0
1645140385800 0.918 0
1645140417584 0.5772 0
1645140447277 0.7336 0
1645140476892 0.792 0
1645140506894 0.8108 0
1645140536651 0.858 0
1645140568565 0.6036 0
1645140598559 0.798 0
1645140628327 0.8536 0
1645140657926 0.8756 0
1645140687677 0.9012 0
1645140720100 0.5988 0
1645140749795 0.7304 0
1645140779470 0.7744 0
1645140809226 0.8024 0
1645140838880 0.8368 0
1645140871806 0.6592 0
1645140901368 0.7932 0
1645140930829 0.8344 0
1645140960314 0.8692 0
1645140989830 0.8948 0
1645141023545 0.5748 0
1645141053801 0.7436 0
1645141083600 0.8032 0
1645141113556 0.8548 0
1645141143295 0.8712 0
1645141176978 0.6188 0
1645141206381 0.7428 0
1645141235994 0.792 0
1645141265530 0.8504 0
1645141295179 0.8592 0
1645141329500 0.6788 0
1645141358858 0.8376 0
1645141388216 0.864 0
1645141417685 0.9076 0
1645141447052 0.9372 0
1645141481936 0.6316 0
1645141511764 0.7696 0
1645141541501 0.8344 0
1645141571385 0.8756 0
1645141601122 0.8964 0
1645141636958 0.6008 0
1645141667054 0.756 0
1645141696788 0.8076 0
1645141726518 0.844 0
1645141756397 0.8888 0
1645141791894 0.6364 0
1645141821229 0.8124 0
1645141851054 0.8648 0
1645141880857 0.8972 0
1645141910481 0.914 0
1645141947313 0.6504 0
1645141977631 0.796 0
1645142008057 0.84 0
1645142038037 0.8904 0
1645142067861 0.9112 0
1645142105382 0.6496 0
1645142135701 0.7868 0
1645142166038 0.8608 0
1645142196455 0.8812 0
1645142226923 0.9076 0
1645142265596 0.7408 0
1645142296402 0.8672 0
1645142327084 0.9036 0
1645142357965 0.9148 0
1645142388945 0.9332 0
1645142428230 0.7088 0
1645142458667 0.8496 0
1645142489234 0.9008 0
1645142519589 0.9296 0
1645142549896 0.94 0
1645142588942 0.516 0
1645142619412 0.67 0
1645142649931 0.7448 0
1645142680147 0.8008 0
1645142710686 0.8444 0
1645142750282 0.7168 0
1645142780646 0.858 0
1645142810723 0.8916 0
1645142841060 0.9204 0
1645142871074 0.9356 0
