1652377833535 0.3066 0
1652377838852 0.4556 0
1652377844239 0.5348 0
1652377849601 0.5808 0
1652377854792 0.6462 0
1652377860000 0.678 0
1652377865073 0.7082 0
1652377870215 0.759 0
1652377875419 0.7776 0
1652377880591 0.8008 0
1652377885591 0.8238 0
1652377891020 0.8626 0
1652377896265 0.8582 0
1652377901775 0.891 0
1652377907085 0.905 0
1652377912256 0.8972 0
1652377917416 0.9078 0
1652377922535 0.928 0
1652377927808 0.9378 0
1652377932991 0.948 0
1652377938056 0.9314 0
1652377943264 0.949 0
1652377948586 0.9452 0
1652377953974 0.9554 0
1652377959188 0.9482 0
1652377964527 0.9474 0
1652377969757 0.9568 0
1652377975058 0.9608 0
1652377980244 0.9574 0
1652377985491 0.9612 0
1652377990583 0.9734 0
1652377995733 0.96 0
1652378000862 0.9542 0
1652378006191 0.968 0
1652378011495 0.971 0
1652378016765 0.9702 0
1652378022165 0.9618 0
1652378027412 0.9662 0
1652378032470 0.9612 0
1652378037586 0.9612 0
1652378042645 0.9746 0
1652378047868 0.9774 0
1652378053015 0.971 0
1652378058096 0.9696 0
1652378063129 0.9656 0
1652378068212 0.9804 0
1652378073486 0.9666 0
1652378078754 0.9692 0
1652378084027 0.9714 0
1652378089229 0.97 0
1652378098592 0.6525 0
1652378107524 0.7578 0
1652378116539 0.7908 0
1652378125648 0.8292 0
1652378134458 0.8419 0
1652378143450 0.8564 0
1652378152356 0.8818 0
1652378161429 0.9022 0
1652378170435 0.9043 0
1652378179556 0.9265 0
1652378188922 0.9275 0
1652378198001 0.9389 0
1652378207222 0.9441 0
1652378216213 0.9494 0
1652378225275 0.9518 0
1652378234260 0.957 0
1652378243213 0.9567 0
1652378252170 0.956 0
1652378261366 0.9634 0
1652378270478 0.9679 0
1652378279502 0.9671 0
1652378288633 0.9599 0
1652378297673 0.9607 0
1652378306877 0.9625 0
1652378315757 0.9661 0
1652378325003 0.9681 0
1652378333899 0.9693 0
1652378343045 0.972 0
1652378352212 0.9756 0
1652378361260 0.976 0
1652378370471 0.9701 0
1652378379321 0.9658 0
1652378388253 0.967 0
1652378397217 0.9728 0
1652378406232 0.9741 0
1652378415203 0.9792 0
1652378424149 0.9759 0
1652378433087 0.9773 0
1652378442340 0.9726 0
1652378451578 0.9706 0
1652378460648 0.9814 0
1652378469762 0.9747 0
1652378479063 0.9687 0
1652378487974 0.9776 0
1652378496897 0.9713 0
1652378506011 0.9746 0
1652378515187 0.9825 0
1652378524216 0.9758 0
1652378533534 0.9811 0
1652378542697 0.9797 0
1652378556570 0.7513333333333333 0
1652378569981 0.8140666666666667 0
1652378583546 0.8395333333333334 0
1652378596656 0.8644 0
1652378609994 0.8790666666666667 0
1652378623449 0.8946 0
1652378636442 0.9052 0
1652378649353 0.9175333333333333 0
1652378662265 0.9242666666666667 0
1652378675166 0.9374666666666667 0
1652378687859 0.9406666666666667 0
1652378701056 0.9519333333333333 0
1652378713843 0.9486666666666667 0
1652378726224 0.9548666666666666 0
1652378739000 0.9506 0
1652378751689 0.9547333333333333 0
1652378764532 0.9627333333333333 0
1652378777287 0.9619333333333333 0
1652378790240 0.9621333333333333 0
1652378803174 0.9655333333333334 0
1652378815752 0.9675333333333334 0
1652378828809 0.9680666666666666 0
1652378841489 0.9699333333333333 0
1652378854556 0.9652666666666667 0
1652378867453 0.969 0
1652378880143 0.971 0
1652378893002 0.9655333333333334 0
1652378906184 0.9672666666666667 0
1652378919279 0.9776 0
1652378932463 0.9710666666666666 0
1652378945400 0.9732666666666666 0
1652378958385 0.9752 0
1652378971437 0.9746666666666667 0
1652378984366 0.9703333333333334 0
1652378997280 0.9710666666666666 0
1652379010169 0.9731333333333333 0
1652379022991 0.9776 0
1652379035833 0.9754666666666667 0
1652379048854 0.9686 0
1652379061903 0.9754666666666667 0
1652379075051 0.972 0
1652379088012 0.977 0
1652379101121 0.976 0
1652379114122 0.9745333333333334 0
1652379126973 0.9714 0
1652379140113 0.9748666666666667 0
1652379153058 0.9784 0
1652379165935 0.9739333333333333 0
1652379178905 0.9748 0
1652379192048 0.9736 0
1652379210503 0.833 0
1652379227892 0.8766 0
1652379245382 0.89125 0
1652379262386 0.90505 0
1652379280012 0.916 0
1652379297238 0.92235 0
1652379314861 0.9319 0
1652379332409 0.93545 0
1652379349592 0.94345 0
1652379366589 0.9471 0
1652379383681 0.94605 0
1652379400766 0.95365 0
1652379418104 0.95985 0
1652379435449 0.957 0
1652379452808 0.95885 0
1652379470570 0.96475 0
1652379487783 0.96615 0
1652379505062 0.96575 0
1652379521996 0.9642 0
1652379539081 0.9688 0
1652379556466 0.97245 0
1652379573697 0.96315 0
1652379590733 0.96895 0
1652379608091 0.97605 0
1652379625807 0.9718 0
1652379642995 0.9664 0
1652379660095 0.96635 0
1652379677401 0.96995 0
1652379694705 0.973 0
1652379711958 0.9696 0
1652379728963 0.97365 0
1652379746502 0.9758 0
1652379763808 0.9704 0
1652379780975 0.9702 0
1652379798318 0.97035 0
1652379815552 0.9766 0
1652379832915 0.9751 0
1652379850514 0.97565 0
1652379867871 0.97225 0
1652379885333 0.96915 0
1652379902522 0.97545 0
1652379919929 0.972 0
1652379937288 0.974 0
1652379954649 0.97665 0
1652379972190 0.9746 0
1652379989700 0.97155 0
1652380007104 0.97755 0
1652380024359 0.97635 0
1652380041522 0.97205 0
1652380058638 0.97675 0
1652380081914 0.8496 0
1652380103675 0.88132 0
1652380125518 0.88948 0
1652380147438 0.89668 0
1652380169198 0.90624 0
1652380191005 0.91656 0
1652380212777 0.92488 0
1652380234710 0.92752 0
1652380256766 0.93192 0
1652380278640 0.94196 0
1652380300350 0.94468 0
1652380322522 0.9456 0
1652380343952 0.94784 0
1652380366071 0.95604 0
1652380387696 0.95848 0
1652380409606 0.9596 0
1652380431636 0.96252 0
1652380453594 0.96172 0
1652380475304 0.96304 0
1652380496962 0.96632 0
1652380519101 0.96716 0
1652380540776 0.96352 0
1652380562763 0.96812 0
1652380584842 0.9658 0
1652380606601 0.96112 0
1652380628266 0.9714 0
1652380650067 0.96596 0
1652380672397 0.96988 0
1652380694646 0.96544 0
1652380717368 0.96588 0
1652380739766 0.96984 0
1652380761753 0.96828 0
1652380784566 0.96908 0
1652380807356 0.96972 0
1652380830112 0.96964 0
1652380852487 0.9704 0
1652380874595 0.97024 0
1652380896988 0.96876 0
1652380919419 0.97236 0
1652380942409 0.96976 0
1652380965185 0.97016 0
1652380987624 0.9706 0
1652381010207 0.97108 0
1652381032624 0.97292 0
1652381055191 0.97044 0
1652381077633 0.971 0
1652381099734 0.97268 0
1652381121873 0.97104 0
1652381144693 0.97 0
1652381167480 0.96964 0
