1645557497749 1.5978882610321046 0
1645557499220 1.5565926467895508 0
1645557500684 1.4266440614700318 0
1645557502160 1.2420620918273926 0
1645557503677 1.1061757940292358 0
1645557505196 1.0100739044189453 0
1645557506663 0.9465825398445129 0
1645557508127 0.9041050579071045 0
1645557509652 0.8663053183555603 0
1645557511157 0.8293490753173828 0
1645557512620 0.7977878935813904 0
1645557514080 0.7732279296875 0
1645557515534 0.7427599527359009 0
1645557517013 0.719924356174469 0
1645557518489 0.6955780105590821 0
1645557519963 0.675803058052063 0
1645557521469 0.6625777215957641 0
1645557522912 0.6371129386901856 0
1645557524375 0.6168894081473351 0
1645557525872 0.5985057573318482 0
1645557527863 1.548569062423706 0
1645557529679 1.4236745235443116 0
1645557531515 1.2883700393676758 0
1645557533337 1.1713079941749573 0
1645557535112 1.076493090772629 0
1645557536889 0.9911429301261901 0
1645557538685 0.933814342212677 0
1645557540485 0.8832871614456177 0
1645557542309 0.8453085229873657 0
1645557544186 0.8147178869247437 0
1645557546044 0.783773840713501 0
1645557547857 0.7573248296737671 0
1645557549700 0.7349557962417602 0
1645557551536 0.7088591068267822 0
1645557553381 0.6880200817108154 0
1645557555237 0.6675848349571228 0
1645557557082 0.6416182386398316 0
1645557558956 0.6200656749725342 0
1645557560803 0.6002814212799072 0
1645557562602 0.5669912269592285 0
1645557565110 1.504782852935791 0
1645557567172 1.280460283279419 0
1645557569230 1.141466858100891 0
1645557571257 1.069594495677948 0
1645557573352 1.0250070838928222 0
1645557575407 1.0051001462936402 0
1645557577418 0.9628346475601196 0
1645557579434 0.9409228920936584 0
1645557581474 0.9019126932144165 0
1645557583506 0.8683218082904816 0
1645557585558 0.8317099621772767 0
1645557587599 0.7973223782539368 0
1645557589652 0.7614898270606995 0
1645557591692 0.7193228403568268 0
1645557593756 0.6855028747558594 0
1645557595778 0.6515878658771515 0
1645557597802 0.6225347759962082 0
1645557599839 0.588834161567688 0
1645557601899 0.5531332659721374 0
1645557603929 0.5253933934688568 0
1645557606883 1.5750092380523681 0
1645557609160 1.48528984375 0
1645557611358 1.3500809703826904 0
1645557613643 1.2198245618820192 0
1645557615862 1.1301981554031373 0
1645557618203 1.0573823127746582 0
1645557620490 0.9981012783050537 0
1645557622801 0.9471803062438965 0
1645557625110 0.9106919930458068 0
1645557627442 0.8859911445617675 0
1645557629759 0.857373440170288 0
1645557632091 0.8372568283081054 0
1645557634411 0.8148445400238037 0
1645557636686 0.7918204055786133 0
1645557638954 0.7665268201828003 0
1645557641209 0.7468516641616821 0
1645557643470 0.7217396270275116 0
1645557645817 0.7030948113441468 0
1645557648131 0.6809861971378326 0
1645557650367 0.6624837922573089 0
1645557653877 1.562772509765625 0
1645557656342 1.458333742904663 0
1645557658892 1.3512479242324829 0
1645557661464 1.2707660366058349 0
1645557663981 1.2092983238220214 0
1645557666489 1.1533759037017823 0
1645557668996 1.1075322067260742 0
1645557671571 1.062279023361206 0
1645557674070 1.0237498400688172 0
1645557676595 0.9869753242492676 0
1645557679099 0.9502954939842224 0
1645557681590 0.9143795315742492 0
1645557684131 0.8807530844688416 0
1645557686578 0.8431774757385254 0
1645557689128 0.8105412902832031 0
1645557691736 0.7736094365119934 0
1645557694183 0.7406836046218872 0
1645557696677 0.6894840725183486 0
1645557699170 0.6580058298110962 0
1645557701687 0.630306485080719 0
1645557705795 1.4752312896728517 0
1645557708580 1.2309164237976074 0
1645557711318 1.0936683568954468 0
1645557714125 1.015974440383911 0
1645557716920 0.9639293397903442 0
1645557719609 0.9204232124328613 0
1645557722388 0.8847454004287719 0
1645557725176 0.8485759258270263 0
1645557727867 0.8153000003814698 0
1645557730660 0.7833578969955445 0
1645557733447 0.7670716452598572 0
1645557736212 0.737851181268692 0
1645557738892 0.7061540524959564 0
1645557741759 0.6867378364562988 0
1645557744460 0.6605783019542694 0
1645557747183 0.6491162731170654 0
1645557749859 0.610484372997284 0
1645557752539 0.5856991238594055 0
1645557755262 0.5623210978507995 0
1645557757998 0.5430564590454101 0
1645557762697 1.5270766584396362 0
1645557765686 1.3565264417648315 0
1645557768705 1.185568099784851 0
1645557771691 1.0741082508087159 0
1645557774687 1.0048375354766845 0
1645557777744 0.9392492441892624 0
1645557780841 0.8889472873687744 0
1645557783930 0.8367104041099548 0
1645557786898 0.7964800483703613 0
1645557789844 0.7544328847885132 0
1645557792822 0.7153768934249878 0
1645557795758 0.6831309795379639 0
1645557798683 0.6504181758880615 0
1645557801683 0.6227675165176392 0
1645557804638 0.5806041193723679 0
1645557807622 0.5500623727321625 0
1645557810592 0.51863264387846 0
1645557813573 0.4766800386428833 0
1645557816567 0.4529027130126953 0
1645557819529 0.42822856884002686 0
1645557824725 1.4954085498809815 0
1645557827960 1.2313920627593995 0
1645557831307 1.056906837272644 0
1645557834528 0.9652198467254639 0
1645557837806 0.9057937782287597 0
1645557840994 0.859121960067749 0
1645557844222 0.8272547607421875 0
1645557847478 0.7998472395896912 0
1645557850658 0.7752544765472412 0
1645557853910 0.7510146575450897 0
1645557857156 0.7241347200393676 0
1645557860387 0.7069017343521118 0
1645557863618 0.6803055450439454 0
1645557866906 0.6660385744571686 0
1645557870158 0.6392766724586487 0
1645557873409 0.6100415232658386 0
1645557876617 0.5820004173278809 0
1645557879837 0.5517611249923706 0
1645557883056 0.5327227417945862 0
1645557886337 0.5018044915676116 0
1645557892363 1.5586086292266845 0
1645557895848 1.4581798902511596 0
1645557899314 1.3569799110412597 0
1645557902905 1.266765534210205 0
1645557906499 1.1930741092681885 0
1645557910052 1.1343675590515137 0
1645557913528 1.0847242942810058 0
1645557917018 1.0514353108406067 0
1645557920599 1.0161615518569946 0
1645557924199 0.980189066696167 0
1645557927671 0.9456782987594604 0
1645557931118 0.9104896414756775 0
1645557934673 0.8784064980506897 0
1645557938154 0.8569041069030762 0
1645557941699 0.8185555185317993 0
1645557945233 0.774680762052536 0
1645557948758 0.749517409324646 0
1645557952241 0.7193553894996643 0
1645557955798 0.6814246700286866 0
1645557959318 0.6393358598232269 0
1645557965971 1.420769775390625 0
1645557969724 1.0116994590759278 0
1645557973599 0.8191798882484436 0
1645557977494 0.7377389993667602 0
1645557981444 0.6865314011573791 0
1645557985171 0.6516517702102661 0
1645557989100 0.6243357280731201 0
1645557992923 0.602586172580719 0
1645557996753 0.5816997941970825 0
1645558000513 0.5633623334884643 0
1645558004218 0.5449255316734314 0
1645558007962 0.5245976257324219 0
1645558011608 0.5061005835533142 0
1645558015409 0.48411538219451905 0
1645558019124 0.47445372496843335 0
1645558022828 0.4498776743888855 0
1645558026581 0.42709233522415163 0
1645558030332 0.3991829349040985 0
1645558034018 0.3755682310581207 0
1645558037773 0.3614966939091682 0
1645558045144 1.513057251548767 0
1645558049250 1.3494578533172608 0
1645558053449 1.2618095426559448 0
1645558057503 1.2011858856201172 0
1645558061539 1.1565872055053712 0
1645558065616 1.1105764993667602 0
1645558069753 1.082429761314392 0
1645558073957 1.047915761566162 0
1645558078088 1.0160361208915711 0
1645558082185 0.9968257146835328 0
1645558086314 0.9679135291099549 0
1645558090484 0.9448746408462524 0
1645558094651 0.9326793687820435 0
1645558098830 0.9051699571609497 0
1645558102908 0.8738883178710938 0
1645558107099 0.8447470514297485 0
1645558111254 0.8249364605903625 0
1645558115311 0.7954166326522827 0
1645558119507 0.7671914901733399 0
1645558123634 0.7314992496490479 0
1645558131793 1.4494639093399049 0
1645558136194 1.1975539054870605 0
1645558140596 1.0893268951416015 0
1645558144839 1.034658128929138 0
1645558149184 0.999023046875 0
1645558153701 0.9731157215118408 0
1645558158027 0.9510600805282593 0
1645558162384 0.9336614511489868 0
1645558166724 0.9148542810440063 0
1645558171071 0.8964063714504242 0
1645558175432 0.8799882820129394 0
1645558179796 0.8603815614700318 0
1645558184198 0.843277451133728 0
1645558188607 0.8239926157951355 0
1645558192944 0.7984966448783875 0
1645558197419 0.7867581914901733 0
1645558201866 0.7561380953788758 0
1645558206269 0.7390222920417786 0
1645558210601 0.7093190063476562 0
1645558214950 0.6823371930122375 0
1645558223878 1.534925785446167 0
1645558228561 1.348811364555359 0
1645558233138 1.1946188060760499 0
1645558237719 1.1112568128585816 0
1645558242239 1.0552312857627868 0
1645558246899 1.0106990959167481 0
1645558251611 0.9775718907356262 0
1645558256199 0.9350594490051269 0
1645558260883 0.9000643773078918 0
1645558265498 0.86773366355896 0
1645558270113 0.8276796078205109 0
1645558274621 0.7873638957500457 0
1645558279176 0.7512920635223389 0
1645558283837 0.719010291481018 0
1645558288411 0.6880594548225403 0
1645558293100 0.6400334014892578 0
1645558297707 0.6286913887023926 0
1645558302338 0.5901810638427735 0
1645558307162 0.5379280747175217 0
1645558311830 0.5364334180355071 0
1645558321645 1.5017843589782716 0
1645558326387 1.2051672567367553 0
1645558331204 0.9857673953056335 0
1645558336139 0.88031236743927 0
1645558341057 0.811508197593689 0
1645558346184 0.7646700254440307 0
1645558351001 0.7327280763626098 0
1645558355963 0.7087672128677368 0
1645558360717 0.689066411113739 0
1645558365745 0.659836674118042 0
1645558370699 0.6339792455673218 0
1645558375540 0.617598746395111 0
1645558380450 0.598527936077118 0
1645558385354 0.567244039440155 0
1645558390181 0.544191919708252 0
1645558395077 0.5334519539833069 0
1645558399985 0.504826627445221 0
1645558404895 0.4777350482940674 0
1645558409841 0.46775007700920107 0
1645558414737 0.4388410051822662 0
1645558425574 1.3931816341400147 0
1645558430996 1.0358462301254272 0
1645558436216 0.8533700288772583 0
1645558441569 0.7599406603813171 0
1645558446899 0.7051174797058105 0
1645558452187 0.6579054586410522 0
1645558457429 0.6247812528610229 0
1645558462752 0.5972550712108612 0
1645558467952 0.5653246514320374 0
1645558473205 0.5229647765159607 0
1645558478475 0.48916489992141726 0
1645558483611 0.4575959155082703 0
1645558488888 0.43716806759834287 0
1645558494207 0.41033133809566497 0
1645558499491 0.37480685939788816 0
1645558504684 0.3456597737789154 0
1645558510055 0.3415031801700592 0
1645558515282 0.29902817319631575 0
1645558520482 0.2831040192604065 0
1645558525753 0.23911205353736878 0
1645558537487 1.5452317525863648 0
1645558543092 1.4200806261062622 0
1645558548538 1.2970258781433106 0
1645558553853 1.2177897624969483 0
1645558559451 1.1530990294456482 0
1645558564899 1.110031003665924 0
1645558570499 1.0692296174049378 0
1645558576029 1.0291497652053834 0
1645558581612 1.0076764783859253 0
1645558587176 0.9625082723617554 0
1645558592680 0.9305819044589997 0
1645558598271 0.9073904066085815 0
1645558603959 0.8609754265785218 0
1645558609506 0.8419439777374268 0
1645558615166 0.7992059455871582 0
1645558620881 0.7657770589828491 0
1645558626359 0.7412157526969909 0
1645558631884 0.71243000497818 0
1645558637462 0.6666534129619598 0
1645558643031 0.6320428308486938 0
1645558656233 1.4638921360015869 0
1645558662413 1.1714457639694213 0
1645558668601 1.0214960085868836 0
1645558674648 0.9434109649658203 0
1645558680588 0.9013883938789368 0
1645558686672 0.8653734259605408 0
1645558692722 0.840814709854126 0
1645558698652 0.8240783155441285 0
1645558704707 0.8044347173690796 0
1645558710567 0.7839950660705567 0
1645558716504 0.7647865154981613 0
1645558722308 0.749189663028717 0
1645558728304 0.7299210482597351 0
1645558734304 0.7097687990188598 0
1645558740346 0.6889551434993744 0
1645558746375 0.6688392829895019 0
1645558752370 0.6471084375143051 0
1645558758385 0.6244059883117675 0
1645558764441 0.6064208507061004 0
1645558770348 0.5744645413398742 0
1645558784362 1.5157604202270507 0
1645558790630 1.333231365776062 0
1645558796963 1.1732722602844239 0
1645558803400 1.0556487506866454 0
1645558809880 0.9698022234916687 0
1645558816348 0.9132664298295975 0
1645558822852 0.8709584525108337 0
1645558829388 0.8383121674537659 0
1645558835944 0.810698210811615 0
1645558842334 0.7885073948860168 0
1645558848712 0.768717950630188 0
1645558855122 0.7380486259460449 0
1645558861509 0.710193016052246 0
1645558867869 0.675897390127182 0
1645558874286 0.6690412764549255 0
1645558880738 0.6286511228561401 0
1645558887267 0.61534225730896 0
1645558893782 0.5816559097766876 0
1645558900292 0.5545253705978394 0
1645558906776 0.5268636950492859 0
1645558921588 1.3486552131652831 0
1645558928216 0.9065824712753295 0
1645558934939 0.7582412261962891 0
1645558941778 0.6976943738222122 0
1645558948511 0.6542553852081299 0
1645558955086 0.6275507585525513 0
1645558961661 0.6066187104225159 0
1645558968244 0.5749843165874481 0
1645558974933 0.553311094045639 0
1645558981332 0.5261105331420899 0
1645558987938 0.49280903811454774 0
1645558994501 0.47336263403892515 0
1645559001441 0.45087686457931997 0
1645559008338 0.4238602130174637 0
1645559015029 0.4234557139873505 0
1645559021840 0.388427742433548 0
1645559028672 0.36259882278442385 0
1645559035554 0.3465695960998535 0
1645559042249 0.3251581091403961 0
1645559048931 0.3154339968204498 0
1645559065327 1.3540047874450685 0
1645559072385 1.0195772385597228 0
1645559079467 0.9160531475067138 0
1645559086406 0.857728647327423 0
1645559093659 0.8212423711776733 0
1645559100684 0.7787075472831726 0
1645559107929 0.7482696958065033 0
1645559115090 0.7083818697929383 0
1645559122204 0.68109409365654 0
1645559129241 0.6381231467247009 0
1645559136258 0.6113364269256591 0
1645559143167 0.5992032884597779 0
1645559150301 0.557195363855362 0
1645559157191 0.5173227585792541 0
1645559164392 0.4832700176000595 0
1645559171530 0.44167282018661497 0
1645559178722 0.40880341482162474 0
1645559185857 0.4041473647236824 0
1645559192870 0.33520846745967864 0
1645559200045 0.33618108496665955 0
