1652435802554 0.1982 0
1652435807368 0.3014 0
1652435812285 0.347 0
1652435817205 0.3926 0
1652435822019 0.4382 0
1652435826955 0.4806 0
1652435831834 0.5046 0
1652435836686 0.5506 0
1652435841517 0.5884 0
1652435846498 0.6248 0
1652435851420 0.6476 0
1652435856445 0.6916 0
1652435861305 0.7244 0
1652435866141 0.7514 0
1652435871192 0.7868 0
1652435875944 0.8178 0
1652435880843 0.8486 0
1652435885729 0.8568 0
1652435890625 0.8886 0
1652435895521 0.8912 0
1652435900326 0.917 0
1652435905241 0.9258 0
1652435910005 0.9338 0
1652435914858 0.9372 0
1652435919750 0.9288 0
1652435924565 0.9422 0
1652435929484 0.9438 0
1652435934294 0.9488 0
1652435939202 0.9468 0
1652435944092 0.958 0
1652435948911 0.9634 0
1652435953757 0.9448 0
1652435958632 0.9552 0
1652435963571 0.967 0
1652435968485 0.9606 0
1652435973409 0.9602 0
1652435978276 0.9618 0
1652435983224 0.9608 0
1652435988119 0.969 0
1652435992985 0.9694 0
1652435997904 0.9688 0
1652436002908 0.9674 0
1652436007841 0.962 0
1652436012626 0.9738 0
1652436017431 0.97 0
1652436022252 0.976 0
1652436027212 0.9608 0
1652436032117 0.9698 0
1652436036954 0.9704 0
1652436041824 0.971 0
1652436050845 0.6385 0
1652436059497 0.7098 0
1652436068182 0.7558 0
1652436076811 0.7828 0
1652436085374 0.8058 0
1652436094066 0.8302 0
1652436102659 0.8433 0
1652436111164 0.869 0
1652436119598 0.8875 0
1652436128007 0.9019 0
1652436136744 0.9185 0
1652436145353 0.9336 0
1652436153911 0.9408 0
1652436162384 0.9433 0
1652436171059 0.938 0
1652436179930 0.9471 0
1652436188469 0.9609 0
1652436197087 0.962 0
1652436205649 0.9592 0
1652436214060 0.9578 0
1652436222421 0.9632 0
1652436230974 0.9574 0
1652436239661 0.9595 0
1652436248505 0.9671 0
1652436257191 0.97 0
1652436265893 0.9727 0
1652436274525 0.9672 0
1652436283221 0.9744 0
1652436291955 0.9644 0
1652436300559 0.9712 0
1652436309211 0.973 0
1652436317824 0.9739 0
1652436326502 0.9756 0
1652436335360 0.9726 0
1652436343836 0.9673 0
1652436352458 0.9708 0
1652436361239 0.9724 0
1652436369840 0.9712 0
1652436378527 0.9758 0
1652436387198 0.9754 0
1652436395810 0.9677 0
1652436404676 0.9781 0
1652436413408 0.9707 0
1652436421849 0.9787 0
1652436430388 0.9827 0
1652436439079 0.9788 0
1652436447706 0.979 0
1652436456252 0.9808 0
1652436464848 0.9783 0
1652436473410 0.9799 0
1652436486844 0.7490666666666667 0
1652436499478 0.7996666666666666 0
1652436512179 0.8192666666666667 0
1652436524812 0.8434666666666667 0
1652436537252 0.8656 0
1652436549640 0.8770666666666667 0
1652436562197 0.893 0
1652436574628 0.9044666666666666 0
1652436587222 0.9176666666666666 0
1652436599973 0.9234666666666667 0
1652436612344 0.9333333333333333 0
1652436624868 0.9442 0
1652436637527 0.9476666666666667 0
1652436650153 0.9557333333333333 0
1652436663046 0.9615333333333334 0
1652436675667 0.9596 0
1652436688529 0.9578 0
1652436701405 0.9683333333333334 0
1652436714153 0.9688666666666667 0
1652436726947 0.9670666666666666 0
1652436739642 0.9649333333333333 0
1652436751948 0.9745333333333334 0
1652436764552 0.9681333333333333 0
1652436777152 0.9701333333333333 0
1652436789973 0.9682666666666667 0
1652436802498 0.9710666666666666 0
1652436815284 0.9746666666666667 0
1652436827882 0.9744666666666667 0
1652436840605 0.9693333333333334 0
1652436853286 0.9700666666666666 0
1652436865889 0.9771333333333333 0
1652436878617 0.9760666666666666 0
1652436891449 0.9736 0
1652436903953 0.9762666666666666 0
1652436916539 0.9764666666666667 0
1652436929082 0.9777333333333333 0
1652436941851 0.9788 0
1652436954228 0.9773333333333334 0
1652436966806 0.9779333333333333 0
1652436979411 0.9759333333333333 0
1652436992022 0.9791333333333333 0
1652437004654 0.9822 0
1652437017308 0.9791333333333333 0
1652437030140 0.9788 0
1652437042805 0.9798666666666667 0
1652437055344 0.9798 0
1652437067841 0.9809333333333333 0
1652437080403 0.9745333333333334 0
1652437093093 0.9774 0
1652437105721 0.9818 0
1652437123635 0.82955 0
1652437140586 0.86865 0
1652437157467 0.8887 0
1652437174535 0.8959 0
1652437191673 0.9096 0
1652437208816 0.91905 0
1652437225718 0.92865 0
1652437242647 0.9357 0
1652437259380 0.9435 0
1652437276018 0.95115 0
1652437292821 0.95245 0
1652437309524 0.95745 0
1652437326396 0.9603 0
1652437343002 0.9637 0
1652437359637 0.96725 0
1652437376772 0.9648 0
1652437393977 0.97225 0
1652437411035 0.96995 0
1652437427712 0.9747 0
1652437444536 0.97065 0
1652437461500 0.97455 0
1652437478467 0.9716 0
1652437495436 0.9737 0
1652437512507 0.97485 0
1652437529298 0.97525 0
1652437545915 0.9751 0
1652437562976 0.9768 0
1652437579878 0.97525 0
1652437596973 0.97865 0
1652437613605 0.97655 0
1652437630446 0.97755 0
1652437647226 0.9786 0
1652437664182 0.9771 0
1652437680802 0.981 0
1652437697802 0.9756 0
1652437714627 0.9799 0
1652437731283 0.9797 0
1652437748161 0.97895 0
1652437765079 0.97785 0
1652437781922 0.9823 0
1652437798754 0.9802 0
1652437815468 0.9791 0
1652437832318 0.9773 0
1652437849256 0.98295 0
1652437866167 0.98385 0
1652437883182 0.98005 0
1652437899997 0.97755 0
1652437916791 0.98035 0
1652437933776 0.9821 0
1652437950595 0.98325 0
1652437973071 0.84784 0
1652437994587 0.87356 0
1652438015732 0.8838 0
1652438036981 0.896 0
1652438057957 0.9044 0
1652438078999 0.91168 0
1652438100302 0.91876 0
1652438121586 0.92952 0
1652438142542 0.93168 0
1652438164057 0.94072 0
1652438185357 0.94672 0
1652438206351 0.95176 0
1652438227696 0.95616 0
1652438249033 0.96096 0
1652438270504 0.96132 0
1652438291859 0.96384 0
1652438313098 0.96692 0
1652438334459 0.96688 0
1652438356211 0.96764 0
1652438377554 0.97008 0
1652438398900 0.97292 0
1652438420556 0.97448 0
1652438442048 0.97136 0
1652438463025 0.97556 0
1652438484502 0.97284 0
1652438506900 0.97488 0
1652438528157 0.97652 0
1652438549949 0.97444 0
1652438571563 0.97608 0
1652438593398 0.97888 0
1652438615133 0.97632 0
1652438636528 0.97692 0
1652438658409 0.97888 0
1652438680043 0.97848 0
1652438701734 0.97808 0
1652438723758 0.97876 0
1652438745487 0.97852 0
1652438767008 0.97952 0
1652438788755 0.97464 0
1652438810228 0.97876 0
1652438832105 0.9802 0
1652438853776 0.97984 0
1652438875394 0.97896 0
1652438896949 0.98096 0
1652438918860 0.97996 0
1652438940393 0.97964 0
1652438961690 0.98032 0
1652438982851 0.97892 0
1652439004263 0.9818 0
1652439026275 0.9794 0
