1651789272616 1.3876976095199585 0
1651789275721 0.9751500900268555 0
1651789278704 0.746190001732111 0
1651789281772 0.5331738215386868 0
1651789284905 0.39425395832061766 0
1651789287963 0.32734176912903784 0
1651789291006 0.3065977067708969 0
1651789294065 0.28775244574546816 0
1651789297072 0.2898884123057127 0
1651789300196 0.21683093757629396 0
1651789306287 1.432770635032654 0
1651789309605 1.142918353843689 0
1651789313073 1.0147060896873474 0
1651789316371 0.9247845931053161 0
1651789319810 0.8990007613182068 0
1651789323170 0.865118794631958 0
1651789326537 0.889030527973175 0
1651789329830 0.8051355569839478 0
1651789333373 0.7825851724624634 0
1651789336827 1.1742446741104127 0
1651789343696 1.9117706401824952 0
1651789347522 1.6755977630615235 0
1651789351318 1.6720999687194824 0
1651789355160 1.5599499961853027 0
1651789358782 1.6496242099761962 0
1651789362523 1.6798964515686035 0
1651789366250 1.8383021780014037 0
1651789370094 1.7292466035842895 0
1651789373856 1.7192733341217041 0
1651789377732 1.9027171886444092 0
1651789385020 2.066851652145386 0
1651789388933 1.5929235116958618 0
1651789392916 1.507957251739502 0
1651789396900 1.4689992946624757 0
1651789400914 1.5630608671188355 0
1651789404886 1.5467684310913086 0
1651789408983 1.6356536712646483 0
1651789413006 1.709320132446289 0
1651789417007 1.7873945709228516 0
1651789420969 1.7287520545959472 0
1651789428723 2.64450890045166 0
1651789433052 2.3496340980529786 0
1651789437376 2.362722467803955 0
1651789441651 2.33122618598938 0
1651789445958 2.427860405731201 0
1651789450167 2.6503841876983643 0
1651789454480 2.574600774383545 0
1651789458721 2.5865169176101683 0
1651789462992 2.539979471588135 0
1651789467213 2.650031837463379 0
