1654103255328 0.9444310140378088 0
1654103268142 0.21714228275097905 0
1654103281022 0.068558930501546 0
1654103294063 0.028293086008941745 0
1654103307197 0.012607908523408033 0
1654103320154 0.011114757371491635 0
1654103333060 0.001613749404500124 0
1654103346044 0.00804316845827117 0
1654103358697 0.004704863397248814 0
1654103371569 0.002450932552270322 0
1654103428182 0.2754681855335097 0
1654103443807 0.04618389433207249 0
1654103458934 0.03443362994456001 0
1654103474120 0.02502602229907871 0
1654103489473 0.025104004342487798 0
1654103504693 0.02241103579544629 0
1654103520088 0.033990787523925994 0
1654103535320 0.02451477003577523 0
1654103550491 0.020098057611328747 0
1654103565947 0.014780306906652442 0
1654103640069 0.22110428348611857 0
1654103657492 0.05411070316164468 0
1654103674734 0.04199706803457555 0
1654103691485 0.03163903200940405 0
1654103708724 0.03455463655873893 0
1654103725925 0.02760710268471911 0
1654103743042 0.02453475299379284 0
1654103760330 0.020497625659574404 0
1654103777503 0.018093363746568857 0
1654103794850 0.019250896334380718 0
1654103885512 0.631087417433376 0
1654103904717 0.4153735954592342 0
1654103923604 0.401693723341275 0
1654103943065 0.42573892051267076 0
1654103962115 0.3823969376202856 0
1654103981072 0.4186825601493611 0
1654104000120 0.33310836555019446 0
1654104018842 0.3675579729262376 0
1654104038166 0.36745725198540996 0
1654104057238 0.33728370727590534 0
1654104163670 0.6034905617529764 0
1654104184536 0.46368342974936716 0
1654104205456 0.3997211464685702 0
1654104226583 0.36951426624499845 0
1654104247634 0.3744810747325218 0
1654104268555 0.3607540098513752 0
1654104289045 0.42726410370842455 0
1654104309876 0.40373964249827454 0
1654104330710 0.36074022613989964 0
1654104351578 0.31275188614881366 0
