1645577819940 1.2176544662475586 0
1645577822731 0.8972121417999268 0
1645577825547 0.750896606349945 0
1645577828367 0.7145180423736572 0
1645577831263 0.6285640040397644 0
1645577834095 0.5515859939098359 0
1645577836932 0.4916117076396942 0
1645577839798 0.40900355763435364 0
1645577842677 0.3841215431690216 0
1645577845492 0.36124502205848696 0
1645577848351 0.2806181170463562 0
1645577851223 0.21774061174988746 0
1645577854149 0.22010192473530768 0
1645577856948 0.23799236152768136 0
1645577859773 0.15572934174090625 0
1645577862623 0.12847883358150722 0
1645577865497 0.1331770721554756 0
1645577868303 0.14748694786988198 0
1645577871151 0.1046256995588541 0
1645577874258 0.12261684464514255 0
1645577879175 0.7020044343471528 0
1645577883755 0.5344905371189117 0
1645577888415 0.4513176646709442 0
1645577893094 0.3760494781255722 0
1645577897597 0.31942311655282973 0
1645577902254 0.25660562777519225 0
1645577906967 0.222234885764122 0
1645577911506 0.21182427932918071 0
1645577916185 0.16543040916323662 0
1645577920829 0.12615589474588632 0
1645577925382 0.11785018023364247 0
1645577930019 0.10705440002754331 0
1645577934569 0.11728943107798695 0
1645577939026 0.11820398732349277 0
1645577943570 0.09676519334465265 0
1645577948124 0.06278453809432685 0
1645577952823 0.0567516013356857 0
1645577957572 0.11410121238902211 0
1645577962277 0.06968270720597357 0
1645577966945 0.04212853067759424 0
1645577974067 0.39581538190642995 0
1645577980508 0.2533940502276023 0
1645577987176 0.22744757523139317 0
1645577993531 0.1625494630654653 0
1645578000068 0.15323596101204554 0
1645578006732 0.10029938674382866 0
1645578013213 0.1272736985050142 0
1645578019747 0.09123464232434829 0
1645578026313 0.08156940562327702 0
1645578032893 0.09477784573497872 0
1645578039496 0.05964200964607298 0
1645578045923 0.049888446234663326 0
1645578052705 0.07891253151843945 0
1645578059404 0.08574705193427702 0
1645578065969 0.05361265707577889 0
1645578072214 0.047988853160322954 0
1645578078798 0.04989219624129279 0
1645578085402 0.04165773652335629 0
1645578091895 0.06577038272069767 0
1645578098464 0.06278523021495591 0
1645578107889 0.383958162830025 0
1645578116649 0.3091891342974268 0
1645578125217 0.26788011459391564 0
1645578133806 0.21954571162201464 0
1645578142425 0.19228105992553757 0
1645578150893 0.1597338794730138 0
1645578159584 0.1025752323183464 0
1645578168266 0.10807579887663014 0
1645578176839 0.1122237318934407 0
1645578185818 0.07741213678140194 0
1645578194557 0.07441909246800933 0
1645578203451 0.0680296995001845 0
1645578212139 0.06724746036136058 0
1645578220807 0.061204109720373524 0
1645578229562 0.05451022317975294 0
1645578238218 0.057790631611912974 0
1645578246865 0.037379638040374266 0
1645578255491 0.05619518648444209 0
1645578264337 0.047553038009884765 0
1645578273247 0.047387116985279136 0
1645578285702 0.27661272414902227 0
1645578296613 0.20405747133199126 0
1645578307562 0.17994139167251066 0
1645578318524 0.14304899273097516 0
1645578329586 0.12113362942016101 0
1645578340737 0.09647624310676009 0
1645578351865 0.1156926086076349 0
1645578362899 0.07030702949241735 0
1645578373609 0.06606598623796366 0
1645578384756 0.05540615502785426 0
1645578396226 0.07913654530718922 0
1645578407332 0.0581475655458495 0
1645578418320 0.05396723641235381 0
1645578429321 0.05888871018299833 0
1645578440155 0.03643343167124316 0
1645578451262 0.04398120536346454 0
1645578462480 0.04949848397215828 0
1645578473599 0.043959855665583164 0
1645578484512 0.035262624843524534 0
1645578495212 0.050789018961557304 0
1645578510213 0.18352928218152373 0
1645578524129 0.13254755597015222 0
1645578537756 0.10485396028965091 0
1645578550793 0.08781367923597184 0
1645578564136 0.08915930638246548 0
1645578577530 0.06615969469876146 0
1645578590836 0.06168469237754277 0
1645578603890 0.05948775392783573 0
1645578617302 0.058183785526920107 0
1645578630543 0.04537875174216849 0
1645578643826 0.05612751401553396 0
1645578657062 0.053037032388368 0
1645578670796 0.04394714999925927 0
1645578684311 0.04285315990606517 0
1645578697559 0.05301641452484182 0
1645578710569 0.04245428825491011 0
1645578724210 0.03011421130754576 0
1645578737126 0.04368828608758825 0
1645578750172 0.04732989311896575 0
1645578763281 0.041206979146247616 0
1645578781129 0.18148306200322362 0
1645578796895 0.12434438884400963 0
1645578812861 0.11337381373351174 0
1645578828348 0.10438282989005591 0
1645578844391 0.08758494983637106 0
1645578860859 0.06857853676410491 0
1645578877119 0.07773348253729055 0
1645578892747 0.06374648385490114 0
1645578908402 0.05737813276813083 0
1645578924320 0.04981787453310431 0
1645578939924 0.047965427129793015 0
1645578955694 0.050670878870442644 0
1645578971437 0.044379201719719485 0
1645578987146 0.04504961202850183 0
1645579003312 0.04611038424248036 0
1645579019858 0.043988303503144456 0
1645579035609 0.050956227983399625 0
1645579052128 0.034885389996007765 0
1645579067678 0.04118942658657366 0
1645579083737 0.042576075618234295 0
1645579104517 0.20112485203239922 0
1645579122983 0.16129866183609776 0
1645579141062 0.13844437255031516 0
1645579159224 0.1262806590415901 0
1645579177586 0.10908319087865274 0
1645579195697 0.10017887764520565 0
1645579214261 0.09212597164792678 0
1645579232136 0.07187999057181878 0
1645579250626 0.0736941652554844 0
1645579269083 0.06736615552624789 0
1645579286800 0.06635706541651744 0
1645579304906 0.044403336836510425 0
1645579323565 0.06420817376146261 0
1645579341198 0.04609080690906521 0
1645579359249 0.04367053803446943 0
1645579378565 0.047690488208664464 0
1645579396466 0.04044944794823086 0
1645579414660 0.052877708521140085 0
1645579432533 0.03711489059605711 0
1645579450625 0.04208967818107349 0
1645579474601 0.16301131054967796 0
1645579495942 0.12308984053307957 0
1645579516837 0.11766192134680072 0
1645579538404 0.08589302282436628 0
1645579559801 0.0863648551662586 0
1645579580483 0.07867076882836174 0
1645579601023 0.07068320352056746 0
1645579621305 0.06586514671400558 0
1645579642019 0.05562769230314379 0
1645579663049 0.0539186714166929 0
1645579683853 0.0625831862177467 0
1645579706058 0.04578075733283786 0
1645579727332 0.05141140541664985 0
1645579748664 0.05307062145441176 0
1645579771145 0.04857031374953076 0
1645579791492 0.03979799355793463 0
1645579812124 0.04364223990276126 0
1645579832981 0.046088084284750544 0
1645579853512 0.04291421447014923 0
1645579873489 0.03910616326128698 0
1645579900854 0.1443140687994033 0
1645579924590 0.10524932718723255 0
1645579948790 0.09462617976293841 0
1645579973536 0.08754674687287013 0
1645579997856 0.07076790959402104 0
1645580021552 0.06576761391542328 0
1645580045728 0.06380395925621735 0
1645580069989 0.0584587057227028 0
1645580094021 0.05177345365423913 0
1645580116889 0.05532619685811216 0
1645580140428 0.0447857298946377 0
1645580164270 0.05015454060983227 0
1645580188723 0.045502412404442076 0
1645580211923 0.043910267082560565 0
1645580234924 0.04495860036433322 0
1645580258592 0.04146198002259647 0
1645580284329 0.04698223611465757 0
1645580309607 0.04142901287556213 0
1645580333116 0.03986029700134837 0
1645580358597 0.04106413681905586 0
1645580388847 0.15697447806045967 0
1645580417608 0.13118384217249696 0
1645580444302 0.11804739749363481 0
1645580471195 0.0985745748952508 0
1645580498383 0.09347455814637307 0
1645580526820 0.08648760841756808 0
1645580553882 0.07938113414287243 0
1645580581232 0.07251127804296954 0
1645580607909 0.07041903245245834 0
1645580634620 0.06035372459531711 0
1645580661761 0.059578996887836216 0
1645580687522 0.05915016801984576 0
1645580714826 0.05107812499086278 0
1645580741170 0.050537842991041276 0
1645580766568 0.043718212662263646 0
1645580794267 0.04654137668223259 0
1645580820186 0.050678747541041826 0
1645580845645 0.04252644334784649 0
1645580871403 0.048756291097999366 0
1645580899474 0.049839443207668296 0
1645580933537 0.14058717242069477 0
1645580963038 0.11326569922890124 0
1645580991448 0.09889039119160968 0
1645581021433 0.08621158293317761 0
1645581051748 0.07617029913970601 0
1645581081627 0.08012541043113318 0
1645581110561 0.06655284590925081 0
1645581140295 0.06100055027730039 0
1645581170740 0.05632859126326624 0
1645581200730 0.052271372390173626 0
1645581229949 0.05161687237008661 0
1645581260070 0.05040083307642878 0
1645581288933 0.04881591612610301 0
1645581317658 0.053355490870499456 0
1645581347332 0.04624538062339093 0
1645581378554 0.045295591608783006 0
1645581408422 0.04689074851297837 0
1645581439077 0.04805024226185239 0
1645581467943 0.047529607672669866 0
1645581499480 0.04817228441567107 0
1645581537185 0.11975811763812358 0
1645581569297 0.09417201494088558 0
1645581602882 0.0842780169992521 0
1645581635773 0.07872609872713869 0
1645581668945 0.0756235121791283 0
1645581701834 0.06403518112470433 0
1645581734706 0.05856484849575644 0
1645581768095 0.06375273962022929 0
1645581801415 0.05183415225133761 0
1645581834437 0.05450435016363699 0
1645581869252 0.05114580603890751 0
1645581901905 0.050601679977289 0
1645581934430 0.050121018078766726 0
1645581966479 0.04854071455139587 0
1645581999788 0.04269860275989833 0
1645582032061 0.04737658980936361 0
1645582064920 0.047133268497112885 0
1645582096921 0.043414066776508595 0
1645582130334 0.04774629492626692 0
1645582162954 0.04549080091636649 0
1645582205149 0.11455692868688283 0
1645582242071 0.09627694299044516 0
1645582277618 0.0822457836014025 0
1645582313023 0.07676747174551744 0
1645582348259 0.0632896712710094 0
1645582384941 0.06494266293638157 0
1645582419413 0.06086148132735902 0
1645582457144 0.06239212770144668 0
1645582494534 0.06006983350376852 0
1645582531022 0.05281275154136118 0
1645582566037 0.04933580662452198 0
1645582603539 0.049440162462050415 0
1645582640552 0.04809002026363361 0
1645582675503 0.05082858905876003 0
1645582709561 0.048301228160530875 0
1645582744669 0.053092609944192175 0
1645582780157 0.04198064149074167 0
1645582816250 0.05032729356548693 0
1645582851727 0.04444641082983003 0
1645582886711 0.044465921522236475 0
1645582930661 0.11491646177742436 0
1645582969122 0.10266059333834476 0
1645583008411 0.08774008271026226 0
1645583049439 0.08924970291493074 0
1645583088587 0.0752041950246705 0
1645583126981 0.07809877161756433 0
1645583165808 0.07162297192376813 0
1645583204075 0.06826559849337932 0
1645583243766 0.06532641711208659 0
1645583282269 0.05695570977260402 0
1645583322174 0.057922784122548386 0
1645583361842 0.05381602429461048 0
1645583400800 0.056817856780763905 0
1645583439431 0.04971500302472181 0
1645583477700 0.05270335046861486 0
1645583516701 0.06075080209939168 0
1645583554722 0.05085940970479404 0
1645583594435 0.049915827234467774 0
1645583633690 0.045726474111508694 0
1645583673473 0.04760820920984884 0
1645583722588 0.11338119387917252 0
1645583764779 0.09179314882245188 0
1645583805002 0.09148219536100073 0
1645583847410 0.07549750668818327 0
1645583889692 0.072637107429961 0
1645583933512 0.07467311421890867 0
1645583975267 0.06552339117720331 0
1645584018169 0.0616329338786341 0
1645584059570 0.06270315007546197 0
1645584103420 0.05734066433935095 0
1645584147397 0.05597199097470836 0
1645584191113 0.054245924587511936 0
1645584234034 0.060087493665807234 0
1645584276681 0.05216746965553932 0
1645584317475 0.04783628155864103 0
1645584359896 0.052199553575181065 0
1645584401034 0.04692144256510569 0
1645584442922 0.05042201474275593 0
1645584485068 0.04863090460039682 0
1645584525162 0.04835595848276212 0
1645584576085 0.07558328899542961 0
1645584622445 0.06519669815893786 0
1645584668731 0.06570217688248303 0
1645584716728 0.05923997065594909 0
1645584764830 0.059881717080846913 0
1645584809012 0.049920207430657663 0
1645584854950 0.055387320604208326 0
1645584898713 0.0502974986105087 0
1645584946542 0.05299657668816649 0
1645584992874 0.05156391177268996 0
1645585038318 0.04654605099739448 0
1645585086073 0.05154247163759571 0
1645585130591 0.04756768973168868 0
1645585175974 0.041392712104681026 0
1645585220078 0.05215851429249346 0
1645585267166 0.049048330209137965 0
1645585311813 0.04546290302146348 0
1645585356957 0.052107579713504354 0
1645585405629 0.0452882840685601 0
1645585448874 0.048137826288027034 0
1645585507008 0.08922391219553721 0
1645585557965 0.06776585094533094 0
1645585606454 0.060924549336493924 0
1645585655143 0.06490111385443897 0
1645585704110 0.058161766234845105 0
1645585754588 0.054942922930977245 0
1645585804149 0.05478617037135481 0
1645585852378 0.054220644730205735 0
1645585905185 0.050127896524662215 0
1645585952532 0.049522103202828294 0
1645586000875 0.045801970385431684 0
1645586049638 0.053377510795456815 0
1645586099135 0.05001351744891993 0
1645586146860 0.05038285035286837 0
1645586195018 0.05239295427895864 0
1645586244987 0.042231879534842885 0
1645586293614 0.04992434336670637 0
1645586341161 0.04760821822315745 0
1645586388693 0.05009308812830852 0
1645586437705 0.043609650803212434 0
1645586497428 0.09700268672485005 0
1645586551115 0.07716901350070833 0
1645586602901 0.07772621682977772 0
1645586656786 0.07198060637115081 0
1645586709986 0.07060411900239798 0
1645586761588 0.06533121151994851 0
1645586813063 0.06266285313168936 0
1645586864757 0.0656407447237602 0
1645586919555 0.05939870654222407 0
1645586973546 0.06399364733059167 0
1645587027569 0.05974339639050328 0
1645587080441 0.05829779158275889 0
1645587134263 0.05891138509406261 0
1645587186385 0.05270300835258357 0
1645587239916 0.04850426212637161 0
1645587294300 0.05697069151227229 0
1645587346400 0.04997679524948658 0
1645587400454 0.04983227131543365 0
1645587452312 0.05031104029830325 0
1645587503628 0.05148396119236403 0
1645587565386 0.08703530407423525 0
1645587622758 0.07392109870392442 0
1645587677545 0.07048669183140291 0
1645587733759 0.06413044939543024 0
1645587788575 0.056981260113744554 0
1645587844534 0.05995947369434903 0
1645587901719 0.05942612371874141 0
1645587958012 0.05843667494060882 0
1645588014396 0.05393183540484064 0
1645588072669 0.05410328775905913 0
1645588128585 0.05690641863280807 0
1645588183798 0.0532795513543938 0
1645588241111 0.05220933456924092 0
1645588298643 0.05041618195104267 0
1645588353725 0.047057024643614095 0
1645588409698 0.05437180487469553 0
1645588466636 0.04990305627158876 0
1645588522723 0.048211723419046774 0
1645588579194 0.051344284649388866 0
1645588634529 0.05260432845195049 0
