1652328268347 0.1286 0
1652328273467 0.198 0
1652328278722 0.232 0
1652328283923 0.268 0
1652328289038 0.2914 0
1652328294144 0.3154 0
1652328299298 0.3576 0
1652328304422 0.354 0
1652328309383 0.3732 0
1652328314526 0.4092 0
1652328323660 0.3004 0
1652328332543 0.3639 0
1652328341500 0.4135 0
1652328350643 0.4363 0
1652328359653 0.4612 0
1652328368600 0.491 0
1652328377835 0.5158 0
1652328386835 0.5308 0
1652328395715 0.547 0
1652328405107 0.5617 0
1652328418876 0.4590666666666667 0
1652328432327 0.5029333333333333 0
1652328444811 0.5187333333333334 0
1652328457518 0.5454 0
1652328470352 0.5593333333333333 0
1652328484241 0.5822666666666667 0
1652328497821 0.5919333333333333 0
1652328511207 0.6033333333333334 0
1652328524478 0.6314666666666666 0
1652328537733 0.6334 0
1652328556420 0.5461 0
1652328574239 0.5932 0
1652328591730 0.6056 0
1652328609591 0.6161 0
1652328627447 0.6343 0
1652328645330 0.64775 0
1652328663339 0.6567 0
1652328681384 0.66395 0
1652328699012 0.67665 0
1652328716773 0.6891 0
1652328740626 0.60352 0
1652328762902 0.624 0
1652328785624 0.63624 0
1652328808442 0.64056 0
1652328831254 0.65352 0
1652328853787 0.6654 0
1652328876327 0.67128 0
1652328898985 0.68104 0
1652328921708 0.682 0
1652328944115 0.6954 0
