1645702059314 1.7219127395629883 0
1645702064368 1.3278570627212525 0
1645702069313 1.1839165281295776 0
1645702074328 1.170777144575119 0
1645702079180 1.0227465181350708 0
1645702084174 1.0478527249336242 0
1645702089055 0.9990057051658631 0
1645702094028 0.9276020142555237 0
1645702098918 0.9278598272562028 0
1645702103834 0.9359352355957031 0
1645702128519 1.1895683343887329 0
1645702152423 0.9114023408412933 0
1645702176833 0.7336259145736694 0
1645702200931 0.7488492157936096 0
1645702225233 0.7068028568267822 0
1645702250161 0.6598249242126941 0
1645702274757 0.6022841718673706 0
1645702298874 0.6085511042714119 0
1645702323233 0.5856640890836716 0
1645702347778 0.498637081182003 0
1645702372279 1.3612008271217346 0
1645702395793 0.9911024293899536 0
1645702419727 0.833524073791504 0
1645702443446 0.8074100619494915 0
1645702467209 0.6611888946533203 0
1645702490976 0.6711394476890564 0
1645702514824 0.6052292754650116 0
1645702538547 0.5979871479034424 0
1645702562309 0.6068160098314286 0
1645702586153 0.56639644947052 0
