1644594352207 2.2514859703063963 0
1644594354417 2.0570749942779543 0
1644594356628 1.8865169960021972 0
1644594358867 1.7239841152191162 0
1644594361069 1.5771124904632567 0
1644594365059 2.284512171936035 0
1644594366980 2.1213244159698488 0
1644594368922 1.9957411096572877 0
1644594370892 1.874142809677124 0
1644594372847 1.7540032779693604 0
1644594378747 2.2645546756744386 0
1644594380680 2.106834273529053 0
1644594382598 1.9740707885742188 0
1644594384487 1.836170369529724 0
1644594386375 1.6958491760253906 0
