1643911237134 1.1324670146783193 0
1643911251820 0.3523318081855774 0
1643911266427 0.22429653273423514 0
1643911281313 0.1620186897357305 0
1643911296164 0.12228025367259979 0
1643911350189 0.5486411778767903 0
1643911367755 0.21923107262452443 0
1643911385267 0.14934012490908305 0
1643911403059 0.10820885215401649 0
1643911420637 0.07958363639911016 0
1643911480800 0.4680139425436656 0
1643911500142 0.19416894380251568 0
1643911519753 0.13485060638984045 0
1643911539096 0.09565156362255414 0
1643911558671 0.07045309329430262 0
1643911624750 0.4710355298360189 0
1643911646103 0.19992466409206391 0
1643911667599 0.14038000635306042 0
1643911688970 0.10663084628582001 0
1643911710468 0.08167382051150004 0
1643911783207 0.473637326892217 0
1643911805984 0.20554370322227478 0
1643911828708 0.1486048136552175 0
1643911851804 0.11354034539063772 0
1643911874970 0.08987459278901418 0
1643911954312 0.4702194493611654 0
1643911978830 0.2120498788992564 0
1643912003342 0.15449819970528283 0
1643912028046 0.11848765374819438 0
1643912052274 0.09478890223503113 0
1643912136954 0.4725950214544932 0
1643912163015 0.2195283777077993 0
1643912188911 0.16241779483159383 0
1643912214772 0.1268554227034251 0
1643912240556 0.10309086357752482 0
1643912331055 0.47158990586598715 0
1643912358343 0.22015439309279125 0
1643912384963 0.1673673960765203 0
1643912411799 0.13292235650221507 0
1643912438809 0.10873078224658966 0
1643912534294 0.4752903832594554 0
1643912562522 0.22945567725499472 0
1643912590273 0.1762342375914256 0
1643912618563 0.1410140760978063 0
1643912646623 0.11655117240349451 0
1643912748126 0.47929483137130735 0
1643912777452 0.23638821318149567 0
1643912806295 0.17837252873977025 0
1643912835719 0.1454988559881846 0
1643912865074 0.12188950706322987 0
1643912972488 0.5006672395070394 0
1643913002557 0.24472163217862447 0
1643913032763 0.1909721480846405 0
1643913062777 0.15661787536938984 0
1643913093403 0.13193133886655173 0
1643913206150 0.4901372841835022 0
1643913237745 0.25232312072118124 0
1643913268930 0.19684637382825215 0
1643913300326 0.16316692128181456 0
1643913331303 0.13998600567976632 0
1643913449827 0.4882506668249766 0
1643913481968 0.2582099717458089 0
1643913514197 0.20385558922290803 0
1643913546843 0.17012828724384307 0
1643913579470 0.14481906832059224 0
1643913703465 0.47224329064687093 0
1643913736159 0.2581402037541072 0
1643913769833 0.20745541117191316 0
1643913803378 0.17332034126122792 0
1643913836796 0.15110269134839377 0
1643913967804 0.4998045610030492 0
1643914001911 0.27060867177645365 0
1643914036334 0.21524384030501048 0
1643914070707 0.1836121351559957 0
1643914105174 0.1604223643143972 0
1643914241174 0.5063862043380737 0
1643914276576 0.28068103062311806 0
1643914312031 0.22564755748112997 0
1643914347387 0.19312116077740987 0
1643914383252 0.17033853658040365 0
1643914523724 0.5044146603743235 0
1643914560551 0.28375220499038695 0
1643914597196 0.2312399635473887 0
1643914633653 0.19978459624449413 0
1643914669968 0.1766050710360209 0
1643914817594 0.49569543040593467 0
1643914855230 0.2836374440193176 0
1643914892542 0.2319180694739024 0
1643914929974 0.19796725339094798 0
1643914967387 0.17758320678869882 0
1643915119774 0.536688691107432 0
1643915158540 0.29889500468571983 0
1643915196761 0.24512323581377665 0
1643915235460 0.211067591659228 0
1643915274376 0.18679730400244396 0
1643915431537 0.537806273317337 0
1643915471283 0.3097958802223206 0
1643915511073 0.25568546748161314 0
1643915550974 0.2199899118820826 0
1643915590890 0.1960365093390147 0
1643915754493 0.5356548211892446 0
1643915795166 0.3133304670969645 0
1643915835494 0.2573647351264954 0
1643915875665 0.22312706696987153 0
1643915916673 0.20042104380925496 0
1643916085836 0.5418055652777354 0
1643916127486 0.3190349421342214 0
1643916168875 0.26552438713709514 0
1643916210855 0.23231766600608825 0
1643916252384 0.20986140168507894 0
1643916426599 0.5257917075475057 0
1643916469530 0.31944521721998853 0
1643916513058 0.2641740376313527 0
1643916555930 0.23304760462443033 0
1643916598560 0.21430440786679586 0
1643916779141 0.5685370812892914 0
1643916822345 0.3368377913157145 0
1643916866447 0.28207245562871297 0
1643916910535 0.2463638184229533 0
1643916954492 0.22525166331926982 0
1643917140049 0.5785630951245626 0
1643917184763 0.3430418224016825 0
1643917229897 0.2885044432957967 0
1643917274998 0.2516454376220703 0
1643917319957 0.2289208546479543 0
1643917511760 0.5670858714103699 0
1643917557591 0.35066290340423584 0
1643917603630 0.2987319193840027 0
1643917649663 0.26501337095896405 0
1643917695575 0.23896004309654237 0
1643917893627 0.5853646910031637 0
1643917940920 0.3574427920818329 0
1643917988195 0.3030507353782654 0
1643918034943 0.27212718843619027 0
1643918082326 0.2484602100610733 0
1643918286108 0.5892298404375712 0
1643918334206 0.3629240668932597 0
1643918382889 0.308709477408727 0
1643918431278 0.2791486359357834 0
1643918479574 0.2543881382465363 0
1643918690229 0.5884835792541504 0
1643918739576 0.3702708890279134 0
1643918788715 0.3171986968835195 0
1643918838017 0.28394157719612123 0
1643918887592 0.26264086451530455 0
1643919102413 0.5799978899002075 0
1643919152674 0.37808699162801107 0
1643919203033 0.32250323813756304 0
1643919253923 0.2900661931037903 0
1643919304597 0.2681162251472473 0
