1645623611061 0.1244 0
1645623615635 0.1964 0
1645623620243 0.2348 0
1645623625006 0.3036 0
1645623629506 0.3504 0
1645623634143 0.3852 0
1645623638742 0.4282 0
1645623643356 0.4428 0
1645623647907 0.4722 0
1645623652476 0.5052 0
1645623657047 0.5294 0
1645623661673 0.5468 0
1645623666113 0.552 0
1645623670747 0.5478 0
1645623675260 0.5604 0
1645623680019 0.5726 0
1645623684522 0.5874 0
1645623689029 0.5876 0
1645623693620 0.6056 0
1645623698279 0.607 0
1645623706960 0.4059 0
1645623715418 0.4397 0
1645623723798 0.4625 0
1645623732166 0.4829 0
1645623740440 0.4913 0
1645623748891 0.495 0
1645623757249 0.5123 0
1645623765164 0.5212 0
1645623773522 0.5283 0
1645623782007 0.5375 0
1645623789959 0.5524 0
1645623798251 0.5483 0
1645623806531 0.5661 0
1645623815017 0.5663 0
1645623823201 0.5768 0
1645623831647 0.5721 0
1645623840041 0.5818 0
1645623848409 0.587 0
1645623856581 0.5987 0
1645623864908 0.6044 0
1645623878002 0.46746666666666664 0
1645623890024 0.4986 0
1645623901656 0.5134666666666666 0
1645623913626 0.5338 0
1645623925966 0.5435333333333333 0
1645623938453 0.5482666666666667 0
1645623950767 0.5519333333333334 0
1645623963213 0.5668666666666666 0
1645623975485 0.5655333333333333 0
1645623988032 0.5688 0
1645624000094 0.5816666666666667 0
1645624012314 0.5829333333333333 0
1645624024927 0.5875333333333334 0
1645624037224 0.5928666666666667 0
1645624049286 0.597 0
1645624061740 0.5941333333333333 0
1645624073838 0.6022666666666666 0
1645624085895 0.5944666666666667 0
1645624098213 0.6090666666666666 0
1645624110793 0.6052 0
