1651908645969 0.6292 0
1651908649057 0.848 0
1651908652259 0.9088 0
1651908655297 0.946 0
1651908658412 0.9556 0
1651908662183 0.4832 0
1651908665779 0.7336 0
1651908669529 0.818 0
1651908673242 0.8776 0
1651908676895 0.9004 0
1651908680907 0.5028 0
1651908684519 0.7396 0
1651908688186 0.8148 0
1651908691739 0.8404 0
1651908695380 0.8708 0
1651908699651 0.638 0
1651908703134 0.8792 0
1651908706681 0.9296 0
1651908710310 0.9264 0
1651908713930 0.9668 0
1651908718343 0.3972 0
1651908722042 0.688 0
1651908725692 0.7936 0
1651908729392 0.8168 0
1651908732907 0.8672 0
