1652813800545 0.207 0
1652813805830 0.3088 0
1652813811166 0.351 0
1652813816718 0.3996 0
1652813822088 0.443 0
1652813827436 0.4804 0
1652813832727 0.514 0
1652813838000 0.5552 0
1652813843344 0.595 0
1652813848570 0.6382 0
1652813860792 0.38 0
1652813872458 0.5228 0
1652813884195 0.5908 0
1652813895832 0.6262 0
1652813907457 0.6538 0
1652813919157 0.7004 0
1652813930782 0.7306 0
1652813942479 0.7658 0
1652813954162 0.7876 0
1652813965839 0.8022 0
1652813978926 0.389 0
1652813990704 0.5382 0
1652814002525 0.6122 0
1652814014328 0.6584 0
1652814026029 0.6936 0
1652814037776 0.7366 0
1652814049440 0.7566 0
1652814061282 0.7802 0
1652814072990 0.8172 0
1652814084902 0.8158 0
1652814098090 0.4654 0
1652814109899 0.6072 0
1652814121763 0.6804 0
1652814133656 0.7244 0
1652814145548 0.768 0
1652814157383 0.7812 0
1652814169178 0.8186 0
1652814181043 0.8326 0
1652814192937 0.8594 0
1652814204793 0.8836 0
1652814218466 0.381 0
1652814230307 0.5154 0
1652814242135 0.5912 0
1652814254140 0.6328 0
1652814266255 0.6712 0
1652814278335 0.728 0
1652814290365 0.761 0
1652814302303 0.7906 0
1652814314155 0.8218 0
1652814326053 0.8434 0
