1645614335077 2.2180111526489257 0
1645614343193 1.8742088150024414 0
1645614351264 1.5684431869506836 0
1645614359167 1.3304833526611328 0
1645614367661 1.1090740863800048 0
1645614375952 0.8907277201652527 0
1645614384297 0.699727159690857 0
1645614392638 0.5251569516658783 0
1645614401386 0.4043230242729187 0
1645614409902 0.2987335103034973 0
1645614418404 0.2404919067978859 0
1645614426712 0.18946503225564956 0
1645614435001 0.14778913488984108 0
1645614443201 0.1108109521985054 0
1645614451332 0.107224855530262 0
1645614459275 0.10090417847633362 0
1645614467372 0.13085695490539073 0
1645614475682 0.11605426769554615 0
1645614484276 0.09568406427800655 0
1645614492848 0.07861384405195714 0
1645614501798 2.143371940231323 0
1645614507284 1.8772084201812744 0
1645614513106 1.71139773979187 0
1645614518634 1.5462013761520386 0
1645614524526 1.3853260107040406 0
1645614530128 1.187939100074768 0
1645614535776 0.9969397020339966 0
1645614541411 0.7841814136505127 0
1645614547169 0.5924815905094146 0
1645614552572 0.42462927017211916 0
1645614557970 0.3137108940601349 0
1645614563616 0.2214445726275444 0
1645614569223 0.15409658582210542 0
1645614574689 0.09945813829302788 0
1645614580246 0.08667706601619721 0
1645614586037 0.07724077486991883 0
1645614591763 0.05575862599611282 0
1645614597458 0.06604398273527622 0
1645614603399 0.05826721194088459 0
1645614609097 0.057355478587746624 0
1645614620975 2.1293485191345214 0
1645614626758 1.847655503845215 0
1645614632633 1.6658071563720702 0
1645614638407 1.4764754340171813 0
1645614644198 1.2938980924606323 0
1645614649904 1.1081749837875365 0
1645614655723 0.9109171283721924 0
1645614661288 0.7025297228813171 0
1645614666852 0.5218002654552459 0
1645614672401 0.36482942712306976 0
1645614677897 0.27491137454509734 0
1645614683497 0.19923067321777344 0
1645614689049 0.13304471580982208 0
1645614694663 0.1041828950047493 0
1645614700262 0.08590022257566451 0
1645614706036 0.0646261776149273 0
1645614711791 0.04797851128578186 0
1645614717607 0.07544036385715008 0
1645614723186 0.052015615412592885 0
1645614729101 0.06857283028662205 0
