1651696139173 0.9816849363327026 0
1651696142212 0.6001420356750489 0
1651696145427 0.49972087765932083 0
1651696148583 0.41676567826271055 0
1651696151642 0.38589344761371613 0
1651696154754 0.2753228841930628 0
1651696157710 0.2648272134065628 0
1651696160783 0.21657196042537688 0
1651696163925 0.26684487345963714 0
1651696166888 0.18930170304775237 0
1651696169846 0.16553309566825627 0
1651696172950 0.14590166578292846 0
1651696175982 0.13293004714846612 0
1651696178985 0.16155107521414758 0
1651696182078 0.11227022666335106 0
1651696185099 0.09523707537651062 0
1651696188132 0.10024910380840302 0
1651696191208 0.1419090258538723 0
1651696194231 0.08306742603480816 0
1651696197314 0.07694844998121261 0
1651696200364 0.1323336738348007 0
1651696203520 0.06208949289619923 0
1651696206410 0.09165069504454731 0
1651696209496 0.05427744686380029 0
1651696212610 0.040995382402464746 0
1651696215636 0.04302025924548507 0
1651696218558 0.04323988660387695 0
1651696221646 0.04371355189299211 0
1651696224647 0.06342879326194525 0
1651696227629 0.06626988515257835 0
1651696232982 0.6676945148468018 0
1651696238089 0.49624359841346743 0
1651696243332 0.4194318618774414 0
1651696248520 0.34740333325266837 0
1651696253742 0.2691295718431473 0
1651696258811 0.23645825400352477 0
1651696263897 0.19970285995006562 0
1651696269152 0.1802057162284851 0
1651696274331 0.15837148848772048 0
1651696279364 0.13867806305289268 0
1651696284729 0.1310948484480381 0
1651696289944 0.10503186581730843 0
1651696295190 0.08936915113404394 0
1651696300403 0.08241104447990656 0
1651696305630 0.08052760260701179 0
1651696310731 0.07024137307405472 0
1651696315753 0.07391567385271192 0
1651696320899 0.05833129841089248 0
1651696326172 0.06316269706115127 0
1651696331336 0.06171602336280048 0
1651696336542 0.052877790701389316 0
1651696341555 0.06678095456808805 0
1651696346588 0.054630173053964975 0
1651696351605 0.0680288217663765 0
1651696356826 0.04877637421526015 0
1651696361985 0.04284699380174279 0
1651696367282 0.07280594930481166 0
1651696372505 0.045300901694595816 0
1651696377687 0.04527380878515542 0
1651696382907 0.03403341887705028 0
1651696390577 0.42723545889059705 0
1651696398103 0.3206144244194031 0
1651696405482 0.2689516035556793 0
1651696412808 0.23273461910585563 0
1651696420232 0.2008601621945699 0
1651696427640 0.18183737594683966 0
1651696435024 0.1362002316157023 0
1651696442544 0.1227348908662796 0
1651696450079 0.0973395191013813 0
1651696457456 0.11901959897478422 0
1651696464864 0.09349611007968585 0
1651696472427 0.08447407285471757 0
1651696479619 0.05633722546050946 0
1651696486818 0.07997531239887079 0
1651696494061 0.07364674128641685 0
1651696501414 0.06929443410138289 0
1651696508711 0.04985663754480581 0
1651696516138 0.06102229917272926 0
1651696523616 0.05220906044940154 0
1651696530899 0.04424901678071668 0
1651696538029 0.059496691777308784 0
1651696545349 0.02918821258371075 0
1651696552770 0.04428362410167853 0
1651696559942 0.044486225165178375 0
1651696567309 0.03075557900229469 0
1651696574702 0.051087632802625495 0
1651696581898 0.037794704875846706 0
1651696589385 0.0481228153988719 0
1651696596823 0.053145577986041706 0
1651696604183 0.03536325378511877 0
1651696614650 0.23487314802110196 0
1651696624675 0.1470753791809082 0
1651696634327 0.12403724910467863 0
1651696644398 0.10274704082012176 0
1651696654044 0.08348050536448136 0
1651696663672 0.06719157850146294 0
1651696673498 0.07327518995143473 0
1651696683052 0.07061398095339537 0
1651696692727 0.052900523855537174 0
1651696702577 0.04231350882053375 0
1651696712136 0.050549446608684954 0
1651696722087 0.033166383500397204 0
1651696731889 0.05113670249525458 0
1651696741627 0.04731644435888156 0
1651696751064 0.04000613137427717 0
1651696760658 0.03163654845021665 0
1651696770482 0.04573925112299621 0
1651696780108 0.05175363193918019 0
1651696789618 0.034551615534629675 0
1651696799478 0.021477796241734178 0
1651696809411 0.02791716296086088 0
1651696818991 0.03533580760993064 0
1651696828533 0.02287557464190759 0
1651696838478 0.04624890462048352 0
1651696848069 0.04161008749692701 0
1651696857840 0.026908254964277147 0
1651696867477 0.04090827846657485 0
1651696877145 0.028566010604146867 0
1651696887062 0.015297933984873816 0
1651696896893 0.018296965479128995 0
1651696910257 0.27753652006149293 0
1651696922124 0.20448425877571105 0
1651696934253 0.18459622420549393 0
1651696946487 0.14674753457665443 0
1651696958652 0.13104622454732656 0
1651696971031 0.09861235016405583 0
1651696983330 0.08200781043291092 0
1651696995147 0.07111392773985863 0
1651697007385 0.07164332059234381 0
1651697019706 0.06107063873589039 0
1651697032101 0.06053211095094681 0
1651697044391 0.04591346356730908 0
1651697056520 0.0562363118955493 0
1651697068623 0.04962813170313835 0
1651697080796 0.040837661367245016 0
1651697093263 0.04904876520559192 0
1651697105497 0.04809547829970717 0
1651697117707 0.03692510922838003 0
1651697130065 0.042223052636012434 0
1651697142448 0.03173374372198246 0
1651697154734 0.029802626097816975 0
1651697167079 0.03013688926950097 0
1651697179339 0.04737868313953281 0
1651697191432 0.04601859443366527 0
1651697203737 0.026375973064024002 0
1651697215727 0.03177244773454964 0
1651697228150 0.020567572293914854 0
1651697240376 0.020614955509603024 0
1651697252417 0.043021225600615144 0
1651697264706 0.035023209281452 0
