1654572055751 0.7595008000580586 0
1654572068372 0.18475895460053782 0
1654572077264 0.11059975419061371 0
1654572085733 0.07110748404624782 0
1654572094520 0.052312085639897934 0
1654572116093 0.316911767230055 0
1654572134508 0.06830540797928149 0
1654572152894 0.04695931422649189 0
1654572171560 0.03357197230495524 0
1654572190074 0.033902716252811174 0
1654572219303 0.23374984900288556 0
1654572241116 0.055105392663230654 0
1654572263196 0.036137374978038594 0
1654572284978 0.02817990412314281 0
1654572306549 0.020189633649416075 0
1654572343760 0.38221485385656573 0
1654572369074 0.1039983121290794 0
1654572394762 0.06359302374139528 0
1654572420777 0.04974020048851693 0
1654572446325 0.04508594025351139 0
1654572494040 0.20733001902347004 0
1654572523662 0.04465579497447163 0
1654572553571 0.030601608902855366 0
1654572583363 0.028369207253064174 0
1654572613256 0.016739413433447346 0
