1645719146019 2.3014177223205565 0
1645719147933 2.2939413555145265 0
1645719149833 2.2814388717651366 0
1645719151783 2.2510804721832276 0
1645719153708 2.1690423336029054 0
1645719155604 2.0393458866119385 0
1645719157517 1.9191410453796387 0
1645719159433 1.8259553466796874 0
1645719161379 1.755443914604187 0
1645719163280 1.700380400466919 0
1645719166210 2.29578483543396 0
1645719168722 2.277041384887695 0
1645719171367 2.2378654987335205 0
1645719173957 2.158611068344116 0
1645719176530 2.0676940544128417 0
1645719179084 2.0000932807922362 0
1645719181652 1.9481045309066773 0
1645719184243 1.9035618824005127 0
1645719186820 1.8558758474349974 0
1645719189377 1.811518533706665 0
1645719193088 2.2713348976135252 0
1645719196193 2.190700141143799 0
1645719199246 2.0962137077331544 0
1645719202301 2.0228428939819336 0
1645719205349 1.9656186069488526 0
1645719208424 1.9183044242858887 0
1645719211495 1.8816421268463135 0
1645719214611 1.8514692604064942 0
1645719217606 1.8246442565917969 0
1645719220689 1.79841311378479 0
