1645719145990 0.0924 0
1645719147906 0.1516 0
1645719149806 0.246 0
1645719151755 0.2622 0
1645719153681 0.2584 0
1645719155577 0.271 0
1645719157489 0.322 0
1645719159407 0.3652 0
1645719161345 0.386 0
1645719163253 0.41 0
1645719166180 0.1354 0
1645719168695 0.2072 0
1645719171336 0.2244 0
1645719173928 0.234 0
1645719176503 0.2638 0
1645719179052 0.2896 0
1645719181620 0.315 0
1645719184216 0.332 0
1645719186791 0.3396 0
1645719189350 0.3606 0
1645719193060 0.1678 0
1645719196165 0.2226 0
1645719199219 0.2426 0
1645719202271 0.2712 0
1645719205315 0.31 0
1645719208393 0.3202 0
1645719211467 0.3392 0
1645719214583 0.353 0
1645719217578 0.3642 0
1645719220661 0.3758 0
