1654556695316 0.5530831261747408 0
1654556709478 0.8868004608015522 0
1654556723604 0.9467652943673074 0
1654556737994 0.956284484326684 0
1654556752413 0.9614988176802279 0
1654556766542 0.9705329533741587 0
1654556780781 0.9758079185108834 0
1654556795119 0.9668344146001334 0
1654556809278 0.9793245619353665 0
1654556823407 0.9796277208512703 0
1654556868431 0.8797525923230853 0
1654556908900 0.9764113759020071 0
1654556949364 0.9705293796616337 0
1654556990324 0.9817476199138925 0
1654557031354 0.9822933721423807 0
1654557072290 0.978048632587472 0
1654557113246 0.9852040506943182 0
1654557154118 0.9841731853738402 0
1654557195032 0.9880540901097569 0
1654557236055 0.9899339033412164 0
1654557286103 0.9183945677215958 0
1654557327271 0.9791439311264702 0
1654557368442 0.9877531223475203 0
1654557409948 0.9818721959500425 0
1654557450894 0.9841760640232812 0
1654557491924 0.9887231720625682 0
1654557533247 0.9896325936704257 0
1654557574789 0.9909664120286165 0
1654557615904 0.9909664120286165 0
1654557657056 0.9891475688129017 0
1654557711606 0.8667070952092177 0
1654557752961 0.9588235294117647 0
1654557794303 0.9686476652516677 0
1654557835715 0.9723468768950879 0
1654557877278 0.9726500909642207 0
1654557918637 0.9819890842935112 0
1654557960341 0.9808975136446331 0
1654558001613 0.9832019405700424 0
1654558043108 0.9804123711340206 0
1654558084689 0.9847180109157065 0
1654558143838 0.9377729257641921 0
1654558185870 0.9858078602620087 0
1654558227592 0.9882945172246482 0
1654558269434 0.9892042697719554 0
1654558311449 0.990174672489083 0
1654558353640 0.9878699660359049 0
1654558395677 0.9869602134885977 0
1654558437726 0.9958757884522077 0
1654558479795 0.990174672489083 0
1654558521842 0.9891436196021349 0
