1665088438768 0.4371853376695973 0
1665088469129 0.2651813189808428 0
1665088500498 0.21665770183519312 0
1665088531526 0.17956942608101092 0
1665088562413 0.14981664304266198 0
1665088592990 0.1254740070603643 0
1665088623603 0.10676240622702848 0
1665088654571 0.08965463204014426 0
1665088686076 0.07683723586171538 0
1665088717715 0.06467963419999427 0
1665088748223 0.05983119664935851 0
1665088778970 0.05264058951948017 0
1665088809970 0.0492526136445577 0
1665088841163 0.04506593224343292 0
1665088872450 0.041710970747937066 0
1665088903916 0.03724015505924735 0
1665088935414 0.035828922320010795 0
1665088966799 0.03412150613330701 0
1665088997533 0.0295265504736472 0
1665089028289 0.032037415222889686 0
1665089059517 0.025762034460668878 0
1665089090694 0.029672844007598898 0
1665089121650 0.025232186748658732 0
1665089152154 0.024045295481190422 0
1665089182833 0.02298614004243469 0
1665089213916 0.02402922460727965 0
1665089244897 0.022797746466034233 0
1665089276149 0.020979145295348934 0
1665089307435 0.020611675418430002 0
1665089338633 0.02170427661556302 0
1665089369665 0.019815842595236152 0
1665089400429 0.021775531573014494 0
1665089431101 0.018533866864161124 0
1665089461676 0.01949852029705716 0
1665089492706 0.018475413316193692 0
1665089523328 0.017648161146376212 0
1665089554189 0.019200513243591517 0
1665089585275 0.016939293398843376 0
1665089616451 0.01777572392787355 0
1665089646860 0.014826622565519932 0
1665089677617 0.016897543651109917 0
1665089707713 0.01819763229294188 0
1665089738310 0.017160330279355648 0
1665089768902 0.015019027917222698 0
1665089798929 0.016734373593644006 0
1665089828914 0.014551786835170312 0
1665089859136 0.015231840607221842 0
1665089889111 0.016447991988537237 0
1665089919297 0.015040766801755267 0
1665089949431 0.014581426055451915 0
1665090050015 1.40041855594635 0
1665090142245 0.9327743503379822 0
1665090234263 0.7646860927200317 0
1665090326439 0.6589654734420777 0
1665090418766 0.5741470055866241 0
1665090511389 0.5144980170679092 0
1665090603100 0.46098141733169556 0
1665090695319 0.4110124401092529 0
1665090788511 0.37488256093978883 0
1665090879366 0.34288365795373915 0
1665090969266 0.3061754356312752 0
1665091059385 0.2788899171185493 0
1665091149513 0.25750444776058196 0
1665091239570 0.23373578135609627 0
1665091329909 0.21382175018668176 0
1665091421323 0.20088370538562536 0
1665091511453 0.18614155177026986 0
1665091601599 0.17273541900902986 0
1665091691733 0.16315360508412122 0
1665091781533 0.15580136568665504 0
1665091871443 0.14222975913241506 0
1665091961874 0.13808891867041587 0
1665092051844 0.13336476374268533 0
1665092141785 0.12044923282161354 0
1665092231842 0.1259408607700467 0
1665092321791 0.11978984248489141 0
1665092412782 0.11337756628446281 0
1665092503130 0.10817334078609943 0
1665092593237 0.10541109464928508 0
1665092682793 0.10343108673386275 0
1665092772886 0.10352980328857898 0
1665092862715 0.10277734878905118 0
1665092953074 0.09379065466128289 0
1665093043327 0.09369910158969462 0
1665093133393 0.09162846796654164 0
1665093223785 0.09005376143671572 0
1665093313905 0.08552967066943645 0
1665093405037 0.09426305849522353 0
1665093495374 0.08498818157780916 0
1665093585756 0.08478285192053765 0
1665093675824 0.08590652211751788 0
1665093766271 0.07854981517754495 0
1665093856754 0.07989192470498382 0
1665093947098 0.07540239456972107 0
1665094037359 0.07754543101749382 0
1665094127558 0.07478418988313526 0
1665094217648 0.07378221643187105 0
1665094307898 0.07919179134290666 0
1665094399187 0.07269936112459749 0
1665094489580 0.07242738965213298 0
1665094609654 0.10451072114029278 0
1665094718045 0.026279960272818183 0
1665094826394 0.021073867343591214 0
1665094934704 0.017378011097328273 0
1665095043035 0.015332250585077175 0
1665095151166 0.013519262110018948 0
1665095259534 0.012960899557019971 0
1665095367500 0.010390261798059994 0
1665095475569 0.009494873882820441 0
1665095583685 0.012461195588692985 0
1665095692278 0.010066974782257845 0
1665095800731 0.010898645718827416 0
1665095908886 0.010348281465637653 0
1665096017422 0.009364323381871023 0
1665096126144 0.007585141570003179 0
1665096234635 0.009955619096703595 0
1665096342600 0.008710332436003955 0
1665096450442 0.008312785772133551 0
1665096558423 0.009272566419244442 0
1665096666646 0.007857490986577492 0
1665096774641 0.009090766666047178 0
1665096882529 0.005654270736781473 0
1665096990405 0.010626493281038953 0
1665097098508 0.00854614988597168 0
1665097206339 0.007005292649038893 0
1665097314522 0.010949267045731782 0
1665097422284 0.007769368143932176 0
1665097530478 0.00773337178162595 0
1665097638591 0.008863136084844155 0
1665097746977 0.00608298934303748 0
1665097855393 0.009635460234344525 0
1665097963838 0.006385224957879473 0
1665098071784 0.007706517290140861 0
1665098180125 0.007228148200277064 0
1665098288374 0.006423393424873454 0
1665098396700 0.007102286213792892 0
1665098504629 0.006410791851279039 0
1665098612691 0.009634549789051743 0
1665098721000 0.005760176885842642 0
1665098829279 0.005988525499648374 0
1665098937311 0.006782363808191803 0
1665099045520 0.006513778761592281 0
1665099153787 0.007106679647103859 0
1665099261934 0.006302644051981103 0
1665099370321 0.0070682245953057644 0
1665099478442 0.0029467346747054156 0
1665099586552 0.007113918606541453 0
1665099694858 0.005764823408224523 0
1665099802976 0.006532634279519213 0
1665099911534 0.0063558315659810434 0
1665100035694 0.35824183858931063 0
1665100145163 0.21536779426882666 0
1665100254283 0.17416019459416468 0
1665100363421 0.1424842858184129 0
1665100473154 0.11876281149623295 0
1665100582799 0.09608601803140093 0
1665100692099 0.08008113989920045 0
1665100801280 0.06267077227331078 0
1665100910762 0.054578869373335816 0
1665101020541 0.047464761548970516 0
1665101129868 0.041673233929272586 0
1665101239454 0.03663431915468536 0
1665101349073 0.03289785249256917 0
1665101458755 0.03429914888924298 0
1665101568614 0.025904076820018235 0
1665101677933 0.03161938054412603 0
1665101787832 0.026195748234945738 0
1665101897725 0.0262820252095679 0
1665102006772 0.025387730411421703 0
1665102116225 0.023234388213515436 0
1665102225766 0.02073264349976477 0
1665102335415 0.023804389797715705 0
1665102445037 0.022031770945876876 0
1665102554478 0.019068157644686775 0
1665102664221 0.021157336637962727 0
1665102773811 0.021118884593446272 0
1665102883310 0.020197402207574246 0
1665102993325 0.020716043519191832 0
1665103103007 0.018193684768938935 0
1665103212308 0.018239391392231 0
1665103321559 0.019602586854101295 0
1665103431122 0.015626276139582722 0
1665103540992 0.01910997741316217 0
1665103650806 0.014673623380220185 0
1665103760656 0.01631866292387361 0
1665103870577 0.02087062084199012 0
1665103980141 0.014206983771768501 0
1665104089716 0.01921612977013586 0
1665104198568 0.015254894800341572 0
1665104308028 0.015557119429380753 0
1665104417512 0.015090935223410755 0
1665104526830 0.016164362460136483 0
1665104636006 0.01659050922737673 0
1665104745179 0.014857934000210904 0
1665104854585 0.017376220239631462 0
1665104963926 0.012360168034970774 0
1665105073412 0.015706470950414282 0
1665105182828 0.013295583707804023 0
1665105292159 0.01546137534672686 0
1665105401103 0.01515654674055016 0
1665106196427 0.2951350097367228 0
1665106976093 0.21704241658428794 0
1665107755209 0.18858357997319036 0
1665108533984 0.16767190486864783 0
1665109312878 0.14920819219677475 0
1665110092358 0.13260442954841659 0
1665110870936 0.11770646766294028 0
