1651671564248 1.5079822565078735 0
1651671566845 0.979877788066864 0
1651671569573 0.7696960576057434 0
1651671572497 0.6921137436389924 0
1651671575117 0.5726528266906739 0
1651671580303 1.2838773803710937 0
1651671585244 1.0241165477752685 0
1651671590252 0.9391593269348144 0
1651671595112 0.8415712932109832 0
1651671600075 0.8457346570014954 0
1651671607472 1.176427229976654 0
1651671614826 1.0502045070648194 0
1651671621939 1.004436888853709 0
1651671629216 0.8885863954544068 0
1651671636280 0.8889576323827107 0
1651671646436 1.0319408897399902 0
1651671656377 0.9056152551174164 0
1651671665621 0.909735702085495 0
1651671675350 0.7687095097064972 0
1651671684983 0.8128071106433868 0
1651671697738 1.0623946977615357 0
1651671709647 0.9624782072448731 0
1651671721914 0.993968372631073 0
1651671733954 0.9833833358955383 0
1651671745856 0.9122596446990967 0
