1652206088311 2.182530596923828 0
1652206091726 1.9696802631378174 0
1652206095199 1.827217370223999 0
1652206098654 1.6904138736724854 0
1652206102069 1.5750900917053223 0
1652206105538 1.4739301008224488 0
1652206108982 1.366822481918335 0
1652206112391 1.2830131889343261 0
1652206115835 1.1549412073135377 0
1652206119258 1.0494480726242066 0
1652206122611 0.9693263738632202 0
1652206125984 0.8372107538223267 0
1652206129414 0.7598340745925903 0
1652206132821 0.6366898779869079 0
1652206136286 0.5562564506530762 0
1652206139607 0.476348681473732 0
1652206143054 0.43385976939201354 0
1652206146444 0.3621573806285858 0
1652206149871 0.35667496522665026 0
1652206153315 0.260093545460701 0
1652206156757 0.25968925479650495 0
1652206160201 0.22203727948069574 0
1652206163622 0.20904613243341447 0
1652206167043 0.1593711213707924 0
1652206170530 0.19272152886390687 0
1652206173944 0.16291849690675736 0
1652206177391 0.14935663831233978 0
1652206180913 0.12055525423884392 0
1652206184316 0.14438827395439147 0
1652206187728 0.14067217084467412 0
1652206191180 0.12749687017202377 0
1652206194626 0.13514882740527392 0
1652206198052 0.15428007718920708 0
1652206201410 0.12180562980771065 0
1652206204834 0.10612655797898769 0
1652206208225 0.13941430198550225 0
1652206211653 0.10995258253514767 0
1652206215073 0.09419999833405018 0
1652206218497 0.12626358108222485 0
1652206221928 0.10035873749256134 0
1652206225377 0.09291495341658593 0
1652206228840 0.0909227328017354 0
1652206232229 0.08519185765087604 0
1652206235590 0.08299310222789645 0
1652206238921 0.09957003136873245 0
1652206242287 0.07164503241628409 0
1652206245686 0.09076470874845982 0
1652206249055 0.08287049991190433 0
1652206252474 0.08939005660414696 0
1652206255874 0.09517803793400526 0
1652206261227 1.0346637612342835 0
1652206266290 0.8395197522163391 0
1652206271388 0.7160603449344635 0
1652206276417 0.6355950592517853 0
1652206281560 0.5423037236213684 0
1652206286534 0.4886760283946991 0
1652206291500 0.4258996588230133 0
1652206296616 0.3654131283760071 0
1652206301682 0.3124422613859177 0
1652206306677 0.26767363605499267 0
1652206311766 0.2292748432636261 0
1652206316877 0.19573326194882393 0
1652206321963 0.2057995782673359 0
1652206326961 0.15575782086253165 0
1652206331987 0.1530649632871151 0
1652206337093 0.16860719020366668 0
1652206342144 0.13847856563031674 0
1652206347207 0.11849404820799828 0
1652206352200 0.11032658106684685 0
1652206357367 0.1142916127949953 0
1652206362467 0.09299812810122966 0
1652206367551 0.12129565613120795 0
1652206372552 0.09300716062039137 0
1652206377582 0.09639809108823538 0
1652206382713 0.09682302132546902 0
1652206387853 0.09674083898365497 0
1652206392971 0.1013571744158864 0
1652206398026 0.08797349274456501 0
1652206403061 0.08525667946636677 0
1652206408160 0.0943060243934393 0
1652206413289 0.08173991045057774 0
1652206418440 0.08087170500308276 0
1652206423503 0.075972358237952 0
1652206428705 0.07607445092387498 0
1652206433757 0.07210423647910356 0
1652206438858 0.06573327038250863 0
1652206443941 0.0763775101184845 0
1652206449043 0.08967913438975811 0
1652206454133 0.07106253879368306 0
1652206459220 0.06334449423775076 0
1652206464071 0.07553519079610706 0
1652206469134 0.05911947103627026 0
1652206474184 0.061648775708675385 0
1652206479100 0.06044820486307144 0
1652206484220 0.08087842296883464 0
1652206489209 0.06702169203609228 0
1652206494124 0.06658312148414552 0
1652206499241 0.07159610649384558 0
1652206504282 0.05571678331233561 0
1652206509318 0.04589835556056351 0
1652206515118 1.0031531129837037 0
1652206520297 0.8106300084114074 0
1652206525371 0.7074755280017853 0
1652206530656 0.5978889820098877 0
1652206535940 0.5178824819326401 0
1652206541203 0.4339125655412674 0
1652206546403 0.3556839068055153 0
1652206551583 0.30901084439754484 0
1652206556785 0.2724419573187828 0
1652206561926 0.2257020372927189 0
1652206567053 0.16609921282231807 0
1652206572323 0.16898304117918014 0
1652206577522 0.13553466064929962 0
1652206582811 0.11575899150669575 0
1652206588054 0.11819712261855603 0
1652206593273 0.10940501879304647 0
1652206598336 0.11827365411818028 0
1652206603594 0.08865043815523387 0
1652206608818 0.07432149309813976 0
1652206614129 0.09230967195034027 0
1652206619351 0.08183497535958886 0
1652206624620 0.07986249189600349 0
1652206629864 0.076236984577775 0
1652206635156 0.09042736477218569 0
1652206640301 0.06692261809259653 0
1652206645326 0.055041151051968336 0
1652206650381 0.059773715978115795 0
1652206655473 0.07367229340523482 0
1652206660680 0.08186857030987739 0
1652206665871 0.05657584481909871 0
1652206671040 0.06549748211242258 0
1652206676243 0.058695703630149365 0
1652206681228 0.06989858489148319 0
1652206686261 0.06152504967264831 0
1652206691600 0.044964335149526594 0
1652206696809 0.053745102320984006 0
1652206701936 0.050317722081951795 0
1652206707160 0.06612167285755277 0
1652206712312 0.05871149566359818 0
1652206717486 0.060343740873225034 0
1652206722637 0.054145250029861924 0
1652206727881 0.04582838180810213 0
1652206733079 0.05017600419241935 0
1652206738190 0.05938194062113762 0
1652206743434 0.06623220749497413 0
1652206748570 0.05685436788126826 0
1652206753679 0.034578517101611944 0
1652206758858 0.04930334434974939 0
1652206763835 0.05783437408115715 0
1652206769119 0.04719034938104451 0
1652206775266 0.8429973117588376 0
1652206780665 0.6444210223518245 0
1652206785854 0.51828303196879 0
1652206791231 0.44449331034753625 0
1652206796564 0.3683895628841955 0
1652206802009 0.3088850968657648 0
1652206807387 0.25119390261008706 0
1652206812720 0.1922261162945499 0
1652206818128 0.16897734347451424 0
1652206823416 0.14946480996192849 0
1652206828819 0.12247487374960148 0
1652206833945 0.10302884950652602 0
1652206839345 0.09755939524788443 0
1652206844670 0.08036073567325246 0
1652206850013 0.10108137220050376 0
1652206855344 0.06684570028374888 0
1652206860526 0.07784780261843985 0
1652206865884 0.07457832305163598 0
1652206871210 0.06895860868473903 0
1652206876617 0.05909669531200392 0
1652206881969 0.062236234596381786 0
1652206887265 0.06323437420247041 0
1652206892614 0.06961093387289104 0
1652206897860 0.0624563291323861 0
1652206903216 0.05667774743808701 0
1652206908479 0.048793591297179265 0
1652206913818 0.045495010805108545 0
1652206919034 0.05543777925171186 0
1652206924408 0.0606124504743385 0
1652206929708 0.05842468053643514 0
1652206935032 0.0611383636348109 0
1652206940097 0.0473582309330373 0
1652206945463 0.046617940001083144 0
1652206950632 0.03707501996766122 0
1652206956001 0.053628609027429615 0
1652206961370 0.05512352621603469 0
1652206966684 0.03793710739685103 0
1652206971955 0.03727096577953144 0
1652206977306 0.05504048060798866 0
1652206982587 0.03914156134565799 0
1652206987917 0.042261755095422564 0
1652206993356 0.04478575608198059 0
1652206998709 0.052675260967163476 0
1652207004015 0.03823442277886983 0
1652207009392 0.039315573405194974 0
1652207014648 0.04287353598097815 0
1652207019970 0.047077309343592 0
1652207025337 0.03506384548366183 0
1652207030753 0.04849992710038808 0
1652207035964 0.041341767364963485 0
1652207042525 0.9038784923553467 0
1652207047999 0.7551038333892822 0
1652207053605 0.6446043928146362 0
1652207059139 0.5673686070322991 0
1652207064706 0.467837993812561 0
1652207070118 0.4085591288328171 0
1652207075640 0.34727635864019396 0
1652207081146 0.2791573509454727 0
1652207086552 0.22532548078894615 0
1652207092017 0.16623871899545192 0
1652207097596 0.15196835671663284 0
1652207103100 0.11885703624486924 0
1652207108650 0.12241746834516526 0
1652207114066 0.09763438675999642 0
1652207119578 0.0835750741071999 0
1652207125142 0.0850289346024394 0
1652207130576 0.07068730599507689 0
1652207136094 0.0752381582543254 0
1652207141397 0.056842147067189215 0
1652207146929 0.06552754819244146 0
1652207152494 0.055945791970007125 0
1652207157955 0.06910991031154991 0
1652207163441 0.04644419268555939 0
1652207168710 0.055244949684292076 0
1652207174328 0.06765094539001584 0
1652207179835 0.060915482042729854 0
1652207185245 0.0523109635990113 0
1652207190818 0.04774682388603687 0
1652207196390 0.036298918619193134 0
1652207201882 0.04495844916589558 0
1652207207336 0.052267193670198324 0
1652207212805 0.049626047130487856 0
1652207218112 0.05460499075204134 0
1652207223453 0.05092571105770767 0
1652207228903 0.044331262758001685 0
1652207234288 0.058651862812414766 0
1652207239737 0.03680114346090704 0
1652207245199 0.06497424357570708 0
1652207250746 0.03813740964513272 0
1652207256208 0.03696054341513663 0
1652207261738 0.04076159142004326 0
1652207267110 0.0453491288183257 0
1652207272540 0.038226987687963995 0
1652207278035 0.0386497967351228 0
1652207283626 0.046522796727251264 0
1652207289010 0.043472454556636515 0
1652207294409 0.04313816795181483 0
1652207299891 0.037654207115620376 0
1652207305251 0.03660237993830815 0
1652207310712 0.051479005285352465 0
