1654987820385 0.5802125194403484 0
1654987854192 0.31985711523015387 0
1654987886837 0.2639311661713356 0
1654987918566 0.22535199663806663 0
1654987951627 0.1933295940301055 0
1654987985129 0.1661167258395804 0
1654988018144 0.14198092837559168 0
1654988050900 0.12518052846672953 0
1654988084418 0.10465927385885876 0
1654988117743 0.09178031336565011 0
1654988150244 0.0808044421388831 0
1654988183667 0.07251814824091801 0
1654988217336 0.061611829284825614 0
1654988249445 0.057446721463602024 0
1654988282513 0.05158864577224861 0
1654988316263 0.04810468653162902 0
1654988351287 0.04205085741948598 0
1654988384753 0.04192821435099842 0
1654988417470 0.0349277874011325 0
1654988451042 0.03572569275234886 0
1654988483334 0.03214593375350029 0
1654988516159 0.031374066748499733 0
1654988549291 0.027980703223778436 0
1654988582622 0.028266158584501974 0
1654988616125 0.025781795666797582 0
1654988650081 0.025709181299979882 0
1654988683513 0.021615813177529627 0
1654988716153 0.025376864544784848 0
1654988748869 0.021710862632854117 0
1654988781230 0.022174706299237845 0
1654988813515 0.018841297148425716 0
1654988847199 0.019344508164291042 0
1654988880587 0.022030153638052125 0
1654988913338 0.01807668988086454 0
1654988946068 0.017008302541888523 0
1654988980247 0.019118454858130875 0
1654989013582 0.019175134173609956 0
1654989044302 0.015049387115334423 0
1654989077468 0.016827533232302367 0
1654989110592 0.017282530849945774 0
1654989143809 0.015175439265777925 0
1654989177461 0.01474320758596594 0
1654989210397 0.01607115865950852 0
1654989243628 0.014401167143089868 0
1654989276031 0.01522870270556198 0
1654989309223 0.014931463859350307 0
1654989342274 0.013361185864815566 0
1654989375225 0.014901352012733037 0
1654989408296 0.01421969368141288 0
1654989441929 0.014352013666700221 0
1654989472174 2.2227278785705566 0
1654989494343 1.3097630988121032 0
1654989516749 1.0665795199775696 0
1654989539883 0.9193866525268555 0
1654989561206 0.8200402960014344 0
1654989582980 0.7468889516448974 0
1654989605407 0.6869716691017151 0
1654989627107 0.632308124923706 0
1654989649697 0.5936624115848541 0
1654989672255 0.5633908175373077 0
1654989695128 0.5226934286928177 0
1654989718014 0.496648407330513 0
1654989740610 0.46870746963977816 0
1654989763482 0.44401362615346907 0
1654989786599 0.42153710279464723 0
1654989809388 0.4000536103963852 0
1654989831778 0.3817446715736389 0
1654989854207 0.366825006082058 0
1654989876846 0.3468776799750328 0
1654989899316 0.335723154296875 0
1654989921216 0.32118974004507067 0
1654989943509 0.3055904400110245 0
1654989966815 0.29544579028129575 0
1654989989962 0.2869401466929913 0
1654990011886 0.2709715887618065 0
1654990034116 0.26049489625215533 0
1654990056712 0.25041523998856546 0
1654990079337 0.239295542011261 0
1654990101561 0.23733600799679755 0
1654990123921 0.23008124135911465 0
1654990145919 0.215580602684021 0
1654990168294 0.20910306852221489 0
1654990190103 0.19857174614310263 0
1654990212261 0.20008708567857741 0
1654990234347 0.18901725493967533 0
1654990256834 0.18886027609705924 0
1654990278459 0.18004502861261368 0
1654990300476 0.17971883284926415 0
1654990321558 0.166619293756485 0
1654990343620 0.16579011207401753 0
1654990365987 0.1655827501475811 0
1654990388617 0.15946182956010102 0
1654990410655 0.15082646723687648 0
1654990433283 0.15255554503917695 0
1654990454955 0.14915283959150313 0
1654990476986 0.14263506521880626 0
1654990499522 0.14128232060462237 0
1654990521790 0.13827392091348767 0
1654990543581 0.13439440642267467 0
1654990565198 0.12964166159063578 0
1654990602748 0.13709716278330888 0
1654990629319 0.03134244061580199 0
1654990655875 0.02040106545849412 0
1654990681630 0.016842529896618604 0
1654990707590 0.013840469287949478 0
1654990734293 0.01072247948281729 0
1654990760647 0.010415910201049641 0
1654990787108 0.008780301109048833 0
1654990813525 0.008610228268223727 0
1654990839238 0.00835083174764756 0
1654990865428 0.00571645722697449 0
1654990891973 0.006759300783700716 0
1654990918986 0.00560891262717314 0
1654990944930 0.00624197920730788 0
1654990971296 0.00452416746660756 0
1654990997349 0.006547378190576698 0
1654991023433 0.004789515211744371 0
1654991048902 0.004482956343311131 0
1654991074756 0.0042950430958330725 0
1654991101379 0.005094697901148804 0
1654991127336 0.004327174268781899 0
1654991153532 0.00440552153131808 0
1654991179555 0.004320433273749381 0
1654991205818 0.00533578689193982 0
1654991231430 0.003990558766508184 0
1654991257179 0.004137035634632973 0
1654991282702 0.0034377977074089056 0
1654991309201 0.004414781973668482 0
1654991335306 0.002787671522625131 0
1654991361846 0.0037059706240543315 0
1654991387762 0.005328310233619057 0
1654991413970 0.0038441137560334673 0
1654991440352 0.001895369306804423 0
1654991467049 0.005184229944793871 0
1654991493742 0.00389719606767743 0
1654991520098 0.004041778133387231 0
1654991546722 0.004296889754903516 0
1654991572788 0.003083540448920769 0
1654991598767 0.003652430232764876 0
1654991625431 0.0039001277779377045 0
1654991651642 0.0028046789807594187 0
1654991677965 0.0043238674097457385 0
1654991704088 0.0027962904374754277 0
1654991730200 0.004510728893518641 0
1654991756071 0.00235548379775845 0
1654991781953 0.0041253335488855595 0
1654991807415 0.0027597037805520133 0
1654991833240 0.0035237008678959685 0
1654991859831 0.0037803054626548223 0
1654991886296 0.003280802198527901 0
1654991925668 0.4628189562320709 0
1654991951508 0.24376718886146942 0
1654991976999 0.1954912225832542 0
1654992003644 0.16035971968173982 0
1654992029841 0.13248892596885561 0
1654992055852 0.10807776442269484 0
1654992081762 0.0893682285586372 0
1654992108123 0.07047786682775865 0
1654992134124 0.061100040946838755 0
1654992160384 0.051605914820412484 0
1654992186434 0.041234021353318044 0
1654992213494 0.03845408482191463 0
1654992240079 0.034396572136409426 0
1654992266540 0.029491255421135187 0
1654992292498 0.028339339826690655 0
1654992319199 0.026155008667296108 0
1654992346237 0.024231120703845713 0
1654992371703 0.024116541596736835 0
1654992397512 0.02240903129678336 0
1654992423977 0.021105827422480312 0
1654992450540 0.020576192338444526 0
1654992476458 0.017207850327229244 0
1654992502640 0.017958332523705517 0
1654992529263 0.018132936168112793 0
1654992554791 0.018322839712503872 0
1654992581276 0.018627614705247833 0
1654992608276 0.015138736906639435 0
1654992634812 0.016581320280286308 0
1654992660545 0.015914809962077805 0
1654992687124 0.015302868270431645 0
1654992713396 0.013325932104991807 0
1654992738941 0.015597603462075251 0
1654992765603 0.013667569090456043 0
1654992791822 0.013980488734317866 0
1654992817905 0.012966870260976914 0
1654992843466 0.01312056123433625 0
1654992869371 0.01309650490648637 0
1654992896137 0.011746670946915765 0
1654992922649 0.01290580056374068 0
1654992948853 0.013069565061529526 0
1654992974524 0.011470925405150047 0
1654993000731 0.0114367159042927 0
1654993027072 0.01471252715233871 0
1654993052949 0.010241715447268143 0
1654993079776 0.011242216241843805 0
1654993105942 0.011850655837521845 0
1654993132619 0.01027422529645046 0
1654993158768 0.012533530152556462 0
1654993184285 0.01073583586695495 0
1654993209837 0.008772528947661704 0
1654993408687 0.36110555002906203 0
1654993597233 0.2290911562618736 0
1654993781679 0.19863042559927796 0
1654993965287 0.17890412104613246 0
1654994156494 0.16358961016611895 0
1654994341206 0.1502305845199223 0
1654994531923 0.13908081934193964 0
1654994720277 0.12899570444626038 0
1654994909148 0.12010336525246457 0
1654995091343 0.11144847346913896 0
1654995280386 0.10378423783718738 0
1654995468975 0.0981198497668583 0
1654995652807 0.0922470948276635 0
1654995836260 0.08642466372924826 0
1654996025229 0.08155932341764154 0
1654996211364 0.07823895994329563 0
1654996397382 0.07362651081713498 0
1654996582079 0.07077933892714648 0
1654996770842 0.06753829906185664 0
1654996959139 0.06543235877114922 0
1654997146760 0.06279505123489987 0
1654997334125 0.061234821814935766 0
1654997518814 0.05884464145972851 0
1654997700411 0.05732749869941101 0
1654997889085 0.05639625563838785 0
1654998067971 0.055184725998794155 0
1654998257604 0.05391705237534113 0
1654998446820 0.05307282916352596 0
1654998628602 0.05250063864181659 0
1654998815557 0.050917742237062746 0
1654999005692 0.04963978793438211 0
1654999189205 0.04998299234013724 0
1654999370634 0.048993665286437504 0
1654999555089 0.047749473955627515 0
1654999744057 0.04773724911923728 0
1654999927036 0.046857369469840184 0
1655000110507 0.04654206017999011 0
1655000292295 0.0460845986119712 0
1655000479962 0.04564495701282221 0
1655000666261 0.04562156982004951 0
1655000853412 0.04492900760326143 0
1655001042911 0.04455026317591928 0
1655001228625 0.044273390418350565 0
1655001418523 0.04458188305121556 0
1655001605879 0.04347964909893058 0
1655001787748 0.043271521900901846 0
1655001974996 0.042792290892146485 0
1655002163694 0.04295399397475219 0
1655002351855 0.042256916654349115 0
1655002539621 0.04206298707158997 0
