1652833697368 2.0065233976364136 0
1652833711116 1.640456177520752 0
1652833724951 1.433225924873352 0
1652833738754 1.2734218534946442 0
1652833752392 1.1210094925880432 0
1652833767088 1.7656418228149413 0
1652833776730 1.312759689950943 0
1652833786345 1.09989126124382 0
1652833795981 0.9415697683334351 0
1652833805437 0.7975281708478927 0
1652833825304 1.8971478652000426 0
1652833834988 1.4932736086845397 0
1652833844691 1.2857360074996949 0
1652833854366 1.1153124705791473 0
1652833864049 1.011567987012863 0
1652833889585 1.7945864278793335 0
1652833899426 1.3114769800186157 0
1652833908864 1.1012448409080506 0
1652833918694 0.9724916326522827 0
1652833928181 0.8276864551424981 0
1652833958310 1.9417346814155578 0
1652833968019 1.5092045516014099 0
1652833977726 1.309604933452606 0
1652833987319 1.1405001787662505 0
1652833996869 1.0212799082756043 0
