1654165939186 0.8554301699350726 0
1654165952418 0.12074340173697602 0
1654165965582 0.03569849953123143 0
1654165978721 0.01877005169070877 0
1654165992291 0.010076884477384213 0
1654166005403 0.00705236859655418 0
1654166018334 0.004455432407647748 0
1654166030971 0.003926240053393045 0
1654166043901 0.0036018548918232834 0
1654166057044 0.0034791781326032755 0
1654166070202 0.0024848540330990425 0
1654166083434 0.00223449730028277 0
1654166096364 0.0021009984742024505 0
1654166109350 0.0024295881789615057 0
1654166122271 0.0015201705698562153 0
1654166135590 0.0013234339195214626 0
1654166148716 0.0036698649891682435 0
1654166161967 0.00194684538597046 0
1654166174775 0.0011647259270872454 0
1654166187874 0.001352623643770864 0
1654166200998 0.0009033136037736239 0
1654166214017 0.0010174140853562033 0
1654166226954 0.0014874092982699932 0
1654166240199 0.0008093069635333127 0
1654166253726 0.0007955812356063317 0
1654166267091 0.0006966300422049265 0
1654166280250 0.0008232481731787954 0
1654166293413 0.0006056641145447087 0
1654166306537 0.0006168859584104205 0
1654166319543 0.0005468061268421239 0
1654166377408 0.43271409075061806 0
1654166393124 0.05404214249742768 0
1654166408577 0.02159708458280796 0
1654166423614 0.011817514683695372 0
1654166438937 0.008509600256502423 0
1654166454384 0.005668059640297069 0
1654166469844 0.005313819406852176 0
1654166485102 0.005101481571096208 0
1654166500416 0.0054965415321812094 0
1654166515540 0.002794844047717317 0
1654166530892 0.0027386134779633633 0
1654166546620 0.0022953023459196687 0
1654166562278 0.0022429179262661732 0
1654166577738 0.0021760179665026385 0
1654166593166 0.003146165492091653 0
1654166608756 0.004680387068857923 0
1654166623927 0.0032950521609100697 0
1654166641199 0.0035235606711729434 0
1654166656471 0.0024434409221359464 0
1654166671617 0.0035635955647065794 0
1654166686568 0.002172732925560721 0
1654166702012 0.0029788963354030196 0
1654166717224 0.002999950702293743 0
1654166732403 0.0017967958287603905 0
1654166747565 0.0015088135902449934 0
1654166762575 0.003445132100422887 0
1654166777800 0.0015795581574277239 0
1654166793233 0.0014091802433660145 0
1654166808456 0.0019303813890866484 0
1654166824191 0.0016815073287349323 0
1654166898151 0.3040728400733195 0
1654166915577 0.040715467766590435 0
1654166932675 0.019730967211245596 0
1654166949436 0.010441968166787139 0
1654166966643 0.012386798027713574 0
1654166983583 0.011011687819625198 0
1654167000406 0.007572529077592244 0
1654167017411 0.005357206680571291 0
1654167034377 0.006536381233847635 0
1654167051312 0.005096694034907881 0
1654167068476 0.004971790434509187 0
1654167085693 0.005059127668134495 0
1654167102619 0.00526347611255549 0
1654167119774 0.004731049932037156 0
1654167137079 0.004586842539638364 0
1654167154428 0.003872348423469037 0
1654167170967 0.0037200635595129026 0
1654167187914 0.0037255381087521735 0
1654167204841 0.004154709417971915 0
1654167221986 0.00514917920145501 0
1654167239205 0.004064119329642831 0
1654167256214 0.0032241574128450763 0
1654167273252 0.0031930571640215472 0
1654167290329 0.0030156983800839515 0
1654167307422 0.0029303526162355415 0
1654167324383 0.0028843192524638382 0
1654167341073 0.002823918040020149 0
1654167358153 0.0027324254943004367 0
1654167375445 0.0027934553201205427 0
1654167392671 0.003047234083559602 0
1654167483885 0.39338087136814853 0
1654167503161 0.0735619948430268 0
1654167522141 0.033477299319429964 0
1654167541122 0.024251481961388887 0
1654167560177 0.017495500881466598 0
1654167578758 0.018772013243028005 0
1654167597631 0.013445583985651927 0
1654167616690 0.011177999859030787 0
1654167635716 0.010518765383105772 0
1654167654881 0.010736504506563747 0
1654167673786 0.010267559359761676 0
1654167692755 0.0072169585333060615 0
1654167711198 0.009809896976982395 0
1654167730228 0.008272066120828658 0
1654167749179 0.007292676281145553 0
1654167768399 0.007969701532421327 0
1654167787611 0.010153333211386562 0
1654167806465 0.0077828800588679034 0
1654167824935 0.008285573659506511 0
1654167843454 0.007743256190467542 0
1654167862648 0.009893986632343746 0
1654167881776 0.006633332068311799 0
1654167900977 0.006551352247884955 0
1654167919790 0.006394827751846043 0
1654167938883 0.007911431842544012 0
1654167957854 0.00807835220648998 0
1654167976874 0.0061740369691297165 0
1654167996179 0.00592468726234663 0
1654168015065 0.006794893930018346 0
1654168034288 0.005873612315818134 0
1654168143868 0.3126723101956355 0
1654168165400 0.033834853322976775 0
1654168187336 0.020241442680980673 0
1654168208966 0.01379042245042752 0
1654168230630 0.011817819162776666 0
1654168251846 0.010825666393370723 0
1654168272950 0.012878348371705374 0
1654168294288 0.009592201817402963 0
1654168315983 0.008686861303019934 0
1654168337013 0.008659842798250472 0
1654168358181 0.008132738125642011 0
1654168379635 0.008386322355674184 0
1654168400917 0.009761906466647903 0
1654168422245 0.00907860874762774 0
1654168443497 0.007487491416224775 0
1654168464477 0.007493611169623799 0
1654168485946 0.007487518049745827 0
1654168507151 0.00758935546132834 0
1654168528594 0.006850224009306974 0
1654168549827 0.006660584584041194 0
1654168570815 0.006770935068191659 0
1654168592180 0.0064039038632504285 0
1654168613952 0.008391275221535242 0
1654168634942 0.00701941056393922 0
1654168656054 0.006487538478184041 0
1654168677211 0.006274748516297496 0
1654168698158 0.006585519069020376 0
1654168718941 0.006144405630937281 0
1654168740104 0.006014330717267298 0
1654168761299 0.005885021883067085 0
