1653269155808 0.7014227349082629 0
1653269203636 0.5459049714436134 0
1653269252664 0.5143716213534276 0
1653269302136 0.48677585748930774 0
1653269351300 0.44777819844981037 0
1653269400134 0.4434687182426453 0
1653269448545 0.41670210584402084 0
1653269497338 0.41237884806245567 0
1653269546312 0.39328427144934736 0
1653269595157 0.4018087461834153 0
1653269700584 0.6671888955250382 0
1653269801335 0.5962926374668877 0
1653269901583 0.5775867090558012 0
1653270002398 0.5675942630390326 0
1653270102416 0.5539872153768937 0
1653270202052 0.5363681755207479 0
1653270301764 0.5445466872165601 0
1653270400916 0.5305717859052121 0
1653270500163 0.529704005903999 0
1653270598938 0.5257965539587041 0
1653270762250 0.7360959016309844 0
1653270916600 0.6826927450191643 0
1653271069935 0.6783602413409286 0
1653271224325 0.6790818678160508 0
1653271378302 0.6617368110938204 0
1653271532334 0.6655443405022223 0
1653271684066 0.6667015179528131 0
1653271836921 0.649726185867687 0
1653271990089 0.6616044529314671 0
1653272141812 0.6542338758067953 0
1653272362796 0.8320589195696017 0
1653272573320 0.7893073004332681 0
1653272784467 0.7844249689208964 0
1653272992943 0.7732598577782511 0
1653273205173 0.7847016381991406 0
1653273415580 0.7667765408017984 0
1653273627238 0.7673095327980817 0
1653273837852 0.7692598502637198 0
1653274047684 0.7654798194035888 0
1653274260812 0.7653344595750173 0
1653274549251 0.9171065181477864 0
1653274822812 0.8815796146754423 0
1653275092380 0.8787017115330696 0
1653275364963 0.8733224610475699 0
1653275640698 0.8736955962963899 0
1653275913723 0.8758190773765246 0
1653276184909 0.873912748256723 0
1653276455800 0.8693456838234266 0
1653276725253 0.8718821044105292 0
1653276996263 0.8741051532895366 0
