1654505016944 0.8918328988055538 0
1654505031287 0.9766567634754139 0
1654505045400 0.9840538410234645 0
1654505059563 0.9879949069302129 0
1654505073452 0.9885405929788396 0
1654505087504 0.9913902867883344 0
1654505101713 0.9904808100406233 0
1654505115695 0.9947856666464561 0
1654505129744 0.988661856545201 0
1654505143502 0.9918147092705997 0
1654505157475 0.9927848178014915 0
1654505171699 0.9964833565755169 0
1654505186343 0.9925422906687685 0
1654505200685 0.9908446007397077 0
1654505214916 0.9944218759473716 0
1654505229352 0.9929060813678531 0
1654505243777 0.9953919844782635 0
1654505258175 0.9956951433941672 0
1654505272325 0.9944218759473716 0
1654505286440 0.9934517674164797 0
1654505301111 0.9943006123810101 0
1654505315541 0.9979991511550355 0
1654505329637 0.9953919844782635 0
1654505343994 0.991511550354696 0
1654505358149 0.9987873643363852 0
1654505372187 1.0 0
1654505386251 1.0 0
1654505400128 1.0 0
1654505414088 1.0 0
1654505428238 0.9999393682168193 0
1654505447445 0.9443420567637302 0
1654505462419 0.9857300826707388 0
1654505477490 0.9870464957084935 0
1654505492816 0.9913116739508188 0
1654505507714 0.9920488652519615 0
1654505522835 0.9932599652466958 0
1654505538033 0.9912063609077985 0
1654505552891 0.9940498130693486 0
1654505567975 0.9959981043652256 0
1654505583139 0.9915223000368596 0
1654505598451 0.9935232478542467 0
1654505613522 0.9927860565531041 0
1654505628828 0.994997630456532 0
1654505643938 0.992206834816492 0
1654505659122 0.9964193565373072 0
1654505673738 0.9946816913274709 0
1654505688367 0.9932073087251856 0
1654505703051 0.9940498130693486 0
1654505718023 0.9965246695803275 0
1654505733013 0.9981043652256332 0
1654505748303 0.9936812174187774 0
1654505763341 0.9931546522036754 0
1654505778415 0.996366700015797 0
1654505793283 0.9956821652361645 0
1654505808518 0.9944184087199199 0
1654505823502 0.9950502869780422 0
1654505838562 0.9960507608867358 0
1654505853522 0.9976304565320415 0
1654505868322 0.9931546522036754 0
1654505883306 0.9962087304512663 0
1654505906840 0.966252500789723 0
1654505921854 0.9906286195640729 0
1654505936856 0.9938928082552385 0
1654505951818 0.9944192903022007 0
1654505966692 0.9905759713593767 0
1654505981695 0.995209013372644 0
1654505996753 0.9944192903022007 0
1654506011719 0.9941560492787196 0
1654506027790 0.9940507528693272 0
1654506042625 0.9968411077182268 0
1654506057858 0.9966831631041382 0
1654506073001 0.9928924923660103 0
1654506088189 0.9957881436243025 0
1654506103703 0.9957354954196062 0
1654506118752 0.9924713067284405 0
1654506133637 0.99568284721491 0
1654506148605 0.99568284721491 0
1654506164040 0.9957881436243025 0
1654506179309 0.9971569969464041 0
1654506194428 0.9919448246814784 0
1654506209815 0.9969464041276193 0
1654506225131 0.9951037169632515 0
1654506240588 0.9950510687585553 0
1654506255627 0.994471938506897 0
1654506270807 0.9959987364430873 0
1654506286357 0.9968937559229231 0
1654506301514 0.994471938506897 0
1654506316621 0.994735179530378 0
1654506331866 0.9971569969464041 0
1654506347049 0.9945245867115932 0
1654506375314 0.936436884512086 0
1654506390408 0.9819895729106325 0
1654506405511 0.9883616830796778 0
1654506421035 0.9890989520248565 0
1654506436649 0.9927852967507504 0
1654506452265 0.9895729106324714 0
1654506467981 0.993575227763442 0
1654506483393 0.9929432829532887 0
1654506498800 0.9923640002106483 0
1654506514158 0.9928379588182632 0
1654506529554 0.9931539312233398 0
1654506544788 0.993575227763442 0
1654506560248 0.9929432829532887 0
1654506575617 0.9929432829532887 0
1654506590723 0.9926799726157249 0
1654506606269 0.9899415451050608 0
1654506621460 0.9965769656116699 0
1654506636734 0.9963136552741061 0
1654506652079 0.9928379588182632 0
1654506667569 0.9940491863710569 0
1654506683233 0.9937332139659804 0
1654506698570 0.9934172415609037 0
1654506713940 0.9938912001685186 0
1654506729118 0.9948391173837485 0
1654506744211 0.9941545105060825 0
1654506759242 0.9951024277213123 0
1654506774720 0.9931012691558271 0
1654506790046 0.9946811311812102 0
1654506805439 0.9945231449786719 0
1654506820697 0.9974195586918743 0
1654506852959 0.9707710132715399 0
1654506868946 0.9925215925847904 0
1654506884575 0.9919949441752686 0
1654506899870 0.9943121971771646 0
1654506915664 0.9946281862228776 0
1654506931378 0.9961028017695387 0
1654506946663 0.9921002738571729 0
1654506962035 0.9945228565409733 0
1654506977330 0.9966294501790605 0
1654506992600 0.9937855487676427 0
1654507008352 0.9969454392247735 0
1654507023934 0.9953654939962081 0
1654507039424 0.9937328839266906 0
1654507055071 0.9919949441752686 0
1654507070522 0.9964714556562039 0
1654507085995 0.9943648620181167 0
1654507101249 0.9978407415209606 0
1654507117192 0.9937328839266906 0
1654507132848 0.9945755213819254 0
1654507148438 0.996208131451443 0
1654507163915 0.9953654939962081 0
1654507179022 0.9949441752685907 0
1654507194398 0.9954708236781125 0
1654507209659 0.9946808510638298 0
1654507225212 0.9945755213819254 0
1654507240677 0.9948915104276385 0
1654507256334 0.9961028017695387 0
1654507271743 0.9966294501790605 0
1654507287191 0.9948915104276385 0
1654507302415 0.9925215925847904 0
