1654801121834 0.4031407263687625 0
1654801135341 0.7325532043897411 0
1654801148763 0.9108106469411266 0
1654801162207 0.9719274843873158 0
1654801175400 0.9916328139210574 0
1654801188429 0.9949069302128175 0
1654801201595 0.996907779057782 0
1654801215020 0.9983023100709392 0
1654801228521 0.9991511550354696 0
1654801242070 0.9993936821681926 0
1654801255533 0.9992117868186503 0
1654801268926 0.9993936821681926 0
1654801282590 0.9998787364336386 0
1654801296197 0.9995755775177348 0
1654801309715 0.9992117868186503 0
1654801323268 0.9996362093009156 0
1654801336855 0.9996968410840963 0
1654801350669 0.999514945734554 0
1654801364331 0.999514945734554 0
1654801378008 0.999757472867277 0
1654801391593 0.9998181046504577 0
1654801405145 0.9999393682168193 0
1654801418740 0.9998181046504577 0
1654801432488 0.999757472867277 0
1654801446185 0.9993936821681926 0
1654801459562 0.9986661007700236 0
1654801473240 0.9996968410840963 0
1654801486547 0.9998787364336386 0
1654801500145 0.9998181046504577 0
1654801513637 0.9998181046504577 0
1654801527510 0.999514945734554 0
1654801540820 0.9998787364336386 0
1654801553823 0.9999393682168193 0
1654801567205 0.9998181046504577 0
1654801580521 0.9998787364336386 0
1654801593868 0.9998787364336386 0
1654801607573 1.0 0
1654801621167 0.9999393682168193 0
1654801634659 0.9999393682168193 0
1654801648312 1.0 0
1654801661887 1.0 0
1654801675370 1.0 0
1654801688711 0.999757472867277 0
1654801702333 0.9999393682168193 0
1654801715907 1.0 0
1654801729675 0.9996362093009156 0
1654801743277 1.0 0
1654801756875 0.9998787364336386 0
1654801770554 0.9999393682168193 0
1654801784180 1.0 0
1654801805508 0.8158389424534594 0
1654801822320 0.978048632587472 0
1654801839576 0.9955127038990965 0
1654801856577 0.9973318779940573 0
1654801873516 0.9963616518100782 0
1654801890848 0.9995755260445092 0
1654801908334 0.9984840215875326 0
1654801925020 0.9989691346795222 0
1654801942020 0.9993329694985144 0
1654801959315 0.9992116912255169 0
1654801976473 0.9992116912255169 0
1654801993701 0.9984840215875326 0
1654802010798 0.9995755260445092 0
1654802027974 0.9998787217270027 0
1654802045073 0.9998180825905039 0
1654802062160 0.9998180825905039 0
1654802079547 0.9997574434540052 0
1654802096592 0.9993329694985144 0
1654802113695 0.9987872172700261 0
1654802130779 0.9995755260445092 0
1654802148017 0.9999393608635013 0
1654802165232 1.0 0
1654802182386 0.9998787217270027 0
1654802199541 0.9999393608635013 0
1654802216752 0.9999393608635013 0
1654802233595 1.0 0
1654802250634 0.9995148869080104 0
1654802267573 0.9984233824510339 0
1654802284560 0.9998180825905039 0
1654802301604 0.9999393608635013 0
1654802318617 1.0 0
1654802335601 1.0 0
1654802352971 1.0 0
1654802369869 0.9998787217270027 0
1654802386925 1.0 0
1654802404238 1.0 0
1654802421568 0.9998787217270027 0
1654802438662 1.0 0
1654802455736 1.0 0
1654802472839 1.0 0
1654802489916 1.0 0
1654802506998 1.0 0
1654802524020 1.0 0
1654802541061 1.0 0
1654802558429 1.0 0
1654802575360 1.0 0
1654802592598 1.0 0
1654802609637 1.0 0
1654802626878 0.9997574434540052 0
1654802643931 1.0 0
1654802669666 0.8622529404631988 0
1654802686663 0.9836304110585667 0
1654802703613 0.9955135200679035 0
1654802720791 0.9975748757123802 0
1654802738362 0.9969079665332848 0
1654802755567 0.9982417848914756 0
1654802773004 0.999393718928095 0
1654802790406 0.9986055535346187 0
1654802807542 0.9991512064993331 0
1654802824725 0.9996968594640475 0
1654802841613 0.9999393718928095 0
1654802858778 1.0 0
1654802875712 0.9999393718928095 0
1654802893173 1.0 0
1654802910582 1.0 0
1654802927443 0.9998181156784285 0
1654802944831 0.9999393718928095 0
1654802961713 0.9984842973202377 0
1654802978542 0.9988480659633806 0
1654802995696 0.9993330908209046 0
1654803012635 1.0 0
1654803029935 1.0 0
1654803046816 0.9999393718928095 0
1654803063505 0.9983024129986662 0
1654803080603 0.9987268097489996 0
1654803097782 0.999514975142476 0
1654803115170 0.9996968594640475 0
1654803132229 0.9998181156784285 0
1654803149454 0.9999393718928095 0
1654803166865 1.0 0
1654803184137 1.0 0
1654803201135 1.0 0
1654803217908 1.0 0
1654803234903 0.9999393718928095 0
1654803252153 1.0 0
1654803269557 1.0 0
1654803286617 0.999878743785619 0
1654803303689 1.0 0
1654803320772 1.0 0
1654803338255 1.0 0
1654803355106 1.0 0
1654803372061 1.0 0
1654803389096 1.0 0
1654803406105 0.9999393718928095 0
1654803422920 0.9988480659633806 0
1654803439874 1.0 0
1654803456998 0.9998181156784285 0
1654803474041 1.0 0
1654803490887 1.0 0
1654803508157 1.0 0
1654803537970 0.7468162522741055 0
1654803554986 0.9486961795027289 0
1654803572533 0.982292298362644 0
1654803589949 0.9914493632504549 0
1654803607221 0.9939357186173439 0
1654803624583 0.9945421467556095 0
1654803641898 0.9967859308671922 0
1654803659335 0.9979381443298969 0
1654803676898 0.9978775015160704 0
1654803694561 0.9968465736810188 0
1654803711994 0.9970891449363251 0
1654803729395 0.9987265009096422 0
1654803746390 0.9997574287446938 0
1654803763642 0.9976349302607641 0
1654803780925 0.9995148574893875 0
1654803798219 1.0 0
1654803815449 0.9998180715585203 0
1654803832961 0.9998180715585203 0
1654803850065 0.9996967859308672 0
1654803866946 0.9996361431170406 0
1654803884065 1.0 0
1654803901310 0.9997574287446938 0
1654803918642 0.9996361431170406 0
1654803935922 0.9964220739842329 0
1654803953219 0.9992116434202547 0
1654803970314 1.0 0
1654803987513 1.0 0
1654804004758 1.0 0
1654804021831 0.9998787143723469 0
1654804038909 0.9999393571861734 0
1654804055755 0.9992722862340813 0
1654804073024 1.0 0
1654804090189 1.0 0
1654804107498 0.9998787143723469 0
1654804124617 1.0 0
1654804141713 0.9999393571861734 0
1654804158669 1.0 0
1654804176132 1.0 0
1654804193517 1.0 0
1654804210634 1.0 0
1654804227932 1.0 0
1654804244907 0.9995148574893875 0
1654804262328 0.9993935718617344 0
1654804279300 0.9964827167980594 0
1654804296610 0.9993935718617344 0
1654804313644 0.9999393571861734 0
1654804330847 0.9997574287446938 0
1654804348287 1.0 0
1654804365415 0.9996967859308672 0
1654804382689 0.999029714978775 0
1654804417065 0.8670548277535177 0
1654804433948 0.9933284813197477 0
1654804450925 0.998605046094129 0
1654804468464 1.0 0
1654804485846 0.9996967491508976 0
1654804503048 0.9996360989810772 0
1654804520128 0.9993934983017952 0
1654804536814 0.999878699660359 0
1654804553775 0.999757399320718 0
1654804571037 0.999878699660359 0
1654804588068 1.0 0
1654804605497 1.0 0
1654804622719 1.0 0
1654804639955 0.999878699660359 0
1654804657538 1.0 0
1654804674951 1.0 0
1654804692559 1.0 0
1654804709532 1.0 0
1654804727036 0.9998180494905385 0
1654804744353 1.0 0
1654804761842 1.0 0
1654804779267 0.9999393498301795 0
1654804796676 0.9994541484716157 0
1654804814165 1.0 0
1654804831619 0.9999393498301795 0
1654804849221 0.9993328481319748 0
1654804866529 0.9979985443959243 0
1654804883344 0.9995147986414362 0
1654804900323 1.0 0
1654804917533 1.0 0
1654804934857 1.0 0
1654804952417 1.0 0
1654804969625 1.0 0
1654804987109 1.0 0
1654805004400 1.0 0
1654805022146 1.0 0
1654805039628 0.9995754488112567 0
1654805056977 0.9993328481319748 0
1654805074512 1.0 0
1654805091993 0.9999393498301795 0
1654805109334 1.0 0
1654805126764 1.0 0
1654805143962 1.0 0
1654805161427 0.999878699660359 0
1654805178615 1.0 0
1654805195841 1.0 0
1654805213004 1.0 0
1654805230120 1.0 0
1654805246873 1.0 0
1654805263723 1.0 0
