1651844911684 1.3733369773864745 0
1651844914776 1.0272091728210448 0
1651844917814 0.8542304214477539 0
1651844920882 0.7525371864318847 0
1651844923872 0.6321962646484375 0
1651844927010 0.5695201767683029 0
1651844930051 0.45187100327014923 0
1651844933220 0.3862498972892761 0
1651844936317 0.3749471339851618 0
1651844939374 0.29913585205078125 0
1651844942440 0.2763460178256035 0
1651844945604 0.23926348958015442 0
1651844948711 0.25397958269119264 0
1651844951903 0.18819961951375008 0
1651844954855 0.2055909056186676 0
1651844957967 0.19030224680900573 0
1651844961318 0.1916204924583435 0
1651844964685 0.13774514784812927 0
1651844967998 0.14758091636896134 0
1651844971240 0.08772267898507416 0
1651844974554 0.08282160112261772 0
1651844977545 0.07852518455646933 0
1651844980632 0.09141080633923411 0
1651844983755 0.10283650243729353 0
1651844987089 0.08345736043527723 0
1651844990421 0.0585388045668602 0
1651844993682 0.06483101230636239 0
1651844996862 0.07762509675994515 0
1651844999702 0.08143676136732102 0
1651845002737 0.07217172108944506 0
1651845005908 0.06728223502524197 0
1651845009196 0.07500415671560913 0
1651845012487 0.08426799805797637 0
1651845015700 0.06198466528952122 0
1651845018814 0.23989058067798613 0
1651845021801 0.06844216993972659 0
1651845024820 0.040715856602787974 0
1651845028025 0.044729425320401785 0
1651845031323 0.057754752930998805 0
1651845034514 0.2150410242676735 0
1651845037666 0.11812755896598101 0
1651845040740 0.043299311685562135 0
1651845043841 0.17054486273229122 0
1651845047018 0.04947392448186874 0
1651845050142 0.03546458983365446 0
1651845053531 0.020433015509834514 0
1651845056782 0.015175247234851122 0
1651845059889 0.02678239599131048 0
1651845062938 0.016770998039096593 0
1651845065919 0.02357457174602896 0
1651845070971 0.5202075712680817 0
1651845071609 0.0 0
1651845072252 0.0 0
1651845072896 0.0 0
1651845073578 0.0 0
1651845074266 0.0 0
1651845074912 0.0 0
1651845075555 0.0 0
1651845076230 0.0 0
1651845076875 0.0 0
1651845077547 0.0 0
1651845078189 0.0 0
1651845078830 0.0 0
1651845079538 0.0 0
1651845080174 0.0 0
1651845080819 0.0 0
1651845081480 0.0 0
1651845082146 0.0 0
1651845082790 0.0 0
1651845083498 0.0 0
1651845084158 0.0 0
1651845084830 0.0 0
1651845085478 0.0 0
1651845086100 0.0 0
1651845086734 0.0 0
1651845087427 0.0 0
1651845088074 0.0 0
1651845088722 0.0 0
1651845089362 0.0 0
1651845089994 0.0 0
1651845090648 0.0 0
1651845091310 0.0 0
1651845091954 0.0 0
1651845092634 0.0 0
1651845093279 0.0 0
1651845093895 0.0 0
1651845094549 0.0 0
1651845095288 0.0 0
1651845096039 0.0 0
1651845096706 0.0 0
1651845097342 0.0 0
1651845098058 0.0 0
1651845098704 0.0 0
1651845099382 0.0 0
1651845100018 0.0 0
1651845100667 0.0 0
1651845101296 0.0 0
1651845101961 0.0 0
1651845102617 0.0 0
1651845103288 0.0 0
1651845110428 0.6277353171507517 0
1651845111087 0.0 0
1651845111710 0.0 0
1651845112329 0.0 0
1651845113004 0.0 0
1651845113665 0.0 0
1651845114369 0.0 0
1651845115038 0.0 0
1651845115658 0.0 0
1651845116350 0.0 0
1651845117032 0.0 0
1651845117694 0.0 0
1651845118356 0.0 0
1651845119001 0.0 0
1651845119638 0.0 0
1651845120323 0.0 0
1651845120971 0.0 0
1651845121635 0.0 0
1651845122284 0.0 0
1651845122940 0.0 0
1651845123580 0.0 0
1651845124255 0.0 0
1651845124910 0.0 0
1651845125578 0.0 0
1651845126208 0.0 0
1651845126827 0.0 0
1651845127501 0.0 0
1651845128171 0.0 0
1651845128862 0.0 0
1651845129527 0.0 0
1651845130169 0.0 0
1651845130817 0.0 0
1651845131479 0.0 0
1651845132122 0.0 0
1651845132789 0.0 0
1651845133419 0.0 0
1651845134071 0.0 0
1651845134739 0.0 0
1651845135431 0.0 0
1651845136075 0.0 0
1651845136727 0.0 0
1651845137374 0.0 0
1651845138003 0.0 0
1651845138701 0.0 0
1651845139346 0.0 0
1651845139988 0.0 0
1651845140659 0.0 0
1651845141288 0.0 0
1651845141932 0.0 0
1651845142568 0.0 0
1651845150205 0.620930970589553 0
1651845150848 0.0 0
1651845151553 0.0 0
1651845152195 0.0 0
1651845152849 0.0 0
1651845153477 0.0 0
1651845154123 0.0 0
1651845154751 0.0 0
1651845155444 0.0 0
1651845156096 0.0 0
1651845156759 0.0 0
1651845157419 0.0 0
1651845158082 0.0 0
1651845158744 0.0 0
1651845159375 0.0 0
1651845159985 0.0 0
1651845160599 0.0 0
1651845161269 0.0 0
1651845161932 0.0 0
1651845162634 0.0 0
1651845163293 0.0 0
1651845163920 0.0 0
1651845164561 0.0 0
1651845165208 0.0 0
1651845165845 0.0 0
1651845166491 0.0 0
1651845167172 0.0 0
1651845167823 0.0 0
1651845168518 0.0 0
1651845169136 0.0 0
1651845169766 0.0 0
1651845170409 0.0 0
1651845171036 0.0 0
1651845171673 0.0 0
1651845172372 0.0 0
1651845173040 0.0 0
1651845173692 0.0 0
1651845174324 0.0 0
1651845174976 0.0 0
1651845175580 0.0 0
1651845176235 0.0 0
1651845176880 0.0 0
1651845177540 0.0 0
1651845178265 0.0 0
1651845178934 0.0 0
1651845179598 0.0 0
1651845180261 0.0 0
1651845180884 0.0 0
1651845181496 0.0 0
1651845182124 0.0 0
1651845190269 0.6364515827337901 0
1651845190946 0.0 0
1651845191604 0.0 0
1651845192268 0.0 0
1651845192900 0.0 0
1651845193546 0.0 0
1651845194253 0.0 0
1651845194889 0.0 0
1651845195548 0.0 0
1651845196227 0.0 0
1651845196869 0.0 0
1651845197509 0.0 0
1651845198149 0.0 0
1651845198798 0.0 0
1651845199452 0.0 0
1651845200116 0.0 0
1651845200758 0.0 0
1651845201443 0.0 0
1651845202125 0.0 0
1651845202802 0.0 0
1651845203429 0.0 0
1651845204073 0.0 0
1651845204709 0.0 0
1651845205409 0.0 0
1651845206071 0.0 0
1651845206775 0.0 0
1651845207404 0.0 0
1651845208080 0.0 0
1651845208732 0.0 0
1651845209378 0.0 0
1651845210009 0.0 0
1651845210658 0.0 0
1651845211343 0.0 0
1651845211992 0.0 0
1651845212694 0.0 0
1651845213364 0.0 0
1651845213997 0.0 0
1651845214628 0.0 0
1651845215256 0.0 0
1651845215919 0.0 0
1651845216584 0.0 0
1651845217277 0.0 0
1651845217922 0.0 0
1651845218586 0.0 0
1651845219246 0.0 0
1651845219889 0.0 0
1651845220522 0.0 0
1651845221163 0.0 0
1651845221807 0.0 0
1651845222513 0.0 0
1651845231138 0.6898913630167643 0
1651845231776 0.0 0
1651845232432 0.0 0
1651845233128 0.0 0
1651845233796 0.0 0
1651845234467 0.0 0
1651845235124 0.0 0
1651845235761 0.0 0
1651845236413 0.0 0
1651845237043 0.0 0
1651845237681 0.0 0
1651845238318 0.0 0
1651845238991 0.0 0
1651845239652 0.0 0
1651845240346 0.0 0
1651845240959 0.0 0
1651845241621 0.0 0
1651845242273 0.0 0
1651845242893 0.0 0
1651845243532 0.0 0
1651845244256 0.0 0
1651845244940 0.0 0
1651845245632 0.0 0
1651845246290 0.0 0
1651845246945 0.0 0
1651845247593 0.0 0
1651845248221 0.0 0
1651845248865 0.0 0
1651845249482 0.0 0
1651845250153 0.0 0
1651845250817 0.0 0
1651845251492 0.0 0
1651845252144 0.0 0
1651845252770 0.0 0
1651845253401 0.0 0
1651845254030 0.0 0
1651845254650 0.0 0
1651845255326 0.0 0
1651845255992 0.0 0
1651845256661 0.0 0
1651845257382 0.0 0
1651845258044 0.0 0
1651845258698 0.0 0
1651845259343 0.0 0
1651845259992 0.0 0
1651845260641 0.0 0
1651845261350 0.0 0
1651845262016 0.0 0
1651845262678 0.0 0
1651845263324 0.0 0
1651845272200 0.6053893499356583 0
1651845272892 0.0 0
1651845273538 0.0 0
1651845274152 0.0 0
1651845274786 0.0 0
1651845275410 0.0 0
1651845276044 0.0 0
1651845276697 0.0 0
1651845277352 0.0 0
1651845278027 0.0 0
1651845278702 0.0 0
1651845279360 0.0 0
1651845280033 0.0 0
1651845280678 0.0 0
1651845281320 0.0 0
1651845281960 0.0 0
1651845282594 0.0 0
1651845283300 0.0 0
1651845283953 0.0 0
1651845284615 0.0 0
1651845285242 0.0 0
1651845285887 0.0 0
1651845286547 0.0 0
1651845287183 0.0 0
1651845287833 0.0 0
1651845288542 0.0 0
1651845289204 0.0 0
1651845289888 0.0 0
1651845290553 0.0 0
1651845291183 0.0 0
1651845291836 0.0 0
1651845292472 0.0 0
1651845293087 0.0 0
1651845293753 0.0 0
1651845294431 0.0 0
1651845295114 0.0 0
1651845295753 0.0 0
1651845296403 0.0 0
1651845297057 0.0 0
1651845297683 0.0 0
1651845298311 0.0 0
1651845298970 0.0 0
1651845299680 0.0 0
1651845300351 0.0 0
1651845301003 0.0 0
1651845301679 0.0 0
1651845302314 0.0 0
1651845302960 0.0 0
1651845303633 0.0 0
1651845304292 0.0 0
1651845313728 0.6296096696285096 0
1651845314355 0.0 0
1651845315004 0.0 0
1651845315692 0.0 0
1651845316385 0.0 0
1651845317104 0.0 0
1651845317754 0.0 0
1651845318387 0.0 0
1651845319039 0.0 0
1651845319687 0.0 0
1651845320316 0.0 0
1651845320951 0.0 0
1651845321674 0.0 0
1651845322336 0.0 0
1651845323014 0.0 0
1651845323665 0.0 0
1651845324306 0.0 0
1651845324952 0.0 0
1651845325600 0.0 0
1651845326221 0.0 0
1651845326946 0.0 0
1651845327605 0.0 0
1651845328292 0.0 0
1651845328937 0.0 0
1651845329576 0.0 0
1651845330236 0.0 0
1651845330876 0.0 0
1651845331515 0.0 0
1651845332150 0.0 0
1651845332824 0.0 0
1651845333470 0.0 0
1651845334152 0.0 0
1651845334776 0.0 0
1651845335433 0.0 0
1651845336103 0.0 0
1651845336753 0.0 0
1651845337399 0.0 0
1651845338098 0.0 0
1651845338769 0.0 0
1651845339432 0.0 0
1651845340071 0.0 0
1651845340742 0.0 0
1651845341392 0.0 0
1651845342029 0.0 0
1651845342666 0.0 0
1651845343304 0.0 0
1651845344004 0.0 0
1651845344656 0.0 0
1651845345369 0.0 0
1651845346027 0.0 0
1651845355537 0.6690468026796976 0
1651845356218 0.0 0
1651845356876 0.0 0
1651845357513 0.0 0
1651845358164 0.0 0
1651845358806 0.0 0
1651845359423 0.0 0
1651845360068 0.0 0
1651845360713 0.0 0
1651845361372 0.0 0
1651845362033 0.0 0
1651845362660 0.0 0
1651845363308 0.0 0
1651845363947 0.0 0
1651845364582 0.0 0
1651845365209 0.0 0
1651845365911 0.0 0
1651845366599 0.0 0
1651845367285 0.0 0
1651845367941 0.0 0
1651845368598 0.0 0
1651845369233 0.0 0
1651845369885 0.0 0
1651845370509 0.0 0
1651845371185 0.0 0
1651845371828 0.0 0
1651845372519 0.0 0
1651845373181 0.0 0
1651845373833 0.0 0
1651845374495 0.0 0
1651845375124 0.0 0
1651845375780 0.0 0
1651845376425 0.0 0
1651845377093 0.0 0
1651845377758 0.0 0
1651845378415 0.0 0
1651845379052 0.0 0
1651845379706 0.0 0
1651845380364 0.0 0
1651845380989 0.0 0
1651845381632 0.0 0
1651845382334 0.0 0
1651845382984 0.0 0
1651845383650 0.0 0
1651845384307 0.0 0
1651845384932 0.0 0
1651845385579 0.0 0
1651845386238 0.0 0
1651845386892 0.0 0
1651845387558 0.0 0
1651845397672 0.6162234061674089 0
1651845398355 0.0 0
1651845399005 0.0 0
1651845399650 0.0 0
1651845400297 0.0 0
1651845400929 0.0 0
1651845401588 0.0 0
1651845402217 0.0 0
1651845402830 0.0 0
1651845403458 0.0 0
1651845404134 0.0 0
1651845404810 0.0 0
1651845405589 0.0 0
1651845406240 0.0 0
1651845406883 0.0 0
1651845407529 0.0 0
1651845408194 0.0 0
1651845408852 0.0 0
1651845409534 0.0 0
1651845410181 0.0 0
1651845410857 0.0 0
1651845411502 0.0 0
1651845412171 0.0 0
1651845412801 0.0 0
1651845413469 0.0 0
1651845414119 0.0 0
1651845414834 0.0 0
1651845415467 0.0 0
1651845416115 0.0 0
1651845416774 0.0 0
1651845417445 0.0 0
1651845418109 0.0 0
1651845418740 0.0 0
1651845419373 0.0 0
1651845420022 0.0 0
1651845420658 0.0 0
1651845421312 0.0 0
1651845422006 0.0 0
1651845422677 0.0 0
1651845423319 0.0 0
1651845423966 0.0 0
1651845424591 0.0 0
1651845425227 0.0 0
1651845425895 0.0 0
1651845426530 0.0 0
1651845427198 0.0 0
1651845427867 0.0 0
1651845428549 0.0 0
1651845429228 0.0 0
1651845429908 0.0 0
1651845440283 0.5154004419326782 0
1651845440971 0.0 0
1651845441634 0.0 0
1651845442285 0.0 0
1651845442932 0.0 0
1651845443574 0.0 0
1651845444215 0.0 0
1651845444846 0.0 0
1651845445495 0.0 0
1651845446150 0.0 0
1651845446807 0.0 0
1651845447467 0.0 0
1651845448142 0.0 0
1651845448812 0.0 0
1651845449447 0.0 0
1651845450081 0.0 0
1651845450717 0.0 0
1651845451385 0.0 0
1651845452018 0.0 0
1651845452702 0.0 0
1651845453388 0.0 0
1651845454051 0.0 0
1651845454691 0.0 0
1651845455322 0.0 0
1651845455987 0.0 0
1651845456623 0.0 0
1651845457260 0.0 0
1651845457902 0.0 0
1651845458560 0.0 0
1651845459229 0.0 0
1651845459898 0.0 0
1651845460535 0.0 0
1651845461172 0.0 0
1651845461800 0.0 0
1651845462434 0.0 0
1651845463072 0.0 0
1651845463709 0.0 0
1651845464339 0.0 0
1651845465026 0.0 0
1651845465676 0.0 0
1651845466355 0.0 0
1651845466995 0.0 0
1651845467640 0.0 0
1651845468267 0.0 0
1651845468903 0.0 0
1651845469530 0.0 0
1651845470187 0.0 0
1651845470836 0.0 0
1651845471543 0.0 0
1651845472215 0.0 0
1651845483094 0.6141926240119293 0
1651845483768 0.0 0
1651845484427 0.0 0
1651845485108 0.0 0
1651845485753 0.0 0
1651845486421 0.0 0
1651845487064 0.0 0
1651845487728 0.0 0
1651845488386 0.0 0
1651845489053 0.0 0
1651845489744 0.0 0
1651845490392 0.0 0
1651845491057 0.0 0
1651845491693 0.0 0
1651845492329 0.0 0
1651845492979 0.0 0
1651845493615 0.0 0
1651845494292 0.0 0
1651845494916 0.0 0
1651845495573 0.0 0
1651845496307 0.0 0
1651845497002 0.0 0
1651845497760 0.0 0
1651845498379 0.0 0
1651845499020 0.0 0
1651845499670 0.0 0
1651845500303 0.0 0
1651845500966 0.0 0
1651845501605 0.0 0
1651845502320 0.0 0
1651845502981 0.0 0
1651845503668 0.0 0
1651845504321 0.0 0
1651845504960 0.0 0
1651845505593 0.0 0
1651845506248 0.0 0
1651845506886 0.0 0
1651845507512 0.0 0
1651845508175 0.0 0
1651845508880 0.0 0
1651845509555 0.0 0
1651845510229 0.0 0
1651845510878 0.0 0
1651845511547 0.0 0
1651845512192 0.0 0
1651845512838 0.0 0
1651845513495 0.0 0
1651845514133 0.0 0
1651845514784 0.0 0
1651845515433 0.0 0
1651845526547 0.5593799516216549 0
1651845527229 0.0 0
1651845527890 0.0 0
1651845528546 0.0 0
1651845529185 0.0 0
1651845529854 0.0 0
1651845530496 0.0 0
1651845531138 0.0 0
1651845531776 0.0 0
1651845532409 0.0 0
1651845533093 0.0 0
1651845533761 0.0 0
1651845534414 0.0 0
1651845535097 0.0 0
1651845535749 0.0 0
1651845536413 0.0 0
1651845537071 0.0 0
1651845537725 0.0 0
1651845538361 0.0 0
1651845539021 0.0 0
1651845539679 0.0 0
1651845540338 0.0 0
1651845541044 0.0 0
1651845541696 0.0 0
1651845542330 0.0 0
1651845542990 0.0 0
1651845543654 0.0 0
1651845544286 0.0 0
1651845544929 0.0 0
1651845545621 0.0 0
1651845546274 0.0 0
1651845546962 0.0 0
1651845547618 0.0 0
1651845548251 0.0 0
1651845548926 0.0 0
1651845549574 0.0 0
1651845550214 0.0 0
1651845550854 0.0 0
1651845551501 0.0 0
1651845552138 0.0 0
1651845552833 0.0 0
1651845553494 0.0 0
1651845554133 0.0 0
1651845554787 0.0 0
1651845555436 0.0 0
1651845556084 0.0 0
1651845556743 0.0 0
1651845557387 0.0 0
1651845558097 0.0 0
1651845558745 0.0 0
1651845570199 0.5597273226542964 0
1651845570858 0.0 0
1651845571539 0.0 0
1651845572178 0.0 0
1651845572842 0.0 0
1651845573493 0.0 0
1651845574149 0.0 0
1651845574806 0.0 0
1651845575472 0.0 0
1651845576175 0.0 0
1651845576834 0.0 0
1651845577527 0.0 0
1651845578172 0.0 0
1651845578835 0.0 0
1651845579491 0.0 0
1651845580230 0.0 0
1651845580883 0.0 0
1651845581513 0.0 0
1651845582171 0.0 0
1651845582890 0.0 0
1651845583554 0.0 0
1651845584210 0.0 0
1651845584885 0.0 0
1651845585548 0.0 0
1651845586217 0.0 0
1651845586854 0.0 0
1651845587510 0.0 0
1651845588169 0.0 0
1651845588851 0.0 0
1651845589530 0.0 0
1651845590204 0.0 0
1651845590851 0.0 0
1651845591491 0.0 0
1651845592132 0.0 0
1651845592767 0.0 0
1651845593390 0.0 0
1651845594034 0.0 0
1651845594691 0.0 0
1651845595394 0.0 0
1651845596055 0.0 0
1651845596728 0.0 0
1651845597398 0.0 0
1651845598053 0.0 0
1651845598682 0.0 0
1651845599294 0.0 0
1651845599926 0.0 0
1651845600581 0.0 0
1651845601234 0.0 0
1651845601926 0.0 0
1651845602602 0.0 0
1651845614525 0.49243115129932524 0
1651845615202 0.0 0
1651845615847 0.0 0
1651845616492 0.0 0
1651845617126 0.0 0
1651845617790 0.0 0
1651845618427 0.0 0
1651845619087 0.0 0
1651845619805 0.0 0
1651845620477 0.0 0
1651845621152 0.0 0
1651845621806 0.0 0
1651845622460 0.0 0
1651845623095 0.0 0
1651845623733 0.0 0
1651845624379 0.0 0
1651845625006 0.0 0
1651845625695 0.0 0
1651845626371 0.0 0
1651845627073 0.0 0
1651845627725 0.0 0
1651845628379 0.0 0
1651845629033 0.0 0
1651845629677 0.0 0
1651845630348 0.0 0
1651845631022 0.0 0
1651845631717 0.0 0
1651845632404 0.0 0
1651845633072 0.0 0
1651845633727 0.0 0
1651845634372 0.0 0
1651845635037 0.0 0
1651845635667 0.0 0
1651845636307 0.0 0
1651845636973 0.0 0
1651845637640 0.0 0
1651845638348 0.0 0
1651845639033 0.0 0
1651845639730 0.0 0
1651845640378 0.0 0
1651845641027 0.0 0
1651845641683 0.0 0
1651845642343 0.0 0
1651845643020 0.0 0
1651845643656 0.0 0
1651845644318 0.0 0
1651845645014 0.0 0
1651845645748 0.0 0
1651845646379 0.0 0
1651845647055 0.0 0
1651845659210 0.5694861087662287 0
1651845659887 0.0 0
1651845660535 0.0 0
1651845661197 0.0 0
1651845661840 0.0 0
1651845662520 0.0 0
1651845663173 0.0 0
1651845663881 0.0 0
1651845664522 0.0 0
1651845665191 0.0 0
1651845665828 0.0 0
1651845666451 0.0 0
1651845667090 0.0 0
1651845667748 0.0 0
1651845668397 0.0 0
1651845669101 0.0 0
1651845669741 0.0 0
1651845670470 0.0 0
1651845671125 0.0 0
1651845671792 0.0 0
1651845672435 0.0 0
1651845673076 0.0 0
1651845673705 0.0 0
1651845674348 0.0 0
1651845675040 0.0 0
1651845675725 0.0 0
1651845676422 0.0 0
1651845677069 0.0 0
1651845677721 0.0 0
1651845678369 0.0 0
1651845679027 0.0 0
1651845679686 0.0 0
1651845680323 0.0 0
1651845680974 0.0 0
1651845681673 0.0 0
1651845682425 0.0 0
1651845683088 0.0 0
1651845683744 0.0 0
1651845684397 0.0 0
1651845685047 0.0 0
1651845685680 0.0 0
1651845686323 0.0 0
1651845686956 0.0 0
1651845687659 0.0 0
1651845688343 0.0 0
1651845689045 0.0 0
1651845689706 0.0 0
1651845690371 0.0 0
1651845691024 0.0 0
1651845691686 0.0 0
1651845704555 0.518223594613592 0
1651845705265 0.0 0
1651845705930 0.0 0
1651845706611 0.0 0
1651845707283 0.0 0
1651845707948 0.0 0
1651845708616 0.0 0
1651845709267 0.0 0
1651845709902 0.0 0
1651845710561 0.0 0
1651845711209 0.0 0
1651845711899 0.0 0
1651845712615 0.0 0
1651845713334 0.0 0
1651845713999 0.0 0
1651845714662 0.0 0
1651845715313 0.0 0
1651845715973 0.0 0
1651845716617 0.0 0
1651845717263 0.0 0
1651845717989 0.0 0
1651845718643 0.0 0
1651845719311 0.0 0
1651845719961 0.0 0
1651845720627 0.0 0
1651845721365 0.0 0
1651845722018 0.0 0
1651845722649 0.0 0
1651845723287 0.0 0
1651845724021 0.0 0
1651845724697 0.0 0
1651845725375 0.0 0
1651845726047 0.0 0
1651845726738 0.0 0
1651845727391 0.0 0
1651845728048 0.0 0
1651845728727 0.0 0
1651845729393 0.0 0
1651845730029 0.0 0
1651845730692 0.0 0
1651845731330 0.0 0
1651845731963 0.0 0
1651845732644 0.0 0
1651845733327 0.0 0
1651845734056 0.0 0
1651845734732 0.0 0
1651845735374 0.0 0
1651845736030 0.0 0
1651845736695 0.0 0
1651845737349 0.0 0
1651845750246 0.5120458564191667 0
1651845750887 0.0 0
1651845751514 0.0 0
1651845752154 0.0 0
1651845752847 0.0 0
1651845753493 0.0 0
1651845754184 0.0 0
1651845754843 0.0 0
1651845755498 0.0 0
1651845756142 0.0 0
1651845756863 0.0 0
1651845757531 0.0 0
1651845758165 0.0 0
1651845758819 0.0 0
1651845759461 0.0 0
1651845760155 0.0 0
1651845760857 0.0 0
1651845761554 0.0 0
1651845762195 0.0 0
1651845762892 0.0 0
1651845763546 0.0 0
1651845764202 0.0 0
1651845764850 0.0 0
1651845765518 0.0 0
1651845766157 0.0 0
1651845766829 0.0 0
1651845767503 0.0 0
1651845768171 0.0 0
1651845768817 0.0 0
1651845769453 0.0 0
1651845770113 0.0 0
1651845770752 0.0 0
1651845771394 0.0 0
1651845772051 0.0 0
1651845772702 0.0 0
1651845773368 0.0 0
1651845774092 0.0 0
1651845774776 0.0 0
1651845775446 0.0 0
1651845776088 0.0 0
1651845776731 0.0 0
1651845777380 0.0 0
1651845778048 0.0 0
1651845778687 0.0 0
1651845779362 0.0 0
1651845780025 0.0 0
1651845780719 0.0 0
1651845781439 0.0 0
1651845782122 0.0 0
1651845782825 0.0 0
1651845796517 0.4067396220997187 0
1651845797177 0.0 0
1651845797849 0.0 0
1651845798517 0.0 0
1651845799176 0.0 0
1651845799823 0.0 0
1651845800468 0.0 0
1651845801132 0.0 0
1651845801860 0.0 0
1651845802531 0.0 0
1651845803213 0.0 0
1651845803874 0.0 0
1651845804536 0.0 0
1651845805192 0.0 0
1651845805831 0.0 0
1651845806476 0.0 0
1651845807109 0.0 0
1651845807763 0.0 0
1651845808485 0.0 0
1651845809152 0.0 0
1651845809835 0.0 0
1651845810492 0.0 0
1651845811162 0.0 0
1651845811833 0.0 0
1651845812513 0.0 0
1651845813163 0.0 0
1651845813796 0.0 0
1651845814453 0.0 0
1651845815107 0.0 0
1651845815836 0.0 0
1651845816489 0.0 0
1651845817156 0.0 0
1651845817821 0.0 0
1651845818487 0.0 0
1651845819138 0.0 0
1651845819777 0.0 0
1651845820434 0.0 0
1651845821071 0.0 0
1651845821730 0.0 0
1651845822375 0.0 0
1651845823099 0.0 0
1651845823798 0.0 0
1651845824482 0.0 0
1651845825128 0.0 0
1651845825774 0.0 0
1651845826442 0.0 0
1651845827118 0.0 0
1651845827765 0.0 0
1651845828434 0.0 0
1651845829097 0.0 0
1651845843128 0.4695382231598745 0
1651845843821 0.0 0
1651845844506 0.0 0
1651845845172 0.0 0
1651845845842 0.0 0
1651845846493 0.0 0
1651845847171 0.0 0
1651845847848 0.0 0
1651845848499 0.0 0
1651845849156 0.0 0
1651845849798 0.0 0
1651845850506 0.0 0
1651845851203 0.0 0
1651845851900 0.0 0
1651845852581 0.0 0
1651845853336 0.0 0
1651845854001 0.0 0
1651845854679 0.0 0
1651845855338 0.0 0
1651845855994 0.0 0
1651845856623 0.0 0
1651845857336 0.0 0
1651845858009 0.0 0
1651845858686 0.0 0
1651845859340 0.0 0
1651845859974 0.0 0
1651845860627 0.0 0
1651845861281 0.0 0
1651845861951 0.0 0
1651845862601 0.0 0
1651845863264 0.0 0
1651845863916 0.0 0
1651845864593 0.0 0
1651845865289 0.0 0
1651845865973 0.0 0
1651845866575 0.0 0
1651845867238 0.0 0
1651845867908 0.0 0
1651845868568 0.0 0
1651845869208 0.0 0
1651845869857 0.0 0
1651845870500 0.0 0
1651845871174 0.0 0
1651845871879 0.0 0
1651845872543 0.0 0
1651845873223 0.0 0
1651845873901 0.0 0
1651845874536 0.0 0
1651845875183 0.0 0
1651845875858 0.0 0
