1644524377275 0.39632196622689564 0
1644524392893 0.10976935352087021 0
1644524408954 0.055877540572484334 0
1644524425102 0.03155441175947587 0
1644524441397 0.01554318916151921 0
1644524472675 0.3775457236369451 0
1644524499507 0.0984841887931029 0
1644524526351 0.047303536146879197 0
1644524553207 0.021456998699903487 0
1644524580149 0.010885555739949147 0
1644524616184 0.3745326557954152 0
1644524643123 0.0955913340429465 0
1644524669910 0.04243110549002886 0
1644524696678 0.02060142360354463 0
1644524723634 0.011270318414084613 0
