1653771299821 0.9178666666666667 0
1653771348824 0.9600666666666666 0
1653771398224 0.9697 0
1653771447797 0.97615 0
1653771496847 0.9807666666666667 0
1653771545889 0.9835333333333334 0
1653771595664 0.9862333333333333 0
1653771645241 0.9863833333333333 0
1653771694510 0.98975 0
1653771742946 0.9908833333333333 0
1653771792696 0.9913666666666666 0
1653771841366 0.9917833333333334 0
1653771890903 0.9932333333333333 0
1653771940928 0.9929833333333333 0
1653771990336 0.99325 0
1653772039680 0.9936333333333334 0
1653772089213 0.9942666666666666 0
1653772139229 0.9941 0
1653772188295 0.9949 0
1653772237787 0.9939666666666667 0
1653772286750 0.9960166666666667 0
1653772335996 0.9953333333333333 0
1653772385277 0.9949666666666667 0
1653772434855 0.9956166666666667 0
1653772483768 0.9958333333333333 0
1653772533024 0.99555 0
1653772581939 0.9955666666666667 0
1653772631565 0.99635 0
1653772680719 0.9957 0
1653772730414 0.9960833333333333 0
1653772779292 0.9957 0
1653772827839 0.9967833333333334 0
1653772877576 0.9960666666666667 0
1653772926710 0.9962166666666666 0
1653772975900 0.9971 0
1653773024814 0.9963333333333333 0
1653773074456 0.9964833333333334 0
1653773123647 0.9963333333333333 0
1653773172933 0.9966833333333334 0
1653773222334 0.9970666666666667 0
1653773271405 0.9966166666666667 0
1653773321491 0.9968666666666667 0
1653773370176 0.9966333333333334 0
1653773419271 0.99705 0
1653773468337 0.99685 0
1653773517891 0.9969166666666667 0
1653773566895 0.9966333333333334 0
1653773615973 0.9968833333333333 0
1653773664412 0.9969166666666667 0
1653773713352 0.9971333333333333 0
1653773767828 0.91345 0
1653773816690 0.95845 0
1653773866072 0.96895 0
1653773915334 0.976 0
1653773965540 0.9812166666666666 0
1653774014947 0.9839 0
1653774064364 0.9865 0
1653774113689 0.9880833333333333 0
1653774163273 0.9888666666666667 0
1653774212197 0.99015 0
1653774261439 0.9915 0
1653774310399 0.9917166666666667 0
1653774360080 0.9923333333333333 0
1653774409334 0.9940333333333333 0
1653774458282 0.9933833333333333 0
1653774508089 0.9933333333333333 0
1653774556964 0.9942 0
1653774606190 0.9946166666666667 0
1653774655025 0.99425 0
1653774705364 0.995 0
1653774754262 0.9949 0
1653774803761 0.9955 0
1653774853136 0.9955 0
1653774901418 0.9958166666666667 0
1653774950672 0.9953666666666666 0
1653774999900 0.99605 0
1653775049248 0.99555 0
1653775099064 0.9956166666666667 0
1653775148738 0.99635 0
1653775198046 0.9962166666666666 0
1653775247788 0.9960166666666667 0
1653775297385 0.9959833333333333 0
1653775346839 0.9964333333333333 0
1653775396072 0.9966 0
1653775444818 0.9968666666666667 0
1653775494160 0.9960333333333333 0
1653775543458 0.9965333333333334 0
1653775592323 0.9965833333333334 0
1653775641482 0.9965666666666667 0
1653775690735 0.9968833333333333 0
1653775740195 0.9965333333333334 0
1653775789424 0.9962 0
1653775838362 0.997 0
1653775887599 0.9967666666666667 0
1653775937337 0.9975833333333334 0
1653775986564 0.99655 0
1653776035749 0.9969166666666667 0
1653776085375 0.9965833333333334 0
1653776134649 0.9972 0
1653776184426 0.9972 0
1653776243133 0.9151333333333334 0
1653776293056 0.9594 0
1653776342164 0.9689666666666666 0
1653776391559 0.9761666666666666 0
1653776440649 0.9812166666666666 0
1653776490836 0.98425 0
1653776539679 0.9854333333333334 0
1653776588790 0.9883166666666666 0
1653776639000 0.9898333333333333 0
1653776688160 0.9892 0
1653776737555 0.9916333333333334 0
1653776787542 0.9922833333333333 0
1653776837610 0.9929166666666667 0
1653776887177 0.9936 0
1653776936492 0.9938166666666667 0
1653776985345 0.9936833333333334 0
1653777034454 0.9934166666666666 0
1653777084104 0.9953666666666666 0
1653777133402 0.9942166666666666 0
1653777182851 0.9950666666666667 0
1653777231614 0.9946333333333334 0
1653777281480 0.9953 0
1653777331281 0.9952166666666666 0
1653777380522 0.9956833333333334 0
1653777429337 0.9962166666666666 0
1653777478799 0.9951166666666666 0
1653777527999 0.99615 0
1653777577491 0.99485 0
1653777626124 0.99685 0
1653777675637 0.996 0
1653777725652 0.996 0
1653777774795 0.9966833333333334 0
1653777823962 0.9964333333333333 0
1653777873774 0.9959166666666667 0
1653777923620 0.9966833333333334 0
1653777972611 0.9968666666666667 0
1653778022634 0.9965 0
1653778071799 0.99685 0
1653778120905 0.9969333333333333 0
1653778170586 0.9966166666666667 0
1653778220296 0.9966 0
1653778269206 0.9969333333333333 0
1653778318513 0.99695 0
1653778368508 0.9974833333333334 0
1653778417734 0.9967 0
1653778467240 0.9970166666666667 0
1653778516305 0.99725 0
1653778565355 0.99685 0
1653778614382 0.9973666666666666 0
1653778664054 0.99695 0
1653778727093 0.9142 0
1653778776506 0.95895 0
1653778825678 0.9694 0
1653778874452 0.9752333333333333 0
1653778923892 0.9813 0
1653778973095 0.9835833333333334 0
1653779021740 0.98515 0
1653779070763 0.9883166666666666 0
1653779120042 0.98965 0
1653779168857 0.9898166666666667 0
1653779217707 0.9908833333333333 0
1653779266967 0.9927 0
1653779315888 0.9920833333333333 0
1653779365312 0.9929666666666667 0
1653779414781 0.99325 0
1653779464221 0.9936666666666667 0
1653779513798 0.9946 0
1653779562538 0.9945666666666667 0
1653779612203 0.9939833333333333 0
1653779661315 0.9946 0
1653779710713 0.9948166666666667 0
1653779759989 0.9954333333333333 0
1653779809558 0.9949333333333333 0
1653779858531 0.9965 0
1653779907958 0.9949166666666667 0
1653779957926 0.9961333333333333 0
1653780007026 0.9955833333333334 0
1653780055677 0.99535 0
1653780105010 0.9960833333333333 0
1653780154547 0.9953333333333333 0
1653780203241 0.99615 0
1653780252468 0.9968833333333333 0
1653780301774 0.99715 0
1653780351456 0.9956833333333334 0
1653780400126 0.9960666666666667 0
1653780449741 0.99685 0
1653780497601 0.9967333333333334 0
1653780546797 0.9964666666666666 0
1653780594862 0.9962 0
1653780643924 0.9965666666666667 0
1653780693089 0.9966166666666667 0
1653780741790 0.9975 0
1653780790914 0.9955 0
1653780840647 0.9974166666666666 0
1653780889187 0.9969666666666667 0
1653780939210 0.9963333333333333 0
1653780988060 0.9971833333333333 0
1653781037461 0.9969166666666667 0
1653781086892 0.9969166666666667 0
1653781136701 0.9969333333333333 0
1653781204692 0.9144333333333333 0
1653781253843 0.9596666666666667 0
1653781302451 0.96955 0
1653781351896 0.9763833333333334 0
1653781400657 0.9803833333333334 0
1653781449862 0.9837833333333333 0
1653781499421 0.98665 0
1653781548287 0.9880833333333333 0
1653781597326 0.98935 0
1653781646517 0.9906666666666667 0
1653781695973 0.9922 0
1653781745179 0.99155 0
1653781794458 0.9923333333333333 0
1653781844434 0.9936833333333334 0
1653781894532 0.9933666666666666 0
1653781944077 0.9939166666666667 0
1653781993458 0.9939833333333333 0
1653782042708 0.9949666666666667 0
1653782091303 0.99425 0
1653782140321 0.9949833333333333 0
1653782189018 0.9949333333333333 0
1653782237842 0.9959166666666667 0
1653782287379 0.9955 0
1653782336988 0.9956666666666667 0
1653782385942 0.99525 0
1653782435249 0.9952 0
1653782484338 0.9959333333333333 0
1653782533730 0.9961 0
1653782583250 0.9960666666666667 0
1653782632186 0.9959833333333333 0
1653782681279 0.9962333333333333 0
1653782731280 0.9968166666666667 0
1653782780519 0.9955833333333334 0
1653782829431 0.9968666666666667 0
1653782878136 0.9963833333333333 0
1653782927261 0.9971166666666667 0
1653782976659 0.9962833333333333 0
1653783026367 0.99665 0
1653783075631 0.9964833333333334 0
1653783124946 0.9970166666666667 0
1653783173923 0.99685 0
1653783222827 0.9967 0
1653783272136 0.9965833333333334 0
1653783320614 0.9978166666666667 0
1653783369421 0.9960166666666667 0
1653783418358 0.9978166666666667 0
1653783467586 0.9967166666666667 0
1653783516720 0.9968 0
1653783566092 0.9968833333333333 0
1653783615350 0.9970833333333333 0
