1653771299828 0.27828627057671546 0
1653771348834 0.13482069208895167 0
1653771398234 0.09981408729627729 0
1653771447807 0.07863639383328458 0
1653771496857 0.06161277018007822 0
1653771545901 0.05270727247406418 0
1653771595674 0.044595540686060364 0
1653771645254 0.04375670795679713 0
1653771694524 0.033492304460611196 0
1653771742957 0.030578423951901884 0
1653771792704 0.028760049453600854 0
1653771841378 0.02764511741325453 0
1653771890910 0.021708549982872985 0
1653771940939 0.02378884848773305 0
1653771990348 0.022719359253323638 0
1653772039690 0.02045569993587172 0
1653772089226 0.01821701898736889 0
1653772139240 0.019431837037979616 0
1653772188305 0.017177163772516116 0
1653772237799 0.02083513763313628 0
1653772286760 0.014140338241130061 0
1653772336007 0.017571086717977597 0
1653772385296 0.018191428262415443 0
1653772434865 0.016050562874211027 0
1653772483778 0.014172863430136719 0
1653772533035 0.014985981656526322 0
1653772581949 0.016177408719780094 0
1653772631578 0.013421928099197612 0
1653772680731 0.014324061739947198 0
1653772730427 0.01358768727913072 0
1653772779304 0.015357051105420093 0
1653772827849 0.012711621785522554 0
1653772877588 0.015207066828962888 0
1653772926720 0.012952801855131263 0
1653772975911 0.01052938767999893 0
1653773024823 0.013438648355392357 0
1653773074466 0.012766043028596763 0
1653773123658 0.012851361037873918 0
1653773172944 0.012973566079431566 0
1653773222345 0.00968258940440431 0
1653773271417 0.013554333361932262 0
1653773321502 0.011830957529535363 0
1653773370189 0.013328985104789429 0
1653773419282 0.011422981665478194 0
1653773468347 0.01160670346014399 0
1653773517901 0.010727577394150005 0
1653773566901 0.011629008456070029 0
1653773615985 0.011713471751183977 0
1653773664424 0.012044364541475018 0
1653773713363 0.010636109068766662 0
1653773767839 0.2848939749260743 0
1653773816701 0.13889296683743596 0
1653773866084 0.10367492664450159 0
1653773915345 0.07840723451947172 0
1653773965550 0.06138634309773333 0
1653774014958 0.053900722354037374 0
1653774064375 0.044231776288772624 0
1653774113700 0.03671671453044206 0
1653774163286 0.035049871486794046 0
1653774212208 0.031841078155315096 0
1653774261451 0.02752539538142349 0
1653774310412 0.02641237257687705 0
1653774360091 0.026160944833942146 0
1653774409345 0.02041197024576492 0
1653774458294 0.021716020244009752 0
1653774508099 0.020864384684623413 0
1653774556974 0.02044352516417663 0
1653774606204 0.018247080698247493 0
1653774655039 0.01957097256423052 0
1653774705370 0.01756738193007477 0
1653774754269 0.01697970946555215 0
1653774803773 0.016020092867764228 0
1653774853148 0.015802015352559103 0
1653774901429 0.015138060461878862 0
1653774950684 0.016575315930913104 0
1653774999912 0.012771929471538412 0
1653775049261 0.01610636025912645 0
1653775099076 0.015307143610608122 0
1653775148749 0.013248839164317421 0
1653775198057 0.012787125915624831 0
1653775247794 0.014372098483576186 0
1653775297396 0.01360685194387576 0
1653775346851 0.012649555666030331 0
1653775396083 0.012793726237182454 0
1653775444829 0.011170490604239967 0
1653775494174 0.015108346020992546 0
1653775543468 0.012600024279262106 0
1653775592334 0.012352455598372808 0
1653775641492 0.01209714526692099 0
1653775690746 0.012130133711619919 0
1653775740205 0.012908788207829775 0
1653775789434 0.014730708796457914 0
1653775838379 0.010566154767207915 0
1653775887613 0.010943911887545574 0
1653775937349 0.00982154392067323 0
1653775986575 0.0140447072211576 0
1653776035761 0.012288840608072534 0
1653776085385 0.012173331788060454 0
1653776134663 0.00965775168647644 0
1653776184437 0.009945209758676552 0
1653776243146 0.28814843737582363 0
1653776293063 0.13748234835962456 0
1653776342178 0.10120993100572377 0
1653776391570 0.07920758810167511 0
1653776440661 0.062357277203692746 0
1653776490847 0.05193030269093191 0
1653776539692 0.046349007598838456 0
1653776588804 0.037837162284025304 0
1653776639010 0.032771538547601085 0
1653776688172 0.035335317692300305 0
1653776737567 0.027621879840042676 0
1653776787555 0.02582469215997262 0
1653776837624 0.02361642691299494 0
1653776887184 0.021114052521977768 0
1653776936503 0.02252025807636431 0
1653776985357 0.0208863305650438 0
1653777034473 0.022634301644200362 0
1653777084114 0.015621518478518677 0
1653777133415 0.019435285769031422 0
1653777182863 0.01688034650143139 0
1653777231626 0.019161321647791798 0
1653777281491 0.01674425888239154 0
1653777331294 0.016508148019892057 0
1653777380533 0.015266927063546003 0
1653777429348 0.012688957187228152 0
1653777478812 0.018255870859414547 0
1653777528018 0.015077210656109915 0
1653777577502 0.01775455687572709 0
1653777626141 0.011625214014494607 0
1653777675648 0.014589711704163953 0
1653777725663 0.015225515070865732 0
1653777774808 0.01222778465999636 0
1653777823973 0.013971472105775866 0
1653777873782 0.014999888759753473 0
1653777923631 0.012202606309391498 0
1653777972622 0.011219826256714138 0
1653778022644 0.013098910867691105 0
1653778071808 0.012251850928911533 0
1653778120912 0.012285917370065636 0
1653778170598 0.012489170688777874 0
1653778220307 0.013400551954619292 0
1653778269216 0.011217465338771262 0
1653778318524 0.011147005079018118 0
1653778368520 0.009209580408605431 0
1653778417748 0.013290363432767587 0
1653778467252 0.012137153494315142 0
1653778516316 0.010116635403664751 0
1653778565365 0.012800343522464258 0
1653778614394 0.010481368062618564 0
1653778664065 0.01072396841885552 0
1653778727103 0.2889330697978536 0
1653778776518 0.13659769456883272 0
1653778825690 0.10170342015481243 0
1653778874463 0.07977751014316455 0
1653778923903 0.06119736394671103 0
1653778973107 0.05217442780993103 0
1653779021753 0.048225556393379033 0
1653779070773 0.039145086996858786 0
1653779120056 0.03388454540667202 0
1653779168868 0.033901179603211734 0
1653779217718 0.0307298093243017 0
1653779266978 0.023212566084734862 0
1653779315900 0.026433276452321054 0
1653779365324 0.0233093997815003 0
1653779414796 0.022375386253498438 0
1653779464232 0.021509537677696304 0
1653779513809 0.018462839583491344 0
1653779562550 0.018113340289952855 0
1653779612214 0.020027402734274558 0
1653779661329 0.018562480172646854 0
1653779710725 0.017112360193191248 0
1653779760000 0.01541239866727786 0
1653779809571 0.018465260011757467 0
1653779858544 0.01356405685329252 0
1653779907973 0.017370982546566785 0
1653779957939 0.01392424510721903 0
1653780007039 0.015499313202577166 0
1653780055691 0.016285539671323505 0
1653780105022 0.014164725392965616 0
1653780154558 0.016446081715202916 0
1653780203253 0.013852907631181188 0
1653780252481 0.01153372273947886 0
1653780301786 0.010678088139330673 0
1653780351467 0.016082145535118948 0
1653780400137 0.01525418665213465 0
1653780449755 0.01110575943931611 0
1653780497613 0.011476266231128495 0
1653780546808 0.013056699798682106 0
1653780594872 0.014088609726026182 0
1653780643941 0.01269069432007136 0
1653780693101 0.012270448879695505 0
1653780741802 0.010058653316257915 0
1653780790924 0.015979792587979956 0
1653780840658 0.008585583367247834 0
1653780889198 0.011540579376623214 0
1653780939222 0.013348887482059445 0
1653780988071 0.010084421968605163 0
1653781037472 0.012548868623872306 0
1653781086904 0.011852622100094504 0
1653781136715 0.011280716233020347 0
1653781204703 0.28796672442108395 0
1653781253854 0.1377276637279739 0
1653781302462 0.1016595899074028 0
1653781351908 0.07693416476342826 0
1653781400678 0.06457793819031989 0
1653781449875 0.05261238837501345 0
1653781499432 0.044902518996984386 0
1653781548299 0.03822877587932938 0
1653781597342 0.03414826497463509 0
1653781646528 0.03008048557275518 0
1653781695988 0.0257010261834017 0
1653781745191 0.028131075717354542 0
1653781794471 0.024507610399050948 0
1653781844446 0.021392978517119386 0
1653781894541 0.02357284099447279 0
1653781944089 0.020479800281212858 0
1653781993468 0.01930765608277288 0
1653782042723 0.017749788062966156 0
1653782091315 0.019547671206923162 0
1653782140332 0.01751991872361274 0
1653782189029 0.01709999352073137 0
1653782237853 0.013242822378775478 0
1653782287386 0.01643280113269975 0
1653782336998 0.014502119874831987 0
1653782385951 0.01642575776554598 0
1653782435262 0.016549925346125503 0
1653782484355 0.013211627897630265 0
1653782533737 0.013888406507517721 0
1653782583262 0.014294403493169678 0
1653782632202 0.014403172689260463 0
1653782681289 0.012961706484725376 0
1653782731291 0.011937261439846407 0
1653782780532 0.015666861992006276 0
1653782829443 0.01143591622336547 0
1653782878150 0.013672918783677292 0
1653782927272 0.010135875918686968 0
1653782976675 0.013667622667185303 0
1653783026379 0.01195357580299257 0
1653783075644 0.013927500732212184 0
1653783124957 0.010579493584958952 0
1653783173934 0.01062817188445991 0
1653783222840 0.012405537472940136 0
1653783272147 0.012520079731349415 0
1653783320624 0.008260139232693692 0
1653783369432 0.014484318983077499 0
1653783418369 0.008642086722613096 0
1653783467597 0.012207074170657278 0
1653783516731 0.010497739409552355 0
1653783566115 0.011689892573875356 0
1653783615362 0.009596389645235046 0
