1654463197579 0.8557969930805417 0
1654463211405 0.12409729727856214 0
1654463225118 0.03510160491417987 0
1654463239022 0.01743611809683238 0
1654463252467 0.01028672085298178 0
1654463266178 0.0063503783409997756 0
1654463280103 0.0045570570582441836 0
1654463293716 0.003942036407098525 0
1654463307483 0.0038368603800926176 0
1654463321495 0.0027778209869785474 0
1654463335095 0.003282304368072369 0
1654463348671 0.004352398617687761 0
1654463362325 0.0020527407573315815 0
1654463375796 0.002647366518716764 0
1654463389291 0.0015768745947043474 0
1654463403461 0.002355450732327106 0
1654463416989 0.0013341358245130704 0
1654463430649 0.001177982943939119 0
1654463444090 0.0011890984259426995 0
1654463457665 0.0010179532044521853 0
1654463471688 0.0008547566717223518 0
1654463485151 0.0007980929167678299 0
1654463498623 0.0007738088522402187 0
1654463512151 0.0008816601905402656 0
1654463525680 0.0009686266113767639 0
1654463539304 0.0009790704573358318 0
1654463553152 0.0006846856643838213 0
1654463566654 0.0005757055370987669 0
1654463579990 0.0005559530119260709 0
1654463593489 0.0006867724178630071 0
1654463606903 0.0009509099920339626 0
1654463620419 0.0017741782450699805 0
1654463634264 0.0006341516154955086 0
1654463648103 0.0005737483297875151 0
1654463662140 0.0007595444919401311 0
1654463676120 0.0005226368692778139 0
1654463689569 0.0008185025986802759 0
1654463703159 0.0008691208507627487 0
1654463716732 0.0008281107778535143 0
1654463730426 0.0005670108525008496 0
1654463744278 0.0005200900890688352 0
1654463757790 0.002395624403997447 0
1654463771252 0.0017802255639095264 0
1654463785015 0.0006126133586214094 0
1654463798800 0.0004760225583272311 0
1654463812540 0.000439385320706652 0
1654463826166 0.0008002064133814884 0
1654463839763 0.0003609609354755306 0
1654463853173 0.0003523594958491122 0
1654463866944 0.0004383658561536088 0
1654463914141 0.42740448437742723 0
1654463930177 0.0501448319387137 0
1654463948584 0.016864291974463368 0
1654463964396 0.012081038481508159 0
1654463980486 0.008603444665095031 0
1654463996172 0.0045252506363573095 0
1654464011618 0.005374570745625427 0
1654464027277 0.0026310612618960236 0
1654464042925 0.0032974538354435894 0
1654464058627 0.004115871178888954 0
1654464074186 0.003006348509577994 0
1654464089913 0.005372510075055912 0
1654464105484 0.004055244025254904 0
1654464121304 0.0020369376571735247 0
1654464137036 0.0014332047312554724 0
1654464152793 0.001614823288579435 0
1654464168462 0.001256179488325864 0
1654464183840 0.001119078149507305 0
1654464199252 0.0009745295680510992 0
1654464214781 0.0008976130315008494 0
1654464230521 0.0008374193415746475 0
1654464246123 0.0008473901031047515 0
1654464261058 0.0007680912673079786 0
1654464276951 0.0007686828848943191 0
1654464292513 0.0007385576996302498 0
1654464308688 0.0006667746846010607 0
1654464324211 0.0006746287875076921 0
1654464339821 0.0007340503372637144 0
1654464355364 0.0009244896674978369 0
1654464370533 0.0006296903975869299 0
1654464385679 0.0006053615695711122 0
1654464401457 0.0006542712454919578 0
1654464416653 0.00087948971183075 0
1654464432350 0.0005515330827573137 0
1654464448132 0.0007643846393647339 0
1654464463645 0.0005312006389206615 0
1654464479421 0.0005263222584774076 0
1654464494898 0.0004955841081976684 0
1654464510591 0.0004894744236410412 0
1654464526217 0.002919874846362182 0
1654464542148 0.0005823218781053014 0
1654464557786 0.000526418545148177 0
1654464573256 0.0007149133023502902 0
1654464589075 0.0005033270474505234 0
1654464604619 0.0004653412623045585 0
1654464620151 0.0007416484636250034 0
1654464635457 0.0004816668361401285 0
1654464651149 0.0006084421137816557 0
1654464666992 0.0005201747839637941 0
1654464682528 0.00041935883244218267 0
1654464735697 0.27833770403243907 0
1654464753482 0.03365800522999145 0
1654464770780 0.019968385849558193 0
1654464788382 0.011370723311429881 0
1654464805865 0.006869237743413167 0
1654464823230 0.0046093701619288555 0
1654464841070 0.003142356275956537 0
1654464859228 0.002488086549948589 0
1654464876772 0.004844442615703352 0
1654464894625 0.0029906712711169976 0
1654464911894 0.003286775360463793 0
1654464929520 0.0024748634008551363 0
1654464947378 0.001978947515192322 0
1654464965038 0.0020223641710363106 0
1654464982641 0.0013084980307047078 0
1654465000691 0.0015887302640904333 0
1654465018266 0.0014257922084979252 0
1654465035842 0.0014584153648575413 0
1654465053306 0.0012121347150745258 0
1654465070695 0.0012904976843305749 0
1654465088225 0.0013801242276593434 0
1654465105838 0.0009138921409244798 0
1654465123246 0.0008893875989654602 0
1654465140738 0.0008705376360545774 0
1654465158467 0.0008396258232368619 0
1654465176343 0.000765780114332862 0
1654465194124 0.0007353934108998888 0
1654465211619 0.0007122160356037944 0
1654465228955 0.0006964235498855728 0
1654465246308 0.0011702574223271596 0
1654465263970 0.0006941464224590184 0
1654465282119 0.0006548335414897726 0
1654465299762 0.0006560009536312491 0
1654465317950 0.0016306204038480283 0
1654465335758 0.0008895304266327697 0
1654465353018 0.0006671952454832748 0
1654465370805 0.001062018377949205 0
1654465388288 0.0006367637239582566 0
1654465405869 0.0011313807449598989 0
1654465423638 0.0006340901976955166 0
1654465441158 0.0006075856207167643 0
1654465458220 0.0005739323743925061 0
1654465475401 0.0022680236925302667 0
1654465492833 0.0008084986368649325 0
1654465510577 0.002038025834172019 0
1654465527956 0.0006277471402409536 0
1654465545411 0.0006070278472635464 0
1654465562763 0.0005966108036063778 0
1654465580317 0.0005942756584860729 0
1654465597464 0.0006880873143400785 0
1654465656310 0.4027642203116504 0
1654465675885 0.07448855669476576 0
1654465695548 0.03200761308840472 0
1654465714705 0.018916546572180518 0
1654465734160 0.01256538652461937 0
1654465753481 0.01137442258454909 0
1654465772536 0.009513531949228774 0
1654465791919 0.007321506757187511 0
1654465811342 0.005190692889504699 0
1654465831032 0.00440499549166832 0
1654465850506 0.003852624220326272 0
1654465870030 0.005769887827269014 0
1654465889612 0.00461766045111903 0
1654465909253 0.0051587361433493 0
1654465928911 0.002750847607104389 0
1654465948611 0.0024030035941112107 0
1654465968065 0.004477934976232059 0
1654465987308 0.003940342631125501 0
1654466006545 0.002248971529469897 0
1654466026104 0.0023101873838174986 0
1654466045449 0.005020893251059126 0
1654466065019 0.00361075913030914 0
1654466084708 0.0024271209664945533 0
1654466103973 0.00246845178572679 0
1654466123907 0.00193154177963937 0
1654466143371 0.004533057972399677 0
1654466162903 0.0020104271579723582 0
1654466182576 0.0022816896616786792 0
1654466201870 0.002206493208152081 0
1654466221188 0.0017012446037205043 0
1654466240703 0.003320254092675161 0
1654466260115 0.001717515211730852 0
1654466279401 0.0017238342388447773 0
1654466298858 0.003135486919570685 0
1654466318422 0.0018553984196282801 0
1654466337991 0.0016308434811076787 0
1654466357511 0.0015627457139298564 0
1654466376993 0.0014975070946591778 0
1654466396866 0.0014777409423339216 0
1654466417302 0.0017404002728948246 0
1654466437150 0.0018611281281681658 0
1654466456711 0.001448628385232173 0
1654466476419 0.0013904166849964881 0
1654466495982 0.001663219655557265 0
1654466515895 0.0027161967144006035 0
1654466535691 0.0014758598998927705 0
1654466555629 0.001622517411628136 0
1654466575477 0.002612979808260883 0
1654466595302 0.0014139764404699224 0
1654466615277 0.0013649788140977256 0
1654466681344 0.31851070063809556 0
1654466702894 0.03395773323721848 0
1654466724192 0.017149876311515384 0
1654466745586 0.009554575521395891 0
1654466767344 0.009109493963192643 0
1654466789373 0.007066392977593204 0
1654466811258 0.0056217891364758275 0
1654466832941 0.00548454951757022 0
1654466854337 0.0047509823071741905 0
1654466876248 0.004411931728970391 0
1654466897798 0.004031538592777109 0
1654466919655 0.003855028654815162 0
1654466941345 0.0036388473247016577 0
1654466963073 0.003853390847248274 0
1654466984825 0.004020517748454744 0
1654467006439 0.0033895159025000084 0
1654467027951 0.004179914320165211 0
1654467049619 0.0032540444311338367 0
1654467071214 0.0032105491832594584 0
1654467092630 0.0029847805159169166 0
1654467114368 0.0031512139566389104 0
1654467135569 0.003418001978694742 0
1654467156753 0.0028947643304857336 0
1654467178474 0.002793479130943638 0
1654467199754 0.002963731840590882 0
1654467221214 0.003212127952159991 0
1654467242674 0.004625392350431917 0
1654467264328 0.0030306903011635966 0
1654467285903 0.002969786503421362 0
1654467307568 0.0028320819687157914 0
1654467328650 0.0026719962542244876 0
1654467350410 0.0034836467495798153 0
1654467371858 0.0027576691197879408 0
1654467393056 0.0026111103115763292 0
1654467414287 0.0025239955906813613 0
1654467435988 0.0024860253989559132 0
1654467457852 0.0024322922275325284 0
1654467479384 0.002377038273561795 0
1654467500972 0.00238797937920665 0
1654467522634 0.00323468668525067 0
1654467544335 0.0034481244868237826 0
1654467565612 0.0025032867359161045 0
1654467586904 0.0024056991310098808 0
1654467607866 0.0023602252327446175 0
1654467629433 0.0023220549913711597 0
1654467650681 0.002275819459786365 0
1654467672281 0.00229874774481521 0
1654467693905 0.002213853545584533 0
1654467715256 0.0021775082096706917 0
1654467736518 0.0021513258200771437 0
