1651839391897 0.9696606374740601 0
1651839395124 0.5674132312774658 0
1651839398249 0.4715373710691929 0
1651839401387 0.3917102621078491 0
1651839404523 0.33714604070186616 0
1651839407581 0.28119373230785133 0
1651839410717 0.26219383932352064 0
1651839413906 0.2278227627813816 0
1651839417075 0.21711986979171632 0
1651839420255 0.16522737951278688 0
1651839425192 0.7500888645172119 0
1651839425846 0.0 0
1651839426494 0.0 0
1651839427159 0.0 0
1651839427892 0.0 0
1651839428590 0.0 0
1651839429302 0.0 0
1651839429972 0.0 0
1651839430657 0.0 0
1651839431318 0.0 0
1651839438718 0.8130798604647319 0
1651839439502 0.0 0
1651839440197 0.0 0
1651839440851 0.0 0
1651839441503 0.0 0
1651839442176 0.0 0
1651839442834 0.0 0
1651839443483 0.0 0
1651839444287 0.0 0
1651839444958 0.0 0
1651839452722 0.724686837237687 0
1651839453377 0.0 0
1651839454014 0.0 0
1651839454702 0.0 0
1651839455422 0.0 0
1651839456088 0.0 0
1651839456779 0.0 0
1651839457460 0.0 0
1651839458115 0.0 0
1651839458803 0.0 0
1651839466839 0.826483181254069 0
1651839467545 0.0 0
1651839468231 0.0 0
1651839468903 0.0 0
1651839469561 0.0 0
1651839470238 0.0 0
1651839470886 0.0 0
1651839471596 0.0 0
1651839472302 0.0 0
1651839472996 0.0 0
