1651793437076 0.42 0
1651793440106 0.6344 0
1651793443098 0.7024 0
1651793446103 0.7708 0
1651793449055 0.8324 0
1651793452006 0.878 0
1651793455005 0.8708 0
1651793457975 0.9144 0
1651793460976 0.8936 0
1651793463913 0.9068 0
1651793466844 0.9392 0
1651793469851 0.9644 0
1651793472719 0.97 0
1651793475647 0.9756 0
1651793478546 0.9784 0
1651793481604 0.9776 0
1651793484597 0.9824 0
1651793487665 0.9792 0
1651793490636 0.9864 0
1651793493619 0.9808 0
1651793496696 0.9708 0
1651793499831 0.9712 0
1651793502736 0.9816 0
1651793505583 0.9784 0
1651793508601 0.9848 0
1651793511654 0.9888 0
1651793514545 0.9916 0
1651793517460 0.9932 0
1651793520532 0.9764 0
1651793523547 0.9896 0
1651793526489 0.9952 0
1651793529462 0.99 0
1651793532503 0.9888 0
1651793535475 0.9948 0
1651793538291 0.9936 0
1651793541267 0.9956 0
1651793544219 0.9928 0
1651793547219 0.9968 0
1651793550201 0.9964 0
1651793553108 0.9992 0
1651793556071 0.9968 0
1651793558986 0.9972 0
1651793561847 0.9976 0
1651793564834 0.9984 0
1651793567759 0.9976 0
1651793570707 0.9952 0
1651793573732 0.9988 0
1651793576749 0.9976 0
1651793579786 0.998 0
1651793582775 0.998 0
1651793588954 0.388 0
1651793592161 0.5816 0
1651793595550 0.7108 0
1651793598921 0.7676 0
1651793602361 0.804 0
1651793605684 0.8396 0
1651793609103 0.8652 0
1651793612480 0.8928 0
1651793615820 0.9056 0
1651793619161 0.9364 0
1651793622505 0.9492 0
1651793625680 0.9436 0
1651793629048 0.9196 0
1651793632498 0.9576 0
1651793635845 0.9372 0
1651793639133 0.9668 0
1651793642512 0.9716 0
1651793645875 0.9804 0
1651793649185 0.97 0
1651793652514 0.9712 0
1651793656044 0.9468 0
1651793659334 0.9744 0
1651793662677 0.9792 0
1651793666011 0.9548 0
1651793669312 0.9748 0
1651793672651 0.9852 0
1651793676178 0.9876 0
1651793679625 0.9832 0
1651793683033 0.9856 0
1651793686341 0.9812 0
1651793689792 0.9864 0
1651793693033 0.9784 0
1651793696385 0.9848 0
1651793699898 0.99 0
1651793703324 0.9876 0
1651793706740 0.976 0
1651793710067 0.9888 0
1651793713546 0.9904 0
1651793716914 0.9904 0
1651793720415 0.994 0
1651793723778 0.998 0
1651793727172 0.9968 0
1651793730582 0.9952 0
1651793733911 0.9956 0
1651793737221 0.9948 0
1651793740578 0.9968 0
1651793744009 0.996 0
1651793747296 0.9992 0
1651793750561 0.9964 0
1651793754043 0.9944 0
1651793760663 0.416 0
1651793764313 0.6448 0
1651793768025 0.7096 0
1651793771760 0.7836 0
1651793775395 0.84 0
1651793779096 0.8712 0
1651793782722 0.8732 0
1651793786389 0.8884 0
1651793789973 0.9004 0
1651793793633 0.9196 0
1651793797292 0.9104 0
1651793801017 0.9252 0
1651793804737 0.9064 0
1651793808393 0.9512 0
1651793812106 0.9612 0
1651793815782 0.9756 0
1651793819491 0.9628 0
1651793823114 0.9408 0
1651793826852 0.9688 0
1651793830511 0.9692 0
1651793834351 0.9516 0
1651793838218 0.9772 0
1651793841926 0.9864 0
1651793845631 0.9768 0
1651793849395 0.9728 0
1651793853010 0.9776 0
1651793856600 0.984 0
1651793860282 0.9844 0
1651793864042 0.9864 0
1651793867664 0.9892 0
1651793871203 0.994 0
1651793874765 0.9836 0
1651793878386 0.9888 0
1651793881922 0.9836 0
1651793885607 0.9604 0
1651793889360 0.9708 0
1651793892988 0.9756 0
1651793896674 0.9876 0
1651793900261 0.9816 0
1651793904101 0.986 0
1651793907684 0.9852 0
1651793911289 0.9832 0
1651793915066 0.968 0
1651793918744 0.9824 0
1651793922392 0.99 0
1651793926057 0.9828 0
1651793929743 0.9932 0
1651793933436 0.9908 0
1651793937138 0.99 0
1651793940952 0.9844 0
1651793947899 0.6032 0
1651793951753 0.8204 0
1651793955622 0.8564 0
1651793959791 0.8908 0
1651793963679 0.9488 0
1651793967747 0.9484 0
1651793971599 0.9388 0
1651793975490 0.9572 0
1651793979307 0.9724 0
1651793983454 0.9844 0
1651793987544 0.9872 0
1651793991555 0.99 0
1651793995654 0.9856 0
1651793999706 0.9764 0
1651794003753 0.9748 0
1651794007628 0.9644 0
1651794011488 0.9708 0
1651794015423 0.9748 0
1651794019461 0.982 0
1651794023392 0.9532 0
1651794027507 0.9868 0
1651794031393 0.9928 0
1651794035404 0.9928 0
1651794039323 0.992 0
1651794043341 0.9944 0
1651794047267 0.9948 0
1651794051236 0.9952 0
1651794055222 0.9924 0
1651794059253 0.948 0
1651794063135 0.9768 0
1651794067147 0.9716 0
1651794071031 0.9812 0
1651794075065 0.9828 0
1651794079030 0.9824 0
1651794082997 0.9892 0
1651794086715 0.994 0
1651794090523 0.9948 0
1651794094437 0.9884 0
1651794098492 0.992 0
1651794102331 0.9856 0
1651794106371 0.9896 0
1651794110239 0.986 0
1651794114303 0.988 0
1651794118146 0.9836 0
1651794122284 0.9896 0
1651794126256 0.9916 0
1651794130400 0.9948 0
1651794134294 0.9964 0
1651794138437 0.9904 0
1651794142315 0.994 0
1651794149867 0.4344 0
1651794154046 0.6116 0
1651794158201 0.7032 0
1651794162409 0.7632 0
1651794166548 0.8144 0
1651794170641 0.85 0
1651794174851 0.8476 0
1651794179020 0.872 0
1651794183292 0.8684 0
1651794187497 0.902 0
1651794191723 0.8948 0
1651794195812 0.9024 0
1651794200022 0.9256 0
1651794204133 0.9336 0
1651794208337 0.9324 0
1651794212480 0.8976 0
1651794216579 0.9332 0
1651794220701 0.9284 0
1651794224880 0.948 0
1651794228877 0.9596 0
1651794233065 0.9428 0
1651794237136 0.9412 0
1651794241333 0.8964 0
1651794245480 0.9308 0
1651794249644 0.8952 0
1651794253943 0.9216 0
1651794258078 0.924 0
1651794262296 0.9648 0
1651794266468 0.9624 0
1651794270600 0.9668 0
1651794274748 0.884 0
1651794278899 0.944 0
1651794283118 0.9472 0
1651794287255 0.9284 0
1651794291443 0.9544 0
1651794295689 0.944 0
1651794299766 0.956 0
1651794303824 0.914 0
1651794308084 0.944 0
1651794312235 0.9644 0
1651794316228 0.9664 0
1651794320488 0.972 0
1651794324657 0.9664 0
1651794328905 0.94 0
1651794333199 0.9468 0
1651794337551 0.9644 0
1651794341851 0.9672 0
1651794345927 0.9644 0
1651794350218 0.9688 0
1651794354461 0.9128 0
