1653052494324 0.1408 0
1653052499271 0.1928 0
1653052503911 0.228 0
1653052508699 0.2634 0
1653052513494 0.2964 0
1653052518213 0.327 0
1653052523037 0.3398 0
1653052527839 0.357 0
1653052532670 0.3706 0
1653052537503 0.4002 0
1653052546196 0.2384 0
1653052554225 0.334 0
1653052562271 0.3902 0
1653052570451 0.4194 0
1653052578839 0.4674 0
1653052587118 0.4842 0
1653052595343 0.5058 0
1653052603244 0.5386 0
1653052611312 0.562 0
1653052619475 0.5796 0
1653052629829 0.2782 0
1653052639407 0.384 0
1653052648808 0.4338 0
1653052658441 0.448 0
1653052667612 0.4704 0
1653052677113 0.5184 0
1653052686728 0.535 0
1653052696242 0.5622 0
1653052705599 0.58 0
1653052714584 0.604 0
1653052726802 0.3216 0
1653052737691 0.4468 0
1653052748294 0.4766 0
1653052759029 0.5156 0
1653052770082 0.528 0
1653052780982 0.5646 0
1653052791839 0.58 0
1653052802619 0.5988 0
1653052813467 0.62 0
1653052824680 0.6594 0
1653052839280 0.2874 0
1653052851640 0.3732 0
1653052863959 0.4086 0
1653052875992 0.4334 0
1653052887842 0.4672 0
1653052899947 0.4808 0
1653052912067 0.4994 0
1653052924688 0.5124 0
1653052937205 0.5396 0
1653052950063 0.5572 0
