1651977813143 0.1372 0
1651977816429 0.1762 0
1651977819728 0.1804 0
1651977822992 0.1878 0
1651977826314 0.1904 0
1651977829712 0.1964 0
1651977833003 0.2126 0
1651977836312 0.2232 0
1651977839661 0.218 0
1651977842939 0.2226 0
1651977848173 0.1725 0
1651977853000 0.1947 0
1651977857895 0.2019 0
1651977862934 0.1981 0
1651977868001 0.2118 0
1651977873041 0.229 0
1651977877980 0.2239 0
1651977882958 0.224 0
1651977888040 0.2291 0
1651977893171 0.2325 0
1651977898707 0.1777 0
1651977903895 0.1889 0
1651977909038 0.1947 0
1651977914268 0.2082 0
1651977919476 0.2051 0
1651977924609 0.213 0
1651977929472 0.2147 0
1651977934600 0.2299 0
1651977939678 0.2302 0
1651977944845 0.2359 0
1651977950887 0.20054010802160432 0
1651977956136 0.23194638927785557 0
1651977961418 0.2378475695139028 0
1651977966658 0.26125225045009004 0
1651977972011 0.269253850770154 0
1651977977373 0.2720544108821764 0
1651977982452 0.27495499099819964 0
1651977987727 0.2862572514502901 0
1651977992976 0.28885777155431086 0
1651977998230 0.2905581116223245 0
1651978004542 0.2437 0
1651978009964 0.2408 0
1651978015463 0.2575 0
1651978021000 0.2632 0
1651978026463 0.2649 0
1651978031856 0.2661 0
1651978037155 0.2683 0
1651978042468 0.2696 0
1651978047842 0.2798 0
1651978053427 0.2787 0
