1653077932763 0.1818 0
1653077937836 0.268 0
1653077942935 0.3262 0
1653077948166 0.361 0
1653077953120 0.4026 0
1653077958149 0.4156 0
1653077963189 0.4382 0
1653077968267 0.4612 0
1653077973255 0.4856 0
1653077978211 0.5178 0
1653077986754 0.3128 0
1653077994974 0.441 0
1653078003003 0.504 0
1653078011253 0.5516 0
1653078019190 0.6052 0
1653078027191 0.64 0
1653078035261 0.6634 0
1653078043381 0.6898 0
1653078051445 0.745 0
1653078059376 0.7632 0
1653078069236 0.3102 0
1653078078258 0.4598 0
1653078087485 0.528 0
1653078096580 0.5666 0
1653078105651 0.6142 0
1653078114492 0.6638 0
1653078123250 0.6824 0
1653078132373 0.7198 0
1653078141358 0.7404 0
1653078150512 0.7692 0
1653078162147 0.3914 0
1653078172657 0.5184 0
1653078182879 0.5796 0
1653078193084 0.6212 0
1653078203369 0.6614 0
1653078213686 0.6878 0
1653078224054 0.7176 0
1653078234390 0.759 0
1653078244948 0.7972 0
1653078255263 0.821 0
1653078269103 0.3452 0
1653078280857 0.4662 0
1653078292817 0.5144 0
1653078304760 0.5526 0
1653078316538 0.5928 0
1653078328303 0.6176 0
1653078340370 0.6648 0
1653078352588 0.6836 0
1653078364657 0.7266 0
1653078376725 0.7406 0
