1654638303336 0.8873461468501789 0
1654638318333 0.9775056084399443 0
1654638333164 0.9814466743466925 0
1654638348241 0.9873885890984054 0
1654638363236 0.9922997635360455 0
1654638378304 0.9906020736069848 0
1654638393807 0.9899351239919966 0
1654638408534 0.9900563875583581 0
1654638423517 0.9923603953192264 0
1654638438691 0.9943612441641909 0
1654638453465 0.9897532286424544 0
1654638468612 0.9938155581155642 0
1654638483673 0.9972715697568666 0
1654638498665 0.990783968956527 0
1654638513595 0.9892681743770084 0
1654638528677 0.9983629418541199 0
1654638543758 0.997392833323228 0
1654638559045 0.9903595464742618 0
1654638574056 0.997150306190505 0
1654638589031 0.9946037712969138 0
1654638604315 0.9929060813678531 0
1654638619499 0.9950888255623598 0
1654638634477 0.9955738798278058 0
1654638649526 0.999757472867277 0
1654638664547 0.9881161704965743 0
1654638679650 0.9972715697568666 0
1654638694732 0.9932698720669375 0
1654638709388 0.9988479961195659 0
1654638724440 0.9959376705268902 0
1654638739390 0.9938155581155642 0
1654638754732 0.9959376705268902 0
1654638769729 1.0 0
1654638784768 1.0 0
1654638800082 0.9888437518947433 0
1654638815108 0.9965439883586976 0
1654638830171 0.9991511550354696 0
1654638844741 0.9924816588855878 0
1654638860036 0.996907779057782 0
1654638875267 0.997392833323228 0
1654638890419 0.9951494573455405 0
1654638905617 0.9959376705268902 0
1654638920727 0.9993330503850119 0
1654638935828 0.9964227247923362 0
1654638950891 0.9930273449342145 0
1654638965919 0.9989086279027466 0
1654638981202 0.9967258837082399 0
1654638996128 1.0 0
1654639011177 0.9996362093009156 0
1654639026502 0.9906020736069848 0
1654639041401 0.9966652519250592 0
1654639087478 0.9291128494330241 0
1654639128869 0.9913892426171851 0
1654639170896 0.9947850342611121 0
1654639213617 0.9956339821720939 0
1654639256268 0.9912679643441877 0
1654639298958 0.9959371778545874 0
1654639342385 0.9940573646231278 0
1654639385343 0.9970893214480626 0
1654639429060 0.9966648474925717 0
1654639472912 0.9935722515311382 0
1654639515587 0.9962403735370808 0
1654639559022 0.9997574434540052 0
1654639601777 0.9998180825905039 0
1654639646220 1.0 0
1654639690824 1.0 0
1654639734940 0.9888423988842399 0
1654639778486 0.992420107937663 0
1654639821248 0.9994542477715117 0
1654639864154 0.9970286823115638 0
1654639908213 0.9951488690801042 0
1654639952921 0.9984840215875326 0
1654639997345 0.9975744345400521 0
1654640041214 0.993208416712146 0
1654640085088 0.9984840215875326 0
1654640127539 0.9976957128130496 0
1654640170405 0.9991510520890182 0
1654640214241 0.995997816991086 0
1654640258823 0.995997816991086 0
1654640302951 0.996422290946577 0
1654640345586 0.9975137954035534 0
1654640388005 0.9975744345400521 0
1654640432240 0.9967254866290705 0
1654640476586 0.9989084955430235 0
1654640521119 1.0 0
1654640564073 1.0 0
1654640609086 0.9950275908071069 0
1654640653429 0.995209508216603 0
1654640696532 0.999393608635013 0
1654640740192 0.9980595476320417 0
1654640785641 0.9955127038990965 0
1654640829675 0.99721059972106 0
1654640874184 0.9982414650415378 0
1654640918101 1.0 0
1654640962987 0.9998787217270027 0
1654641007313 0.9924807470741617 0
1654641050315 0.9994542477715117 0
1654641096358 1.0 0
1654641140053 1.0 0
1654641184217 1.0 0
1654641227129 1.0 0
1654641278927 0.9608342427549412 0
1654641323953 0.9921183460652359 0
1654641367066 0.9958772887110464 0
1654641411618 0.9927246271371408 0
1654641456821 0.9975748757123802 0
1654641500605 0.9967867103189039 0
1654641545083 0.994604098460046 0
1654641590316 0.9983024129986662 0
1654641634660 0.9999393718928095 0
1654641679440 0.9988480659633806 0
1654641723933 0.9920577179580453 0
1654641768030 0.9976355038195708 0
1654641812854 0.9994543470352856 0
1654641857176 1.0 0
1654641901055 0.994725354674427 0
1654641944001 0.995331635746332 0
1654641989206 0.9976961319267612 0
1654642033496 0.9996362313568571 0
1654642078823 0.9991512064993331 0
1654642121835 0.9923608584939978 0
1654642166671 0.9972111070692373 0
1654642208887 0.9994543470352856 0
1654642251504 0.9961804292469989 0
1654642295912 0.9979386443555233 0
1654642340043 0.9973323632836183 0
1654642384285 0.994604098460046 0
1654642428341 0.9973929913908087 0
1654642471413 0.9992724627137141 0
1654642516812 1.0 0
1654642560057 1.0 0
1654642604517 1.0 0
1654642649103 0.9944222141384746 0
1654642693647 0.9944222141384746 0
1654642738057 0.9979992724627137 0
1654642780750 0.9997574875712381 0
1654642824513 1.0 0
1654642868093 1.0 0
1654642912744 0.9931490238874743 0
1654642957153 0.9964835697829514 0
1654643000911 0.9980599005699042 0
1654643045027 0.9984842973202377 0
1654643090460 0.9974536194979993 0
1654643135315 0.9970292227476658 0
1654643179691 1.0 0
1654643224155 0.9988480659633806 0
1654643268454 0.9956347762822845 0
1654643312902 0.9998181156784285 0
1654643355855 0.9990299502849521 0
1654643401553 0.9989086940705711 0
1654643446535 0.9987268097489996 0
1654643503440 0.8841722255912674 0
1654643547206 0.979805942995755 0
1654643591808 0.9845360824742269 0
1654643636511 0.9907822922983627 0
1654643679568 0.9912067919951486 0
1654643725477 0.9916312916919345 0
1654643770328 0.9916312916919345 0
1654643814677 0.9910248635536689 0
1654643859333 0.9943602183141298 0
1654643904167 0.9977562158884172 0
1654643947487 0.9939963614311704 0
1654643992508 0.9887810794420862 0
1654644037446 0.9966646452395391 0
1654644080527 0.991146149181322 0
1654644123203 0.9960582171012735 0
1654644166192 0.9929047907822923 0
1654644209312 0.9956337174044876 0
1654644252156 0.9950879320800485 0
1654644294466 0.9946634323832626 0
1654644337144 0.9934505761067314 0
1654644379203 0.9963007883565798 0
1654644421449 0.9953911461491813 0
1654644463595 0.9969072164948454 0
1654644506323 0.9933292904790783 0
1654644548471 0.9984232868405094 0
1654644590687 0.9948453608247423 0
1654644632897 0.9978775015160704 0
1654644675304 0.9927228623408126 0
1654644717760 0.9948453608247423 0
1654644760014 0.9978168587022438 0
1654644802497 0.9936931473620376 0
1654644844459 0.9960582171012735 0
1654644886546 1.0 0
1654644928077 1.0 0
1654644970212 1.0 0
1654645012483 0.9873256519102487 0
1654645054819 0.9988477865372953 0
1654645097446 0.9961188599151001 0
1654645139800 0.9966646452395391 0
1654645182021 0.9934505761067314 0
1654645225311 0.9996967859308672 0
1654645267667 0.9949060036385688 0
1654645310752 0.9947847180109157 0
1654645353186 0.9983020012128563 0
1654645396517 0.9963614311704063 0
1654645439089 0.9962401455427532 0
1654645482140 0.994602789569436 0
1654645525201 0.9973923590054579 0
1654645568092 0.9969678593086719 0
1654645611645 0.9945421467556095 0
1654645672153 0.9512372634643377 0
1654645715464 0.9953905870936438 0
1654645758439 0.9956331877729258 0
1654645801162 0.9967855409995148 0
1654645843484 0.9953905870936438 0
1654645886225 0.9971494420184377 0
1654645929687 0.9970281416787967 0
1654645972813 0.9978165938864629 0
1654646015500 0.9963609898107715 0
1654646059440 0.999757399320718 0
1654646102587 1.0 0
1654646146033 0.9947234352256187 0
1654646190125 0.9975133430373605 0
1654646232831 1.0 0
1654646276990 1.0 0
1654646320522 0.9945414847161572 0
1654646364743 0.9953299369238234 0
1654646407701 0.9991508976225133 0
1654646450491 0.9998180494905385 0
1654646495000 0.9947234352256187 0
1654646539221 0.9993328481319748 0
1654646582342 0.9991508976225133 0
1654646625468 0.9966642406598738 0
1654646668107 0.9998180494905385 0
1654646710474 1.0 0
1654646753157 1.0 0
1654646795902 1.0 0
1654646838434 1.0 0
1654646882028 0.9893862202814168 0
1654646924570 0.998968947113052 0
1654646967363 1.0 0
1654647011856 1.0 0
1654647056063 1.0 0
1654647099018 1.0 0
1654647142799 0.9928432799611839 0
1654647186339 0.99872634643377 0
1654647229425 0.9995754488112567 0
1654647274506 0.994784085395439 0
1654647317821 0.9981804949053857 0
1654647361699 0.999878699660359 0
1654647405008 1.0 0
1654647448904 1.0 0
1654647493434 0.9941775836972343 0
1654647536538 0.9980591945657448 0
1654647579608 0.9996967491508976 0
1654647622593 0.9981198447355653 0
1654647665450 0.99617903930131 0
1654647708145 0.9981198447355653 0
1654647750763 0.9994541484716157 0
1654647794004 0.9994541484716157 0
