1651973627036 0.5732 0
1651973631946 0.816 0
1651973636753 0.9036 0
1651973641486 0.9324 0
1651973646103 0.9624 0
1651973650880 0.9664 0
1651973655687 0.9792 0
1651973660539 0.9872 0
1651973665311 0.988 0
1651973670103 0.9936 0
1651973674827 0.9924 0
1651973679449 0.996 0
1651973684274 0.9968 0
1651973689133 0.998 0
1651973693875 0.9968 0
1651973698633 0.9964 0
1651973703555 0.9964 0
1651973708368 0.9996 0
1651973713069 0.9996 0
1651973717956 0.9988 0
1651973722847 0.9996 0
1651973727667 0.9992 0
1651973732607 1.0 0
1651973737415 0.998 0
1651973742099 1.0 0
1651973746844 0.9988 0
1651973751447 1.0 0
1651973756338 0.9988 0
1651973761105 0.9988 0
1651973765803 1.0 0
1651973770420 0.9988 0
1651973775252 0.9984 0
1651973780038 1.0 0
1651973784829 1.0 0
1651973789532 1.0 0
1651973794458 1.0 0
1651973799363 1.0 0
1651973804011 0.9992 0
1651973808909 1.0 0
1651973813738 1.0 0
1651973818488 1.0 0
1651973823251 0.9992 0
1651973828044 0.998 0
1651973832883 0.998 0
1651973837678 0.9992 0
1651973842418 0.9996 0
1651973847311 0.9996 0
1651973852035 1.0 0
1651973856813 1.0 0
1651973861689 0.9996 0
1651973877163 0.7250598563447725 0
1651973892495 0.8238228252194733 0
1651973907926 0.86731843575419 0
1651973923159 0.8954509177972865 0
1651973938399 0.918196328810854 0
1651973953815 0.9355546687948922 0
1651973969246 0.9483240223463687 0
1651973984509 0.9581005586592178 0
1651974000077 0.9652833200319234 0
1651974015569 0.9708699122106943 0
1651974031042 0.9748603351955307 0
1651974046496 0.9832402234636871 0
1651974061804 0.9860335195530726 0
1651974077236 0.9892258579409418 0
1651974092759 0.9910215482841181 0
1651974107927 0.9940143655227454 0
1651974123022 0.99341580207502 0
1651974138212 0.9954110135674381 0
1651974153760 0.9954110135674381 0
1651974169068 0.9956105347166799 0
1651974183806 0.9974062250598563 0
1651974198861 0.9976057462090981 0
1651974214145 0.9972067039106145 0
1651974229421 0.9984038308060654 0
1651974244688 0.9970071827613727 0
1651974260243 0.9984038308060654 0
1651974275570 0.9986033519553073 0
1651974290668 0.9982043096568236 0
1651974305680 0.9972067039106145 0
1651974320937 0.9990023942537909 0
1651974336160 0.9990023942537909 0
1651974351461 0.9986033519553073 0
1651974366822 0.9994014365522745 0
1651974382240 0.9988028731045491 0
1651974397498 0.9980047885075818 0
1651974412716 0.9992019154030327 0
1651974427900 0.9988028731045491 0
1651974443279 0.9992019154030327 0
1651974458307 0.9988028731045491 0
1651974473662 0.9990023942537909 0
1651974489144 0.9956105347166799 0
1651974504047 0.9980047885075818 0
1651974519427 0.9992019154030327 0
1651974534800 1.0 0
1651974550206 0.9980047885075818 0
1651974565556 0.9988028731045491 0
1651974580529 0.9994014365522745 0
1651974595734 0.9996009577015164 0
1651974611227 0.9990023942537909 0
1651974626276 0.9980047885075818 0
1651974646564 0.720071827613727 0
1651974666182 0.8371907422186752 0
1651974685608 0.879489225857941 0
1651974704847 0.9036312849162011 0
1651974724365 0.9211891460494812 0
1651974744008 0.9381484437350359 0
1651974763572 0.9521149241819633 0
1651974783130 0.9604948124501197 0
1651974802694 0.9714684756584198 0
1651974822558 0.9732641660015962 0
1651974842178 0.9714684756584198 0
1651974862041 0.9816440542697525 0
1651974881860 0.985634477254589 0
1651974901930 0.9846368715083799 0
1651974921869 0.990023942537909 0
1651974941529 0.990023942537909 0
1651974961252 0.9930167597765364 0
1651974980907 0.9952114924181963 0
1651975000658 0.9942138866719872 0
1651975020463 0.9952114924181963 0
1651975040091 0.9974062250598563 0
1651975059610 0.9964086193136472 0
1651975079051 0.996608140462889 0
1651975098612 0.9962090981644054 0
1651975118318 0.9986033519553073 0
1651975137738 0.9986033519553073 0
1651975157115 0.9980047885075818 0
1651975176687 0.9980047885075818 0
1651975196523 0.9980047885075818 0
1651975215933 0.9976057462090981 0
1651975235573 0.9982043096568236 0
1651975255148 0.9958100558659218 0
1651975274713 0.9962090981644054 0
1651975294452 0.99780526735834 0
1651975313708 0.9990023942537909 0
1651975333355 0.9976057462090981 0
1651975352998 0.9986033519553073 0
1651975372364 0.9982043096568236 0
1651975391977 0.9998004788507582 0
1651975411670 0.9996009577015164 0
1651975431442 0.9992019154030327 0
1651975451072 0.9968076616121309 0
1651975470800 0.9982043096568236 0
1651975490700 0.9990023942537909 0
1651975510084 0.9986033519553073 0
1651975529795 0.9986033519553073 0
1651975549509 0.9998004788507582 0
1651975569258 0.9996009577015164 0
1651975588785 0.9994014365522745 0
1651975608450 0.9992019154030327 0
1651975633235 0.7998802873104549 0
1651975657417 0.9249800478850758 0
1651975681297 0.9497206703910615 0
1651975705186 0.9650837988826816 0
1651975728991 0.9762569832402235 0
1651975753146 0.9808459696727854 0
1651975777221 0.9832402234636871 0
1651975801498 0.9894253790901836 0
1651975825495 0.9910215482841181 0
1651975849542 0.9932162809257782 0
1651975873539 0.9942138866719872 0
1651975897708 0.9964086193136472 0
1651975921601 0.9962090981644054 0
1651975945685 0.9952114924181963 0
1651975969609 0.99780526735834 0
1651975993612 0.9984038308060654 0
1651976017894 0.9986033519553073 0
1651976042005 0.9980047885075818 0
1651976066227 0.9980047885075818 0
1651976090572 0.9992019154030327 0
1651976114420 0.9990023942537909 0
1651976138436 0.9994014365522745 0
1651976162308 1.0 0
1651976186373 0.9994014365522745 0
1651976210525 0.9990023942537909 0
1651976234482 0.9992019154030327 0
1651976258649 0.9998004788507582 0
1651976282676 0.9992019154030327 0
1651976306908 0.9998004788507582 0
1651976330923 0.9998004788507582 0
1651976354710 0.9996009577015164 0
1651976378738 0.9994014365522745 0
1651976402934 0.9994014365522745 0
1651976426825 1.0 0
1651976450729 0.9996009577015164 0
1651976474960 0.9998004788507582 0
1651976498854 1.0 0
1651976523112 0.9988028731045491 0
1651976547204 0.9988028731045491 0
1651976571336 0.9998004788507582 0
1651976595174 1.0 0
1651976619219 1.0 0
1651976643065 1.0 0
1651976667144 1.0 0
1651976691189 1.0 0
1651976715430 1.0 0
1651976739643 0.9998004788507582 0
1651976763775 1.0 0
1651976787892 1.0 0
1651976811822 1.0 0
1651976841262 0.729050279329609 0
1651976869500 0.8322027134876296 0
1651976897747 0.8733040702314445 0
1651976925666 0.9034317637669593 0
1651976954073 0.9233838786911412 0
1651976982535 0.9443335993615323 0
1651977011078 0.9541101356743815 0
1651977039517 0.9680766161213089 0
1651977068060 0.9686751795690344 0
1651977096424 0.9716679968076616 0
1651977124694 0.9804469273743017 0
1651977153001 0.9840383080606544 0
1651977181367 0.9890263367916999 0
1651977209910 0.9866320830007981 0
1651977238639 0.9910215482841181 0
1651977267358 0.9914205905826018 0
1651977295919 0.9928172386272945 0
1651977324011 0.9956105347166799 0
1651977352293 0.9958100558659218 0
1651977381035 0.9962090981644054 0
1651977409714 0.9970071827613727 0
1651977437758 0.9952114924181963 0
1651977466301 0.9950119712689545 0
1651977494868 0.9970071827613727 0
1651977523308 0.9974062250598563 0
1651977551532 0.99780526735834 0
1651977579985 0.9950119712689545 0
1651977608540 0.9974062250598563 0
1651977636858 0.99780526735834 0
1651977665387 0.99780526735834 0
1651977693937 0.9982043096568236 0
1651977722589 0.9982043096568236 0
1651977750877 0.9986033519553073 0
1651977779322 0.9964086193136472 0
1651977808171 0.9976057462090981 0
1651977836925 0.9996009577015164 0
1651977865670 0.9986033519553073 0
1651977894008 0.9990023942537909 0
1651977922361 0.9992019154030327 0
1651977950671 0.9982043096568236 0
1651977979139 0.9992019154030327 0
1651978007257 0.9986033519553073 0
1651978035688 0.9994014365522745 0
1651978064047 0.9976057462090981 0
1651978092363 0.9974062250598563 0
1651978120913 1.0 0
1651978149545 0.9988028731045491 0
1651978178191 0.9988028731045491 0
1651978206653 0.9998004788507582 0
1651978235135 0.9992019154030327 0
