1651693895270 0.6526084018707276 0
1651693897926 0.34056604042053223 0
1651693900749 0.2639323987007141 0
1651693903463 0.20323307595849038 0
1651693906305 0.13826380884647368 0
1651693909145 0.13791055842339991 0
1651693911967 0.11256032724380494 0
1651693914712 0.12440958263874054 0
1651693917657 0.10341265191286803 0
1651693920731 0.07981758542209863 0
1651693925794 0.5988100192070007 0
1651693930571 0.390551408803463 0
1651693935468 0.32462527680397035 0
1651693940154 0.2712741233110428 0
1651693945281 0.20507646691799164 0
1651693950227 0.2063433047413826 0
1651693955131 0.16009581704139708 0
1651693960023 0.13552863744795324 0
1651693964951 0.14028679828643797 0
1651693969841 0.10253656095862389 0
1651693977407 0.4719760485649109 0
1651693984726 0.3271184269587199 0
1651693991972 0.2859431323846181 0
1651693999190 0.2314859960635503 0
1651694006551 0.20561199727853138 0
1651694013690 0.16176955602169038 0
1651694021114 0.17740986210480333 0
1651694028382 0.1343990903099378 0
1651694035411 0.11764989043076833 0
1651694042583 0.09667328036030133 0
1651694052686 0.27508166103363035 0
1651694062323 0.17826259481310844 0
1651694071788 0.14390512500852345 0
1651694081390 0.12393086549341678 0
1651694091398 0.11513773858100176 0
1651694100953 0.1008981567978859 0
1651694110533 0.08838696701228618 0
1651694120295 0.08425957119092345 0
1651694130167 0.07127314415425062 0
1651694139819 0.06935792788267135 0
1651694153069 0.31702983453273775 0
1651694165211 0.24041275102138518 0
1651694177293 0.19104287492275238 0
1651694189579 0.16412044632911682 0
1651694201714 0.1368381058716774 0
1651694213636 0.1306658052277565 0
1651694225746 0.10423154271125794 0
1651694237891 0.08966899340391159 0
1651694249899 0.07473339403808117 0
1651694261920 0.08314175129711628 0
