1643815311332 0.8765166666666667 0
1643815366129 0.9089833333333334 0
1643815426191 0.9121333333333334 0
1643815493482 0.9165833333333333 0
1643815567259 0.9124 0
1643815646767 0.9180166666666667 0
1643815733477 0.9186333333333333 0
1643815824898 0.9232666666666667 0
1643815923314 0.9199666666666667 0
1643816026251 0.9221 0
1643816135401 0.9186833333333333 0
1643816249911 0.9238 0
1643816370502 0.9217666666666666 0
1643816496853 0.9222 0
1643816629287 0.9227166666666666 0
1643816767413 0.9239 0
1643816908515 0.9246833333333333 0
1643817057732 0.9259166666666667 0
1643817212251 0.9211833333333334 0
1643817372515 0.92515 0
1643817539237 0.92465 0
1643817711327 0.9256666666666666 0
1643817889614 0.9261666666666667 0
1643818073146 0.9236166666666666 0
1643818262620 0.9240333333333334 0
1643818458115 0.92115 0
1643818658473 0.9241833333333334 0
1643818862816 0.9251833333333334 0
1643819077202 0.92935 0
1643819295425 0.92575 0
