1651693877653 0.6076 0
1651693880718 0.7724 0
1651693883880 0.82 0
1651693887015 0.854 0
1651693890061 0.858 0
1651693893098 0.8904 0
1651693896179 0.9 0
1651693899171 0.9092 0
1651693902129 0.93 0
1651693905062 0.9316 0
1651693908029 0.936 0
1651693911239 0.9488 0
1651693914282 0.9604 0
1651693917493 0.958 0
1651693920762 0.9636 0
1651693923879 0.968 0
1651693926836 0.9556 0
1651693929949 0.936 0
1651693933044 0.9552 0
1651693936034 0.97 0
1651693939039 0.9296 0
1651693941997 0.9732 0
1651693945255 0.9812 0
1651693948329 0.9848 0
1651693951318 0.9784 0
1651693954439 0.9788 0
1651693957442 0.9736 0
1651693960452 0.9732 0
1651693963452 0.9348 0
1651693966465 0.978 0
1651693971802 0.7308 0
1651693977036 0.8184 0
1651693982344 0.8594 0
1651693987502 0.8778 0
1651693992777 0.8952 0
1651693998053 0.9126 0
1651694003198 0.918 0
1651694008306 0.9238 0
1651694013492 0.932 0
1651694018947 0.9422 0
1651694024078 0.9502 0
1651694029303 0.946 0
1651694034494 0.952 0
1651694039616 0.9528 0
1651694044721 0.9626 0
1651694050007 0.9632 0
1651694055151 0.9632 0
1651694060276 0.9578 0
1651694065389 0.9722 0
1651694070618 0.972 0
1651694075700 0.9678 0
1651694080835 0.9686 0
1651694086354 0.967 0
1651694091491 0.9608 0
1651694096707 0.9722 0
1651694101691 0.9848 0
1651694106940 0.974 0
1651694112094 0.9698 0
1651694117391 0.9662 0
1651694122587 0.975 0
1651694130504 0.8232 0
1651694138052 0.8638666666666667 0
1651694145397 0.8946666666666667 0
1651694152996 0.9065333333333333 0
1651694160393 0.9149333333333334 0
1651694167911 0.9266666666666666 0
1651694175304 0.9318666666666666 0
1651694182668 0.9350666666666667 0
1651694190119 0.9510666666666666 0
1651694197538 0.9448 0
1651694204994 0.9478666666666666 0
1651694212444 0.9588 0
1651694219795 0.9582666666666667 0
1651694226864 0.9586666666666667 0
1651694234473 0.9644 0
1651694241877 0.9612 0
1651694249163 0.9626666666666667 0
1651694256582 0.9681333333333333 0
1651694263981 0.9644 0
1651694271224 0.9638666666666666 0
1651694278625 0.9644 0
1651694285832 0.9744 0
1651694293236 0.9742666666666666 0
1651694300418 0.9702666666666667 0
1651694307728 0.9612 0
1651694315124 0.9650666666666666 0
1651694322506 0.9728 0
1651694329848 0.9681333333333333 0
1651694337367 0.9765333333333334 0
1651694344678 0.966 0
1651694354897 0.9034 0
1651694364238 0.9319 0
1651694373656 0.9416 0
1651694383210 0.9487 0
1651694392967 0.9568 0
1651694402569 0.9604 0
1651694412061 0.9584 0
1651694421677 0.954 0
1651694431513 0.9664 0
1651694441476 0.958 0
1651694450966 0.9669 0
1651694460825 0.9674 0
1651694470831 0.9632 0
1651694480566 0.9677 0
1651694490247 0.9664 0
1651694499877 0.9656 0
1651694509566 0.9679 0
1651694519197 0.9722 0
1651694528820 0.9708 0
1651694538490 0.9759 0
1651694548019 0.9714 0
1651694557844 0.97 0
1651694567541 0.9634 0
1651694577139 0.9752 0
1651694586625 0.9715 0
1651694596008 0.9753 0
1651694605647 0.9701 0
1651694615494 0.9733 0
1651694625015 0.9764 0
1651694634807 0.9717 0
1651694648053 0.87256 0
1651694659963 0.91 0
1651694672267 0.91496 0
1651694684340 0.92896 0
1651694696581 0.93832 0
1651694708898 0.94008 0
1651694721165 0.94112 0
1651694733579 0.94816 0
1651694745596 0.95032 0
1651694757483 0.9556 0
1651694769724 0.95696 0
1651694781725 0.9596 0
1651694793866 0.95672 0
1651694805625 0.9624 0
1651694817779 0.96432 0
1651694829879 0.96056 0
1651694842237 0.96456 0
1651694854406 0.96624 0
1651694866623 0.96784 0
1651694878777 0.97184 0
1651694890943 0.9664 0
1651694902782 0.96912 0
1651694914666 0.9624 0
1651694926513 0.96832 0
1651694938784 0.96904 0
1651694950829 0.96528 0
1651694962908 0.96896 0
1651694975054 0.96472 0
1651694987340 0.9744 0
1651694999806 0.97312 0
