1651989047157 0.2928 0
1651989050517 0.4362 0
1651989053825 0.51 0
1651989057195 0.551 0
1651989060557 0.6186 0
1651989063850 0.6392 0
1651989067233 0.6784 0
1651989070541 0.7176 0
1651989073900 0.7398 0
1651989077259 0.7798 0
1651989080601 0.8088 0
1651989083940 0.8312 0
1651989087282 0.8526 0
1651989090585 0.861 0
1651989093871 0.8834 0
1651989097242 0.8942 0
1651989100527 0.9004 0
1651989103851 0.9316 0
1651989107215 0.9348 0
1651989110542 0.923 0
1651989113947 0.938 0
1651989117290 0.9256 0
1651989120515 0.9572 0
1651989123810 0.9344 0
1651989127098 0.9516 0
1651989130448 0.9454 0
1651989133754 0.9402 0
1651989137064 0.962 0
1651989140440 0.9624 0
1651989143828 0.9568 0
1651989147148 0.945 0
1651989150482 0.9656 0
1651989153856 0.9604 0
1651989157218 0.9578 0
1651989160603 0.9562 0
1651989163959 0.9664 0
1651989167198 0.9686 0
1651989170526 0.9626 0
1651989173912 0.9606 0
1651989177314 0.9622 0
1651989180594 0.9632 0
1651989183901 0.9618 0
1651989187110 0.9734 0
1651989190456 0.9712 0
1651989193835 0.969 0
1651989197168 0.9684 0
1651989200418 0.9688 0
1651989203785 0.9636 0
1651989207081 0.9714 0
1651989210438 0.9678 0
1651989215759 0.6541 0
1651989220806 0.748 0
1651989225810 0.7931 0
1651989230887 0.8211 0
1651989235936 0.8311 0
1651989241045 0.8559 0
1651989246179 0.884 0
1651989251293 0.8996 0
1651989256221 0.9012 0
1651989261210 0.9116 0
1651989266205 0.925 0
1651989271219 0.9401 0
1651989276266 0.9445 0
1651989281220 0.9403 0
1651989286136 0.9459 0
1651989291113 0.9468 0
1651989296113 0.9614 0
1651989301191 0.9587 0
1651989306073 0.9616 0
1651989311244 0.9571 0
1651989316316 0.9522 0
1651989321209 0.9592 0
1651989326122 0.9672 0
1651989331234 0.9609 0
1651989336304 0.9708 0
1651989341387 0.9696 0
1651989346433 0.9605 0
1651989351512 0.958 0
1651989356570 0.9722 0
1651989361612 0.9676 0
1651989366494 0.9623 0
1651989371554 0.9758 0
1651989376676 0.9754 0
1651989381787 0.9607 0
1651989386801 0.9671 0
1651989391668 0.9739 0
1651989396527 0.9723 0
1651989401621 0.9708 0
1651989406602 0.967 0
1651989411635 0.9758 0
1651989416711 0.9669 0
1651989421797 0.9745 0
1651989426838 0.973 0
1651989431840 0.9718 0
1651989436934 0.9668 0
1651989441999 0.9747 0
1651989446908 0.9747 0
1651989451979 0.9739 0
1651989457095 0.9724 0
1651989462116 0.9786 0
1651989467830 0.6572 0
1651989472876 0.7461 0
1651989477899 0.7808 0
1651989482911 0.8127 0
1651989488048 0.8475 0
1651989493229 0.8637 0
1651989498394 0.8906 0
1651989503626 0.903 0
1651989508645 0.9114 0
1651989513922 0.9283 0
1651989519051 0.9309 0
1651989524188 0.9455 0
1651989529373 0.9406 0
1651989534560 0.9521 0
1651989539847 0.9594 0
1651989544938 0.9575 0
1651989550096 0.9663 0
1651989555324 0.9601 0
1651989560441 0.9612 0
1651989565629 0.9616 0
1651989570638 0.9689 0
1651989575849 0.9624 0
1651989580970 0.9701 0
1651989586035 0.9682 0
1651989591231 0.9601 0
1651989596374 0.9697 0
1651989601383 0.977 0
1651989606600 0.9748 0
1651989611822 0.965 0
1651989616942 0.9717 0
1651989622091 0.9632 0
1651989627136 0.9735 0
1651989632289 0.9754 0
1651989637456 0.9724 0
1651989642427 0.9747 0
1651989647271 0.9759 0
1651989652429 0.9703 0
1651989657659 0.9722 0
1651989662845 0.9787 0
1651989668093 0.9731 0
1651989673368 0.9698 0
1651989678535 0.9726 0
1651989683864 0.9737 0
1651989689003 0.9771 0
1651989694237 0.9693 0
1651989699464 0.976 0
1651989704674 0.9776 0
1651989709853 0.975 0
1651989715087 0.9754 0
1651989720214 0.979 0
1651989726248 0.709241848369674 0
1651989731422 0.7895579115823165 0
1651989736747 0.8311662332466493 0
1651989741895 0.8600720144028806 0
1651989747141 0.874874974994999 0
1651989752391 0.8983796759351871 0
1651989757575 0.9177835567113423 0
1651989762975 0.9245849169833967 0
1651989768279 0.9383876775355071 0
1651989773574 0.9466893378675735 0
1651989778635 0.9546909381876375 0
1651989783829 0.9484896979395879 0
1651989789139 0.9518903780756152 0
1651989794391 0.9635927185437088 0
1651989799627 0.9666933386677335 0
1651989804935 0.9678935787157431 0
1651989810303 0.960492098419684 0
1651989815661 0.9660932186437288 0
1651989821072 0.9703940788157631 0
1651989826295 0.9737947589517904 0
1651989831682 0.9706941388277656 0
1651989837150 0.9624924984997 0
1651989842344 0.9692938587717543 0
1651989847759 0.9748949789957991 0
1651989853129 0.9734946989397879 0
1651989858503 0.9759951990398079 0
1651989863884 0.9720944188837768 0
1651989869133 0.9771954390878176 0
1651989874335 0.9707941588317663 0
1651989879688 0.9751950390078016 0
1651989885030 0.9733946789357871 0
1651989890431 0.9755951190238048 0
1651989895786 0.9740948189637928 0
1651989901101 0.9788957791558311 0
1651989906436 0.9732946589317863 0
1651989911691 0.9753950790158031 0
1651989916881 0.9758951790358071 0
1651989922123 0.9769953990798159 0
1651989927241 0.9759951990398079 0
1651989932579 0.9793958791758351 0
1651989937706 0.9741948389677936 0
1651989942938 0.9785957191438288 0
1651989948257 0.9708941788357671 0
1651989953473 0.9762952590518104 0
1651989958780 0.9802960592118424 0
1651989964080 0.9801960392078416 0
1651989969445 0.9786957391478296 0
1651989974680 0.9791958391678336 0
1651989979900 0.9764952990598119 0
1651989985070 0.9774954990998199 0
1651989991535 0.6965 0
1651989997050 0.7521 0
1651990002456 0.7889 0
1651990007982 0.819 0
1651990013500 0.8452 0
1651990018966 0.8715 0
1651990024400 0.8935 0
1651990029644 0.9011 0
1651990035070 0.9295 0
1651990040568 0.9319 0
1651990046021 0.9481 0
1651990051610 0.9565 0
1651990056845 0.9562 0
1651990062216 0.9594 0
1651990067580 0.9561 0
1651990072965 0.9622 0
1651990078382 0.9653 0
1651990083865 0.9747 0
1651990089428 0.9681 0
1651990094807 0.9719 0
1651990100102 0.9734 0
1651990105423 0.967 0
1651990110987 0.9751 0
1651990116433 0.9731 0
1651990121940 0.9667 0
1651990127463 0.9716 0
1651990132990 0.9756 0
1651990138431 0.9742 0
1651990143813 0.9767 0
1651990149192 0.9798 0
1651990154654 0.9739 0
1651990160034 0.9732 0
1651990165582 0.976 0
1651990171080 0.9772 0
1651990176597 0.9783 0
1651990181816 0.9682 0
1651990187125 0.9702 0
1651990192617 0.9787 0
1651990197964 0.9777 0
1651990203218 0.9796 0
1651990208771 0.9708 0
1651990214155 0.9693 0
1651990219511 0.974 0
1651990224954 0.9737 0
1651990230418 0.9794 0
1651990235949 0.9775 0
1651990241353 0.9777 0
1651990246961 0.9821 0
1651990252363 0.9795 0
1651990257712 0.9731 0
