1652285421978 0.6528077486753464 0
1652285429787 0.34733723965883256 0
1652285437519 0.24761197456419468 0
1652285445393 0.20070826285779475 0
1652285453187 0.1515160786755383 0
1652285460882 0.1577254044048488 0
1652285468696 0.09979392794761807 0
1652285476467 0.09775430839210748 0
1652285484286 0.08389235563836991 0
1652285492071 0.12492927843164653 0
1652285499851 0.07708665268998594 0
1652285507612 0.06207062394181266 0
1652285515358 0.09635158719364553 0
1652285523186 0.06006163248359226 0
1652285530971 0.05758364340001717 0
1652285538754 0.06326105261985213 0
1652285546543 0.09189326614076272 0
1652285554348 0.05725802399970126 0
1652285562183 0.038456337521597744 0
1652285569843 0.045898067600512876 0
1652285577489 0.032783047102554704 0
1652285585280 0.03487247279358562 0
1652285593208 0.0313126178687322 0
1652285600944 0.03431147649728227 0
1652285608701 0.04670879809388425 0
1652285616404 0.04528846846760716 0
1652285624241 0.04505636682257755 0
1652285631945 0.03599295024134917 0
1652285639828 0.052430306123424086 0
1652285647521 0.04856299816295505 0
1652285657035 1.0907190637588502 0
1652285662895 0.7066103780269622 0
1652285668615 0.5806386909484863 0
1652285674328 0.4963020801186562 0
1652285680137 0.40084353802800177 0
1652285685940 0.345396050041914 0
1652285691814 0.27461768167614936 0
1652285697475 0.25753986649811267 0
1652285703097 0.23302350399196148 0
1652285708838 0.18368140741288663 0
1652285714664 0.16723820558860897 0
1652285720381 0.16174574180692433 0
1652285726211 0.14555129914022982 0
1652285731831 0.11548408149220049 0
1652285737686 0.13728973535969854 0
1652285743309 0.11565754625312984 0
1652285749059 0.1318307000104338 0
1652285754703 0.11367473128717392 0
1652285760598 0.0869477011749521 0
1652285766293 0.10394124944517388 0
1652285772071 0.07910910797510295 0
1652285777876 0.12422173605039716 0
1652285783530 0.0929367219866952 0
1652285789374 0.0815803342496045 0
1652285795181 0.057896965231746436 0
1652285800869 0.07854758959319443 0
1652285806554 0.08725199343194254 0
1652285812320 0.08458028579612728 0
1652285818099 0.06811576480059885 0
1652285823872 0.07101164341294207 0
1652285836524 1.1524702590942384 0
1652285842260 0.7932684118509292 0
1652285848055 0.6055763532161713 0
1652285853886 0.5470051347613335 0
1652285859637 0.4447426790177822 0
1652285865306 0.39689756768345835 0
1652285871012 0.32209175015091895 0
1652285876683 0.2898073825955391 0
1652285882428 0.25529514259397984 0
1652285888132 0.21241720158532262 0
1652285893969 0.2017468659117818 0
1652285899864 0.16673141511678696 0
1652285905628 0.1543688255906105 0
1652285911317 0.13584111672975122 0
1652285917137 0.1320671366725117 0
1652285922883 0.11847213440462948 0
1652285928599 0.1095366880653426 0
1652285934478 0.1346107551228255 0
1652285940213 0.1090156706051901 0
1652285945916 0.10590792491054163 0
1652285951683 0.10876248625237495 0
1652285957452 0.10083908383641392 0
1652285963143 0.08020541473594495 0
1652285968920 0.08341462732618675 0
1652285974702 0.07573400480137206 0
1652285980568 0.10599206738150678 0
1652285986444 0.07527899717059917 0
1652285992229 0.08275766115775332 0
1652285997998 0.08766350968549959 0
1652286003740 0.08560652631181292 0
1652286020294 0.7469100306272507 0
1652286026055 0.4185228997409344 0
1652286031716 0.31944104655981065 0
1652286037452 0.28393066144883633 0
1652286043051 0.20386316276192665 0
1652286048807 0.1827706074386835 0
1652286054553 0.14154585737884046 0
1652286060420 0.1286058926206082 0
1652286066382 0.10737279946804047 0
1652286072151 0.09738284789137543 0
1652286077906 0.08512145044784993 0
1652286083658 0.08011987012661993 0
1652286089559 0.08298517470387742 0
1652286095381 0.08118457343881018 0
1652286101150 0.09160789737151935 0
1652286106920 0.06461192546682433 0
1652286112759 0.07204627327304333 0
1652286118387 0.058010283683706074 0
1652286124010 0.07223688627392985 0
1652286129721 0.07389882091204636 0
1652286135489 0.04109038753155619 0
1652286141229 0.03269938706445973 0
1652286147030 0.05153807932701893 0
1652286152839 0.05844682279508561 0
1652286158662 0.03805063242036849 0
1652286164350 0.04774782936566044 0
1652286170212 0.035141565878957046 0
1652286175898 0.033641196592850614 0
1652286181693 0.03525000059118029 0
1652286187467 0.07483548974972218 0
1652286207419 1.1829355737686158 0
1652286213245 0.8265017172813416 0
1652286219046 0.6934732538938523 0
1652286224676 0.5945160520553588 0
1652286230474 0.4943888868927956 0
1652286236103 0.4165936530530453 0
1652286241859 0.3741324319422245 0
1652286247605 0.30292431816011667 0
1652286253327 0.2500301348090172 0
1652286259087 0.2529191161364317 0
1652286264900 0.1942016304448247 0
1652286270568 0.16940535351634026 0
1652286276476 0.21668109472692013 0
1652286282216 0.16316404761038722 0
1652286288020 0.13680380474440754 0
1652286293763 0.12664266999773682 0
1652286299492 0.12485109271071851 0
1652286305238 0.13040097516812385 0
1652286310922 0.1311444556720555 0
1652286316738 0.09738719340637327 0
1652286322550 0.0658458772752434 0
1652286328355 0.11461607893500476 0
1652286334222 0.08981505943834782 0
1652286339846 0.10595492999069393 0
1652286345688 0.11108902642205358 0
1652286351428 0.08549946581586264 0
1652286357147 0.10152950624441728 0
1652286362941 0.08705576195530594 0
1652286368553 0.07105913853319362 0
1652286374234 0.1015797770681791 0
