1644413416208 1.5252390691757203 0
1644413417927 1.1218494842529296 0
1644413419627 0.7834378328323365 0
1644413421252 0.5429786075592041 0
1644413422980 0.4776373109817505 0
1644413424643 0.2946972964763641 0
1644413426273 0.2359693648338318 0
1644413427930 0.15932021057605744 0
1644413429586 0.12599702563285828 0
1644413431268 0.12262275675535202 0
1644413433546 1.264213422679901 0
1644413435550 0.5978851857662201 0
1644413437605 0.34530375018119813 0
1644413439641 0.1931287011384964 0
1644413441662 0.11549579520225525 0
1644413443681 0.06802774037718773 0
1644413445703 0.04425975180268288 0
1644413447730 0.02910565630495548 0
1644413449759 0.01465769996419549 0
1644413451800 0.010400557420402766 0
1644413454284 1.1269802620887757 0
1644413456316 0.4590577251434326 0
1644413458343 0.21257109608650207 0
1644413460415 0.11877568826675415 0
1644413462464 0.0724630238890648 0
1644413464556 0.04920327557325363 0
1644413466611 0.02804499212503433 0
1644413468650 0.018761452205479145 0
1644413470696 0.019901602889597417 0
1644413472751 0.02191212628930807 0
