1654651348924 0.8017215251257804 0
1654651358193 0.9564163181184457 0
1654651367667 0.9764805722252531 0
1654651376363 0.9824210462508335 0
1654651385009 0.982117960841365 0
1654651394189 0.987027944474753 0
1654651403349 0.9898163302418621 0
1654651412115 0.9913317572892041 0
1654651421280 0.9891495423410317 0
1654651430343 0.9906649693883737 0
1654651439336 0.990240649815118 0
1654651448753 0.9914529914529915 0
1654651458089 0.9959992725950173 0
1654651467506 0.9921803964357155 0
1654651476329 0.9950900163666121 0
1654651485581 0.9932108868279081 0
1654651494642 0.9953324846941868 0
1654651503631 0.993998908892526 0
1654651512974 0.9940595259744196 0
1654651522281 0.9978177850518276 0
1654651530984 1.0 0
1654651540112 0.9927865672546523 0
1654651549442 0.997757167969934 0
1654651558297 0.9951506334485057 0
1654651567532 0.9981814875431897 0
1654651576774 0.996423592168273 0
1654651585761 0.9970297629872098 0
1654651594642 0.9943019943019943 0
1654651603780 0.9986664241983391 0
1654651613030 0.9993938291810632 0
1654651622002 0.9959992725950173 0
1654651631187 0.9966660604958477 0
1654651640190 0.9985451900345518 0
1654651649590 0.9970297629872098 0
1654651658735 0.996241740922592 0
1654651668002 0.9985451900345518 0
1654651677226 1.0 0
1654651686422 0.9964842092501667 0
1654651695899 0.9975753167242529 0
1654651705285 1.0 0
1654651714581 1.0 0
1654651723889 0.9970297629872098 0
1654651732937 0.9956355701036552 0
1654651742372 0.9995150633448506 0
1654651751175 0.9999393829181064 0
1654651760470 1.0 0
1654651769679 1.0 0
1654651778938 0.9952718676122931 0
1654651788114 0.9978177850518276 0
1654651796997 0.9973328483966781 0
1654651819611 0.8509373293696536 0
1654651838889 0.9592913911302554 0
1654651857744 0.9780986470909422 0
1654651876786 0.9840441667172238 0
1654651895623 0.9853788752047564 0
1654651914323 0.9879876236122065 0
1654651933427 0.990778377722502 0
1654651952790 0.9908997148577322 0
1654651971683 0.9884729721531275 0
1654651990241 0.991809743371959 0
1654652009329 0.9906570405872718 0
1654652028517 0.9944791603470242 0
1654652047637 0.9937511375356428 0
1654652066469 0.9960565431050173 0
1654652085662 0.9956925316993266 0
1654652104934 0.9922950919128799 0
1654652123694 0.9936298004004126 0
1654652142694 0.9956318631317115 0
1654652162063 0.9957532002669417 0
1654652181169 0.9935691318327974 0
1654652200786 0.9984226172420069 0
1654652220281 0.9939938118061032 0
1654652239548 0.9953891888612509 0
1654652258909 0.9972699144573197 0
1654652277994 0.996905903051629 0
1654652297302 0.9952678517260207 0
1654652316198 0.9981192744039313 0
1654652335162 0.9952071831584056 0
1654652354341 0.9975732572953953 0
1654652373558 0.9988472972153127 0
1654652392669 0.9952678517260207 0
1654652411981 0.9962385488078627 0
1654652431210 0.9956318631317115 0
1654652449965 0.9993933143238488 0
1654652469070 0.9953891888612509 0
1654652488073 0.9976945944306255 0
1654652507205 0.9982406115391615 0
1654652526458 0.996905903051629 0
1654652545780 0.9978766001334709 0
1654652564913 0.9972699144573197 0
1654652583976 0.9983012801067767 0
1654652603047 0.9979979372687011 0
1654652622274 0.9984226172420069 0
1654652641629 0.9961172116726325 0
1654652660823 0.9981799429715464 0
1654652679871 0.9976945944306255 0
1654652699226 0.9979979372687011 0
1654652718095 0.9985439543772372 0
1654652737365 0.996420554510708 0
1654652756541 0.9993326457562337 0
1654652786427 0.9353508399539087 0
1654652808964 0.983686093759476 0
1654652831699 0.989993328885924 0
1654652854681 0.9942385832979562 0
1654652877464 0.9936321183819516 0
1654652900175 0.9939959973315544 0
1654652922586 0.9948450482139608 0
1654652945233 0.9974528473527806 0
1654652968014 0.9942992297895566 0
1654652990347 0.9958760385711687 0
1654653013034 0.995390866638365 0
1654653035631 0.9989083631511917 0
1654653058290 0.9964218569955728 0
1654653080610 0.9967857359451756 0
1654653103195 0.9986051306931893 0
1654653125878 0.9947844017223604 0
1654653148566 0.9967857359451756 0
1654653171335 0.9989690096427921 0
1654653193928 0.9986657771847899 0
1654653216529 0.997756079810783 0
1654653239413 0.9988477166595913 0
1654653261917 0.9982412517435867 0
1654653284622 0.9964218569955728 0
1654653307137 0.9970283219115774 0
1654653329116 0.9987870701679907 0
1654653351561 0.9981199587603857 0
1654653374341 0.9994541815755958 0
1654653397126 0.997634786827582 0
1654653420020 0.9967857359451756 0
1654653442889 0.9994541815755958 0
1654653465790 0.9989083631511917 0
1654653488775 0.9999393535083996 0
1654653511183 0.9999393535083996 0
1654653534126 0.9970283219115774 0
1654653556890 0.9995754745587968 0
1654653579121 0.9978773727939839 0
1654653601059 0.9980593122687853 0
1654653623804 0.9994541815755958 0
1654653646670 0.9995754745587968 0
1654653669269 0.9979380192855843 0
1654653691700 0.9981199587603857 0
1654653714193 0.9991509491175935 0
1654653736891 1.0 0
1654653759630 0.9988477166595913 0
1654653782117 0.9986051306931893 0
1654653804726 0.9984838377099885 0
1654653828518 0.9996361210503972 0
1654653850503 0.9989083631511917 0
1654653872847 0.998423191218388 0
1654653895159 0.9996361210503972 0
1654653933171 0.8693595342066958 0
1654653958864 0.9596069868995634 0
1654653984525 0.976407083939835 0
1654654010018 0.9808345463367297 0
1654654035293 0.985322658903445 0
1654654060583 0.987748665696264 0
1654654086470 0.9895681707908782 0
1654654112333 0.9881732168850073 0
1654654138057 0.9915089762251335 0
1654654163947 0.9896894711305192 0
1654654190306 0.9904779233381853 0
1654654216412 0.995026686074721 0
1654654242735 0.9931465308102863 0
1654654269015 0.9934497816593887 0
1654654294711 0.9929645803008248 0
1654654319507 0.9942988840368753 0
1654654345534 0.9933891314895682 0
1654654371544 0.9932678311499272 0
1654654398131 0.9975133430373605 0
1654654424297 0.9936923823386705 0
1654654450321 0.99363173216885 0
1654654476318 0.9969674915089762 0
1654654502204 0.9980591945657448 0
1654654528009 0.9957544881125667 0
1654654553500 0.9929039301310044 0
1654654579494 0.9971494420184377 0
1654654604963 0.9959970887918487 0
1654654630555 0.996421639980592 0
1654654656379 0.9977559437166424 0
1654654682040 0.9981804949053857 0
1654654707723 0.9957544881125667 0
1654654733789 0.9976346433770015 0
1654654759286 0.996300339640951 0
1654654784226 0.99872634643377 0
1654654809682 0.9963609898107715 0
1654654836154 0.9963609898107715 0
1654654862302 0.9982411450752062 0
1654654888516 0.9968461911693353 0
1654654914552 0.9959364386220282 0
1654654940758 0.9985443959243085 0
1654654966943 0.998847646773411 0
1654654992800 0.9971494420184377 0
1654655019095 0.9995754488112567 0
1654655045186 0.9981198447355653 0
1654655071197 0.9956331877729258 0
1654655097265 0.9989082969432315 0
1654655123325 0.9980591945657448 0
1654655149363 0.99745269286754 0
1654655175295 0.9976346433770015 0
1654655201249 0.999757399320718 0
1654655249336 0.9552456033959976 0
1654655279845 0.9913887204366283 0
1654655309999 0.9909642207398424 0
1654655340588 0.993086719223772 0
1654655370736 0.9956337174044876 0
1654655400630 0.9941176470588236 0
1654655430847 0.9972710733778047 0
1654655461159 0.9974530018192844 0
1654655491260 0.9950879320800485 0
1654655521355 0.9960582171012735 0
1654655551487 0.9966040024257126 0
1654655581604 0.9973923590054579 0
1654655611414 0.9973923590054579 0
1654655641667 0.99805942995755 0
1654655671999 0.9986052152819891 0
1654655701792 0.9964827167980594 0
1654655731889 0.9975742874469375 0
1654655762083 0.9984232868405094 0
1654655792238 0.99805942995755 0
1654655822370 0.9983626440266828 0
1654655852066 0.9985445724681625 0
1654655881284 0.999029714978775 0
1654655911045 0.9975742874469375 0
1654655941213 0.9987871437234688 0
1654655970904 0.9976349302607641 0
1654656000386 0.9985445724681625 0
1654656030318 0.9972710733778047 0
1654656060303 0.9990903577926016 0
1654656090381 0.999029714978775 0
1654656120419 0.9988477865372953 0
1654656150432 0.9988477865372953 0
1654656180625 0.9976955730745907 0
1654656210322 0.998483929654336 0
1654656240647 0.9993329290479078 0
1654656270621 0.9992116434202547 0
1654656300326 0.9985445724681625 0
1654656330476 0.9999393571861734 0
1654656360563 0.9983020012128563 0
1654656390779 0.9988477865372953 0
1654656420718 0.9992116434202547 0
1654656450604 0.9998180715585203 0
1654656480960 0.9979381443298969 0
1654656511281 0.9995148574893875 0
1654656540746 0.9995755003032141 0
1654656570300 0.9995148574893875 0
1654656600267 0.9992116434202547 0
1654656630367 0.999029714978775 0
1654656660223 0.9992722862340813 0
1654656690199 0.9988477865372953 0
1654656720296 0.9989084293511219 0
1654656779190 0.8841626213592233 0
1654656813113 0.9711771844660194 0
1654656846695 0.9791262135922331 0
1654656880575 0.9884101941747573 0
1654656914595 0.9909587378640776 0
1654656948374 0.9900485436893204 0
1654656982411 0.9911407766990291 0
1654657016539 0.9902305825242719 0
1654657050871 0.9945995145631068 0
1654657084842 0.9903519417475728 0
1654657118407 0.9942354368932039 0
1654657152323 0.9950242718446602 0
1654657185868 0.9953883495145631 0
1654657219351 0.9924757281553398 0
1654657253831 0.9967839805825243 0
1654657287645 0.9948422330097088 0
1654657321443 0.9948422330097088 0
1654657354098 0.9952669902912621 0
1654657387085 0.9952063106796116 0
1654657420866 0.9972087378640777 0
1654657454795 0.9975121359223301 0
1654657489072 0.9966019417475728 0
1654657522833 0.995509708737864 0
1654657556634 0.9992111650485437 0
1654657591018 0.9975728155339806 0
1654657625309 0.9942354368932039 0
1654657659393 0.9995145631067961 0
1654657693831 0.9967839805825243 0
1654657727885 0.9964199029126214 0
1654657761971 0.9967233009708738 0
1654657796320 0.9994538834951456 0
1654657830019 0.9983616504854369 0
1654657863992 0.9949635922330097 0
1654657897571 0.9985436893203884 0
1654657931518 0.9972694174757282 0
1654657965232 0.9976941747572815 0
1654657998703 0.9984830097087378 0
1654658033108 0.9990898058252428 0
1654658066911 0.9949635922330097 0
1654658100840 0.9987864077669902 0
1654658134791 0.9985436893203884 0
1654658168700 0.997633495145631 0
1654658202852 0.997997572815534 0
1654658236941 0.9980582524271845 0
1654658270913 0.9995752427184466 0
1654658305031 0.9986043689320389 0
1654658339335 0.9970873786407767 0
1654658373591 0.9968446601941747 0
1654658407818 0.9984830097087378 0
1654658441712 0.9983616504854369 0
1654658513327 0.9285410979678496 0
1654658551139 0.9840461025174401 0
1654658588899 0.9867151956323931 0
1654658626538 0.9942978465271459 0
1654658664035 0.991992720655141 0
1654658702578 0.9938732180770398 0
1654658740331 0.9932666060054595 0
1654658778402 0.9942978465271459 0
1654658816577 0.9957537154989384 0
1654658854757 0.9964209887776767 0
1654658893050 0.9947224749772521 0
1654658931120 0.9954504094631483 0
1654658968948 0.9979375189566272 0
1654659006390 0.9960570215347285 0
1654659044351 0.9973915680922051 0
1654659082326 0.9961176827418866 0
1654659120307 0.9972095844707309 0
1654659158674 0.9963603275705186 0
1654659196785 0.9992720655141037 0
1654659235475 1.0 0
1654659274021 0.9965423111919928 0
1654659311812 0.9981195025781013 0
1654659349180 0.997330906885047 0
1654659387104 0.9976342129208371 0
1654659425230 0.9989080982711556 0
1654659462918 0.9993327267212617 0
1654659500631 0.9986047922353655 0
1654659538330 0.9952684258416743 0
1654659575952 0.9987261146496815 0
1654659612772 0.9995147103427359 0
1654659650295 0.9998786775856839 0
1654659687640 0.997148923263573 0
1654659726107 0.9990294206854716 0
1654659764771 0.9986654534425236 0
1654659802255 0.9969062784349408 0
1654659840422 0.9987867758568395 0
1654659878309 0.9996360327570518 0
1654659916899 0.9991507430997877 0
1654659954770 0.9989080982711556 0
1654659992209 0.9979375189566272 0
1654660030239 0.9995753715498938 0
1654660068213 1.0 0
1654660106359 1.0 0
1654660144711 0.9967242948134668 0
1654660182844 0.9986047922353655 0
1654660220865 0.9992114043069457 0
1654660258779 0.9989687594783137 0
1654660296630 0.9981195025781013 0
1654660334764 0.9986047922353655 0
1654660372514 0.9987261146496815 0
1654660456031 0.8487532609355093 0
1654660497864 0.9602620882120974 0
1654660539456 0.9714857732208942 0
1654660581465 0.9857428866104472 0
1654660623284 0.9849541952314506 0
1654660664516 0.9886549778559728 0
1654660706848 0.9882909664502821 0
1654660749241 0.9884123035855124 0
1654660791219 0.9936298004004126 0
1654660832645 0.9864709094218286 0
1654660874348 0.9929017775890311 0
1654660916289 0.9919917490748044 0
1654660957925 0.9972699144573197 0
1654660999941 0.9917490748043438 0
1654661041228 0.9926591033185707 0
1654661083446 0.9927804404538009 0
1654661125617 0.995935205969787 0
1654661168144 0.9945398289146393 0
1654661210741 0.9947825031850998 0
1654661253153 0.9973912515925499 0
1654661294962 0.9958138688345568 0
1654661336634 0.9961172116726325 0
1654661378742 0.9952678517260207 0
1654661420324 0.9971485773220894 0
1654661462273 0.9961172116726325 0
1654661503924 0.9960565431050173 0
1654661545987 0.9975732572953953 0
1654661587805 0.9961778802402476 0
1654661629651 0.9968452344840139 0
1654661671107 0.9986652915124674 0
1654661712432 0.9951465145907905 0
1654661754519 0.9984226172420069 0
1654661797068 0.9984226172420069 0
1654661839211 0.9953891888612509 0
1654661880876 0.9967238973487836 0
1654661922865 0.9983012801067767 0
1654661964410 0.9981799429715464 0
1654662005789 0.9981799429715464 0
1654662047881 0.9968452344840139 0
1654662089552 0.9993326457562337 0
1654662131513 0.9962385488078627 0
1654662173199 0.9978766001334709 0
1654662214446 0.9968452344840139 0
1654662256226 0.9980586058363162 0
1654662298549 0.9985439543772372 0
1654662340785 0.9993326457562337 0
1654662382229 0.9979979372687011 0
1654662423852 0.997937268701086 0
1654662465208 0.9980586058363162 0
1654662507301 0.9976945944306255 0
1654662604472 0.8999757516973812 0
1654662649737 0.9756304558680893 0
1654662695654 0.9835111542192047 0
1654662741691 0.9892701260911736 0
1654662787170 0.9890882638215325 0
1654662832992 0.9931498545101843 0
1654662878537 0.9942410281280311 0
1654662923674 0.989815712900097 0
1654662969528 0.9937560620756547 0
1654663015434 0.9939379243452958 0
1654663060977 0.992725509214355 0
1654663106646 0.9952109602327837 0
1654663151683 0.9964233753637245 0
1654663197713 0.9933317167798255 0
1654663243157 0.9964839961202716 0
1654663288171 0.9983632395732299 0
1654663333137 0.9961808923375364 0
1654663378107 0.9943016488845781 0
1654663424282 0.9963627546071775 0
1654663470506 0.9960596508244423 0
1654663516755 0.9981207565470417 0
1654663562679 0.9971508244422891 0
1654663608676 0.9962415130940834 0
1654663654480 0.9981207565470417 0
1654663699866 1.0 0
1654663745990 0.9958777885548011 0
1654663791964 0.9955140640155189 0
1654663837970 0.9983632395732299 0
1654663883553 0.9979995150339476 0
1654663929007 0.9997575169738119 0
1654663975171 0.9977570320077594 0
1654664021094 0.9965446168768186 0
1654664067169 0.996968962172648 0
1654664112194 0.9989694471387003 0
1654664157004 0.998545101842871 0
1654664201903 0.9975751697381183 0
1654664247112 0.9978782735208536 0
1654664292067 0.998605722599418 0
1654664338543 0.9974539282250242 0
1654664385263 0.9989088263821533 0
1654664431423 0.9978782735208536 0
1654664477286 0.9987875848690592 0
1654664522580 0.9983632395732299 0
1654664567500 0.9990906886517944 0
1654664613162 0.9961808923375364 0
1654664658272 0.998605722599418 0
1654664702596 0.9993937924345296 0
1654664748576 0.9987269641125122 0
1654664794692 0.9988482056256062 0
1654664840217 0.9982419980601358 0
1654664952650 0.9160546282245827 0
1654665002266 0.9732928679817906 0
1654665052064 0.9817298937784522 0
1654665101387 0.9847647951441578 0
1654665150900 0.9908952959028832 0
1654665201381 0.9943550834597875 0
1654665251570 0.9903490136570562 0
1654665300842 0.992412746585736 0
1654665350689 0.9923520485584219 0
1654665400638 0.9950834597875569 0
1654665450422 0.9969650986342944 0
1654665499429 0.9925948406676783 0
1654665549100 0.9952655538694992 0
1654665598533 0.9938694992412747 0
1654665647666 0.997329286798179 0
1654665696455 0.9957511380880122 0
1654665745579 0.9969650986342944 0
1654665795322 0.9971471927162368 0
1654665844389 0.9946585735963581 0
1654665892865 0.9971471927162368 0
1654665941826 0.997814871016692 0
1654665991125 0.9953869499241275 0
1654666039914 0.9979969650986343 0
1654666089462 0.9983004552352048 0
1654666139060 0.9958725341426403 0
1654666189127 0.9966616084977238 0
1654666238754 0.9969650986342944 0
1654666287569 0.9967223065250379 0
1654666336372 0.9984825493171472 0
1654666385420 0.9988467374810319 0
1654666434399 0.9982397572078907 0
1654666483228 0.9970864946889226 0
1654666532220 0.9983004552352048 0
1654666581569 0.9982397572078907 0
1654666630404 0.9979969650986343 0
1654666680830 0.9984825493171472 0
1654666731280 0.997268588770865 0
1654666780371 0.9986646433990896 0
1654666830141 0.9989074355083459 0
1654666879236 0.9970257966616085 0
1654666928464 0.9990895295902883 0
1654666978237 0.9980576631259485 0
1654667027363 0.9993930197268589 0
1654667076668 0.997329286798179 0
1654667125353 0.9981183611532625 0
1654667173945 0.9986646433990896 0
1654667222731 0.9995144157814871 0
1654667271402 0.9976327769347496 0
1654667320307 0.99896813353566 0
1654667369380 0.9991502276176024 0
