1654251961675 0.9007457709331231 0
1654251976166 0.9791426665858243 0
1654251990703 0.9856908991693446 0
1654252005038 0.9887831201115624 0
1654252018885 0.9914509185715152 0
1654252048853 0.9492391132641778 0
1654252063729 0.9792533305249855 0
1654252078379 0.9887315043968196 0
1654252093303 0.9881522826602075 0
1654252108340 0.990258543520615 0
1654252154205 0.9613562177529746 0
1654252169428 0.9864167631883752 0
1654252184091 0.9923660103190481 0
1654252200074 0.9929451405707065 0
1654252215306 0.9918921764767822 0
1654252276193 0.9381747327400074 0
1654252291354 0.981199641897941 0
1654252306647 0.9798830902101217 0
1654252322114 0.989204276159882 0
1654252337204 0.9886249934172415 0
1654252413374 0.9671898040867917 0
1654252428866 0.9894143669686117 0
1654252444658 0.990941647356225 0
1654252460899 0.9931535706762166 0
1654252476416 0.9922582683800295 0
