1645793254973 1.5647029016494751 0
1645793259655 0.9577600319862366 0
1645793264249 0.8655419126987457 0
1645793268931 0.6335677553176879 0
1645793273608 0.5447290808677673 0
1645793278312 0.45870032787323 0
1645793283012 0.4256085113286972 0
1645793287740 0.35044676476716996 0
1645793292376 0.30472916744351386 0
1645793297023 0.2112903193593025 0
1645793301705 0.24449390693306922 0
1645793306399 0.14875108731240033 0
1645793311085 0.17455484547615052 0
1645793315702 0.13174416320472956 0
1645793320411 0.09734208948276937 0
1645793325105 0.05758790930528194 0
1645793329657 0.043348685177788136 0
1645793334288 0.08220442686136811 0
1645793338860 0.024030651834700257 0
1645793343492 0.01886038545742631 0
1645793349304 1.0786605472564696 0
1645793354710 0.7462091191291809 0
1645793360142 0.5510309466362 0
1645793365556 0.43633907289505003 0
1645793371150 0.3604461772084236 0
1645793376484 0.3121436618387699 0
1645793382049 0.21697731306552887 0
1645793387539 0.16099674983024598 0
1645793393023 0.13364874422848225 0
1645793398788 0.1172383486315608 0
1645793404242 0.15815913681387903 0
1645793409721 0.08583007852062582 0
1645793415127 0.06872660680743865 0
1645793420699 0.05408434647899121 0
1645793426260 0.07432788249589503 0
1645793431717 0.033659600742836485 0
1645793437345 0.04151995939140907 0
1645793442943 0.0647083290032111 0
1645793448508 0.03320121231038356 0
1645793454103 0.07705565339904279 0
1645793460329 0.8458210248470306 0
1645793465798 0.37149865524768827 0
1645793470895 0.30028567692041397 0
1645793476469 0.20912041744589804 0
1645793482129 0.12048979196846485 0
1645793487699 0.06584716311395168 0
1645793493301 0.07372195979580283 0
1645793498840 0.04157102801158326 0
1645793504315 0.02401759504764341 0
1645793509846 0.01616552146933973 0
1645793515339 0.03446124538735021 0
1645793520770 0.02413842647522688 0
1645793526417 0.03077281441099476 0
1645793531988 0.012918041851744055 0
1645793537511 0.002042427376145497 0
1645793543037 0.00100593162344303 0
1645793548606 0.0007427391218021512 0
1645793554236 0.0003683716072991956 0
1645793559726 0.000506139732664451 0
1645793565212 0.00034711973395897076 0
1645793571801 1.2691916390419007 0
1645793577288 0.8485323699951172 0
1645793582932 0.5929328095048666 0
1645793588413 0.40090081156492235 0
1645793593946 0.3730123198270798 0
1645793599440 0.22230369871519506 0
1645793605145 0.17464281054064631 0
1645793610877 0.23013753708451987 0
1645793616816 0.1526146926730871 0
1645793622393 0.11759083711858839 0
1645793627826 0.06937540360093117 0
1645793633364 0.0545058154663071 0
1645793638805 0.058550945155508814 0
1645793644338 0.03440031533108558 0
1645793649911 0.023920446750242262 0
1645793655510 0.026972086691949518 0
1645793661295 0.009872478747181595 0
1645793666873 0.002245750596525613 0
1645793672345 0.0015488343617296777 0
1645793677903 0.0006743818833259865 0
1645793684576 1.1845406237602234 0
1645793690229 0.7598564548492431 0
1645793695752 0.6432878952980041 0
1645793701277 0.3913674082994461 0
1645793706902 0.2894118507385254 0
1645793712469 0.20744171274900436 0
1645793718126 0.14061001325547695 0
1645793723709 0.14509360316023232 0
1645793729317 0.10259593379199505 0
1645793734743 0.07673021279075183 0
1645793740374 0.04206537028215825 0
1645793745813 0.04466573387449607 0
1645793751439 0.06272839413955808 0
1645793756886 0.05244666727110744 0
1645793762316 0.04049787185136229 0
1645793767914 0.020897589482739568 0
1645793773494 0.012786452345503494 0
1645793779227 0.005898702283203602 0
1645793784861 0.0020202017916366457 0
1645793790381 0.0009965873149398248 0
1645793797533 1.08488219165802 0
1645793803146 0.6313616229534149 0
1645793808710 0.4125047912981361 0
1645793814312 0.2858413035929203 0
1645793819681 0.16683843935877085 0
1645793825216 0.15407104281187056 0
1645793830688 0.09651618265360594 0
1645793836263 0.05384432336166501 0
1645793841728 0.024162989964708687 0
1645793847195 0.014765254686074331 0
1645793852711 0.009662953064776957 0
1645793858367 0.005944335564086214 0
1645793863952 0.001741741821402684 0
1645793869558 0.004237388114980422 0
1645793875141 0.0018145676576532424 0
1645793880619 0.000626929535693489 0
1645793886062 0.0004843055967940018 0
1645793891737 0.0003864159019431099 0
1645793897339 0.0003840058786794543 0
1645793902971 0.0003540649872156791 0
1645793910597 1.3209683708190918 0
1645793916160 0.9198152109146118 0
1645793921678 0.67294621925354 0
1645793927305 0.5964334550380707 0
1645793932925 0.38705622658729555 0
1645793938465 0.27426877503544095 0
1645793943934 0.2513324975728989 0
1645793949412 0.17995027158856391 0
1645793955057 0.11282078938484191 0
1645793960653 0.08502963315695525 0
1645793966172 0.08915126091595739 0
1645793971715 0.0563233684153296 0
1645793977279 0.06909944567587227 0
1645793982834 0.05636970964968205 0
1645793988289 0.07521717776065925 0
1645793993810 0.054963815090432765 0
1645793999363 0.025386111313663424 0
1645794004976 0.04495544707309455 0
1645794010482 0.04679223303459585 0
1645794016180 0.049655869779363274 0
1645794024073 1.5446833673477174 0
1645794029424 0.9599145764350892 0
1645794035000 0.7090031779289245 0
1645794040582 0.4831127129077911 0
1645794046091 0.4137547435939312 0
1645794051514 0.24212154231667518 0
1645794057264 0.16095747188925744 0
1645794062797 0.16988274467289446 0
1645794068342 0.17430711065903307 0
1645794073863 0.1354223272849573 0
1645794079341 0.09097917229533195 0
1645794084964 0.142367307184916 0
1645794090454 0.07685039732642472 0
1645794096100 0.03807358335070312 0
1645794101700 0.028543842245265842 0
1645794107278 0.017115303065627814 0
1645794112870 0.009741280960850418 0
1645794118355 0.011416854486544616 0
1645794123910 0.004943299549771473 0
1645794129619 0.0012775347299640999 0
1645794137554 1.0367919422149658 0
1645794143346 0.5485197782993316 0
1645794148872 0.3513296938210726 0
1645794154492 0.23119671941883863 0
1645794160088 0.1386437488913536 0
1645794165667 0.09039401815719902 0
1645794171409 0.06525413691401481 0
1645794177056 0.03934803488496691 0
1645794182654 0.021294073090329765 0
1645794188290 0.009459965213946998 0
1645794194013 0.009039779018325499 0
1645794199452 0.0029088307721540333 0
1645794205214 0.004957880198035855 0
1645794210790 0.0010009176511783153 0
1645794216392 0.0009064686906989663 0
1645794222061 0.0007005684548988939 0
1645794227773 0.0005813788283150643 0
1645794233234 0.0005238111469661817 0
1645794238848 0.0005059995478019118 0
1645794244601 0.00041820816814433785 0
1645794252942 0.9800891567230224 0
1645794258480 0.4179866233348846 0
1645794264033 0.2655008588314056 0
1645794269849 0.1595075980886817 0
1645794275641 0.11646064527407289 0
1645794281059 0.0759984769552946 0
1645794286528 0.05052315684519708 0
1645794292320 0.04259134507253766 0
1645794297913 0.017378118673712015 0
1645794303512 0.01066126721277833 0
1645794309015 0.013874499922757967 0
1645794314733 0.005591639977879822 0
1645794320319 0.0037409189144615084 0
1645794326063 0.0016358691446715966 0
1645794331655 0.0006411227022763341 0
1645794337244 0.000568296633544378 0
1645794342766 0.0005620975180296228 0
1645794348420 0.000473883373150602 0
1645794353935 0.00039615996107459066 0
1645794359409 0.00035471736835315825 0
1645794368308 1.4665627128601075 0
1645794373851 1.0190723131656647 0
1645794379559 0.781375842666626 0
1645794385193 0.6132279838562011 0
1645794390851 0.5972768490314484 0
1645794396603 0.3550477571308613 0
1645794402305 0.2515688218176365 0
1645794408011 0.17359141340255738 0
1645794413592 0.1266486368920654 0
1645794419125 0.14708526018708945 0
1645794424673 0.08080312704145909 0
1645794429956 0.08515592011287808 0
1645794435429 0.05809955192264169 0
1645794441031 0.050628906669095156 0
1645794446854 0.05826694171749987 0
1645794452561 0.06174915369022638 0
1645794458162 0.03871573537439108 0
1645794463814 0.10201514314524829 0
1645794469381 0.06779025875790975 0
1645794474956 0.030318076764792205 0
1645794484090 1.099791503715515 0
1645794489702 0.517465272474289 0
1645794495281 0.36532144424915314 0
1645794500913 0.22883168584108352 0
1645794506481 0.14632555446326734 0
1645794512098 0.08594180915057659 0
1645794517662 0.045882252884656194 0
1645794523342 0.0484490677818656 0
1645794529095 0.026310685234703122 0
1645794534819 0.017536853192932904 0
1645794540523 0.009299427865352481 0
1645794546193 0.006984476319840178 0
1645794551750 0.00267695794403553 0
1645794557433 0.0011290682412218303 0
1645794563119 0.0008043380133807659 0
1645794568748 0.000672811610205099 0
1645794574288 0.0005792299553751945 0
1645794579990 0.0005221733553567901 0
1645794585791 0.00047934126239269973 0
1645794591326 0.00046179981373716146 0
1645794600826 1.0791513650894164 0
1645794606589 0.7219608592033386 0
1645794612249 0.42369998519420626 0
1645794617931 0.30998768815994265 0
1645794623479 0.2564350408025086 0
1645794629052 0.1256405690997839 0
1645794634571 0.10300965470671654 0
1645794640274 0.07395609261281788 0
1645794645990 0.0407280977062881 0
1645794651732 0.05002104365136474 0
1645794657461 0.02189869560226798 0
1645794663125 0.028707980678603053 0
1645794668733 0.016921356362011284 0
1645794674259 0.00597626040870091 0
1645794679898 0.006691709260735661 0
1645794685396 0.0012397465032525361 0
1645794691064 0.0009053742855321616 0
1645794696746 0.000510372198652476 0
1645794702541 0.0004792073280812474 0
1645794708108 0.00037450163092580624 0
1645794717776 1.1792750651359558 0
1645794723432 0.7299249408006668 0
1645794728987 0.4484025692939758 0
1645794734619 0.3271892639398575 0
1645794740186 0.17621436325162648 0
1645794745983 0.11341711913645268 0
1645794751581 0.11020871979892254 0
1645794757262 0.061055335362255575 0
1645794762960 0.040789329318702224 0
1645794768761 0.02513332071840996 0
1645794774396 0.011535913142934442 0
1645794780076 0.006527924261987209 0
1645794785856 0.004075357001833617 0
1645794791482 0.004902722165361047 0
1645794797256 0.00204272837289609 0
1645794802876 0.0009964898594655098 0
1645794808618 0.0006363553873961792 0
1645794814527 0.0006358558701351285 0
1645794820167 0.0005522923211567104 0
1645794825906 0.0004723028447944671 0
1645794836353 0.9612018180847168 0
1645794842003 0.4745666578769684 0
1645794847447 0.3121610476255417 0
1645794853070 0.23025744546353816 0
1645794858662 0.13983400285243988 0
1645794864182 0.11518362073451281 0
1645794870034 0.07639994686432183 0
1645794875938 0.047995099998265504 0
1645794881666 0.032348518213629725 0
1645794887279 0.018012627075146885 0
1645794893161 0.01589710587216541 0
1645794898946 0.004249411548860371 0
1645794904755 0.006738407388841733 0
1645794910482 0.0026680685768835245 0
1645794916247 0.0009188370895106345 0
1645794922054 0.0006393277547322214 0
1645794927724 0.000751840783143416 0
1645794933266 0.0005724423660431057 0
1645794938814 0.00044023136575706306 0
1645794944560 0.0003515247211093083 0
1645794955219 1.2151771607398987 0
1645794960997 0.6562176665306091 0
1645794966869 0.44136980679035187 0
1645794972735 0.30900047373771666 0
1645794978500 0.19436905806735158 0
1645794984155 0.10872563695907593 0
1645794989857 0.07897947821766138 0
1645794995625 0.06523533206060529 0
1645795001452 0.050050459409598264 0
1645795007165 0.0222682692958042 0
1645795012926 0.014395343504101038 0
1645795018636 0.011420476823393255 0
1645795024147 0.0036257678679190576 0
1645795029851 0.004231592056248337 0
1645795035493 0.0033639904798939825 0
1645795041308 0.0016765184939373284 0
1645795047027 0.000664300754130818 0
1645795052755 0.0006357732995878905 0
1645795058405 0.00048369625294581055 0
1645795064071 0.00043676616457523777 0
1645795074877 1.058282484960556 0
1645795080668 0.6456029856681824 0
1645795086378 0.4553632442474365 0
1645795092096 0.35699238576889036 0
1645795097903 0.23863978465795516 0
1645795103746 0.1798788427233696 0
1645795109279 0.1327104835152626 0
1645795114859 0.0933938630707562 0
1645795120454 0.05792391349328682 0
1645795126162 0.02907891810797155 0
1645795131945 0.019463839474273846 0
1645795137749 0.054430941167660056 0
1645795143520 0.03280152535848319 0
1645795149419 0.010704700738796964 0
1645795155463 0.004644609603472054 0
1645795161182 0.0018881252533756196 0
1645795166860 0.0009916940135415643 0
1645795172664 0.012595057439245284 0
1645795178433 0.007415856575639919 0
1645795184286 0.006331722122477367 0
1645795195542 0.9427425866127014 0
1645795201403 0.44519634270071984 0
1645795207249 0.28794294773340223 0
1645795212997 0.19381962676644326 0
1645795218855 0.10493533937633037 0
1645795224444 0.06828028483055532 0
1645795230182 0.07380163734853268 0
1645795235812 0.029562291823886335 0
1645795241666 0.012184294870309531 0
1645795247474 0.009729595479462295 0
1645795253233 0.007054942022729665 0
1645795258977 0.010081105519551783 0
1645795264721 0.0035517775177024303 0
1645795270447 0.001297228786814958 0
1645795276275 0.0008635529961436987 0
1645795282044 0.0009169883278227644 0
1645795287811 0.0006140426634345204 0
1645795293736 0.0005081267432309688 0
1645795299472 0.0004519420402124524 0
1645795305225 0.000437622100696899 0
1645795316979 1.2668447916030883 0
1645795322825 0.664875948214531 0
1645795328512 0.4630688305258751 0
1645795334225 0.3376502348423004 0
1645795339945 0.2357188966628164 0
1645795345791 0.14262052877247333 0
1645795351712 0.10341477854177356 0
1645795357443 0.07271812790185213 0
1645795363024 0.04229537950400263 0
1645795368773 0.03491204329857137 0
1645795374546 0.018628163264645264 0
1645795380314 0.01516243793759495 0
1645795386208 0.009443716846988536 0
1645795392035 0.009152873483323493 0
1645795397776 0.00447661822369555 0
1645795403528 0.0023948252041824164 0
1645795409407 0.0008756127251777798 0
1645795415125 0.0005509003420826048 0
1645795420855 0.0022927773515810258 0
1645795426662 0.0005554163808410521 0
1645795438776 1.1974383543968201 0
1645795444376 0.6824945610046387 0
1645795450084 0.44371270871162416 0
1645795455780 0.31274305576682093 0
1645795461689 0.2414085532963276 0
1645795467529 0.1681717742934823 0
1645795473290 0.09654279913902283 0
1645795479191 0.07669509218055755 0
1645795484955 0.053986073042452336 0
1645795490574 0.025833072752505543 0
1645795496099 0.017812172263785033 0
1645795501800 0.00787195234457031 0
1645795507688 0.005128735661879182 0
1645795513537 0.006818533889669925 0
1645795519151 0.003544241434428841 0
1645795524922 0.004790084622683935 0
1645795530719 0.002779403005517088 0
1645795536641 0.0009299255772493779 0
1645795542300 0.0004905801606830209 0
1645795548228 0.0004379699948709458 0
