1641491864439 0.8360833333333333 0
1641491878754 0.8580666666666666 0
1641491895448 0.8278166666666666 0
1641491915804 0.8366 0
1641491940117 0.8379833333333333 0
1641491967890 0.83525 0
1641492000628 0.8302166666666667 0
1641492036316 0.83915 0
1641492074990 0.8544166666666667 0
1641492117343 0.83295 0
1641492163223 0.8403166666666667 0
1641492213392 0.82995 0
1641492266801 0.856 0
1641492323043 0.8619333333333333 0
1641492383714 0.8603833333333334 0
1641492447840 0.81765 0
1641492514579 0.8580666666666666 0
1641492586049 0.8345833333333333 0
1641492661223 0.85455 0
1641492740090 0.84465 0
1641492822406 0.8285666666666667 0
1641492909614 0.7998666666666666 0
1641492998491 0.8305 0
1641493090796 0.8475833333333334 0
1641493188747 0.8439666666666666 0
1641493289364 0.7957833333333333 0
1641493394932 0.86355 0
1641493503699 0.8647666666666667 0
1641493615192 0.8152333333333334 0
1641493730967 0.8138166666666666 0
1641493848916 0.8484166666666667 0
1641493971001 0.8751 0
1641494098800 0.8588 0
1641494229070 0.8491833333333333 0
1641494364084 0.8816833333333334 0
1641494503069 0.7838333333333334 0
1641494645193 0.8169 0
1641494789957 0.8319666666666666 0
1641494939164 0.7990666666666667 0
1641495092142 0.8340666666666666 0
1641495249392 0.81675 0
1641495409447 0.8148 0
1641495572224 0.8450166666666666 0
1641495739187 0.87015 0
1641495910284 0.8506666666666667 0
1641496084170 0.8304666666666667 0
1641496262265 0.8326166666666667 0
1641496444832 0.87035 0
1641496631269 0.8265 0
1641496822937 0.8395166666666667 0
