1645613594600 2.2093810497283934 0
1645613603030 1.8784585206985474 0
1645613611523 1.5812596466064452 0
1645613619955 1.3441775302886962 0
1645613628525 1.1123201560020446 0
1645613637260 2.182053786277771 0
1645613642833 1.9409135902404786 0
1645613648505 1.7545583347320557 0
1645613654028 1.5840933498382568 0
1645613659592 1.4034321397781373 0
1645613671216 2.161167862701416 0
1645613676960 1.8835941900253297 0
1645613682466 1.6852909841537476 0
1645613688022 1.5062110818862915 0
1645613693654 1.3156015785217285 0
