1644414483014 1.6045205940246583 0
1644414484704 1.493151889038086 0
1644414486370 1.4054130489349366 0
1644414488094 1.3294326198577882 0
1644414489771 1.2419578727722167 0
1644414491436 1.1616362071990967 0
1644414493129 1.0791816873550415 0
1644414494851 0.9903039038658142 0
1644414496527 0.922617038154602 0
1644414498202 0.8406365195274353 0
1644414499872 0.7784705050468445 0
1644414501547 0.7305632193565369 0
1644414503239 0.6676747439384461 0
1644414504887 0.6136008201599121 0
1644414506584 0.5678096741676331 0
1644414508267 0.5214964701652527 0
1644414509966 0.47847452449798583 0
1644414511617 0.44723174328804016 0
1644414513294 0.40801289868354795 0
1644414514941 0.377813023519516 0
1644414517184 1.54503753490448 0
1644414519249 1.2647900243759156 0
1644414521270 1.0689691749572754 0
1644414523305 0.9328717080116272 0
1644414525387 0.8166981950759887 0
1644414527416 0.7177759296417237 0
1644414529446 0.6215651185035705 0
1644414531462 0.5507006132125855 0
1644414533500 0.4861078009605408 0
1644414535507 0.42494399547576905 0
1644414537556 0.3794486494064331 0
1644414539569 0.3449147598743439 0
1644414541624 0.3078652781009674 0
1644414543678 0.27377481117248537 0
1644414545740 0.24050340695381164 0
1644414547728 0.22758493139743805 0
1644414549767 0.197449560880661 0
1644414551818 0.18090191688537596 0
1644414553870 0.16810706329345704 0
1644414555900 0.1492346899986267 0
1644414558381 1.5063344284057618 0
1644414560458 1.204039308166504 0
1644414562482 1.0339111365318299 0
1644414564539 0.9076823002815246 0
1644414566607 0.7905903005599976 0
1644414568659 0.6870955719947814 0
1644414570660 0.5911647249221802 0
1644414572680 0.5230724723815918 0
1644414574720 0.4530909534454346 0
1644414576724 0.3916516520023346 0
1644414578782 0.3455750564098358 0
1644414580847 0.3008679813861847 0
1644414582895 0.2594374113559723 0
1644414584950 0.23625933866500853 0
1644414587011 0.2089438903093338 0
1644414589066 0.1875335115432739 0
1644414591248 0.16205795798301698 0
1644414593249 0.14464109554290772 0
1644414595261 0.13136587928533555 0
1644414597263 0.11896226695775985 0
