1644429589401 1.6066764450073243 0
1644429590837 1.5965366968154908 0
1644429592313 1.5757656871795653 0
1644429593784 1.5193998420715331 0
1644429595634 1.4101483901977538 0
1644429597087 1.3068987400054932 0
1644429598547 1.23208895111084 0
1644429599969 1.1659025516510009 0
1644429601416 1.0981135871887207 0
1644429602875 1.042562957572937 0
1644429604620 1.5849118452072144 0
1644429606164 1.473535676574707 0
1644429607678 1.2503200918197632 0
1644429609188 0.9898824341773986 0
1644429610854 0.8416757142066955 0
1644429612389 0.7499837380409241 0
1644429613889 0.6900189049720764 0
1644429615468 0.6523661337852478 0
1644429617015 0.6236107022285461 0
1644429618560 0.5967934277534485 0
1644429620464 1.5567412725448608 0
1644429622059 1.3678854141235353 0
1644429623604 1.1730847761154175 0
1644429625135 1.0604947679519654 0
1644429626707 0.9923152060508728 0
1644429628277 0.9376950715065002 0
1644429629841 0.887424338722229 0
1644429631459 0.8447655967712402 0
1644429633093 0.8039447822570801 0
1644429634654 0.7603256106376648 0
