1651938036034 1.518349864768982 0
1651938038443 0.9799963843345643 0
1651938040917 0.7967293214797974 0
1651938043380 0.7165447766780854 0
1651938045801 0.6390309265136719 0
1651938048229 0.5852575582265854 0
1651938050665 0.5241222156047821 0
1651938053077 0.4730428442120552 0
1651938055545 0.5002104574203491 0
1651938057985 0.6036494421720505 0
1651938061001 1.1731660827636718 0
1651938063888 0.9645384925842285 0
1651938066785 0.8937516943931579 0
1651938069639 0.8309867843627929 0
1651938072498 0.8126464492797851 0
1651938075381 0.8152402480125427 0
1651938078225 0.7679678550720215 0
1651938081066 0.7282691130638123 0
1651938084021 0.6833370112419128 0
1651938086895 0.7399235304355621 0
1651938091210 1.0109511215845743 0
1651938095246 0.9129094338099162 0
1651938099307 0.8235550877888997 0
1651938103369 0.8223160569826762 0
1651938107286 0.8088232590357463 0
1651938111274 0.7517623198986053 0
1651938115234 0.8571045682430267 0
1651938119287 0.7825074413935343 0
1651938123403 0.712658438984553 0
1651938127435 0.7193852798779805 0
1651938132065 0.8846343918923347 0
1651938136266 0.772769634740834 0
1651938140454 0.7466204807452438 0
1651938144704 0.7004732646666135 0
1651938148863 0.7733556372574343 0
1651938152977 0.7984795761477251 0
1651938157169 0.736421616467262 0
1651938161362 0.6755693821421812 0
1651938165472 0.6649071319671147 0
1651938169679 0.6566511147155479 0
1651938174842 1.024708528137207 0
1651938179122 1.0016559770584106 0
1651938183408 0.9273805020650228 0
1651938187691 0.9035021273295084 0
1651938191849 0.8888829948425293 0
1651938196245 0.9027399363517761 0
1651938200371 0.8118713399251302 0
1651938204538 0.7971502002080282 0
1651938209082 0.8470898579915365 0
1651938213679 0.8406534533659618 0
