1643852982524 0.7516833333333334 0
1643853037302 0.8246 0
1643853098254 0.84295 0
1643853165007 0.8563166666666666 0
1643853237728 0.8506666666666667 0
1643853316776 0.8599666666666667 0
1643853401533 0.8635 0
1643853492149 0.8694 0
1643853589141 0.8652666666666666 0
1643853691890 0.8649833333333333 0
1643853799650 0.8683166666666666 0
1643853913768 0.8779666666666667 0
1643854033969 0.8682166666666666 0
1643854158285 0.8661833333333333 0
1643854288704 0.8743 0
1643854425120 0.87085 0
1643854567035 0.8797333333333334 0
1643854714573 0.8796333333333334 0
1643854868058 0.8743333333333333 0
1643855026397 0.8781666666666667 0
1643855190813 0.8793166666666666 0
1643855360462 0.8748 0
1643855536702 0.8837833333333334 0
1643855719633 0.8808166666666667 0
1643855907463 0.8754166666666666 0
1643856101639 0.8817666666666667 0
1643856301471 0.8791333333333333 0
1643856505929 0.88045 0
1643856712474 0.8828 0
1643856927289 0.88765 0
