1654762089634 0.6261444249075365 0
1654762102827 0.9387618989874492 0
1654762116027 0.9773843448735827 0
1654762129464 0.9883586976292973 0
1654762142881 0.9970896744073243 0
1654762163772 0.8919410587593233 0
1654762180913 0.9876902552907647 0
1654762197763 0.9955127038990965 0
1654762214444 0.9948456733976108 0
1654762230965 0.9990297738160209 0
1654762256167 0.9251242876197405 0
1654762272697 0.9930883957802837 0
1654762289587 0.9967260822117133 0
1654762306139 0.9983630411058567 0
1654762322695 0.9990299502849521 0
1654762351780 0.868465736810188 0
1654762368713 0.9816252274105518 0
1654762385313 0.9898726500909643 0
1654762401894 0.9939357186173439 0
1654762419029 0.9975742874469375 0
1654762452359 0.9304342552159146 0
1654762469019 0.9982411450752062 0
1654762486136 0.9998180494905385 0
1654762503163 1.0 0
1654762520121 0.9999393498301795 0
