1651971398405 1.3873015224456786 0
1651971401779 0.9731448528289794 0
1651971405033 0.758242776864767 0
1651971408190 0.6636691831111908 0
1651971411498 0.4185222714781761 0
1651971414651 0.3293911129236221 0
1651971417890 0.31843112268447876 0
1651971421163 0.26213548592925073 0
1651971424393 0.22792673178613185 0
1651971427629 0.1953568433046341 0
1651971430909 0.1197470481671393 0
1651971434174 0.11102463767528534 0
1651971437443 0.1384354202389717 0
1651971440723 0.18958447160720826 0
1651971443960 0.1417519469693303 0
1651971447188 0.09936654764413834 0
1651971450480 0.12850461452007295 0
1651971453682 0.06451919936835766 0
1651971456959 0.07010672525251284 0
1651971460280 0.06033078413456679 0
1651971463591 0.04571160889863968 0
1651971466866 0.036284922127006576 0
1651971470017 0.03840784823000431 0
1651971473317 0.03640410891510546 0
1651971476562 0.06557194284684956 0
1651971479867 0.03647219726070762 0
1651971483236 0.03239577031508088 0
1651971486485 0.09734819559678436 0
1651971489838 0.04854934604950249 0
1651971493049 0.026306280315399635 0
1651971496929 1.4823353622436524 0
1651971500736 1.0180664262771606 0
1651971504513 0.7453308287620545 0
1651971508267 0.6023604539394378 0
1651971511987 0.4918623920440674 0
1651971515801 0.49094353075027464 0
1651971519554 0.34743143997192383 0
1651971523289 0.32298667767047884 0
1651971527027 0.22454803742170334 0
1651971530890 0.21669847875833512 0
1651971534665 0.2331725681722164 0
1651971538358 0.13898892436027527 0
1651971542044 0.08263619059324265 0
1651971545743 0.09853159336522221 0
1651971549376 0.10256067199707031 0
1651971553127 0.0609587853550911 0
1651971556934 0.0937522891804576 0
1651971560754 0.07756320382356643 0
1651971564459 0.04977076820684597 0
1651971568192 0.029020561622083187 0
1651971571925 0.0531890823662281 0
1651971575642 0.16635313042104244 0
1651971579404 0.0971595176756382 0
1651971583194 0.05485175210284069 0
1651971586932 0.08554644707441329 0
1651971590666 0.2482836753358133 0
1651971594392 0.09330406283140183 0
1651971598054 0.054714542484283445 0
1651971601867 0.04868627603054047 0
1651971605525 0.059534601768106224 0
1651971609732 1.4616196601867675 0
1651971613476 1.0367813077926635 0
1651971617236 0.7647268947601318 0
1651971620909 0.6583667595624924 0
1651971624673 0.48346885414123536 0
1651971628407 0.4387717957019806 0
1651971632143 0.30947787194252013 0
1651971635868 0.2883216781258583 0
1651971639617 0.21553090767860414 0
1651971643329 0.17805925084613264 0
1651971647093 0.1433717037022114 0
1651971650903 0.1502757079096511 0
1651971654666 0.08002742681596428 0
1651971658242 0.05029601636677981 0
1651971661944 0.049391604191064836 0
1651971665643 0.08734816890973597 0
1651971669377 0.07564543195292353 0
1651971673120 0.07935404376983643 0
1651971676721 0.07374616851788014 0
1651971680347 0.06544246718883515 0
1651971684119 0.060327063240110876 0
1651971687857 0.06326107986010611 0
1651971691510 0.038683125665783885 0
1651971695253 0.06864540163129568 0
1651971699036 0.0506800021070987 0
1651971702793 0.051902242329716686 0
1651971706448 0.03238455778621137 0
1651971710156 0.030962114752829076 0
1651971713884 0.02277488725669682 0
1651971717652 0.01627187925465405 0
1651971722138 0.9806507392883301 0
1651971725934 0.4591104618549347 0
1651971729649 0.30213000543117524 0
1651971733407 0.2295859535574913 0
1651971737048 0.16389653830379247 0
1651971740855 0.11054968634992837 0
1651971744588 0.1010173578493297 0
1651971748304 0.053765845757722856 0
1651971752033 0.061980690291523935 0
1651971755735 0.051795233841612935 0
1651971759500 0.027297257286123932 0
1651971763235 0.018369011887279338 0
1651971766992 0.01532005216628313 0
1651971770817 0.016714400560315697 0
1651971774482 0.015679087077546866 0
1651971778092 0.011676119645382278 0
1651971781783 0.010119427400222048 0
1651971785450 0.01341603221448604 0
1651971788999 0.01118633945886977 0
1651971792616 0.006608942400570959 0
1651971796382 0.015148954598419369 0
1651971800094 0.019953006446734072 0
1651971803833 0.02355068315938115 0
1651971807427 0.010727907908812631 0
1651971811141 0.006544693705940153 0
1651971814863 0.0034946810231078415 0
1651971818448 0.003714284985465929 0
1651971822183 0.011438411578536034 0
1651971825797 0.004827629179973155 0
1651971829500 0.0017791457283310593 0
1651971834080 1.574173540878296 0
1651971837829 1.094367124557495 0
1651971841520 0.7736622871398926 0
1651971845267 0.6506634586334229 0
1651971848899 0.5101352892398834 0
1651971852600 0.39760031743049623 0
1651971856264 0.2971840576171875 0
1651971860057 0.24990072308182718 0
1651971863650 0.17742547367215156 0
1651971867343 0.1659583854198456 0
1651971871101 0.19443653182983398 0
1651971874720 0.22785176498889922 0
1651971878288 0.1573003268122673 0
1651971881974 0.2060588875133544 0
1651971885714 0.08431945190429688 0
1651971889435 0.06562672169655562 0
1651971893138 0.07673776857256889 0
1651971896752 0.11485876249670983 0
1651971900438 0.08217334800749086 0
1651971904084 0.05013277669674717 0
1651971907747 0.059963420148193836 0
1651971911464 0.036751369035989044 0
1651971915231 0.03879173337221146 0
1651971918940 0.20480398676991463 0
1651971922561 0.06311943357288838 0
1651971926223 0.04186794375432655 0
1651971929847 0.028214129104465246 0
1651971933429 0.028836061896127647 0
1651971937048 0.026312368848919868 0
1651971940752 0.019200048931920902 0
