1652427398877 2.19346721534729 0
1652427403762 1.9668468292236327 0
1652427408649 1.863445951461792 0
1652427413686 1.720953938293457 0
1652427418760 1.60847428855896 0
1652427423572 1.5336440406799317 0
1652427428477 1.4366305116653442 0
1652427433435 1.3586237174987792 0
1652427438330 1.2186804655075074 0
1652427443031 1.1247669208526612 0
1652427447930 1.0366525199890138 0
1652427452637 0.959006367111206 0
1652427457570 0.8602831462860108 0
1652427462510 0.7329248978614807 0
1652427467335 0.6729246976852417 0
1652427472294 0.5699859391212463 0
1652427477171 0.4961182270050049 0
1652427482068 0.4284197680234909 0
1652427487007 0.3627175270795822 0
1652427491954 0.3272914855003357 0
1652427496846 0.30059107465744017 0
1652427501701 0.23468891670703887 0
1652427506598 0.23042920714616774 0
1652427511507 0.2028309637069702 0
1652427516332 0.19745546586513518 0
1652427521243 0.1934074065566063 0
1652427526140 0.18446278088092805 0
1652427531028 0.15935118923187255 0
1652427536038 0.14977791467905044 0
1652427540934 0.1424154297232628 0
1652427550132 1.0866122671127318 0
1652427558877 0.8899841123580933 0
1652427567534 0.7854394793510437 0
1652427576318 0.708999478340149 0
1652427584968 0.6301470883846283 0
1652427593648 0.5493054846286773 0
1652427602238 0.48772161774635314 0
1652427610766 0.4282347946643829 0
1652427619492 0.4040474769115448 0
1652427627947 0.33153438057899476 0
1652427636782 0.31686089639663695 0
1652427645633 0.2611818004012108 0
1652427654212 0.22352013949155808 0
1652427662749 0.18365474258065223 0
1652427671424 0.19408396891355514 0
1652427679968 0.16837790214419365 0
1652427688796 0.1875945867985487 0
1652427697494 0.16135896032452585 0
1652427706061 0.1580643656909466 0
1652427714482 0.1281793968617916 0
1652427722975 0.13437780522108078 0
1652427731569 0.14618850735723973 0
1652427740312 0.1313362740442157 0
1652427748766 0.10200356176346541 0
1652427757141 0.1261968482851982 0
1652427765827 0.11231801080852746 0
1652427774517 0.10850153865665198 0
1652427782968 0.10710735480934382 0
1652427791626 0.09439090015888214 0
1652427800385 0.10076830960959196 0
1652427813952 0.75455321337382 0
1652427826528 0.6271261623064677 0
1652427839241 0.5443217357635498 0
1652427852084 0.48336073152224224 0
1652427864808 0.4454146716753642 0
1652427877373 0.3998748914639155 0
1652427890602 0.35191257665952047 0
1652427903540 0.33207040944099425 0
1652427916380 0.2799924435933431 0
1652427929074 0.2530938319683075 0
1652427941946 0.20548866002957025 0
1652427954511 0.19764210940599442 0
1652427967491 0.1903175899306933 0
1652427980182 0.16418595003286998 0
1652427993015 0.1462470365981261 0
1652428005731 0.1331952766875426 0
1652428018810 0.1493561440229416 0
1652428031509 0.13132961086183786 0
1652428044335 0.11246093727151553 0
1652428057050 0.109172486358881 0
1652428069653 0.13446934889356296 0
1652428082196 0.09829059352477391 0
1652428094737 0.11136703495581944 0
1652428107435 0.10805293998370567 0
1652428120001 0.09534239045381546 0
1652428132563 0.09874246056675912 0
1652428145401 0.08342523148109515 0
1652428158003 0.09582210704386235 0
1652428170585 0.08479210391243298 0
1652428183153 0.10148424083739518 0
1652428200847 0.5273690882802009 0
1652428217469 0.4204089074224234 0
1652428234045 0.37061608731150625 0
1652428250587 0.3196367802560329 0
1652428267684 0.2884020516872406 0
1652428284499 0.26792425011992455 0
1652428301558 0.24887592208981513 0
1652428318330 0.20444494880735875 0
1652428335206 0.19314607252180577 0
1652428352093 0.18191304208636283 0
1652428368973 0.1677990173012018 0
1652428385818 0.15204052556455136 0
1652428402894 0.12865487314760685 0
1652428420147 0.1401043962828815 0
1652428437110 0.11685768216028809 0
1652428453774 0.11909872343614697 0
1652428470900 0.11727764623388648 0
1652428487930 0.10197700724117457 0
1652428504608 0.09357220468036831 0
1652428521175 0.11184111099727452 0
1652428537981 0.10007662227898836 0
1652428555143 0.08580979859754444 0
1652428571869 0.08971132579483092 0
1652428588638 0.08716849931962788 0
1652428605313 0.0944463491871953 0
1652428622053 0.09287808805759996 0
1652428638847 0.09293453434668482 0
1652428655837 0.08688002622462809 0
1652428672802 0.07504844484450296 0
1652428689933 0.07650927073545755 0
1652428712396 0.45926206636428835 0
1652428733853 0.3880558775043488 0
1652428754965 0.3601540884780884 0
1652428776417 0.3177370964038372 0
1652428797832 0.29702998739480974 0
1652428819399 0.2730757174324989 0
1652428840628 0.2619003210306168 0
1652428862166 0.2369822362780571 0
1652428883631 0.21026337037324905 0
1652428904998 0.20837032760858537 0
1652428926312 0.17185439571738242 0
1652428947721 0.16768227339744568 0
1652428969336 0.15381175579667092 0
1652428990899 0.1369635913437605 0
1652429012169 0.12755322650171816 0
1652429033397 0.12048714498609304 0
1652429054560 0.12083762711897493 0
1652429075969 0.1048465274310112 0
1652429097296 0.10597633714526891 0
1652429118918 0.10047555691510439 0
1652429140527 0.09296164230585098 0
1652429161726 0.09051645980939269 0
1652429183200 0.09220746365971863 0
1652429205045 0.08858251721560954 0
1652429226512 0.09072099989518523 0
1652429247641 0.08330802441090346 0
1652429269166 0.0816302037101984 0
1652429290612 0.08127903714492916 0
1652429311574 0.08328107923537492 0
1652429333192 0.08581294708669186 0
