1651339070127 0.536 0
1651339074273 0.7652 0
1651339078405 0.8456 0
1651339082430 0.9016 0
1651339086467 0.926 0
1651339090678 0.9588 0
1651339094860 0.9736 0
1651339098959 0.9788 0
1651339103058 0.9828 0
1651339107078 0.9916 0
1651339111215 0.994 0
1651339115364 0.9932 0
1651339119404 0.9924 0
1651339123470 0.9916 0
1651339127577 0.9924 0
1651339131683 0.9928 0
1651339135831 0.9852 0
1651339140030 0.9904 0
1651339144040 0.9912 0
1651339148191 0.992 0
1651339152250 0.9932 0
1651339156261 0.996 0
1651339160336 0.9952 0
1651339164371 0.9936 0
1651339168396 0.998 0
1651339172366 0.9908 0
1651339176420 0.9932 0
1651339180565 0.9916 0
1651339184770 0.9952 0
1651339188883 0.9984 0
1651339193020 0.9976 0
1651339197062 0.9928 0
1651339201179 0.9932 0
1651339205260 1.0 0
1651339209309 0.9988 0
1651339213358 0.9924 0
1651339217482 0.9952 0
1651339221599 0.9924 0
1651339225648 0.9964 0
1651339229640 0.9948 0
1651339235952 0.426 0
1651339239438 0.6532 0
1651339242942 0.7488 0
1651339246372 0.8224 0
1651339249760 0.8688 0
1651339253192 0.9176 0
1651339256669 0.9524 0
1651339260171 0.9596 0
1651339263660 0.9852 0
1651339267143 0.9816 0
1651339270584 0.9828 0
1651339274108 0.9864 0
1651339277641 0.9876 0
1651339281198 0.9868 0
1651339284692 0.986 0
1651339288154 0.9856 0
1651339291575 0.986 0
1651339295032 0.9896 0
1651339298550 0.9824 0
1651339302052 0.9868 0
1651339305568 0.9952 0
1651339309113 0.9892 0
1651339312596 0.9928 0
1651339316086 0.99 0
1651339319629 0.9964 0
1651339323125 0.9956 0
1651339326619 0.9928 0
1651339330101 0.988 0
1651339333625 0.9936 0
1651339337141 0.9944 0
1651339340617 0.986 0
1651339344100 0.99 0
1651339347507 0.9964 0
1651339350976 0.9896 0
1651339354494 0.9976 0
1651339357967 0.9912 0
1651339361414 0.9956 0
1651339364934 0.9928 0
1651339368447 0.9932 0
1651339371943 0.9928 0
1651339381267 0.6856 0
1651339384793 0.8664 0
1651339388231 0.9264 0
1651339391684 0.9492 0
1651339395084 0.9664 0
1651339398531 0.9796 0
1651339401994 0.9816 0
1651339405451 0.9904 0
1651339408835 0.9908 0
1651339412324 0.996 0
1651339415773 0.998 0
1651339419292 0.9956 0
1651339422789 0.9944 0
1651339426324 0.984 0
1651339429767 0.9976 0
1651339433281 0.9936 0
1651339436786 0.9964 0
1651339440287 0.9956 0
1651339443741 0.9964 0
1651339447198 0.9912 0
1651339450660 0.9944 0
1651339454132 0.9984 0
1651339457580 1.0 0
1651339461062 1.0 0
1651339464540 1.0 0
1651339467913 1.0 0
1651339471356 1.0 0
1651339474823 1.0 0
1651339478306 1.0 0
1651339481851 1.0 0
1651339485382 1.0 0
1651339488860 1.0 0
1651339492345 1.0 0
1651339495875 1.0 0
1651339499355 1.0 0
1651339502796 1.0 0
1651339506314 1.0 0
1651339509786 1.0 0
1651339513227 1.0 0
1651339516715 1.0 0
1651339529038 0.5096 0
1651339532666 0.7116 0
1651339536289 0.7944 0
1651339539907 0.8448 0
1651339543487 0.9004 0
1651339547139 0.9304 0
1651339550745 0.9488 0
1651339554266 0.9632 0
1651339557805 0.9756 0
1651339561376 0.974 0
1651339564962 0.984 0
1651339568511 0.9896 0
1651339572125 0.9848 0
1651339575721 0.9804 0
1651339579294 0.9896 0
1651339582932 0.9932 0
1651339586525 0.9964 0
1651339590146 0.988 0
1651339593745 0.992 0
1651339597312 0.9884 0
1651339600922 0.9872 0
1651339604479 0.9844 0
1651339608010 0.9884 0
1651339611564 0.9888 0
1651339615114 0.9856 0
1651339618609 0.9976 0
1651339622134 0.9992 0
1651339625701 0.9996 0
1651339629325 0.9832 0
1651339632918 0.9924 0
1651339636492 0.9856 0
1651339640090 0.9916 0
1651339643659 0.9896 0
1651339647246 0.994 0
1651339650772 0.9956 0
1651339654349 0.986 0
1651339657937 0.994 0
1651339661537 0.9976 0
1651339665125 0.9948 0
1651339668611 0.992 0
1651339683978 0.6596 0
1651339687568 0.8552 0
1651339691182 0.8976 0
1651339694807 0.9372 0
1651339698306 0.958 0
1651339701884 0.9772 0
1651339705479 0.9784 0
1651339709118 0.9852 0
1651339712747 0.986 0
1651339716322 0.9904 0
1651339719966 0.986 0
1651339723560 0.9932 0
1651339727114 0.9924 0
1651339730706 0.9928 0
1651339734358 0.9896 0
1651339737975 0.9976 0
1651339741521 0.9952 0
1651339745088 0.9956 0
1651339748622 0.9968 0
1651339752196 0.996 0
1651339755767 0.9876 0
1651339759321 0.9932 0
1651339762983 0.9968 0
1651339766549 0.99 0
1651339770168 0.9944 0
1651339773773 0.996 0
1651339777427 1.0 0
1651339780955 0.9996 0
1651339784466 0.9996 0
1651339787989 1.0 0
1651339791581 1.0 0
1651339795194 1.0 0
1651339798760 1.0 0
1651339802476 1.0 0
1651339806062 1.0 0
1651339809645 1.0 0
1651339813260 1.0 0
1651339816791 1.0 0
1651339820405 1.0 0
1651339823963 1.0 0
1651339842448 0.6356 0
1651339846047 0.7884 0
1651339849608 0.8416 0
1651339853176 0.8852 0
1651339856664 0.9244 0
1651339860251 0.9488 0
1651339863856 0.9696 0
1651339867447 0.9728 0
1651339871042 0.9808 0
1651339874657 0.9812 0
1651339878303 0.99 0
1651339881899 0.9888 0
1651339885470 0.9892 0
1651339889023 0.9888 0
1651339892608 0.9964 0
1651339896247 0.9884 0
1651339899870 0.9924 0
1651339903450 0.9924 0
1651339907077 0.9912 0
1651339910634 0.9908 0
1651339914233 0.9848 0
1651339917774 0.9936 0
1651339921427 0.9924 0
1651339925079 0.9976 0
1651339928701 0.9992 0
1651339932311 1.0 0
1651339935921 0.9928 0
1651339939489 0.9896 0
1651339943098 0.9892 0
1651339946647 0.9908 0
1651339950257 0.996 0
1651339953859 0.9936 0
1651339957474 0.994 0
1651339961079 0.996 0
1651339964732 0.9972 0
1651339968307 1.0 0
1651339971886 1.0 0
1651339975550 0.9952 0
1651339979141 0.9836 0
1651339982760 0.9968 0
1651340004428 0.6796 0
1651340008051 0.8432 0
1651340011669 0.8904 0
1651340015109 0.9196 0
1651340018676 0.952 0
1651340022323 0.9572 0
1651340025911 0.972 0
1651340029446 0.9736 0
1651340033007 0.9828 0
1651340036597 0.994 0
1651340040224 0.992 0
1651340043836 0.9928 0
1651340047406 0.9908 0
1651340050994 0.992 0
1651340054618 0.9888 0
1651340058252 0.9952 0
1651340061797 0.9916 0
1651340065416 0.9916 0
1651340069037 0.992 0
1651340072602 0.9888 0
1651340076179 0.9956 0
1651340079741 0.9896 0
1651340083372 0.9984 0
1651340086995 0.9972 0
1651340090601 1.0 0
1651340094206 0.9932 0
1651340097786 0.9936 0
1651340101403 0.9948 0
1651340104993 0.9968 0
1651340108636 0.996 0
1651340112217 0.9968 0
1651340115876 0.9968 0
1651340119514 0.9968 0
1651340123140 0.9956 0
1651340126673 0.9988 0
1651340130314 0.996 0
1651340133924 0.994 0
1651340137538 0.9944 0
1651340141084 0.9964 0
1651340144691 1.0 0
1651340169443 0.5288 0
1651340173140 0.7112 0
1651340176828 0.7992 0
1651340180513 0.8512 0
1651340184244 0.8964 0
1651340187971 0.9328 0
1651340191682 0.9552 0
1651340195398 0.966 0
1651340199130 0.9772 0
1651340202753 0.9832 0
1651340206507 0.9808 0
1651340210249 0.988 0
1651340213931 0.9808 0
1651340217605 0.9812 0
1651340221332 0.986 0
1651340224999 0.9868 0
1651340228729 0.9876 0
1651340232403 0.9932 0
1651340236084 0.9856 0
1651340239727 0.992 0
1651340243370 0.9944 0
1651340247072 0.992 0
1651340250844 0.9916 0
1651340254501 0.9896 0
1651340258207 0.9896 0
1651340261898 0.9928 0
1651340265628 0.992 0
1651340269291 0.9932 0
1651340272971 0.9884 0
1651340276647 0.9884 0
1651340280380 0.9976 0
1651340284118 0.9956 0
1651340287884 0.9852 0
1651340291557 0.9904 0
1651340295229 0.998 0
1651340298908 0.9956 0
1651340302628 0.9984 0
1651340306328 0.9972 0
1651340310026 0.986 0
1651340313716 0.9872 0
1651340341838 0.6808 0
1651340345455 0.8528 0
1651340349024 0.9124 0
1651340352646 0.9336 0
1651340356253 0.9536 0
1651340359904 0.9728 0
1651340363529 0.9796 0
1651340367132 0.9844 0
1651340370727 0.9852 0
1651340374345 0.982 0
1651340378001 0.9952 0
1651340381591 0.9908 0
1651340385172 0.994 0
1651340388829 0.994 0
1651340392477 0.9876 0
1651340396123 0.9936 0
1651340399806 0.9988 0
1651340403436 0.9976 0
1651340407025 0.9944 0
1651340410701 0.9908 0
1651340414397 0.992 0
1651340417977 0.9984 0
1651340421569 1.0 0
1651340425231 0.9996 0
1651340428869 0.9992 0
1651340432500 0.9984 0
1651340436163 0.9804 0
1651340439818 0.9892 0
1651340443409 0.996 0
1651340446980 0.996 0
1651340450522 0.9972 0
1651340454097 0.9948 0
1651340457740 0.9944 0
1651340461402 0.9904 0
1651340465040 0.9956 0
1651340468670 0.9992 0
1651340472298 0.9964 0
1651340475939 0.9952 0
1651340479569 0.9972 0
1651340483179 0.998 0
1651340514385 0.5196 0
1651340518123 0.7 0
1651340521820 0.7848 0
1651340525484 0.846 0
1651340529131 0.8992 0
1651340532814 0.9236 0
1651340536508 0.9508 0
1651340540214 0.9648 0
1651340543910 0.9704 0
1651340547631 0.9752 0
1651340551284 0.982 0
1651340555012 0.9836 0
1651340558752 0.9836 0
1651340562506 0.9908 0
1651340566199 0.9884 0
1651340569922 0.988 0
1651340573641 0.9888 0
1651340577365 0.992 0
1651340581064 0.9856 0
1651340584770 0.9868 0
1651340588463 0.9848 0
1651340592181 0.9876 0
1651340595863 0.9892 0
1651340599521 0.996 0
1651340603229 0.9924 0
1651340606965 0.9872 0
1651340610699 0.9972 0
1651340614398 0.9916 0
1651340618145 0.994 0
1651340621778 0.9884 0
1651340625449 0.996 0
1651340629060 0.9936 0
1651340632748 0.9868 0
1651340636461 0.9968 0
1651340640176 0.994 0
1651340643923 0.9888 0
1651340647683 0.9948 0
1651340651413 0.9944 0
1651340655151 0.9972 0
1651340658935 0.9892 0
1651340693599 0.6552 0
1651340697232 0.8288 0
1651340700899 0.89 0
1651340704621 0.9256 0
1651340708397 0.9604 0
1651340712031 0.9672 0
1651340715696 0.982 0
1651340719288 0.982 0
1651340722931 0.988 0
1651340726567 0.9912 0
1651340730233 0.9896 0
1651340733893 0.9932 0
1651340737573 0.9884 0
1651340741238 0.9976 0
1651340744898 0.99 0
1651340748538 0.9944 0
1651340752171 0.9924 0
1651340755750 0.9904 0
1651340759386 0.996 0
1651340763046 0.994 0
1651340766656 0.9964 0
1651340770323 1.0 0
1651340773908 0.998 0
1651340777519 0.9976 0
1651340781104 0.9812 0
1651340784780 0.994 0
1651340788499 0.9988 0
1651340792086 0.996 0
1651340795755 0.9944 0
1651340799364 0.9992 0
1651340803045 0.9936 0
1651340806708 0.9932 0
1651340810337 0.9972 0
1651340813954 0.9916 0
1651340817565 1.0 0
1651340821173 0.9996 0
1651340824757 0.9936 0
1651340828376 0.9936 0
1651340832000 0.9944 0
1651340835650 0.996 0
1651340873248 0.638 0
1651340876914 0.8132 0
1651340880586 0.8744 0
1651340884220 0.9068 0
1651340887871 0.9436 0
1651340891547 0.9576 0
1651340895226 0.9736 0
1651340898903 0.98 0
1651340902513 0.9804 0
1651340906294 0.9936 0
1651340909954 0.9932 0
1651340913587 0.9952 0
1651340917234 0.99 0
1651340920895 0.992 0
1651340924574 0.9944 0
1651340928227 0.9892 0
1651340931865 0.9952 0
1651340935548 0.9948 0
1651340939207 0.9984 0
1651340942795 0.9924 0
1651340946419 0.9976 0
1651340950126 0.9896 0
1651340953802 0.9936 0
1651340957412 0.99 0
1651340960954 0.996 0
1651340964639 0.9976 0
1651340968282 0.9876 0
1651340971959 0.9948 0
1651340975608 0.9892 0
1651340979279 0.9944 0
1651340982943 0.996 0
1651340986632 0.9968 0
1651340990266 0.9948 0
1651340993824 0.9952 0
1651340997435 1.0 0
1651341001094 1.0 0
1651341004734 1.0 0
1651341008357 1.0 0
1651341012059 1.0 0
1651341015698 1.0 0
1651341056743 0.6584 0
1651341060476 0.852 0
1651341064132 0.908 0
1651341067803 0.9308 0
1651341071486 0.9568 0
1651341075193 0.972 0
1651341078843 0.9796 0
1651341082493 0.9824 0
1651341086179 0.9836 0
1651341089861 0.9848 0
1651341093542 0.9884 0
1651341097193 0.994 0
1651341100836 0.9952 0
1651341104464 0.9872 0
1651341108153 0.99 0
1651341111821 0.9912 0
1651341115426 0.9964 0
1651341119075 0.9952 0
1651341122814 0.9968 0
1651341126493 0.9972 0
1651341130126 0.9988 0
1651341133690 0.9868 0
1651341137317 0.9916 0
1651341140912 0.9996 0
1651341144586 0.996 0
1651341148226 0.9884 0
1651341151900 0.998 0
1651341155586 0.9924 0
1651341159217 0.9956 0
1651341162884 0.9988 0
1651341166517 0.9968 0
1651341170152 0.9964 0
1651341173842 0.996 0
1651341177487 0.9956 0
1651341181105 0.9992 0
1651341184769 0.9872 0
1651341188340 0.994 0
1651341192003 0.9984 0
1651341195680 0.9988 0
1651341199355 1.0 0
1651341243719 0.5436 0
1651341247452 0.6992 0
1651341251220 0.7992 0
1651341255006 0.8528 0
1651341258746 0.8896 0
1651341262535 0.9244 0
1651341266278 0.9428 0
1651341270050 0.9624 0
1651341273793 0.9732 0
1651341277529 0.9812 0
1651341281289 0.9796 0
1651341284995 0.9812 0
1651341288710 0.9776 0
1651341292482 0.9928 0
1651341296269 0.9892 0
1651341300055 0.9868 0
1651341303726 0.9904 0
1651341307388 0.99 0
1651341311146 0.9876 0
1651341314917 0.9852 0
1651341318597 0.9896 0
1651341322361 0.9924 0
1651341326126 0.9952 0
1651341329906 0.9832 0
1651341333682 0.9916 0
1651341337419 0.9888 0
1651341341145 0.9872 0
1651341344843 0.9984 0
1651341348548 0.9972 0
1651341352356 0.998 0
1651341356063 0.9868 0
1651341359786 0.9864 0
1651341363478 1.0 0
1651341367213 0.9916 0
1651341371022 0.9856 0
1651341374784 0.9964 0
1651341378535 0.988 0
1651341382266 0.9956 0
1651341386018 0.9984 0
1651341389721 0.9836 0
1651341437313 0.6332 0
1651341440982 0.8052 0
1651341444635 0.8512 0
1651341448307 0.9096 0
1651341451974 0.9376 0
1651341455690 0.9568 0
1651341459324 0.9716 0
1651341463003 0.9724 0
1651341466663 0.984 0
1651341470349 0.9852 0
1651341473993 0.9884 0
1651341477678 0.9908 0
1651341481326 0.9948 0
1651341484955 0.9888 0
1651341488557 0.996 0
1651341492209 0.984 0
1651341495889 0.9932 0
1651341499553 0.9888 0
1651341503262 0.994 0
1651341506966 0.9964 0
1651341510741 0.9952 0
1651341514420 0.9936 0
1651341518086 0.9912 0
1651341521767 0.9952 0
1651341525463 0.9988 0
1651341529129 0.9904 0
1651341532813 0.9968 0
1651341536410 0.9952 0
1651341540073 0.9948 0
1651341543726 0.9968 0
1651341547448 0.9924 0
1651341551196 0.9908 0
1651341554845 0.9964 0
1651341558483 0.9968 0
1651341562047 0.9948 0
1651341565650 0.9932 0
1651341569313 0.9976 0
1651341572958 0.9992 0
1651341576651 0.9968 0
1651341580312 0.9972 0
1651341631137 0.5828 0
1651341634854 0.7504 0
1651341638640 0.8264 0
1651341642378 0.8788 0
1651341646115 0.9188 0
1651341649954 0.9392 0
1651341653696 0.9548 0
1651341657441 0.9756 0
1651341661242 0.9824 0
1651341665028 0.9796 0
1651341668788 0.988 0
1651341672591 0.9828 0
1651341676321 0.9848 0
1651341680080 0.9956 0
1651341683832 0.9928 0
1651341687525 0.9928 0
1651341691278 0.99 0
1651341695080 0.9936 0
1651341698833 0.988 0
1651341702646 0.9908 0
1651341706490 0.9964 0
1651341710223 0.9936 0
1651341713914 0.9876 0
1651341717667 0.9892 0
1651341721397 0.9896 0
1651341725122 0.996 0
1651341728902 0.9908 0
1651341732685 0.9932 0
1651341736449 0.9952 0
1651341740238 0.9944 0
1651341744004 0.9968 0
1651341747759 0.9972 0
1651341751507 0.9944 0
1651341755229 0.986 0
1651341759019 0.9952 0
1651341762817 0.9952 0
1651341766528 0.9908 0
1651341770354 0.996 0
1651341774150 0.9984 0
1651341777947 1.0 0
1651341832279 0.432 0
1651341836043 0.6092 0
1651341839883 0.6972 0
1651341843654 0.7592 0
1651341847413 0.8196 0
1651341851174 0.8676 0
1651341854978 0.9036 0
1651341858758 0.9384 0
1651341862518 0.95 0
1651341866342 0.9648 0
1651341870108 0.9696 0
1651341873859 0.9772 0
1651341877597 0.9844 0
1651341881330 0.9852 0
1651341885022 0.9836 0
1651341888854 0.9836 0
1651341892670 0.9904 0
1651341896423 0.9896 0
1651341900171 0.984 0
1651341903967 0.9948 0
1651341907730 0.9916 0
1651341911466 0.984 0
1651341915276 0.982 0
1651341919043 0.986 0
1651341922872 0.9848 0
1651341926683 0.9892 0
1651341930387 0.9876 0
1651341934085 0.9836 0
1651341937901 0.9912 0
1651341941670 0.9904 0
1651341945483 0.9968 0
1651341949243 0.9928 0
1651341953040 0.9856 0
1651341956863 0.99 0
1651341960710 0.9896 0
1651341964556 0.9916 0
1651341968376 0.9932 0
1651341972158 0.998 0
1651341975934 0.9876 0
1651341979620 0.9892 0
1651342037132 0.5016 0
1651342040872 0.7064 0
1651342044637 0.7988 0
1651342048473 0.8516 0
1651342052156 0.9016 0
1651342055882 0.9312 0
1651342059610 0.9516 0
1651342063385 0.9632 0
1651342067150 0.9772 0
1651342070882 0.9724 0
1651342074597 0.9868 0
1651342078391 0.9816 0
1651342082131 0.982 0
1651342085919 0.9896 0
1651342089690 0.9864 0
1651342093466 0.9844 0
1651342097248 0.9896 0
1651342101037 0.9956 0
1651342104893 0.982 0
1651342108645 0.9904 0
1651342112398 0.9904 0
1651342116141 0.9884 0
1651342119965 0.9876 0
1651342123787 0.99 0
1651342127534 0.9872 0
1651342131356 0.9916 0
1651342135119 0.9888 0
1651342138933 0.9896 0
1651342142750 0.994 0
1651342146560 0.9976 0
1651342150341 0.9992 0
1651342154131 0.9828 0
1651342157962 0.9952 0
1651342161710 0.9904 0
1651342165460 0.99 0
1651342169304 0.9928 0
1651342173107 0.988 0
1651342176942 0.9948 0
1651342180782 0.9924 0
1651342184545 0.9892 0
1651342245671 0.4552 0
1651342249442 0.6512 0
1651342253193 0.718 0
1651342256932 0.7904 0
1651342260845 0.8388 0
1651342264612 0.8912 0
1651342268337 0.9236 0
1651342272076 0.928 0
1651342275855 0.95 0
1651342279658 0.9724 0
1651342283424 0.976 0
1651342287200 0.9844 0
1651342290970 0.98 0
1651342294753 0.9796 0
1651342298559 0.9836 0
1651342302326 0.9808 0
1651342306048 0.99 0
1651342309810 0.9884 0
1651342313566 0.982 0
1651342317306 0.9892 0
1651342321073 0.9944 0
1651342324883 0.9868 0
1651342328635 0.9788 0
1651342332341 0.9876 0
1651342336156 0.9852 0
1651342339945 0.9936 0
1651342343669 0.9892 0
1651342347510 0.9924 0
1651342351287 0.9876 0
1651342355102 0.992 0
1651342358946 0.9904 0
1651342362763 0.99 0
1651342366535 0.99 0
1651342370460 0.9888 0
1651342374227 0.9908 0
1651342378030 0.9932 0
1651342381910 0.9928 0
1651342385704 0.9928 0
1651342389472 0.986 0
1651342393241 0.9964 0
1651342458127 0.6248 0
1651342461880 0.8112 0
1651342465580 0.8636 0
1651342469320 0.9032 0
1651342473010 0.942 0
1651342476744 0.9584 0
1651342480472 0.9704 0
1651342484193 0.9768 0
1651342487942 0.9788 0
1651342491655 0.9868 0
1651342495297 0.9828 0
1651342498952 0.9932 0
1651342502663 0.9956 0
1651342506416 0.9928 0
1651342510127 0.9952 0
1651342513808 0.9908 0
1651342517599 0.9936 0
1651342521288 0.9864 0
1651342525005 0.9956 0
1651342528709 0.9936 0
1651342532440 0.9924 0
1651342536167 0.9916 0
1651342539915 0.9896 0
1651342543689 0.9888 0
1651342547356 0.9968 0
1651342551065 0.9992 0
1651342554865 0.9896 0
1651342558616 0.9976 0
1651342562329 0.9988 0
1651342566027 0.9928 0
1651342569791 0.9928 0
1651342573525 0.9924 0
1651342577244 0.9916 0
1651342580979 0.9968 0
1651342584649 0.9988 0
1651342588393 0.9944 0
1651342592072 0.9992 0
1651342595832 0.9968 0
1651342599603 0.9936 0
1651342603322 0.9932 0
