1652022012475 1.4099531843185424 0
1652022017135 0.9983692699432373 0
1652022021946 0.7335583270534873 0
1652022026721 0.6464783824920655 0
1652022031510 0.448064296412468 0
1652022036316 0.36805485053062437 0
1652022040926 0.36147749037742616 0
1652022045744 0.3214005577608943 0
1652022050514 0.3038856891963631 0
1652022055384 0.2257801105439663 0
1652022060124 0.17359966203644872 0
1652022064841 0.1307486301422119 0
1652022069663 0.15454172376543285 0
1652022074430 0.13950390836969018 0
1652022079254 0.08666162150129676 0
1652022084050 0.07629176964201033 0
1652022088815 0.18474774421453477 0
1652022093515 0.09007408256605268 0
1652022098295 0.07449068394806237 0
1652022103046 0.05192367609422654 0
1652022107826 0.07269340709317476 0
1652022112681 0.061989160808548334 0
1652022117526 0.0416114068117924 0
1652022122410 0.050067458532593444 0
1652022127299 0.04431416921153432 0
1652022131994 0.030350562981748954 0
1652022136742 0.03545881929804454 0
1652022141461 0.030976949882518964 0
1652022146185 0.020458930782275276 0
1652022150999 0.02682868840485753 0
1652022155747 0.01953659210551996 0
1652022160548 0.03284215391022153 0
1652022165346 0.01864988650577143 0
1652022170223 0.02022886185810785 0
1652022174962 0.015650515252689366 0
1652022179781 0.01825603727491107 0
1652022184529 0.017691837937023957 0
1652022189328 0.009281525417114607 0
1652022194143 0.0025576114840601804 0
1652022198935 0.008050302753244977 0
1652022203630 0.011982217746973037 0
1652022208478 0.01024997199907666 0
1652022213331 0.02817205299672205 0
1652022218105 0.016022125213968685 0
1652022222855 0.006168546326088835 0
1652022227626 0.016047818358021323 0
1652022232375 0.011395315156388097 0
1652022237153 0.018833320984139573 0
1652022242022 0.004285920930271459 0
1652022246786 0.011154035618761554 0
1652022261960 0.7082332313441317 0
1652022277054 0.5342301900029564 0
1652022291963 0.4199264778117133 0
1652022306906 0.34039121643243936 0
1652022321630 0.25626266781606394 0
1652022336571 0.19659438410570215 0
1652022351628 0.15299754676015873 0
1652022366622 0.11380607723678386 0
1652022381642 0.0978175294715599 0
1652022396389 0.0712549270049677 0
1652022411139 0.06036500298716901 0
1652022425958 0.04405886288781532 0
1652022440994 0.034616937741179375 0
1652022455862 0.02948243233857636 0
1652022470915 0.030571732429619535 0
1652022485802 0.026415563655826906 0
1652022500615 0.028036921132907438 0
1652022515497 0.0205640671904818 0
1652022530356 0.01723850216862953 0
1652022545018 0.009961381523618333 0
1652022559907 0.019941794265976587 0
1652022574893 0.017324283972890944 0
1652022590200 0.020304776247161913 0
1652022605012 0.011005590867242981 0
1652022619983 0.00732080914307399 0
1652022634912 0.007003008685664163 0
1652022649777 0.009460790505177874 0
1652022664763 0.011593591073757976 0
1652022679437 0.013845375985154661 0
1652022694612 0.013718501282655185 0
1652022709496 0.00804489812705367 0
1652022724297 0.0075313743745748524 0
1652022739172 0.006849617448255215 0
1652022754234 0.0038979854748994246 0
1652022769232 0.0070751040266861685 0
1652022784156 0.004429970813626371 0
1652022799042 0.005140691994227088 0
1652022814153 0.007976976242429277 0
1652022829058 0.0064274830759604405 0
1652022844047 0.00593435944080578 0
1652022859183 0.004261137058412848 0
1652022874179 0.001724259324922488 0
1652022889263 0.003189703580051518 0
1652022904136 0.0013777550323031517 0
1652022919088 0.001216423680546585 0
1652022933762 0.001039559461018171 0
1652022948747 0.0008582553190494318 0
1652022963615 0.0013559638628284506 0
1652022978622 0.009794734312568517 0
1652022993514 0.0020619641597287865 0
1652023013532 0.651271860841409 0
1652023032866 0.47035483787607785 0
1652023052392 0.36495363632037175 0
1652023071686 0.28973545395700057 0
1652023091108 0.20478163006680541 0
1652023110553 0.16424507723269421 0
1652023129881 0.1287133014803278 0
1652023148985 0.11367637846999447 0
1652023168317 0.09260882122675515 0
1652023187410 0.08051359985196177 0
1652023206789 0.061153337342704735 0
1652023226222 0.04101885304840524 0
1652023245540 0.04120717111585479 0
1652023265008 0.034113004443169545 0
1652023284344 0.02875203779115916 0
1652023303813 0.02953407112345492 0
1652023323062 0.027769331035783242 0
1652023342439 0.018982531382432482 0
1652023361564 0.015530502524543539 0
1652023381105 0.014517073334173907 0
1652023400395 0.021619205078420786 0
1652023419849 0.02301736361200714 0
1652023439234 0.018569948395687406 0
1652023458897 0.04021229601505302 0
1652023478360 0.030114138169724757 0
1652023497802 0.018300861682139295 0
1652023517135 0.018015587892764636 0
1652023536390 0.01185784343178908 0
1652023555570 0.006206548160294343 0
1652023575009 0.012171117351959027 0
1652023594226 0.02025816040318898 0
1652023613695 0.017993721311363033 0
1652023633047 0.008062815222872832 0
1652023652498 0.010217644319017042 0
1652023671776 0.009093061164679289 0
1652023691138 0.007450806558970585 0
1652023710636 0.02835846194645861 0
1652023730050 0.010999802819152898 0
1652023749376 0.007105561845100813 0
1652023768655 0.012885997447958967 0
1652023788265 0.012385566658996334 0
1652023807712 0.006134207794239859 0
1652023826983 0.011419548531819554 0
1652023846699 0.00937410435791786 0
1652023866295 0.007968546292898435 0
1652023885559 0.005181037451189639 0
1652023905084 0.004255603989329805 0
1652023924552 0.0028088057065473277 0
1652023943803 0.003451929819388858 0
1652023963310 0.007852729360575038 0
1652023987694 0.47304553459476495 0
1652024011546 0.25293702289688047 0
1652024035277 0.15590279642715515 0
1652024059249 0.11751769848483044 0
1652024082883 0.07894200888437837 0
1652024106420 0.050766211275103466 0
1652024130052 0.047478140355589525 0
1652024153761 0.029780122603483776 0
1652024177291 0.020262901554165106 0
1652024201201 0.013267787497086304 0
1652024224633 0.011000483064352574 0
1652024248377 0.006253039664202366 0
1652024271725 0.007702785483706395 0
1652024295673 0.004381048318603673 0
1652024319323 0.0043260617641002206 0
1652024342865 0.007345351267203537 0
1652024366720 0.004178408490968103 0
1652024390599 0.004247604286300386 0
1652024414583 0.0023683383856459273 0
1652024438418 0.0020788765835916922 0
1652024462085 0.0017796188466275425 0
1652024485664 0.0013412505378550869 0
1652024509203 0.003260385952217256 0
1652024533092 0.0028690349990546597 0
1652024556996 0.002332292374517807 0
1652024580801 0.0017133566071219884 0
1652024604351 0.0012684296283752754 0
1652024627870 0.0011121297664145053 0
1652024651481 0.0009742629553019667 0
1652024674979 0.0007177132871163621 0
1652024698532 0.000765405281187936 0
1652024722258 0.0019806211140041712 0
1652024746091 0.0014390960698635136 0
1652024769836 0.0009206062387091577 0
1652024793394 0.0008572333334439345 0
1652024817125 0.0039057811969390966 0
1652024840933 0.0014317762887559487 0
1652024864499 0.002921367450992607 0
1652024887969 0.0020925493098695814 0
1652024911567 0.0014753450046041468 0
1652024935382 0.0019254681891378933 0
1652024959298 0.0016607584303366845 0
1652024983060 0.0007268891714801135 0
1652025007019 0.0004771154747658215 0
1652025030824 0.0004044817511125335 0
1652025054655 0.0016659963573589297 0
1652025078419 0.0020915534677495326 0
1652025102455 0.004457062385827288 0
1652025126168 0.002098004661505285 0
1652025149603 0.0025813347415049787 0
1652025178866 0.6930332379586585 0
1652025206925 0.5171253405755173 0
1652025235050 0.3853682582248047 0
1652025263196 0.29843186089696166 0
1652025291456 0.23033784055474368 0
1652025319371 0.16349615887735047 0
1652025347213 0.12485805370585498 0
1652025375101 0.10437009055970173 0
1652025403166 0.061470586625176814 0
1652025431048 0.059331185449768044 0
1652025458738 0.060918562027275656 0
1652025486784 0.045048360578293624 0
1652025514667 0.03713036724161847 0
1652025542889 0.030437994829928303 0
1652025571005 0.033169022101629454 0
1652025599093 0.03162959870703575 0
1652025627156 0.02150220133465286 0
1652025655158 0.015297540651927186 0
1652025683025 0.01879392672703265 0
1652025711209 0.01553502186749306 0
1652025739210 0.013754983924081027 0
1652025767084 0.008945895821794106 0
1652025795475 0.014733318959404428 0
1652025823805 0.019069854827324213 0
1652025851826 0.007067289181850428 0
1652025879681 0.01145981493571748 0
1652025907597 0.01135158371693155 0
1652025935540 0.01765136629568245 0
1652025963443 0.006939453148985087 0
1652025991053 0.003932721418490617 0
1652026018952 0.006091023662121236 0
1652026046937 0.007190381746768137 0
1652026074944 0.00641449963785812 0
1652026102758 0.0051620840708184795 0
1652026130622 0.005072802006564693 0
1652026158546 0.006311150486800293 0
1652026186549 0.009449927532652962 0
1652026214388 0.005232103498745858 0
1652026242497 0.005838607029944022 0
1652026270636 0.0045224894652981535 0
1652026298757 0.0075027784234149185 0
1652026326712 0.009342144208485283 0
1652026354972 0.008318153447739137 0
1652026383011 0.012030336415508118 0
1652026410859 0.009162343063868183 0
1652026438956 0.0053425861621225 0
1652026466592 0.0025549606837819835 0
1652026494577 0.0019754148446096305 0
1652026522819 0.005546750368030871 0
1652026551019 0.004849527338805853 0
