1651798044623 1.5774029258728028 0
1651798047605 1.3358406105041505 0
1651798050648 1.1018394040107726 0
1651798053666 0.9583018660545349 0
1651798056700 0.8731967258453369 0
1651798059802 0.7708074743747712 0
1651798062909 0.7097159965515136 0
1651798065937 0.6401124695301056 0
1651798069000 0.5773036044359208 0
1651798072082 0.5163996434211731 0
1651798075131 0.4748777891159058 0
1651798078249 0.4341704269886017 0
1651798081189 0.4014733871459961 0
1651798084146 0.36328544931411744 0
1651798087107 0.3369485793590546 0
1651798090089 0.3095110174417496 0
1651798093132 0.28096018509864806 0
1651798095976 0.2632883317232132 0
1651798098889 0.22167288178801536 0
1651798101885 0.204148956489563 0
1651798104924 0.1981495528459549 0
1651798108001 0.17796928403377532 0
1651798110914 0.15575413026809692 0
1651798113868 0.12852841455340386 0
1651798116806 0.12285117000713944 0
1651798119768 0.10038009650707246 0
1651798122704 0.09259117321372032 0
1651798125712 0.08311081250905991 0
1651798128663 0.07387126960754395 0
1651798131600 0.07224726707190275 0
1651798134690 0.06731071839928628 0
1651798137653 0.05524900937005878 0
1651798140588 0.048428931641578674 0
1651798143489 0.036651994812488556 0
1651798146457 0.04702935131378472 0
1651798149547 0.0349627022691071 0
1651798152597 0.04455383046269417 0
1651798155635 0.03213868319988251 0
1651798158646 0.061792740462720396 0
1651798161519 0.02907651441767812 0
1651798164525 0.030126839845627546 0
1651798167557 0.027917050030827523 0
1651798170445 0.02556239618360996 0
1651798173368 0.019680574965663254 0
1651798176393 0.01694259378015995 0
1651798179383 0.019842514929175378 0
1651798182371 0.01997928926348686 0
1651798185341 0.01893581250309944 0
1651798188421 0.013627932968735695 0
1651798191344 0.012334815694391727 0
1651798197702 1.5390074602127075 0
1651798201106 1.2991288236618042 0
1651798204334 1.146861280441284 0
1651798207844 1.039875014591217 0
1651798211179 0.9503331429481506 0
1651798214431 0.8869761951446533 0
1651798217840 0.7951251243591309 0
1651798221236 0.7487777604103089 0
1651798224615 0.6946232717990876 0
1651798227949 0.6153058012962341 0
1651798231272 0.5811666841506958 0
1651798234629 0.5081959443092346 0
1651798238087 0.4704563962936401 0
1651798241361 0.4371400453567505 0
1651798244787 0.4041999985218048 0
1651798248024 0.3564248573541641 0
1651798251418 0.32070627965927123 0
1651798254742 0.2953529822349548 0
1651798258170 0.2610067791223526 0
1651798261588 0.23145323860645295 0
1651798264994 0.20263592139482497 0
1651798268370 0.17947645715475083 0
1651798271745 0.1772014684677124 0
1651798275141 0.1871013456583023 0
1651798278560 0.15761936613321303 0
1651798281962 0.1393791749238968 0
1651798285293 0.1426156641960144 0
1651798288723 0.13827232341766357 0
1651798292051 0.1301432345867157 0
1651798295295 0.16594112949371337 0
1651798298580 0.12878542885780334 0
1651798301930 0.1392575909614563 0
1651798305330 0.11569071733951569 0
1651798308585 0.11375824226140976 0
1651798311943 0.10501443839073181 0
1651798315296 0.09308913878202438 0
1651798318711 0.09838993906974793 0
1651798322073 0.09576449398994445 0
1651798325455 0.09997199878692627 0
1651798328939 0.11262023929953575 0
1651798332349 0.09629160351753235 0
1651798335660 0.08781019740104676 0
1651798339109 0.10994691700935363 0
1651798342472 0.0977979010105133 0
1651798345816 0.09183563978075981 0
1651798349261 0.08917605199813843 0
1651798352729 0.09396663522720337 0
1651798356195 0.08696288776993752 0
1651798359512 0.12747186659574508 0
1651798362822 0.11095643317699433 0
1651798369503 1.5914412034988403 0
1651798373218 1.3381748113632201 0
1651798376867 1.2144500188827514 0
1651798380578 1.10213194065094 0
1651798384119 1.0355794088363648 0
1651798387674 0.9592615837097168 0
1651798391402 0.8926550629615784 0
1651798395008 0.8467046502113342 0
1651798398599 0.7979225150108338 0
1651798402358 0.7766236896514893 0
1651798405972 0.7235273866653442 0
1651798409630 0.6851264358520508 0
1651798413231 0.7245432421684265 0
1651798416922 0.6582280807495117 0
1651798420624 0.6561278506755829 0
1651798424206 0.6027646347999572 0
1651798428027 0.6391664199829101 0
1651798431814 0.579679337978363 0
1651798435697 0.5964582275390625 0
1651798439513 0.5610733119487763 0
1651798443161 0.5391321190834045 0
1651798446878 0.5404636350631714 0
1651798450656 0.5877470219135285 0
1651798454439 0.49720193176269534 0
1651798458070 0.5717221393585205 0
1651798461796 0.5391589172363281 0
1651798465532 0.5124336322784424 0
1651798469167 0.5258561948776245 0
1651798472910 0.5286918352127076 0
1651798476566 0.5113615093231201 0
1651798480104 0.5109726784229278 0
1651798483777 0.5101653118610382 0
1651798487591 0.4819432482719421 0
1651798491328 0.47051278553009035 0
1651798494883 0.4778090335845947 0
1651798498638 0.5256220888137817 0
1651798502351 0.503635502910614 0
1651798506096 0.4889168665409088 0
1651798509760 0.46104842338562013 0
1651798513377 0.6221353823184967 0
1651798517060 0.5211529469490052 0
1651798520729 0.5603434072494506 0
1651798524465 0.4869770227432251 0
1651798528111 0.44960297136306765 0
1651798531770 0.46929624252319335 0
1651798535419 0.5748627513885498 0
1651798539164 0.4936590362071991 0
1651798542969 0.45466384620666506 0
1651798546582 0.4398585501194 0
1651798550233 0.4569805862426758 0
1651798557418 1.7487285753250121 0
1651798561357 1.2743322849273682 0
1651798565327 1.0609149959564208 0
1651798569296 0.9494241793632507 0
1651798573340 0.8790504065513611 0
1651798577562 0.8193561233520508 0
1651798581395 0.8127850101470947 0
1651798585477 0.7679268543243408 0
1651798589361 0.7565569437503815 0
1651798593393 0.6956666597366333 0
1651798597286 0.6861915705680847 0
1651798601198 0.6973927857398987 0
1651798605050 0.673041851902008 0
1651798609021 0.642227883720398 0
1651798612826 0.6512807442665101 0
1651798616691 0.6436232753753662 0
1651798620596 0.6288419988632202 0
1651798624627 0.627509210395813 0
1651798628509 0.6282008926391601 0
1651798632496 0.7119764089584351 0
1651798636534 0.6346016001701354 0
1651798640492 0.6012417327880859 0
1651798644414 0.607066554069519 0
1651798648464 0.6208029020786285 0
1651798652241 0.5920990647315979 0
1651798656335 0.5903710616111756 0
1651798660175 0.5890423443317413 0
1651798664216 0.5878481968402862 0
1651798668167 0.5710171476364135 0
1651798672229 0.6125365043640136 0
1651798676233 0.5969606079101563 0
1651798680150 0.5920254312515258 0
1651798684109 0.559899502325058 0
1651798688061 0.5467438484191894 0
1651798692163 0.5662415786743165 0
1651798696201 0.5671889339447022 0
1651798700225 0.587631075668335 0
1651798704143 0.6503012326240539 0
1651798708142 0.5834782766342164 0
1651798711932 0.5678134958744049 0
1651798716004 0.5713292816162109 0
1651798719973 0.556253863954544 0
1651798724013 0.5275622049808503 0
1651798728043 0.540381261253357 0
1651798732074 0.5415755187988281 0
1651798735977 0.5442740550041198 0
1651798739952 0.6018327380180359 0
1651798743965 0.5916573543548584 0
1651798748036 0.6241744554519654 0
1651798752020 0.5726210817337036 0
1651798759609 2.0400878854751587 0
1651798763836 1.8101308403015137 0
1651798768103 1.6939390487670898 0
1651798772193 1.6038359203338624 0
1651798776424 1.5274458011627197 0
1651798780601 1.4834117456436158 0
1651798784708 1.4636068826675415 0
1651798788785 1.4249601818084716 0
1651798792936 1.4163587772369384 0
1651798797164 1.3829730026245117 0
1651798801353 1.3082262655258179 0
1651798805596 1.3151434560775757 0
1651798809830 1.278756573677063 0
1651798814123 1.3593344734191894 0
1651798818180 1.326322988128662 0
1651798822405 1.3205698698043824 0
1651798826701 1.2646872138023377 0
1651798830936 1.2382406628608704 0
1651798835184 1.1797158037185669 0
1651798839349 1.2178349418640138 0
1651798843589 1.1969287078857422 0
1651798847820 1.228504204750061 0
1651798852045 1.3017302680969238 0
1651798856157 1.2701121240615845 0
1651798860332 1.2608158199310302 0
1651798864635 1.2543013904571534 0
1651798868775 1.24166746635437 0
1651798872868 1.2133862930297852 0
1651798877101 1.2216014380455018 0
1651798881074 1.1826684141159058 0
1651798885271 1.238436040878296 0
1651798889574 1.1759463221549988 0
1651798893741 1.149921141052246 0
1651798898225 1.1893609788894652 0
1651798902426 1.3280837842941284 0
1651798906676 1.3039434326171875 0
1651798910885 1.2987568173408508 0
1651798915233 1.1387777172088622 0
1651798919361 1.213667094039917 0
1651798923512 1.225916163444519 0
1651798927713 1.1828358120918274 0
1651798931861 1.193931034183502 0
1651798935976 1.1374185733795166 0
1651798940059 1.201158031463623 0
1651798944220 1.1747120271682738 0
1651798948665 1.1975993995666503 0
1651798952871 1.263785760307312 0
1651798957127 1.2275476532936096 0
1651798961410 1.1501117307662965 0
1651798965431 1.3391943117141725 0
