1654505214445 0.5313769477960347 0
1654505228862 0.8632753289274238 0
1654505243155 0.9384587400715455 0
1654505257250 0.9608924998484205 0
1654505271569 0.9621051355120354 0
1654505286001 0.9692596859273631 0
1654505300591 0.9779906627053901 0
1654505314906 0.968835263445098 0
1654505329125 0.9767173952585946 0
1654505343966 0.9790214030194628 0
1654505363068 0.8814175135590543 0
1654505378274 0.9531883523774419 0
1654505393210 0.9648254436311937 0
1654505408397 0.962403243641725 0
1654505423634 0.9709862566478858 0
1654505438460 0.976883787057027 0
1654505453274 0.9681954610078458 0
1654505468225 0.9745142435890685 0
1654505483002 0.9765678479279659 0
1654505498283 0.9824127218155969 0
1654505521529 0.9298725913446352 0
1654505536811 0.9539854690955039 0
1654505551883 0.9712014320311677 0
1654505567040 0.9700431715278509 0
1654505582379 0.9715173212593451 0
1654505597448 0.978677477098031 0
1654505612478 0.9751500473833842 0
1654505627653 0.979888385806044 0
1654505642760 0.9739917868800674 0
1654505657965 0.984205538591134 0
1654505685662 0.8802464584759597 0
1654505700893 0.9414397809257992 0
1654505716205 0.9558691874242983 0
1654505731699 0.956395808099426 0
1654505747092 0.9612407183106009 0
1654505762273 0.9708252145979251 0
1654505777553 0.9669808836694929 0
1654505792683 0.973142345568487 0
1654505808247 0.9722997524882827 0
1654505823462 0.9756174627415872 0
1654505855296 0.9475458184116284 0
1654505870651 0.9673477986096481 0
1654505885964 0.9739835685696229 0
1654505901371 0.9721929639772487 0
1654505916351 0.98188329471245 0
1654505931708 0.9753528544343796 0
1654505947104 0.9799346955972194 0
1654505962483 0.9787234042553191 0
1654505977717 0.979250052664841 0
1654505993306 0.9795133768696018 0
