1644338484481 0.2941515061179797 0
1644338498695 0.11340455214182536 0
1644338513236 0.07499848190744718 0
1644338527665 0.05718879235684872 0
1644338542308 0.041073160244027775 0
1644338575384 0.13181343994674818 0
1644338604730 0.053020733721455875 0
1644338634434 0.03922878417260242 0
1644338663420 0.029482510300198536 0
1644338692423 0.023119177903867555 0
1644338744853 0.08435714364394993 0
1644338789991 0.03707539218819512 0
1644338835754 0.025111872221429514 0
1644338881538 0.018683443332508064 0
1644338927861 0.019577157728658538 0
1644339001988 0.06340474819014738 0
1644339064552 0.02671067973206172 0
1644339126802 0.01827731263706679 0
1644339189829 0.015031885203766126 0
1644339252819 0.01319026175988083 0
1644339348806 0.04989820792558021 0
1644339429010 0.02200136945710775 0
1644339510858 0.01668800059534468 0
1644339592443 0.013888223793710495 0
1644339673978 0.01148531706488289 0
1644339795239 0.04301348417673864 0
1644339898651 0.017903282063314603 0
1644340002387 0.013494087072668692 0
1644340105095 0.012865921275784294 0
1644340208321 0.01016850514608713 0
1644340349744 0.036026735872454876 0
1644340468892 0.01645473170172885 0
1644340587411 0.013891043097976997 0
1644340705946 0.010770592781658159 0
1644340824620 0.010507764136588237 0
1644340987273 0.03183843261006237 0
1644341124296 0.0153677277038757 0
1644341261637 0.013014880986326686 0
1644341399657 0.010547156758890206 0
1644341537096 0.009256000048125613 0
1644341724193 0.02951194358954685 0
1644341881541 0.015516651188414703 0
1644342039207 0.010989470209135077 0
1644342197267 0.01087099742441956 0
1644342355217 0.00873986044765409 0
1644342565907 0.02754534625798268 0
1644342743519 0.014414424413913175 0
1644342921649 0.010985311392886797 0
1644343099660 0.00986629536980518 0
1644343278389 0.009078632385780772 0
1644343513762 0.025807781109082776 0
1644343712172 0.012508606987855289 0
1644343910244 0.011149971328156212 0
1644344108840 0.009665235121286869 0
1644344311752 0.00875657780091649 0
1644344575270 0.02311657205034868 0
1644344789684 0.013680646303458423 0
1644345004177 0.010188152175001169 0
1644345218586 0.008986994189585788 0
1644345432732 0.00869773551156027 0
1644345716018 0.02305656019847796 0
1644345955436 0.011623032947967696 0
1644346194254 0.010901151233038064 0
1644346441295 0.008278669831773845 0
1644346691958 0.008563247373846531 0
1644347008585 0.02035475250195205 0
1644347278862 0.011301469541549009 0
1644347546762 0.009168440312521712 0
1644347814581 0.008764135927333834 0
1644348085782 0.007422208744275598 0
1644348431116 0.020748815829593807 0
1644348728679 0.011474324272716543 0
1644349025721 0.009863478899357795 0
1644349320762 0.008260273867935545 0
1644349618767 0.007892853566615378 0
1644349988810 0.019167938694906843 0
1644350304250 0.010060547750479558 0
1644350615516 0.008795161775680444 0
1644350927478 0.00847379477619561 0
1644351238942 0.0074780543167893175 0
1644351639513 0.018997048074217437 0
1644351983534 0.01103529749948525 0
1644352328004 0.009385923534447975 0
1644352670997 0.008299836611689726 0
1644353011600 0.008028030699208917 0
1644353422360 0.017570607038154395 0
1644353772185 0.010187710759539812 0
1644354121364 0.008961272715456223 0
1644354470165 0.00761776689919798 0
1644354820321 0.00796123456618289 0
1644355271278 0.01711842913265778 0
1644355657396 0.010633956022100937 0
1644356044015 0.009061129040832994 0
1644356430600 0.008400156248522169 0
1644356815976 0.008410577486611136 0
1644357288101 0.016371775427879463 0
1644357689246 0.01028864956819627 0
1644358091014 0.008727156806265651 0
1644358492154 0.008206406170199536 0
1644358892882 0.008224244766694002 0
1644359390399 0.016124261199254405 0
1644359815066 0.009666224753283045 0
1644360238991 0.008525798374534379 0
1644360663024 0.007633056781062721 0
1644361086402 0.007753771955243114 0
1644361645154 0.016489180461526608 0
1644362124514 0.010117399563647423 0
1644362605507 0.009514004347915698 0
1644363085952 0.008444430258786573 0
1644363566997 0.008194724549020798 0
1644364140635 0.015076033376229573 0
1644364633755 0.010278134971941539 0
1644365126340 0.00893679487346407 0
1644365619545 0.008140452152617461 0
1644366112604 0.007792343860346519 0
1644366702853 0.014843528650590366 0
1644367210008 0.009907342930429636 0
1644367718740 0.008474948527478123 0
1644368227310 0.0088616420663356 0
1644368735771 0.007827728253959498 0
1644369355302 0.014715131691918688 0
1644369889108 0.009273931130805662 0
1644370424134 0.008577702710505326 0
1644370957805 0.008024446933077217 0
1644371492281 0.0077120129739092925 0
1644372199360 0.015377501528088335 0
1644372815356 0.010423087527197873 0
1644373433526 0.00952660240025029 0
1644374049451 0.008905401219522546 0
1644374666648 0.00867014303087808 0
1644375397783 0.01440931490255576 0
1644376032008 0.010323200813637242 0
1644376666762 0.009095548993872484 0
1644377301393 0.008671324796302528 0
1644377934496 0.008359646780736382 0
1644378684879 0.01435160750253967 0
1644379336912 0.00990001503030775 0
1644379988343 0.008903928309965484 0
1644380639813 0.008453563327076672 0
1644381290006 0.008278591819745445 0
1644382063091 0.01365091760251692 0
1644382733734 0.009676472818680245 0
1644383410010 0.009044608329746249 0
1644384080725 0.008352929296083828 0
1644384751085 0.007975606948414427 0
1644385544163 0.013535484324493672 0
1644386230416 0.009506869603800115 0
1644386913943 0.008330371680703538 0
1644387597914 0.007899975218175445 0
1644388283096 0.007871572859028689 0
1644389100521 0.012895734631579165 0
1644389806916 0.008812148504376857 0
1644390513298 0.008137544087790124 0
1644391219446 0.007623054065406612 0
1644391924610 0.007044116918939319 0
1644392771069 0.012142971518489934 0
1644393503109 0.008621257248429949 0
1644394234318 0.008088433827937678 0
1644394966443 0.007395585160617636 0
1644395701936 0.007208467067962603 0
1644396732546 0.013534498386792108 0
1644397642606 0.009664868809619752 0
1644398565215 0.009010361877202794 0
1644399476914 0.008512195387029995 0
1644400386571 0.008101126520633752 0
1644401435494 0.012735774098474317 0
1644402389409 0.009503770425079125 0
1644403330013 0.008392087816905354 0
1644404237606 0.008199436993751478 0
1644405144719 0.007972158917459398 0
1644406201690 0.01266908028955 0
1644407130433 0.009396372716114485 0
1644408059476 0.008659075369672364 0
1644408985360 0.008223940835860642 0
1644409911791 0.007732476216077853 0
1644410990288 0.012390979354227179 0
1644411936221 0.00899692771819371 0
1644412885513 0.008367583352316132 0
1644413835851 0.008254680747791208 0
1644414783245 0.007865750757173618 0
1644415881503 0.012246174083417546 0
1644416849772 0.009192535331941963 0
1644417815870 0.008147707967949547 0
1644418784514 0.007949152407785463 0
1644419750602 0.007615404275993026 0
1644420876767 0.011813655343724135 0
1644421863865 0.008780371748966457 0
1644422852255 0.008143560573639772 0
1644423837866 0.0073098195879586735 0
1644424820907 0.007510693925715312 0
1644425964669 0.011893623773482784 0
1644426966981 0.009188788566782926 0
1644427972309 0.008038770605782258 0
1644428979822 0.0077458524515586335 0
1644429984043 0.007659588357037421 0
1644431147539 0.011517360241831283 0
1644432174302 0.0085533278984961 0
1644433199914 0.008265404911068277 0
1644434223244 0.007501252264130646 0
1644435264763 0.007575653981508296 0
1644436464528 0.01131423787095799 0
1644437512743 0.008559152217580718 0
1644438558931 0.007991860380635044 0
1644439606769 0.007754660977297679 0
1644440652642 0.007252523035666418 0
1644441882248 0.011481000444309825 0
1644442960627 0.008422601165784496 0
1644444038016 0.007992345110285612 0
1644445116921 0.007274229712539144 0
1644446194317 0.007322448606106107 0
1644447815637 0.013134913097099776 0
1644449282479 0.009980823636500937 0
1644450748743 0.009490256144249976 0
1644452215811 0.008838639257191113 0
1644453682245 0.008552051610193723 0
1644455335764 0.012172924465458564 0
1644456827835 0.009515114966086917 0
1644458322200 0.009000729162421048 0
1644459813756 0.008584676169289235 0
1644461305141 0.008471668633933038 0
1644462986600 0.011691628568555094 0
1644464504216 0.009489737008591145 0
1644466021405 0.008821553520463038 0
1644467535059 0.008525706182445612 0
1644469047430 0.008229362402236812 0
1644470750077 0.01192624303363929 0
1644472287777 0.009550836645812136 0
1644473823024 0.008701991773236948 0
1644475356503 0.008573906186265684 0
1644476892190 0.0082288919004717 0
1644478630691 0.01156859077777409 0
1644480197847 0.009206536447341387 0
1644481760594 0.008629856814936094 0
1644483328430 0.00834303548036141 0
1644484892473 0.008100139085262107 0
1644486647317 0.011480804648016322 0
1644488253448 0.00877708898161442 0
1644489881302 0.008439793135487204 0
1644491530752 0.008135973749437739 0
1644493137705 0.0075854830069528355 0
1644494937942 0.011268051480841838 0
1644496550058 0.008626625024469627 0
1644498155920 0.00829321885377043 0
1644499760785 0.007890969871996584 0
1644501374742 0.007760630848109515 0
1644503191684 0.011034221874006479 0
1644504817918 0.008956925908380197 0
1644506454226 0.008189552953940969 0
1644508087782 0.007999898444880409 0
1644509743601 0.007824204076012631 0
