1651973034123 1.3915387880325318 0
1651973037289 0.9892991092681884 0
1651973040474 0.7596617036521435 0
1651973043686 0.5761674851894378 0
1651973046834 0.41012946643829346 0
1651973050107 0.3544905530810356 0
1651973053356 0.30456246415376664 0
1651973056656 0.26720854840278624 0
1651973059926 0.25544249970912936 0
1651973063155 0.25409282870292665 0
1651973066450 0.12412876675678416 0
1651973069640 0.1444418904542923 0
1651973072893 0.1504273185491562 0
1651973076108 0.20954983129501342 0
1651973079205 0.21242404634952544 0
1651973082484 0.11899087073206902 0
1651973085669 0.09797434523105622 0
1651973088868 0.08725419224314392 0
1651973092068 0.047759997187089176 0
1651973095285 0.038223374585807324 0
1651973098446 0.0362492701753974 0
1651973101700 0.035224381670262664 0
1651973104937 0.02338516695573926 0
1651973108130 0.026592155156098307 0
1651973111395 0.015975542857823894 0
1651973114500 0.019358891472220422 0
1651973117779 0.008398318679258228 0
1651973120992 0.025286368972435594 0
1651973124116 0.029180389024596663 0
1651973127315 0.03599392304304056 0
1651973130521 0.02631854386627674 0
1651973133697 0.02898886069902219 0
1651973136882 0.02041915930993855 0
1651973140095 0.023675904021412134 0
1651973143300 0.013991316575807286 0
1651973146482 0.01060210253149271 0
1651973149716 0.008908980761282145 0
1651973152993 0.005815981937199831 0
1651973156187 0.0019499357467866502 0
1651973159467 0.01380457351191435 0
1651973162710 0.024578637129301206 0
1651973165800 0.007310070945555344 0
1651973169053 0.024138156172633173 0
1651973172177 0.014124648565612734 0
1651973175342 0.01402925327946432 0
1651973178522 0.00850705790920183 0
1651973181708 0.004142898526648059 0
1651973184925 0.004006262487149797 0
1651973188147 0.0065665066925430435 0
1651973191368 0.012093429612711771 0
1651973195250 1.4501892917633057 0
1651973198886 0.9906835659980774 0
1651973202570 0.7727744148254394 0
1651973206203 0.6368795537471771 0
1651973209898 0.4888458961486816 0
1651973213500 0.4526060701608658 0
1651973217215 0.32596589040756224 0
1651973220956 0.3061598286151886 0
1651973224581 0.2662789615869522 0
1651973228268 0.2606567555904388 0
1651973231942 0.25732903333902357 0
1651973235617 0.17889619455337524 0
1651973239310 0.1965079318344593 0
1651973242995 0.13438838684558868 0
1651973246604 0.13613435411453248 0
1651973250172 0.11243636871725321 0
1651973253884 0.09583930415213109 0
1651973257586 0.21887059969305991 0
1651973261239 0.11000244405269623 0
1651973264925 0.30387042927742003 0
1651973268518 0.1991190532937646 0
1651973272183 0.14140053450465204 0
1651973275901 0.04592362513840199 0
1651973279450 0.06316693889796735 0
1651973283075 0.03411665815263987 0
1651973286654 0.018050133044924588 0
1651973290308 0.010589910599403084 0
1651973293974 0.018022182957455515 0
1651973297600 0.007665250569116325 0
1651973301309 0.009515289390459657 0
1651973305048 0.014243021279759705 0
1651973308784 0.013093660582695156 0
1651973312520 0.012673428139975294 0
1651973316198 0.007875767566310242 0
1651973319811 0.01146896357294172 0
1651973323448 0.022855560056933608 0
1651973327059 0.027813756725471466 0
1651973330795 0.010298933122307062 0
1651973334456 0.018414601994678377 0
1651973338236 0.013623623893409967 0
1651973341983 0.01321400100775063 0
1651973345606 0.012691060336434749 0
1651973349251 0.013691841735038906 0
1651973352903 0.016094167174561882 0
1651973356551 0.009995536539703608 0
1651973360177 0.0062576896101702 0
1651973363852 0.012123616715893149 0
1651973367583 0.009970200134752668 0
1651973371185 0.004847018832364119 0
1651973375050 0.003277779916813597 0
1651973379149 1.3753270544052123 0
1651973382842 0.9257662094116211 0
1651973386488 0.7018287990570068 0
1651973390172 0.6030637902259827 0
1651973393845 0.5318333703994751 0
1651973397458 0.4053865829467773 0
1651973400967 0.31022873334884643 0
1651973404714 0.2739359745979309 0
1651973408401 0.24196316571235657 0
1651973411991 0.17774117905199527 0
1651973415693 0.1392383570432663 0
1651973419345 0.1256888864506036 0
1651973423021 0.0875157854642719 0
1651973426573 0.09310568753071129 0
1651973430258 0.09643388673961163 0
1651973433978 0.07226567120868713 0
1651973437626 0.06160307993888855 0
1651973441280 0.05773370905318297 0
1651973444956 0.04760707118380815 0
1651973448578 0.04928060839474201 0
1651973452242 0.04476571103595197 0
1651973455931 0.033006069270335135 0
1651973459635 0.03815328621603548 0
1651973463182 0.045569496985618026 0
1651973466835 0.04585544636398554 0
1651973470413 0.03606270030811429 0
1651973474167 0.02505034316898673 0
1651973477766 0.020961743018403648 0
1651973481365 0.03317021212950349 0
1651973485020 0.12517228272203357 0
1651973488668 0.06744480265825988 0
1651973492372 0.07577122846283019 0
1651973496000 0.03373017166657373 0
1651973499727 0.050025181530509145 0
1651973503357 0.04247134713772684 0
1651973506998 0.03935197302671149 0
1651973510489 0.01352585593648255 0
1651973514161 0.009813834001403302 0
1651973517743 0.011450963926874102 0
1651973521499 0.021329459075629713 0
1651973525146 0.024264088881947102 0
1651973528785 0.024906137904897332 0
1651973532447 0.027547311493509915 0
1651973536041 0.022875541125703603 0
1651973539594 0.015682609252538532 0
1651973543315 0.00474781987646129 0
1651973546832 0.006758366072457284 0
1651973550436 0.013403820287622511 0
1651973554031 0.02569249436445534 0
1651973557643 0.10231086071170867 0
1651973562052 1.0204100634098052 0
1651973565663 0.4577478211402893 0
1651973569260 0.3295063174962997 0
1651973573005 0.1984614871919155 0
1651973576796 0.15066436887681484 0
1651973580378 0.10082267139926553 0
1651973584039 0.06880015379488469 0
1651973587701 0.062159589076042174 0
1651973591361 0.10493181778118015 0
1651973595061 0.03767970410473645 0
1651973598761 0.03869248106852174 0
1651973602426 0.02209387898845598 0
1651973606054 0.024423978605959563 0
1651973609663 0.027855987945367814 0
1651973613251 0.017090084290504456 0
1651973616937 0.009216342732310295 0
1651973620590 0.004717879123985767 0
1651973624317 0.010007905767858028 0
1651973628102 0.004921833572443575 0
1651973631863 0.004037647795677185 0
1651973635866 0.0036349313694168813 0
1651973639701 0.00991975204013288 0
1651973643339 0.00840540034752339 0
1651973647084 0.004981342795677483 0
1651973650776 0.005356959239766002 0
1651973654594 0.002177173875551671 0
1651973658263 0.002927625263016671 0
1651973661991 0.0078727777163891 0
1651973665807 0.002812889468751382 0
1651973669564 0.004651496740989387 0
1651973673368 0.010006669240212068 0
1651973677107 0.017704748033115173 0
1651973680745 0.006993289449997247 0
1651973684391 0.003999149651848711 0
1651973688174 0.0060370093611069025 0
1651973691692 0.011076992411352694 0
1651973695358 0.01569017910026014 0
1651973699224 0.030605955689027905 0
1651973703053 0.01814684421115089 0
1651973706737 0.010164852611348033 0
1651973710438 0.010334935283847152 0
1651973713985 0.011452852618321777 0
1651973717744 0.010379542122385465 0
1651973721508 0.01475124931933824 0
1651973725243 0.006825140282092616 0
1651973728764 0.0056779747090768065 0
1651973732575 0.007599752695430652 0
1651973736366 0.006616880382635281 0
1651973740140 0.002282794737770746 0
1651973743871 0.002921007909160107 0
1651973748521 1.5271870998382568 0
1651973752236 1.0862979187488555 0
1651973755924 0.8361807653427124 0
1651973759835 0.7230420004606247 0
1651973763572 0.5417305192232132 0
1651973767254 0.4401018037468195 0
1651973770984 0.3241254143714905 0
1651973774801 0.24440557857751846 0
1651973778796 0.21167930247783662 0
1651973782403 0.15924479947090148 0
1651973786162 0.21541095828972756 0
1651973789860 0.14557836801707744 0
1651973793841 0.13470019187927246 0
1651973797627 0.12247454558759928 0
1651973801336 0.09624221140146255 0
1651973805077 0.14732201619446278 0
1651973808881 0.086553217895329 0
1651973812643 0.07128926447629928 0
1651973816510 0.060311275479197506 0
1651973820226 0.3231133418112993 0
1651973824063 0.0746269466273021 0
1651973827763 0.053018377739191054 0
1651973831712 0.07567936477130278 0
1651973835420 0.0402708805391565 0
1651973839218 0.02126402554884553 0
1651973842876 0.02659049415360205 0
1651973846664 0.02702972072768025 0
1651973850364 0.014755697803199292 0
1651973854079 0.014000936613004887 0
1651973857884 0.014075611625611783 0
1651973861561 0.0130382774511585 0
1651973865341 0.023125899405172096 0
1651973869065 0.012192844405397772 0
1651973872754 0.009774201869778336 0
1651973876388 0.012916049031727016 0
1651973880047 0.011841113501414657 0
1651973883680 0.24121034728884697 0
1651973887249 0.15630785591602325 0
1651973891073 0.05337422040458768 0
1651973894661 0.021641219844669105 0
1651973898275 0.025161388938035815 0
1651973901890 0.014546298267238307 0
1651973905519 0.02022878743223846 0
1651973909210 0.008292262851283885 0
1651973913062 0.012950574842654168 0
1651973916696 0.005325894087948836 0
1651973920412 0.004132619270682335 0
1651973924063 0.011690466457419097 0
1651973927734 0.011868755033239722 0
1651973931430 0.10672465189322829 0
