1644430640349 0.2072 0
1644430641817 0.2152 0
1644430643305 0.2128 0
1644430644773 0.2068 0
1644430646242 0.2232 0
1644430647748 0.23 0
1644430649208 0.236 0
1644430650688 0.2508 0
1644430652151 0.2616 0
1644430653629 0.2844 0
1644430655360 0.1748 0
1644430656912 0.2712 0
1644430658460 0.3452 0
1644430660003 0.3796 0
1644430661586 0.4004 0
1644430663156 0.4188 0
1644430664745 0.4332 0
1644430666325 0.4348 0
1644430667847 0.4476 0
1644430669425 0.4512 0
1644430671363 0.186 0
1644430673459 0.2028 0
1644430675096 0.2516 0
1644430676630 0.276 0
1644430678184 0.3004 0
1644430679770 0.3184 0
1644430681364 0.3456 0
1644430682923 0.364 0
1644430684551 0.3744 0
1644430686179 0.3956 0
