1651769780422 0.7456 0
1651769783753 0.8656 0
1651769787069 0.9068 0
1651769790398 0.9288 0
1651769793795 0.9348 0
1651769801183 0.6056 0
1651769808110 0.7556 0
1651769814981 0.8188 0
1651769821750 0.8616 0
1651769828609 0.856 0
1651769836276 0.5872 0
1651769843231 0.7532 0
1651769850285 0.7992 0
1651769857466 0.8236 0
1651769864490 0.8568 0
1651769872519 0.7544 0
1651769879567 0.8808 0
1651769886513 0.8916 0
1651769893601 0.9324 0
1651769900500 0.926 0
1651769908865 0.4288 0
1651769915939 0.6536 0
1651769923002 0.7492 0
1651769930147 0.8008 0
1651769937265 0.8096 0
