1644502706331 0.5028 0
1644502707981 0.75 0
1644502709611 0.7844 0
1644502711345 0.844 0
1644502713183 0.8804 0
1644502714942 0.92 0
1644502716722 0.9452 0
1644502718444 0.9484 0
1644502720195 0.9692 0
1644502721919 0.964 0
1644502723698 0.9644 0
1644502725453 0.9644 0
1644502727245 0.9816 0
1644502728981 0.98 0
1644502730683 0.9804 0
1644502732549 0.9672 0
1644502734275 0.9776 0
1644502736024 0.9896 0
1644502737780 0.9932 0
1644502739583 0.9928 0
1644502742240 0.8248 0
1644502744623 0.9094 0
1644502747005 0.9432 0
1644502749405 0.9478 0
1644502751912 0.9504 0
1644502754313 0.93 0
1644502756632 0.9796 0
1644502759023 0.9852 0
1644502761448 0.9694 0
1644502763916 0.9898 0
1644502766318 0.9948 0
1644502768666 0.9964 0
1644502770942 0.9926 0
1644502773308 0.9944 0
1644502775683 0.993 0
1644502778027 0.9908 0
1644502780401 0.9888 0
1644502782868 0.9902 0
1644502785218 0.9932 0
1644502787591 0.9918 0
1644502791003 0.9065333333333333 0
1644502794113 0.9554666666666667 0
1644502797077 0.9625333333333334 0
1644502800031 0.9781333333333333 0
1644502803142 0.9722666666666666 0
1644502806258 0.9862666666666666 0
1644502809309 0.9844 0
1644502812308 0.9869333333333333 0
1644502815552 0.99 0
1644502818590 0.9846666666666667 0
1644502821592 0.9916 0
1644502824595 0.9930666666666667 0
1644502827723 0.9945333333333334 0
1644502830785 0.9917333333333334 0
1644502833800 0.9838666666666667 0
1644502836801 0.9881333333333333 0
1644502839855 0.9916 0
1644502842848 0.9889333333333333 0
1644502846212 0.9924 0
1644502849304 0.9945333333333334 0
