1645561575602 0.1268 0
1645561583927 0.2284 0
1645561592254 0.2778 0
1645561600704 0.3516 0
1645561609172 0.387 0
1645561617853 0.4236 0
1645561626348 0.4498 0
1645561634692 0.4718 0
1645561642866 0.511 0
1645561651290 0.5416 0
1645561667516 0.3905 0
1645561668169 0.0 0
1645561668835 0.0 0
1645561669492 0.0 0
1645561670137 0.0 0
1645561670765 0.0 0
1645561671413 0.0 0
1645561672052 0.0 0
1645561672702 0.0 0
1645561673356 0.0 0
1645561689901 0.3363 0
1645561690560 0.0 0
1645561691205 0.0 0
1645561691854 0.0 0
1645561692513 0.0 0
1645561693196 0.0 0
1645561693883 0.0 0
1645561694549 0.0 0
1645561695189 0.0 0
1645561695876 0.0 0
