1652150849457 0.5908 0
1652150851936 0.7688 0
1652150854475 0.8084 0
1652150856967 0.8464 0
1652150859450 0.866 0
1652150861947 0.8728 0
1652150864424 0.89 0
1652150866937 0.9108 0
1652150869434 0.9072 0
1652150871927 0.9352 0
1652150875126 0.681 0
1652150878039 0.7728 0
1652150880951 0.823 0
1652150883693 0.8396 0
1652150886672 0.8656 0
1652150889569 0.8796 0
1652150892378 0.888 0
1652150895186 0.9134 0
1652150898096 0.918 0
1652150900977 0.9366 0
1652150905461 0.7861333333333334 0
1652150909419 0.8284 0
1652150913472 0.8665333333333334 0
1652150917576 0.8918666666666667 0
1652150921637 0.9038666666666667 0
1652150925739 0.914 0
1652150929817 0.9133333333333333 0
1652150933685 0.9330666666666667 0
1652150937558 0.9469333333333333 0
1652150941691 0.9490666666666666 0
1652150946689 0.8675646839157108 0
1652150950668 0.9115764203787676 0
1652150954798 0.9231795145372099 0
1652150959089 0.9379834622566018 0
1652150963233 0.9543878367564684 0
1652150967522 0.9574553214190451 0
1652150971699 0.960256068284876 0
1652150975985 0.9590557481995199 0
1652150980264 0.9679914643905041 0
1652150984350 0.9702587356628434 0
1652150989562 0.8168 0
1652150993895 0.8636 0
1652150998266 0.8878666666666667 0
1652151002422 0.9094666666666666 0
1652151006635 0.9210666666666667 0
1652151010787 0.9398666666666666 0
1652151015200 0.9405333333333333 0
1652151019560 0.9537333333333333 0
1652151024091 0.9634666666666667 0
1652151028625 0.9665333333333334 0
