1653428772618 0.527854754187415 0
1653428821431 0.3727815354062865 0
1653428870271 0.3498116596528639 0
1653428919017 0.329999033214959 0
1653428968052 0.32037736835212755 0
1653429016839 0.30387708065621555 0
1653429065987 0.29820222650853295 0
1653429114399 0.307417301051567 0
1653429163994 0.282994699689777 0
1653429212371 0.28233342832333097 0
1653429315511 0.5098035978518426 0
1653429415489 0.4513650727699821 0
1653429514469 0.43682699554786086 0
1653429614141 0.43898839605680356 0
1653429714277 0.42244553944719954 0
1653429814060 0.42169043025219194 0
1653429914870 0.41421397226182743 0
1653430015258 0.4008040092936717 0
1653430115512 0.40553760938559036 0
1653430214582 0.39944652566262523 0
1653430379223 0.5663830883555114 0
1653430532143 0.5194304326142701 0
1653430686143 0.5141327545696353 0
1653430841603 0.5091912589453368 0
1653430994691 0.4941673345647235 0
1653431148822 0.48928250852668037 0
1653431302712 0.4778213419389497 0
1653431456947 0.4841426919439083 0
1653431610637 0.4791843015792469 0
1653431765580 0.48043550213312525 0
1653431990869 0.6256172552045435 0
1653432202713 0.5846981937277597 0
1653432413164 0.5776476990132282 0
1653432624012 0.5827702161588745 0
1653432833974 0.5812979795089379 0
1653433046169 0.5786541725438049 0
1653433258502 0.5634512131303587 0
1653433468514 0.5715514042116702 0
1653433680374 0.5685010362427177 0
1653433892119 0.5690508221408314 0
1653434181828 0.6874833185355986 0
1653434451589 0.6714990668723918 0
1653434723702 0.6653901971972312 0
1653434995596 0.653425204083072 0
1653435266751 0.6532717598495974 0
1653435539813 0.6492722518707563 0
1653435813286 0.6415846921984106 0
1653436084988 0.648498744439017 0
1653436356665 0.648040147472235 0
1653436628821 0.6508431514313259 0
