1653428772606 0.8485166666666667 0
1653428821419 0.9108166666666667 0
1653428870258 0.9173 0
1653428919005 0.923 0
1653428968041 0.9241833333333334 0
1653429016827 0.9296333333333333 0
1653429065976 0.9303 0
1653429114388 0.9298 0
1653429163982 0.9333333333333333 0
1653429212360 0.9353833333333333 0
1653429315500 0.8782666666666666 0
1653429415476 0.9020833333333333 0
1653429514458 0.9067166666666666 0
1653429614130 0.907725 0
1653429714266 0.9106583333333333 0
1653429814052 0.9121833333333333 0
1653429914859 0.9138916666666667 0
1653430015246 0.9175666666666666 0
1653430115502 0.9163916666666667 0
1653430214572 0.9193916666666667 0
1653430379211 0.8765111111111111 0
1653430532127 0.8976333333333333 0
1653430686131 0.9012111111111111 0
1653430841590 0.9037777777777778 0
1653430994678 0.9072833333333333 0
1653431148811 0.9098666666666667 0
1653431302701 0.91055 0
1653431456937 0.9109166666666667 0
1653431610626 0.9131055555555555 0
1653431765568 0.9133166666666667 0
1653431990853 0.8746208333333333 0
1653432202701 0.894575 0
1653432413156 0.8983791666666666 0
1653432623999 0.8987166666666667 0
1653432833962 0.8999208333333333 0
1653433046158 0.9002583333333334 0
1653433258490 0.9020541666666667 0
1653433468501 0.9017625 0
1653433680361 0.9029458333333333 0
1653433892103 0.9031875 0
1653434181816 0.8734733333333333 0
1653434451578 0.8873333333333333 0
1653434723690 0.8902333333333333 0
1653434995585 0.8919233333333333 0
1653435266731 0.8931966666666666 0
1653435539807 0.8944433333333334 0
1653435813278 0.89432 0
1653436084981 0.89405 0
1653436356651 0.8934966666666667 0
1653436628804 0.8938333333333334 0
