1654658168599 0.2793029700444294 0
1654658183276 0.07131219061099109 0
1654658198217 0.06087332661999137 0
1654658213350 0.042189378130040124 0
1654658228765 0.041401503857444046 0
1654658273844 0.1674399803387563 0
1654658314958 0.043215136050433756 0
1654658358783 0.040960991684026386 0
1654658400670 0.027596090905642568 0
1654658442724 0.03213677387519678 0
1654658494141 0.14043536965423686 0
1654658537020 0.04506868893904895 0
1654658579927 0.03702270124559653 0
1654658622859 0.02905115340676552 0
1654658665870 0.022910563654037167 0
1654658722384 0.3004540927620043 0
1654658765733 0.09114934646808573 0
1654658809667 0.05904398572807956 0
1654658852823 0.045688850292512385 0
1654658896180 0.05617877149004478 0
1654658957581 0.12866306018711496 0
1654659001099 0.03527691653994721 0
1654659045009 0.01399582961458064 0
1654659089243 0.030985117095763435 0
1654659133193 0.033447112011311335 0
