1645599569810 1.1517129117965699 0
1645599572655 0.7912234768867493 0
1645599575565 0.6876914641380311 0
1645599578340 0.5779423847198486 0
1645599581159 0.5082932002663613 0
1645599583987 0.45889033691883085 0
1645599586871 0.40223274726867675 0
1645599589655 0.352361244392395 0
1645599592464 0.2602625998735428 0
1645599595327 0.2565556101202965 0
1645599598125 0.20964754526019097 0
1645599600943 0.1901328752666712 0
1645599603760 0.14604739968180658 0
1645599606596 0.20576033092737198 0
1645599609413 0.16460654718279838 0
1645599612255 0.10835258084088564 0
1645599615014 0.08903490625321865 0
1645599617868 0.09768391458243132 0
1645599620692 0.12066996971815824 0
1645599623551 0.05466895218491554 0
1645599628513 0.6428004944324494 0
1645599633095 0.4666959858521819 0
1645599637683 0.38502250629663465 0
1645599642124 0.3395337282896042 0
1645599646731 0.2705800521194935 0
1645599651233 0.2350080821171403 0
1645599655801 0.19742516401708127 0
1645599660488 0.16902147442549467 0
1645599665080 0.13604721557050944 0
1645599669731 0.1084780418485403 0
1645599674455 0.15490040724650025 0
1645599679088 0.10827114160489291 0
1645599683564 0.06901125896014274 0
1645599688094 0.08585417702626437 0
1645599692582 0.09082013585492968 0
1645599697105 0.09739084081612527 0
1645599701668 0.06506323869992048 0
1645599706288 0.05111984776323661 0
1645599710863 0.04742109611388296 0
1645599715438 0.04868621616950258 0
1645599722461 0.40930344235102334 0
1645599728883 0.2605073554197947 0
1645599735408 0.2146476833542188 0
1645599741833 0.16651278556883334 0
1645599748368 0.13856787718633812 0
1645599754991 0.13202352365603048 0
1645599761587 0.11397312413503727 0
1645599767993 0.09463085198650757 0
1645599774513 0.08408655615809063 0
1645599781191 0.0895378513822332 0
1645599787958 0.08547631276231259 0
1645599794571 0.07294148432680717 0
1645599801094 0.040815307602938264 0
1645599807465 0.044744053741792834 0
1645599813977 0.0801506228774165 0
1645599820523 0.05734296926013194 0
1645599827222 0.05604427130635207 0
1645599833665 0.04830587822586919 0
1645599840158 0.05066587442698268 0
1645599846446 0.05081427740960692 0
1645599856021 0.32028008402232083 0
1645599864630 0.24864449418894946 0
1645599873230 0.19536816349737346 0
1645599881936 0.16425175209492446 0
1645599890426 0.15284901583176105 0
1645599898857 0.12395759126339108 0
1645599907505 0.10100695048198104 0
1645599916296 0.07807270893810783 0
1645599924764 0.0888067781503778 0
1645599933504 0.06554252904045861 0
1645599942088 0.0562909282962326 0
1645599950957 0.05834140107510612 0
1645599959798 0.06213537749641109 0
1645599968311 0.05277173508078559 0
1645599977093 0.05729954602634534 0
1645599985860 0.038964222533616706 0
1645599994543 0.03513671985844267 0
1645600003357 0.047261269328801425 0
1645600012127 0.04768249465652625 0
1645600020834 0.05118476970432966 0
1645600032771 0.2913150133344065 0
1645600043863 0.20974532585665584 0
1645600054882 0.17988458000671118 0
1645600066337 0.15688455151945352 0
1645600077066 0.12933093889257055 0
1645600088190 0.11333250197632239 0
1645600098770 0.08286888269528747 0
1645600109814 0.074938039108729 0
1645600120679 0.05759085075903218 0
1645600131703 0.07749823515962809 0
1645600143086 0.05196067838157709 0
1645600154113 0.06581041538259946 0
1645600165180 0.056296391312205235 0
1645600176200 0.04314982828955166 0
1645600186877 0.05222845034443191 0
1645600198039 0.04588830157481599 0
1645600208913 0.04011274646556238 0
1645600219788 0.037605228049422804 0
1645600230884 0.053284873939605897 0
1645600241723 0.04927583719210117 0
1645600256259 0.20755128680439425 0
1645600269295 0.15495007893440002 0
1645600282481 0.11335544445731988 0
1645600295432 0.09270155829434128 0
1645600309045 0.08700061443043329 0
1645600322265 0.07333668404579512 0
1645600335677 0.06264455495977697 0
1645600349203 0.06766250644773342 0
1645600362567 0.05105389272448956 0
1645600375772 0.05253750146017798 0
1645600389450 0.053056300798899614 0
1645600403272 0.053501773082001214 0
1645600416504 0.04448291575113932 0
1645600429697 0.047213601667030404 0
1645600442571 0.046306103587251464 0
1645600456195 0.03113160612702292 0
1645600469330 0.043827873127926915 0
1645600482585 0.04192656637515708 0
1645600496257 0.043161846359016875 0
1645600509395 0.03815904544062893 0
1645600527129 0.15918585380310127 0
1645600543058 0.11551894272801666 0
1645600558462 0.0954005451947958 0
1645600574621 0.07774605748992347 0
1645600590860 0.07730505790228823 0
1645600606610 0.06042719348890075 0
1645600622211 0.06299671298307533 0
1645600637880 0.047907447658510814 0
1645600653173 0.05278801153296871 0
1645600669594 0.04512477349809155 0
1645600685357 0.051356424693879674 0
1645600701288 0.04731112723732367 0
1645600717829 0.04302003089936708 0
1645600734139 0.03950389786899551 0
1645600749949 0.043586817531874114 0
1645600765712 0.043010648365794 0
1645600782342 0.037759837943579934 0
1645600798295 0.043086668060668826 0
1645600814605 0.03366741621690141 0
1645600830334 0.03907660704780875 0
1645600850111 0.1557946153458488 0
1645600868591 0.11167792373122065 0
1645600887135 0.09752055040726773 0
1645600904873 0.08542804433850251 0
1645600923311 0.07893938312948667 0
1645600941714 0.07067840390748788 0
1645600959961 0.057762107619203196 0
1645600978506 0.057642053294380095 0
1645600997059 0.0518288366689565 0
1645601015084 0.049740575298178734 0
1645601033621 0.04879405919390392 0
1645601052467 0.049247437343345246 0
1645601070895 0.03643520197290054 0
1645601088949 0.044915519878223585 0
1645601106811 0.042022680603267734 0
1645601124587 0.04078632739079394 0
1645601142359 0.042156028431319825 0
1645601160467 0.03226495152763018 0
1645601179052 0.044189801297945995 0
1645601196940 0.04498337998366305 0
1645601219980 0.16293756706723408 0
1645601241179 0.12710604681736828 0
1645601262999 0.11469283390359422 0
1645601283646 0.09496377217372552 0
1645601305043 0.07714617464496826 0
1645601326720 0.0741263994394656 0
1645601348753 0.06099061380077781 0
1645601369518 0.06006146688196916 0
1645601391591 0.05510952327639938 0
1645601413324 0.04827873391978279 0
1645601434234 0.04927774317369112 0
1645601456117 0.04144938020030135 0
1645601476380 0.04682431363733128 0
1645601497392 0.040826106580677556 0
1645601520303 0.043690935154723595 0
1645601542178 0.04706924710117912 0
1645601563894 0.041589792396915355 0
1645601585693 0.03918579905342275 0
1645601606442 0.04627532549778027 0
1645601627653 0.03765912960398863 0
1645601656293 0.11117733047785645 0
1645601680980 0.10038486261658094 0
1645601705404 0.07513064595560544 0
1645601729088 0.06816751919782486 0
1645601753790 0.07172832712491853 0
1645601777381 0.054104361459389495 0
1645601801251 0.053125840363777536 0
1645601824274 0.060327403862640565 0
1645601848738 0.05319998998043651 0
1645601873134 0.03995262751875154 0
1645601898050 0.05106838739224535 0
1645601921168 0.03929722194036847 0
1645601944406 0.03979958705302886 0
1645601968407 0.044966043379886904 0
1645601992014 0.040331834462702554 0
1645602016477 0.04678238696173128 0
1645602040407 0.04011145405998088 0
1645602063297 0.04110297681815795 0
1645602087464 0.03316894873004909 0
1645602111687 0.038684792410688645 0
1645602141928 0.14185126594197323 0
1645602168015 0.1190791879953927 0
1645602196648 0.10101614138091476 0
1645602224336 0.0888601199415044 0
1645602251149 0.0806630802800193 0
1645602278583 0.07202319236162356 0
1645602306757 0.06776963504660873 0
1645602334553 0.06022652906342294 0
1645602361345 0.05125614863504081 0
1645602388275 0.05377511319424549 0
1645602414605 0.046911578565571536 0
1645602440747 0.048548607529711976 0
1645602467113 0.04518403837131486 0
1645602494153 0.047300142580280424 0
1645602520232 0.042053619912181005 0
1645602546471 0.04579357183425327 0
1645602573359 0.04290728760730574 0
1645602599828 0.04698554728949827 0
1645602627008 0.04232377962997426 0
1645602653188 0.04262947220389106 0
1645602688075 0.12306674475146177 0
1645602718236 0.09491916692533763 0
1645602748207 0.08034441373924207 0
1645602777561 0.07875698433023016 0
1645602807465 0.07206903834045782 0
1645602836942 0.054626854788842306 0
1645602867092 0.06452136940703683 0
1645602897353 0.056866069809744596 0
1645602927089 0.05626481493722651 0
1645602955691 0.04769465040616289 0
1645602985646 0.04691897284581516 0
1645603015636 0.04517112363372483 0
1645603048156 0.0418486483164659 0
1645603078554 0.044803821340517136 0
1645603108832 0.0474750507168183 0
1645603139614 0.040157613957092386 0
1645603169943 0.04027140841508481 0
1645603200991 0.04789236531193019 0
1645603232080 0.0420403386791243 0
1645603262065 0.04537645310285511 0
1645603299492 0.12008749945453237 0
1645603331745 0.09717052184919237 0
1645603365580 0.0846416980427988 0
1645603398357 0.07405758498065429 0
1645603432788 0.07040076532124692 0
1645603468865 0.062096179275556475 0
1645603501923 0.06896597632878522 0
1645603534584 0.05377169556554321 0
1645603569583 0.05026556654558349 0
1645603602057 0.05263356758288607 0
1645603633911 0.04685667415293901 0
1645603666267 0.05101688440297941 0
1645603699105 0.04901939921020354 0
1645603732045 0.0501411010062879 0
1645603765011 0.040197753397668776 0
1645603797200 0.04225048273481242 0
1645603829385 0.04543905387400024 0
1645603864388 0.04592829736298719 0
1645603898323 0.04225059835782626 0
1645603931415 0.045874792985602625 0
1645603970896 0.10411594649609789 0
1645604006947 0.08049967469452934 0
1645604043742 0.07335214604294753 0
1645604079723 0.06787568914594519 0
1645604114008 0.06625893395839681 0
1645604150527 0.05853297223906614 0
1645604186559 0.05411553726086939 0
1645604224890 0.05235692598287452 0
1645604263200 0.0519559431220558 0
1645604299204 0.04836247774193976 0
1645604336713 0.0535594927085768 0
1645604373794 0.0493882935956682 0
1645604408529 0.04057637804790787 0
1645604443974 0.04964674862702783 0
1645604480509 0.04294650946500388 0
1645604517666 0.046343566658973184 0
1645604553523 0.03983476215519427 0
1645604590411 0.040229267420282 0
1645604625413 0.03943880343387275 0
1645604661148 0.043691128480843285 0
1645604703873 0.09819514224418197 0
1645604742637 0.07605951967801416 0
1645604780122 0.0644709358279337 0
1645604818786 0.06015637421151053 0
1645604857683 0.05648306133888075 0
1645604896358 0.05648020320216475 0
1645604937665 0.051387347319935855 0
1645604975136 0.050463457734429076 0
1645605013701 0.05596932355317376 0
1645605051378 0.04807846108521205 0
1645605091414 0.04446198848495099 0
1645605129250 0.04712018511198147 0
1645605170719 0.046448027793028514 0
1645605208813 0.04390213950337833 0
1645605247786 0.04880767562916029 0
1645605288400 0.04280883749138821 0
1645605328512 0.045422700797061816 0
1645605367930 0.04167626047957745 0
1645605405851 0.04226694631860994 0
1645605445236 0.0410939029563529 0
1645605492506 0.10879708292536247 0
1645605536859 0.09321904930273466 0
1645605583671 0.08088304914016725 0
1645605627013 0.07866727583842291 0
1645605669451 0.07160116812456925 0
1645605714488 0.06888755217702068 0
1645605756519 0.06149347492332449 0
1645605800861 0.05998121079719779 0
1645605843902 0.052834869468218866 0
1645605885263 0.057655625721877685 0
1645605929689 0.05372829927144604 0
1645605972149 0.05042822445384886 0
1645606015080 0.045485819262259794 0
1645606057221 0.05227577063932897 0
1645606098375 0.0457065353936972 0
1645606140604 0.04595454872594954 0
1645606182085 0.04386501767416839 0
1645606223794 0.04548596887182735 0
1645606267985 0.046740120252547965 0
1645606312435 0.047766296783709444 0
1645606365386 0.10662161148635141 0
1645606411689 0.09041834736418876 0
1645606458732 0.07657703239404666 0
1645606505976 0.07095087538011104 0
1645606551219 0.07306299150879034 0
1645606596764 0.06402662638213621 0
1645606642129 0.06269889852480087 0
1645606689319 0.061167821747949346 0
1645606736151 0.05772730444183156 0
1645606783787 0.056791075522030214 0
1645606830059 0.059548383400696216 0
1645606877389 0.0515302201899155 0
1645606922463 0.04878253619764818 0
1645606968769 0.04939219956988955 0
1645607013956 0.05677664148805573 0
1645607059782 0.047877136068389246 0
1645607105345 0.04991412804284112 0
1645607150605 0.05074261377859945 0
1645607196584 0.04596636800955817 0
1645607242785 0.04811686996894606 0
1645607299603 0.10412201725857122 0
1645607351041 0.08512354069710844 0
1645607400548 0.08338685775753174 0
1645607449038 0.0744985564052852 0
1645607500688 0.0704102347273399 0
1645607553331 0.06904581317175049 0
1645607606241 0.05909594472488943 0
1645607656414 0.06230648857274142 0
1645607707058 0.05985838722204782 0
1645607755936 0.054975158845445994 0
1645607808022 0.06068253925793257 0
1645607860432 0.05179251659622812 0
1645607914530 0.05529815129210375 0
1645607966645 0.051225855058086946 0
1645608015890 0.04528655146697697 0
1645608069074 0.053978536296885475 0
1645608121360 0.05316156853632253 0
1645608173470 0.044603418175557755 0
1645608225218 0.04732338689328893 0
1645608273995 0.04782938412457814 0
1645608336514 0.08159952278945007 0
1645608394175 0.06976798748282252 0
1645608448978 0.06485776640079603 0
1645608505244 0.06379294440345858 0
1645608562042 0.05957553481915721 0
1645608617404 0.059801487325701036 0
1645608671277 0.05161612298809327 0
1645608725996 0.055321493060289675 0
1645608780015 0.0543196935563537 0
1645608835959 0.05067319330001898 0
1645608890820 0.053800631660304195 0
1645608946101 0.05463735580893216 0
1645609002507 0.04840919092432238 0
1645609058962 0.04975591917005277 0
1645609116857 0.048944198844707465 0
1645609172243 0.04770531681401354 0
1645609229927 0.04829526416425496 0
1645609288257 0.04716751291785522 0
1645609345906 0.04502280450986894 0
1645609403546 0.046913534665052194 0
1645609472190 0.08221252275995267 0
1645609534119 0.06823879696329896 0
1645609595134 0.06742722793821843 0
1645609654237 0.06156376022137995 0
1645609714545 0.06061988479264759 0
1645609771683 0.05464732470389962 0
1645609829717 0.0572056388087936 0
1645609887811 0.05057296688732003 0
1645609944636 0.054291230599296345 0
1645610002215 0.05234462499617592 0
1645610063658 0.05001283002421893 0
1645610123265 0.05192732008156039 0
1645610182094 0.046674025512472635 0
1645610239293 0.052735428906470046 0
1645610297063 0.053142540019078296 0
1645610353582 0.04969877745458742 0
1645610410994 0.045703140961857916 0
1645610469209 0.04924693530356717 0
1645610530433 0.04939942250444874 0
1645610587990 0.04731358035033454 0
