1645564011668 1.3159281204223632 0
1645564014543 1.032104377269745 0
1645564017484 0.9143625722408295 0
1645564020403 0.8430424806594848 0
1645564023309 0.7085887607097626 0
1645564026260 0.6889787615299224 0
1645564029183 0.5920619713783264 0
1645564032010 0.5331869557857514 0
1645564034890 0.5030514938473701 0
1645564037785 0.4856362211227417 0
1645564042886 0.726854328918457 0
1645564047544 0.5756366823196412 0
1645564052395 0.4930416466712952 0
1645564057102 0.4284299247980118 0
1645564061767 0.404541445851326 0
1645564066526 0.36682281666994093 0
1645564071249 0.3298077750861645 0
1645564075886 0.30590695567131043 0
1645564080588 0.26482456181943415 0
1645564085270 0.2409227938234806 0
1645564092614 0.4821777949213982 0
1645564099252 0.37598709562619526 0
1645564105643 0.32516925952831904 0
1645564112221 0.3020804851929347 0
1645564118829 0.2631163585980733 0
1645564125780 0.23020354761083922 0
1645564132385 0.21541359217266243 0
1645564139079 0.23026217515269914 0
1645564145939 0.20081896476745606 0
1645564152732 0.17642973537196716 0
