1652149417944 0.4548 0
1652149420276 0.6244 0
1652149422690 0.6912 0
1652149425034 0.7192 0
1652149427460 0.7724 0
1652149429885 0.8084 0
1652149432317 0.8152 0
1652149434732 0.8248 0
1652149437167 0.8448 0
1652149439618 0.8576 0
1652149442048 0.8712 0
1652149444430 0.88 0
1652149446868 0.8724 0
1652149449274 0.866 0
1652149451682 0.9016 0
1652149454094 0.8932 0
1652149456538 0.9096 0
1652149458925 0.9168 0
1652149461323 0.9148 0
1652149463744 0.9176 0
1652149466117 0.9136 0
1652149468517 0.9364 0
1652149470871 0.9436 0
1652149473323 0.9564 0
1652149475810 0.9524 0
1652149478289 0.9388 0
1652149480703 0.906 0
1652149483130 0.9448 0
1652149485562 0.956 0
1652149487936 0.948 0
1652149490367 0.9476 0
1652149492827 0.9596 0
1652149495253 0.9596 0
1652149497657 0.9416 0
1652149500091 0.9392 0
1652149502506 0.9648 0
1652149504903 0.9656 0
1652149507306 0.9416 0
1652149509723 0.9596 0
1652149512119 0.9568 0
1652149514563 0.958 0
1652149516992 0.9748 0
1652149519395 0.9584 0
1652149521823 0.9612 0
1652149524206 0.9572 0
1652149526645 0.926 0
1652149529084 0.964 0
1652149531500 0.974 0
1652149533937 0.9808 0
1652149536392 0.9752 0
1652149539483 0.6592 0
1652149542447 0.7352 0
1652149545351 0.7814 0
1652149548251 0.7986 0
1652149551000 0.8158 0
1652149553973 0.837 0
1652149556856 0.8626 0
1652149559760 0.8586 0
1652149562587 0.8776 0
1652149565487 0.8838 0
1652149568387 0.893 0
1652149571301 0.88 0
1652149574192 0.8766 0
1652149577016 0.89 0
1652149579906 0.9192 0
1652149582727 0.9222 0
1652149585607 0.9192 0
1652149588348 0.9226 0
1652149591183 0.9336 0
1652149593931 0.9228 0
1652149596679 0.9264 0
1652149599502 0.934 0
1652149602420 0.9312 0
1652149605246 0.9294 0
1652149608089 0.9356 0
1652149610841 0.9472 0
1652149613633 0.941 0
1652149616548 0.9376 0
1652149619401 0.9442 0
1652149622211 0.9514 0
1652149625013 0.9286 0
1652149627786 0.9472 0
1652149630578 0.9586 0
1652149633315 0.9394 0
1652149636119 0.9416 0
1652149639083 0.9482 0
1652149641976 0.9482 0
1652149644773 0.9576 0
1652149647561 0.964 0
1652149650358 0.9474 0
1652149653264 0.953 0
1652149656110 0.949 0
1652149659066 0.965 0
1652149661911 0.9632 0
1652149664738 0.9584 0
1652149667573 0.9482 0
1652149670386 0.952 0
1652149673330 0.957 0
1652149676117 0.9568 0
1652149678977 0.943 0
1652149683351 0.7681333333333333 0
1652149687479 0.8152 0
1652149691462 0.8364 0
1652149695622 0.8409333333333333 0
1652149699725 0.8592 0
1652149703759 0.8704 0
1652149707826 0.8748 0
1652149711764 0.8705333333333334 0
1652149715819 0.886 0
1652149719921 0.8948 0
1652149723985 0.8990666666666667 0
1652149728009 0.8929333333333334 0
1652149732042 0.9085333333333333 0
1652149736116 0.8981333333333333 0
1652149740339 0.9128 0
1652149744296 0.9118666666666667 0
1652149748324 0.9261333333333334 0
1652149752369 0.9093333333333333 0
1652149756456 0.9185333333333333 0
1652149760525 0.9349333333333333 0
1652149764524 0.9229333333333334 0
1652149768680 0.9354666666666667 0
1652149772792 0.9345333333333333 0
1652149776867 0.9369333333333333 0
1652149780925 0.9329333333333333 0
1652149785021 0.9438666666666666 0
1652149789062 0.9394666666666667 0
1652149793053 0.9405333333333333 0
1652149797158 0.9386666666666666 0
1652149801199 0.946 0
1652149805303 0.9448 0
1652149809332 0.9468 0
1652149813328 0.9558666666666666 0
1652149817252 0.9498666666666666 0
1652149821266 0.9366666666666666 0
1652149825336 0.9481333333333334 0
1652149829532 0.9553333333333334 0
1652149833426 0.9530666666666666 0
1652149837338 0.958 0
1652149841375 0.9413333333333334 0
1652149845380 0.9558666666666666 0
1652149849548 0.9568 0
1652149853433 0.9410666666666667 0
1652149857515 0.9537333333333333 0
1652149861550 0.9605333333333334 0
1652149865476 0.9549333333333333 0
1652149869346 0.9576 0
1652149873445 0.9614666666666667 0
1652149877468 0.9564 0
1652149881297 0.958 0
1652149886059 0.8355561483062149 0
1652149890220 0.8933048813016804 0
1652149894439 0.9061082955454788 0
1652149898667 0.9121098959722592 0
1652149902813 0.9046412376633769 0
1652149906988 0.9161109629234463 0
1652149911191 0.9155774873299547 0
1652149915309 0.9354494531875167 0
1652149919499 0.9326487063216857 0
1652149923720 0.9303814350493465 0
1652149927933 0.933715657508669 0
1652149932228 0.9501200320085356 0
1652149936422 0.9507868765004001 0
1652149940645 0.9489197119231795 0
1652149944898 0.9378500933582289 0
1652149949151 0.9414510536142972 0
1652149953475 0.9405174713256869 0
1652149957532 0.9558548946385703 0
1652149961820 0.9553214190450787 0
1652149966118 0.9554547879434516 0
1652149970401 0.9426513736996532 0
1652149974507 0.9423846359029074 0
1652149978729 0.9463857028540944 0
1652149982889 0.9525206721792479 0
1652149987113 0.9573219525206722 0
1652149991286 0.9581221659109096 0
1652149995553 0.9510536142971459 0
1652149999843 0.9539877300613497 0
1652150003888 0.9550546812483329 0
1652150008122 0.9558548946385703 0
1652150012295 0.9593224859962657 0
1652150016669 0.9555881568418245 0
1652150020963 0.9554547879434516 0
1652150025265 0.9563883702320619 0
1652150029503 0.9582555348092825 0
1652150033652 0.9630568151507068 0
1652150037834 0.9703921045612163 0
1652150042128 0.9659909309149106 0
1652150046342 0.9569218458255535 0
1652150050438 0.9570552147239264 0
1652150054585 0.961589757268605 0
1652150058869 0.9619898639637237 0
1652150063069 0.9638570285409442 0
1652150067356 0.9665244065084022 0
1652150071605 0.9655908242197919 0
1652150075791 0.9547879434515871 0
1652150079941 0.9609229127767405 0
1652150084114 0.9678580954921312 0
1652150088358 0.968124833288877 0
1652150092604 0.9611896505734863 0
1652150097826 0.776 0
1652150102065 0.8244 0
1652150106309 0.8346666666666667 0
1652150110747 0.8536 0
1652150115245 0.8589333333333333 0
1652150119550 0.8626666666666667 0
1652150124050 0.8737333333333334 0
1652150128364 0.8792 0
1652150132627 0.8802666666666666 0
1652150136951 0.8893333333333333 0
1652150141278 0.8937333333333334 0
1652150145715 0.8961333333333333 0
1652150150083 0.8928 0
1652150154366 0.9141333333333334 0
1652150158555 0.8992 0
1652150162784 0.9098666666666667 0
1652150167384 0.9154666666666667 0
1652150171710 0.9236 0
1652150176116 0.9206666666666666 0
1652150180480 0.9238666666666666 0
1652150184690 0.9328 0
1652150188991 0.9209333333333334 0
1652150193372 0.9261333333333334 0
1652150197530 0.9248 0
1652150201889 0.942 0
1652150206217 0.9288 0
1652150210599 0.94 0
1652150214856 0.946 0
1652150219148 0.9566666666666667 0
1652150223493 0.9474666666666667 0
1652150227657 0.9404 0
1652150231961 0.9465333333333333 0
1652150236289 0.9408 0
1652150240549 0.9477333333333333 0
1652150244998 0.9486666666666667 0
1652150249242 0.9553333333333334 0
1652150253618 0.9486666666666667 0
1652150257963 0.9481333333333334 0
1652150262194 0.9438666666666666 0
1652150266525 0.952 0
1652150270856 0.9546666666666667 0
1652150275345 0.9516 0
1652150279604 0.9457333333333333 0
1652150283841 0.9348 0
1652150288226 0.9613333333333334 0
1652150292690 0.9513333333333334 0
1652150297041 0.9517333333333333 0
1652150301393 0.9634666666666667 0
1652150305687 0.9581333333333333 0
1652150309989 0.9542666666666667 0
