1654687404586 0.6925077552511933 0
1654687424848 0.4200821663330443 0
1654687444692 0.37088052383700637 0
1654687464828 0.352793025707017 0
1654687484618 0.32742580892150586 0
1654687504720 0.3213255404974194 0
1654687525471 0.30845706183646093 0
1654687546152 0.317532480333208 0
1654687566663 0.28562744374152166 0
1654687587385 0.30276794125539136 0
1654687608013 0.3047638660413454 0
1654687628936 0.26931102821356645 0
1654687649308 0.2722200694717622 0
1654687669097 0.2724521507141069 0
1654687689734 0.2527134541821868 0
1654687710489 0.2479351150234294 0
1654687731553 0.24644245628316686 0
1654687752352 0.2559725995204574 0
1654687772929 0.2608352028293772 0
1654687793568 0.2530891138797074 0
1654687814334 0.24326877013169368 0
1654687835549 0.25551259089165196 0
1654687855885 0.2373248656970607 0
1654687876701 0.25676778451295246 0
1654687896817 0.23715231702804304 0
1654687917796 0.21829936882224737 0
1654687938539 0.2669979533970713 0
1654687959342 0.2470543560131388 0
1654687979941 0.22966871849071502 0
1654688000846 0.23569707869821974 0
1654688029762 0.5989598974078081 0
1654688045571 0.36330706301666305 0
1654688061239 0.31214707410020587 0
1654688077512 0.31584814906633596 0
1654688093409 0.28598840434260187 0
1654688108904 0.25757144791599645 0
1654688124496 0.2597280746606375 0
1654688139669 0.25615409263066624 0
1654688155593 0.24636498492834988 0
1654688171468 0.23288932889037392 0
1654688187069 0.22744327519518706 0
1654688202247 0.21436959824202553 0
1654688218188 0.22282391108558192 0
1654688234208 0.1987983107084918 0
1654688249692 0.21519736073438644 0
1654688265968 0.19997081783362844 0
1654688281810 0.1979374656630037 0
1654688297551 0.2188449233038693 0
1654688313494 0.20013847996597636 0
1654688329318 0.20028351864069138 0
1654688345017 0.19263897542150843 0
1654688361017 0.21293637484515396 0
1654688376793 0.18181939917514517 0
1654688392707 0.20840892221133847 0
1654688408653 0.20056010047152062 0
1654688424221 0.19524853047983112 0
1654688439957 0.20486711917789324 0
1654688455492 0.18936472927594086 0
1654688471289 0.19102965473325093 0
1654688487707 0.18142532701313505 0
1654688530378 0.6261251477571335 0
1654688546924 0.3762438579575959 0
1654688563544 0.3283329424301657 0
1654688580089 0.29680275329021255 0
1654688596531 0.26961317317719247 0
1654688612649 0.25656534411882487 0
1654688629216 0.2480397287949612 0
1654688645778 0.22503401773114518 0
1654688662108 0.22484485202291565 0
1654688678602 0.20300310617881717 0
1654688695114 0.23911185768518664 0
1654688711148 0.22472542775408602 0
1654688727385 0.21033312727157524 0
1654688743768 0.20683456073630915 0
1654688760226 0.21273219132696758 0
1654688777436 0.24505055183644522 0
1654688793793 0.18466120601733993 0
1654688810742 0.2050096045830672 0
1654688827098 0.18303236044698684 0
1654688843757 0.23314447342802228 0
1654688860989 0.17663484923171807 0
1654688877848 0.1806531161045447 0
1654688894457 0.19131496570049686 0
1654688911170 0.17818368508993823 0
1654688927778 0.18798848698203555 0
1654688943956 0.19279177186336233 0
1654688959829 0.16696119199350729 0
1654688976149 0.17366615352903345 0
1654688992387 0.20733536036028613 0
1654689008720 0.1616948692189222 0
1654689066195 0.7406135114032962 0
1654689083766 0.48846340731662863 0
1654689100059 0.4527653192211692 0
1654689116754 0.417281216551907 0
1654689134303 0.3800429706821361 0
1654689151621 0.3861770308181032 0
1654689168900 0.35985558800182943 0
1654689185802 0.3531141828815461 0
1654689202820 0.34672659406339207 0
1654689219966 0.31177905139593115 0
1654689237533 0.33557026898972314 0
1654689253809 0.3349417914888175 0
1654689270619 0.2932610644109271 0
1654689287491 0.31419679531704015 0
1654689304584 0.3079398585987855 0
1654689321763 0.29369590791221645 0
1654689338434 0.2986036414581324 0
1654689356121 0.2927235863233106 0
1654689372980 0.28569994638073415 0
1654689390290 0.295955788736522 0
1654689407454 0.31057869480870504 0
1654689424370 0.2809766116358061 0
1654689441673 0.29580031921390904 0
1654689458844 0.28429796798984386 0
1654689475935 0.27503157400512196 0
1654689492997 0.2716274950981825 0
1654689510237 0.28792422079927876 0
1654689527811 0.29057077093648837 0
1654689545221 0.26288657590807313 0
1654689562674 0.2698317765164816 0
1654689635157 0.6508109068477342 0
1654689652218 0.4086854696106898 0
1654689669662 0.333926581068119 0
1654689686986 0.33907842887997797 0
1654689703445 0.3060737048500798 0
1654689720035 0.2921738687890491 0
1654689737265 0.3175223014160698 0
1654689754412 0.2469845123674457 0
1654689771466 0.26331157325386906 0
1654689788359 0.261470003995873 0
1654689805185 0.2525443562421591 0
1654689822273 0.2492332088757303 0
1654689839482 0.27451929848537604 0
1654689856512 0.23374896491667804 0
1654689873598 0.22898740576042378 0
1654689890595 0.24110277165067867 0
1654689907985 0.23821403269115884 0
1654689925289 0.21509713646483042 0
1654689942166 0.22607495265049532 0
1654689958770 0.21023584524574604 0
1654689975881 0.2334123176894189 0
1654689992522 0.24912421632951648 0
1654690009831 0.21274930247155974 0
1654690026552 0.20660935042334042 0
1654690043666 0.21468931981384848 0
1654690060834 0.23114513279994048 0
1654690077987 0.20699246370904642 0
1654690095296 0.21816658318482943 0
1654690112081 0.21700037378826043 0
1654690128992 0.20153129214124274 0
