1645555658967 0.532 0
1645555664150 0.726 0
1645555669242 0.7676 0
1645555674439 0.8076 0
1645555679539 0.8276 0
1645555684492 0.8512 0
1645555689670 0.8744 0
1645555694913 0.8844 0
1645555700034 0.9176 0
1645555705309 0.894 0
1645555710553 0.9236 0
1645555715805 0.9348 0
1645555720764 0.9412 0
1645555725841 0.9428 0
1645555730993 0.954 0
1645555736237 0.9608 0
1645555741547 0.966 0
1645555746778 0.962 0
1645555751756 0.966 0
1645555756884 0.9752 0
1645555766084 0.7694 0
1645555766787 0.0 0
1645555767509 0.0 0
1645555768181 0.0 0
1645555768866 0.0 0
1645555769547 0.0 0
1645555770239 0.0 0
1645555770918 0.0 0
1645555771595 0.0 0
1645555772289 0.0 0
1645555773000 0.0 0
1645555773684 0.0 0
1645555774344 0.0 0
1645555775015 0.0 0
1645555775714 0.0 0
1645555776390 0.0 0
1645555777056 0.0 0
1645555777736 0.0 0
1645555778411 0.0 0
1645555779150 0.0 0
1645555793294 0.726 0
1645555793994 0.0 0
1645555794666 0.0 0
1645555795364 0.0 0
1645555796024 0.0 0
1645555796695 0.0 0
1645555797336 0.0 0
1645555798039 0.0 0
1645555798705 0.0 0
1645555799382 0.0 0
1645555800057 0.0 0
1645555800725 0.0 0
1645555801384 0.0 0
1645555802031 0.0 0
1645555802699 0.0 0
1645555803417 0.0 0
1645555804130 0.0 0
1645555804797 0.0 0
1645555805456 0.0 0
1645555806126 0.0 0
1645555820831 0.7052547345958923 0
1645555821563 0.0 0
1645555822240 0.0 0
1645555822912 0.0 0
1645555823571 0.0 0
1645555824229 0.0 0
1645555824869 0.0 0
1645555825509 0.0 0
1645555826156 0.0 0
1645555826808 0.0 0
1645555827482 0.0 0
1645555828156 0.0 0
1645555828857 0.0 0
1645555829556 0.0 0
1645555830258 0.0 0
1645555830943 0.0 0
1645555831621 0.0 0
1645555832278 0.0 0
1645555832998 0.0 0
1645555833718 0.0 0
1645555849031 0.6954666666666667 0
1645555849742 0.0 0
1645555850417 0.0 0
1645555851079 0.0 0
1645555851796 0.0 0
1645555852471 0.0 0
1645555853163 0.0 0
1645555853849 0.0 0
1645555854533 0.0 0
1645555855208 0.0 0
1645555855865 0.0 0
1645555856574 0.0 0
1645555857281 0.0 0
1645555858010 0.0 0
1645555858697 0.0 0
1645555859390 0.0 0
1645555860065 0.0 0
1645555860802 0.0 0
1645555861517 0.0 0
1645555862223 0.0 0
1645555877722 0.7310666666666666 0
1645555878401 0.0 0
1645555879093 0.0 0
1645555879795 0.0 0
1645555880467 0.0 0
1645555881146 0.0 0
1645555881825 0.0 0
1645555882520 0.0 0
1645555883186 0.0 0
1645555883917 0.0 0
1645555884624 0.0 0
1645555885321 0.0 0
1645555886011 0.0 0
1645555886683 0.0 0
1645555887372 0.0 0
1645555888083 0.0 0
1645555888775 0.0 0
1645555889458 0.0 0
1645555890134 0.0 0
1645555890818 0.0 0
1645555907346 0.7590024006401707 0
1645555908055 0.0 0
1645555908766 0.0 0
1645555909451 0.0 0
1645555910144 0.0 0
1645555910806 0.0 0
1645555911519 0.0 0
1645555912236 0.0 0
1645555912891 0.0 0
1645555913564 0.0 0
1645555914241 0.0 0
1645555914927 0.0 0
1645555915578 0.0 0
1645555916291 0.0 0
1645555916982 0.0 0
1645555917671 0.0 0
1645555918344 0.0 0
1645555919008 0.0 0
1645555919675 0.0 0
1645555920358 0.0 0
1645555936796 0.7507335289410509 0
1645555937479 0.0 0
1645555938159 0.0 0
1645555938846 0.0 0
1645555939530 0.0 0
1645555940198 0.0 0
1645555940858 0.0 0
1645555941583 0.0 0
1645555942319 0.0 0
1645555943011 0.0 0
1645555943702 0.0 0
1645555944391 0.0 0
1645555945082 0.0 0
1645555945767 0.0 0
1645555946438 0.0 0
1645555947172 0.0 0
1645555947893 0.0 0
1645555948578 0.0 0
1645555949264 0.0 0
1645555949953 0.0 0
1645555967348 0.7548 0
1645555968015 0.0 0
1645555968733 0.0 0
1645555969460 0.0 0
1645555970145 0.0 0
1645555970821 0.0 0
1645555971506 0.0 0
1645555972199 0.0 0
1645555972859 0.0 0
1645555973584 0.0 0
1645555974275 0.0 0
1645555974981 0.0 0
1645555975672 0.0 0
1645555976352 0.0 0
1645555977015 0.0 0
1645555977688 0.0 0
1645555978358 0.0 0
1645555979067 0.0 0
1645555979791 0.0 0
1645555980488 0.0 0
1645555998462 0.8001334222815211 0
1645555999135 0.0 0
1645555999803 0.0 0
1645556000505 0.0 0
1645556001196 0.0 0
1645556001856 0.0 0
1645556002521 0.0 0
1645556003195 0.0 0
1645556003893 0.0 0
1645556004563 0.0 0
1645556005215 0.0 0
1645556005919 0.0 0
1645556006611 0.0 0
1645556007295 0.0 0
1645556007969 0.0 0
1645556008628 0.0 0
1645556009329 0.0 0
1645556010022 0.0 0
1645556010690 0.0 0
1645556011397 0.0 0
1645556029742 0.7565333333333333 0
1645556030416 0.0 0
1645556031084 0.0 0
1645556031747 0.0 0
1645556032437 0.0 0
1645556033135 0.0 0
1645556033825 0.0 0
1645556034512 0.0 0
1645556035195 0.0 0
1645556035868 0.0 0
1645556036537 0.0 0
1645556037200 0.0 0
1645556037929 0.0 0
1645556038637 0.0 0
1645556039333 0.0 0
1645556040019 0.0 0
1645556040680 0.0 0
1645556041381 0.0 0
1645556042082 0.0 0
1645556042765 0.0 0
1645556061836 0.7870296236989591 0
1645556062540 0.0 0
1645556063218 0.0 0
1645556063897 0.0 0
1645556064560 0.0 0
1645556065229 0.0 0
1645556065939 0.0 0
1645556066614 0.0 0
1645556067252 0.0 0
1645556067963 0.0 0
1645556068665 0.0 0
1645556069363 0.0 0
1645556070014 0.0 0
1645556070683 0.0 0
1645556071379 0.0 0
1645556072069 0.0 0
1645556072757 0.0 0
1645556073416 0.0 0
1645556074121 0.0 0
1645556074820 0.0 0
1645556094100 0.7781633742658836 0
1645556094787 0.0 0
1645556095468 0.0 0
1645556096129 0.0 0
1645556096823 0.0 0
1645556097513 0.0 0
1645556098230 0.0 0
1645556098941 0.0 0
1645556099633 0.0 0
1645556100301 0.0 0
1645556100983 0.0 0
1645556101683 0.0 0
1645556102342 0.0 0
1645556103025 0.0 0
1645556103727 0.0 0
1645556104410 0.0 0
1645556105107 0.0 0
1645556105797 0.0 0
1645556106586 0.0 0
1645556107264 0.0 0
1645556127428 0.8084623598505072 0
1645556128200 0.0 0
1645556128932 0.0 0
1645556129651 0.0 0
1645556130317 0.0 0
1645556130990 0.0 0
1645556131653 0.0 0
1645556132313 0.0 0
1645556133025 0.0 0
1645556133717 0.0 0
1645556134466 0.0 0
1645556135184 0.0 0
1645556135877 0.0 0
1645556136561 0.0 0
1645556137258 0.0 0
1645556137937 0.0 0
1645556138604 0.0 0
1645556139269 0.0 0
1645556139970 0.0 0
1645556140698 0.0 0
1645556161165 0.8276873833022139 0
1645556161849 0.0 0
1645556162509 0.0 0
1645556163174 0.0 0
1645556163844 0.0 0
1645556164549 0.0 0
1645556165266 0.0 0
1645556165971 0.0 0
1645556166648 0.0 0
1645556167330 0.0 0
1645556168033 0.0 0
1645556168714 0.0 0
1645556169425 0.0 0
1645556170130 0.0 0
1645556170832 0.0 0
1645556171526 0.0 0
1645556172209 0.0 0
1645556172885 0.0 0
1645556173541 0.0 0
1645556174254 0.0 0
1645556196102 0.7889259506337558 0
1645556196817 0.0 0
1645556197514 0.0 0
1645556198206 0.0 0
1645556198942 0.0 0
1645556199630 0.0 0
1645556200322 0.0 0
1645556201022 0.0 0
1645556201763 0.0 0
1645556202458 0.0 0
1645556203157 0.0 0
1645556203845 0.0 0
1645556204539 0.0 0
1645556205283 0.0 0
1645556205978 0.0 0
1645556206665 0.0 0
1645556207342 0.0 0
1645556208034 0.0 0
1645556208695 0.0 0
1645556209352 0.0 0
1645556231656 0.8081954084356647 0
1645556232339 0.0 0
1645556233050 0.0 0
1645556233752 0.0 0
1645556234449 0.0 0
1645556235157 0.0 0
1645556235835 0.0 0
1645556236523 0.0 0
1645556237224 0.0 0
1645556237925 0.0 0
1645556238633 0.0 0
1645556239325 0.0 0
1645556239996 0.0 0
1645556240681 0.0 0
1645556241374 0.0 0
1645556242056 0.0 0
1645556242771 0.0 0
1645556243469 0.0 0
1645556244168 0.0 0
1645556244876 0.0 0
1645556267380 0.8047479327820752 0
1645556268055 0.0 0
1645556268727 0.0 0
1645556269412 0.0 0
1645556270062 0.0 0
1645556270795 0.0 0
1645556271513 0.0 0
1645556272195 0.0 0
1645556272889 0.0 0
1645556273596 0.0 0
1645556274291 0.0 0
1645556274958 0.0 0
1645556275679 0.0 0
1645556276375 0.0 0
1645556277099 0.0 0
1645556277798 0.0 0
1645556278487 0.0 0
1645556279175 0.0 0
1645556279866 0.0 0
1645556280574 0.0 0
1645556303363 0.8570665241784665 0
1645556304072 0.0 0
1645556304761 0.0 0
1645556305449 0.0 0
1645556306144 0.0 0
1645556306821 0.0 0
1645556307538 0.0 0
1645556308257 0.0 0
1645556308935 0.0 0
1645556309623 0.0 0
1645556310322 0.0 0
1645556311005 0.0 0
1645556311687 0.0 0
1645556312421 0.0 0
1645556313178 0.0 0
1645556313901 0.0 0
1645556314598 0.0 0
1645556315283 0.0 0
1645556315982 0.0 0
1645556316668 0.0 0
1645556340035 0.8538081899426437 0
1645556340721 0.0 0
1645556341400 0.0 0
1645556342107 0.0 0
1645556342812 0.0 0
1645556343505 0.0 0
1645556344178 0.0 0
1645556344925 0.0 0
1645556345748 0.0 0
1645556346428 0.0 0
1645556347132 0.0 0
1645556347832 0.0 0
1645556348543 0.0 0
1645556349223 0.0 0
1645556349921 0.0 0
1645556350620 0.0 0
1645556351379 0.0 0
1645556352075 0.0 0
1645556352756 0.0 0
1645556353475 0.0 0
