1651800120767 1.5942750806808472 0
1651800123812 1.4285632761001588 0
1651800126880 1.2200985505104065 0
1651800129892 1.0457364780426026 0
1651800133088 0.9321541055679321 0
1651800139300 1.6121240182876586 0
1651800142695 1.5522545375823975 0
1651800146203 1.499220486831665 0
1651800149586 1.4581198598861693 0
1651800152862 1.4044535024642943 0
1651800159713 1.6466596744537354 0
1651800163411 1.5428598028182983 0
1651800167138 1.4741750597000123 0
1651800170943 1.4239455072402953 0
1651800174585 1.3713636167526244 0
1651800182069 1.5970174194335938 0
1651800186122 1.368981827545166 0
1651800190187 1.223276803779602 0
1651800194321 1.1346174587249755 0
1651800198351 1.045022640323639 0
1651800205968 1.7284835929870606 0
1651800210294 1.6127252258300782 0
1651800214507 1.5592907926559447 0
1651800218863 1.5286866231918335 0
1651800223002 1.5118875900268556 0
