1651976460934 1.5814902074813844 0
1651976464241 1.3404345241546631 0
1651976467411 1.0960240871429443 0
1651976470711 0.9490466665267945 0
1651976473916 0.8623381458282471 0
1651976477285 0.7700222312927246 0
1651976480532 0.7147998789787292 0
1651976483743 0.6441930459976196 0
1651976486992 0.5793498427867889 0
1651976490224 0.5248992754459381 0
1651976494090 1.5744400108337402 0
1651976497848 1.4215103401184082 0
1651976501741 1.293408496761322 0
1651976505397 1.1840152507781982 0
1651976509178 1.0819479761123658 0
1651976512889 1.0118494501113893 0
1651976516534 0.9283241043090821 0
1651976520270 0.8633594184875488 0
1651976523966 0.8068219161987304 0
1651976527596 0.7549895244598389 0
1651976531786 1.539087700843811 0
1651976535519 1.3123292430877687 0
1651976539228 1.151867674922943 0
1651976542877 1.0588637154579164 0
1651976546584 0.9653032362937928 0
1651976550228 0.9206015098571777 0
1651976553940 0.8571360831260681 0
1651976557660 0.7829629158973694 0
1651976561466 0.7354011116981506 0
1651976565268 0.701304290676117 0
1651976569679 1.3598149946212768 0
1651976573359 0.8542348985671997 0
1651976577070 0.6444879055023194 0
1651976580824 0.5708617908477783 0
1651976584580 0.49489648191928864 0
1651976588164 0.4301726418733597 0
1651976591813 0.38793535106778143 0
1651976595435 0.3420036166667938 0
1651976599095 0.33799123654365537 0
1651976602776 0.28007717242240904 0
1651976607425 1.5485531215667725 0
1651976611200 1.3718146614074707 0
1651976615039 1.2569294228553771 0
1651976618837 1.2025690166473388 0
1651976622605 1.1297756593704225 0
1651976626303 1.030801148033142 0
1651976629992 0.9832104662895202 0
1651976633727 0.9057705005645752 0
1651976637402 0.8577224718093872 0
1651976641199 0.7829010137557983 0
