1641878070812 0.8253666666666667 0
1641878083326 0.9379333333333333 0
1641878095892 0.96855 0
1641878108556 0.9854666666666667 0
1641878121178 0.9928833333333333 0
1641878141191 0.82275 0
1641878150851 0.9416833333333333 0
1641878160620 0.9701166666666666 0
1641878170363 0.9854666666666667 0
1641878180128 0.99355 0
1641878210194 0.82045 0
1641878219956 0.9386166666666667 0
1641878229678 0.9688166666666667 0
1641878239376 0.9848666666666667 0
1641878249037 0.9940833333333333 0
1641878289547 0.82615 0
1641878299278 0.94085 0
1641878309046 0.9701333333333333 0
1641878318798 0.9862 0
1641878328589 0.9936833333333334 0
1641878379358 0.8244166666666667 0
1641878389115 0.9415833333333333 0
1641878398838 0.9700666666666666 0
1641878408567 0.9852333333333333 0
1641878418349 0.9935 0
1641878479322 0.8276333333333333 0
1641878489183 0.9387 0
1641878499012 0.9694833333333334 0
1641878508699 0.9865833333333334 0
1641878518383 0.99355 0
1641878589580 0.8251666666666667 0
1641878599447 0.9416666666666667 0
1641878609180 0.97105 0
1641878619005 0.98735 0
1641878628692 0.9935333333333334 0
1641878710329 0.82875 0
1641878720059 0.9421833333333334 0
1641878729936 0.9714666666666667 0
1641878739637 0.98665 0
1641878749367 0.9940333333333333 0
1641878841210 0.82555 0
1641878851005 0.9395833333333333 0
1641878860699 0.97035 0
1641878870467 0.9868666666666667 0
1641878880190 0.9937166666666667 0
1641878984228 0.8249333333333333 0
1641878993993 0.9401 0
1641879003790 0.9698 0
1641879013561 0.9866166666666667 0
1641879023304 0.99325 0
1641879134857 0.8203 0
1641879144648 0.9391666666666667 0
1641879154412 0.9692833333333334 0
1641879164068 0.98505 0
1641879173863 0.9935 0
1641879295876 0.8244166666666667 0
1641879305660 0.9413 0
1641879315480 0.9706833333333333 0
1641879325282 0.9871833333333333 0
1641879335025 0.9925833333333334 0
1641879468937 0.8176333333333333 0
1641879478678 0.9398333333333333 0
1641879488443 0.9703166666666667 0
1641879498197 0.9865166666666667 0
1641879507964 0.9929833333333333 0
1641879650268 0.8264166666666667 0
1641879660061 0.9408166666666666 0
1641879669887 0.9715833333333334 0
1641879679701 0.9877666666666667 0
1641879689520 0.9934166666666666 0
1641879842553 0.8303166666666667 0
1641879852337 0.9426 0
1641879862119 0.9705166666666667 0
1641879871898 0.9863 0
1641879881649 0.9937833333333334 0
1641880045115 0.8264666666666667 0
1641880054940 0.9406 0
1641880064682 0.9698666666666667 0
1641880074386 0.9860833333333333 0
1641880084103 0.9932833333333333 0
1641880257879 0.8331 0
1641880267639 0.9440166666666666 0
1641880277401 0.9717333333333333 0
1641880287131 0.98785 0
1641880296901 0.9935333333333334 0
1641880480954 0.8257833333333333 0
1641880490657 0.9422833333333334 0
1641880500472 0.9717166666666667 0
1641880510223 0.9866833333333334 0
1641880520009 0.99395 0
1641880713769 0.8243166666666667 0
1641880723508 0.9391333333333334 0
1641880733234 0.97045 0
1641880742964 0.9872333333333333 0
1641880752821 0.9942333333333333 0
1641880957490 0.8281333333333334 0
1641880967276 0.94195 0
1641880977020 0.9699 0
1641880986753 0.9871 0
1641880996558 0.9938166666666667 0
1641881211581 0.8209833333333333 0
1641881221319 0.9388333333333333 0
1641881231091 0.9700833333333333 0
1641881240807 0.9866166666666667 0
1641881250487 0.9927666666666667 0
1641881474696 0.8211833333333334 0
1641881484525 0.9394833333333333 0
1641881494357 0.9696666666666667 0
1641881504096 0.9862166666666666 0
1641881513866 0.9938 0
1641881748042 0.8306 0
1641881757739 0.9435833333333333 0
1641881767499 0.9716333333333333 0
1641881777258 0.9870833333333333 0
1641881786961 0.9937166666666667 0
1641882032954 0.8275166666666667 0
1641882042783 0.94075 0
1641882052504 0.97 0
1641882062228 0.98665 0
1641882072016 0.9939666666666667 0
1641882328983 0.8239833333333333 0
1641882338858 0.9406833333333333 0
1641882348668 0.9699666666666666 0
1641882358381 0.9861833333333333 0
1641882368195 0.9943 0
1641882635382 0.8225333333333333 0
1641882645185 0.9406 0
1641882654915 0.9705 0
1641882664745 0.9868666666666667 0
1641882674525 0.9940333333333333 0
1641882951308 0.82795 0
1641882961104 0.9411666666666667 0
1641882970787 0.97105 0
1641882980535 0.9869166666666667 0
1641882990343 0.9932333333333333 0
1641883278894 0.8250833333333333 0
1641883288703 0.9417 0
1641883298426 0.9698833333333333 0
1641883308226 0.9855833333333334 0
1641883318118 0.99315 0
1641883614466 0.8265 0
1641883624313 0.94265 0
1641883634095 0.97175 0
1641883643942 0.9863166666666666 0
1641883653730 0.9931333333333333 0
1641883961718 0.8257666666666666 0
1641883971507 0.94065 0
1641883981292 0.9712166666666666 0
1641883991124 0.9865166666666667 0
1641884000900 0.9937666666666667 0
1641884319971 0.8321 0
1641884329765 0.9437 0
1641884339643 0.9724333333333334 0
1641884349517 0.9876833333333334 0
1641884359369 0.9944166666666666 0
1641884689238 0.8282166666666667 0
1641884699038 0.9433 0
1641884708828 0.97255 0
1641884718660 0.9883 0
1641884728450 0.9948 0
1641885067902 0.8204666666666667 0
1641885077708 0.9409333333333333 0
1641885087562 0.9709166666666667 0
1641885097341 0.98735 0
1641885107085 0.9935333333333334 0
1641885456343 0.8300166666666666 0
1641885466186 0.94155 0
1641885475981 0.9701166666666666 0
1641885485717 0.9865 0
1641885495493 0.9923833333333333 0
1641885855879 0.8268666666666666 0
1641885865654 0.9401166666666667 0
1641885875440 0.9705666666666667 0
1641885885213 0.9860333333333333 0
1641885894983 0.9927833333333334 0
1641886265996 0.82645 0
1641886275834 0.9426 0
1641886285680 0.97175 0
1641886295446 0.9871333333333333 0
1641886305256 0.9942 0
1641886685677 0.8239166666666666 0
1641886695523 0.9423666666666667 0
1641886705273 0.9706666666666667 0
1641886715133 0.9867833333333333 0
1641886724955 0.9938666666666667 0
1641887116483 0.8251166666666667 0
1641887126270 0.9415666666666667 0
1641887136107 0.97125 0
1641887145942 0.9880166666666667 0
1641887155802 0.9942 0
1641887556263 0.8258833333333333 0
1641887566056 0.9407 0
1641887575906 0.9711833333333333 0
1641887585602 0.9870666666666666 0
1641887595438 0.9938333333333333 0
1641888009208 0.8275166666666667 0
1641888019062 0.9399666666666666 0
1641888028818 0.9699166666666666 0
1641888038669 0.987 0
1641888048547 0.9938666666666667 0
1641888472140 0.8175 0
1641888481969 0.9395833333333333 0
1641888491776 0.9708333333333333 0
1641888501581 0.9868833333333333 0
1641888511444 0.9930333333333333 0
1641888946277 0.8235 0
1641888956139 0.9393 0
1641888965932 0.9708666666666667 0
1641888975769 0.9869333333333333 0
1641888985601 0.9939166666666667 0
1641889431266 0.8184833333333333 0
1641889441066 0.9377333333333333 0
1641889450890 0.9695666666666667 0
1641889460773 0.9867 0
1641889470590 0.9933833333333333 0
1641889922905 0.822 0
1641889932803 0.9395166666666667 0
1641889942611 0.96955 0
1641889952416 0.9862 0
1641889962291 0.9931333333333333 0
1641890425605 0.8228666666666666 0
1641890435484 0.94035 0
1641890445298 0.9704833333333334 0
1641890455110 0.9866833333333334 0
1641890464951 0.9942333333333333 0
1641890942431 0.8261666666666667 0
1641890952232 0.94105 0
1641890962040 0.9705666666666667 0
1641890971867 0.98755 0
1641890981706 0.9938 0
1641891465792 0.8226166666666667 0
1641891475615 0.9395 0
1641891485483 0.96895 0
1641891495274 0.9865333333333334 0
1641891505062 0.9947833333333334 0
1641892003039 0.8257333333333333 0
1641892012910 0.9391 0
1641892022688 0.9694333333333334 0
1641892032539 0.9864 0
1641892042389 0.9937333333333334 0
1641892546370 0.8264 0
1641892556222 0.9423166666666667 0
1641892566049 0.9718 0
1641892575991 0.9863166666666666 0
1641892585896 0.9941833333333333 0
1641893104881 0.8186333333333333 0
1641893114709 0.93925 0
1641893124577 0.9685833333333334 0
1641893134426 0.9845 0
1641893144302 0.9928833333333333 0
