1644590744088 3.2056911750793455 0
1644590746687 2.1863163681030273 0
1644590749103 2.0923435440063476 0
1644590751590 1.9864658447265624 0
1644590754011 1.872546925354004 0
1644590756514 1.7692874391555786 0
1644590759117 1.6552690069198608 0
1644590761663 1.5512369731903075 0
1644590764186 1.4537335399627687 0
1644590767463 1.3562570291519165 0
1644590771571 4.751661754226684 0
1644590775263 2.2026858165740966 0
1644590779457 2.104989220428467 0
1644590782985 2.0237502559661866 0
1644590785959 1.9404475372314454 0
1644590789947 1.8588351837158203 0
1644590793735 1.77830914478302 0
1644590797598 1.7050951343536378 0
1644590801731 1.6392812572479247 0
1644590805138 1.5636850173950196 0
1644590809428 5.18714069519043 0
1644590813493 2.2156933074951173 0
1644590817402 2.1074925476074218 0
1644590821103 2.005904437255859 0
1644590824334 1.9073516216278077 0
1644590828032 1.7988803359985353 0
1644590832007 1.69954061794281 0
1644590836182 1.6052461572647094 0
1644590840131 1.514674140357971 0
1644590843518 1.4151488862991333 0
