1652134445707 1.8115356868743897 0
1652134450537 1.40105767993927 0
1652134455306 1.1787915510177613 0
1652134460014 0.9332324089050293 0
1652134464841 0.830585271024704 0
1652134469798 0.6979241606712341 0
1652134474600 0.5806742804050445 0
1652134479451 0.5903824623584747 0
1652134484247 0.4874156378984451 0
1652134488939 0.36174979169368743 0
1652134493774 0.418533060669899 0
1652134498520 0.3105995713144541 0
1652134503286 0.287670155018568 0
1652134508086 0.31860883432626724 0
1652134512865 0.23798848347961904 0
1652134517681 0.24558637773059308 0
1652134522516 0.20712819001972677 0
1652134527288 0.18530420195162298 0
1652134532166 0.14663968593850732 0
1652134536955 0.13110768566057085 0
1652134541675 0.13481354899778963 0
1652134546495 0.13318889373019338 0
1652134551291 0.12185084468275309 0
1652134556084 0.10714290012642741 0
1652134560818 0.06974934442631202 0
1652134565622 0.0919817852050066 0
1652134570354 0.07107033906532452 0
1652134575130 0.038175411107204855 0
1652134579912 0.11368667170368135 0
1652134584800 0.11895318418443203 0
1652134589549 0.14161970610823482 0
1652134594347 0.055322347084619104 0
1652134599119 0.08025948150828481 0
1652134603795 0.04312301156343892 0
1652134608583 0.06370097806850682 0
1652134613371 0.054297330619394776 0
1652134618148 0.047250578815117475 0
1652134622856 0.049890287134650865 0
1652134627668 0.04967384465937503 0
1652134632402 0.06600642418013886 0
1652134637170 0.048305386066064236 0
1652134641965 0.06036334049664438 0
1652134646760 0.04212404037611559 0
1652134651574 0.03218338519660756 0
1652134656436 0.024949641092540695 0
1652134661249 0.020869675212874427 0
1652134666076 0.01121675187451765 0
1652134670688 0.014194975656154565 0
1652134675506 0.021059969932213426 0
1652134680266 0.021582291901111602 0
1652134695526 0.7318529893851528 0
1652134710908 0.5114091486095526 0
1652134726063 0.3892212777866046 0
1652134741210 0.3203607890888727 0
1652134756556 0.23625586063549792 0
1652134771981 0.19358237796512873 0
1652134787166 0.17036700090549511 0
1652134802378 0.10700985340956012 0
1652134817296 0.07886630283625527 0
1652134832179 0.04848831811758518 0
1652134847337 0.046553807375478394 0
1652134862462 0.02590274747018089 0
1652134877887 0.026864335534600606 0
1652134893100 0.017494465829841703 0
1652134908344 0.020714823787635027 0
1652134923374 0.018202706782382536 0
1652134938541 0.011173182731629584 0
1652134953436 0.013435146952172815 0
1652134968545 0.008684640723066546 0
1652134983772 0.007584573897062626 0
1652134998755 0.006924794092499379 0
1652135013915 0.008801025155160937 0
1652135028837 0.007246373017853333 0
1652135043684 0.006295161285338788 0
1652135058945 0.0073873291228966995 0
1652135074003 0.006192043004817636 0
1652135089098 0.009275068872970034 0
1652135104023 0.005565416916936535 0
1652135119186 0.006549200953035679 0
1652135134289 0.002831695650469888 0
1652135149514 0.002458586973499199 0
1652135164521 0.002073694142766712 0
1652135179306 0.004210492245379017 0
1652135194375 0.003322168011054789 0
1652135209455 0.004566019111727672 0
1652135224724 0.002316213161807213 0
1652135239866 0.0019056426531354918 0
1652135254729 0.0008863482951518841 0
1652135269657 0.0014421335895432803 0
1652135284604 0.0021146677835069223 0
1652135299735 0.0032504847189054747 0
1652135314768 0.0023690275368499973 0
1652135330066 0.0017503890501006736 0
1652135345260 0.0039260778961244585 0
1652135360123 0.005248955258862127 0
1652135375080 0.007277495977950059 0
1652135390192 0.003698142231231595 0
1652135405387 0.005007678939760584 0
1652135420656 0.0033337137997648415 0
1652135436033 0.004339088629786273 0
1652135455990 0.7444762335904389 0
1652135475928 0.5471942779880853 0
1652135495677 0.43067944385200524 0
1652135515153 0.3251179546082105 0
1652135534835 0.24800381607302455 0
1652135554455 0.2003452617434245 0
1652135574198 0.15567812608987544 0
1652135594007 0.11625120929588771 0
1652135613642 0.14069355370035336 0
1652135633412 0.09437457140585659 0
1652135653007 0.057541869661390944 0
1652135672529 0.050032735815612156 0
1652135692338 0.05304105539716251 0
1652135711823 0.033691649222620135 0
1652135731425 0.029498166915293892 0
1652135751226 0.022855951425307993 0
1652135770771 0.03401260879574565 0
1652135790129 0.045170991591579994 0
1652135809582 0.02294749776863977 0
1652135829089 0.0172044867334712 0
1652135848679 0.024549951979032727 0
1652135868121 0.021074880935409285 0
1652135887705 0.01880303447462577 0
1652135907279 0.025149038156638694 0
1652135926685 0.034405819558838036 0
1652135946205 0.026951671164172145 0
1652135965752 0.021458431639086457 0
1652135985362 0.017232648349320256 0
1652136004934 0.02318537655061279 0
1652136024468 0.019582117688251216 0
1652136044008 0.01490817986486713 0
1652136063355 0.007591808702650272 0
1652136082896 0.008411087985622494 0
1652136102681 0.011749983398936516 0
1652136122133 0.009056547432000683 0
1652136141792 0.008170800620626067 0
1652136161395 0.010189072617793461 0
1652136181021 0.015447202025253418 0
1652136200646 0.012488029541370458 0
1652136220182 0.00793660276105623 0
1652136239708 0.01011869597019433 0
1652136259058 0.01083007299053986 0
1652136278545 0.0056439561061908585 0
1652136297912 0.005396110684564821 0
1652136317473 0.007795329701827344 0
1652136337241 0.013089091658160381 0
1652136356976 0.004747816094372746 0
1652136376626 0.008257543746008874 0
1652136396076 0.006266597237888387 0
1652136415853 0.0032206945370656793 0
1652136440553 0.575569710950683 0
1652136464629 0.36179983598036664 0
1652136488767 0.2468132954403009 0
1652136512874 0.19560384999511723 0
1652136536950 0.1375490933543715 0
1652136561016 0.11259186249716893 0
1652136584808 0.0756394432148549 0
1652136608566 0.07403439017278808 0
1652136632771 0.06639995768143002 0
1652136656724 0.06448671135513286 0
1652136680571 0.04706689109245325 0
1652136704813 0.03140693146966588 0
1652136728848 0.02103790484501847 0
1652136752822 0.028534934402600298 0
1652136776867 0.022538471701261362 0
1652136800755 0.010954425831682867 0
1652136824813 0.01497025660767628 0
1652136848711 0.016778509767691872 0
1652136872738 0.022501766797529008 0
1652136896781 0.013949109370696098 0
1652136920685 0.027342930178961465 0
1652136944625 0.017304100584928525 0
1652136968681 0.011924297987826835 0
1652136992753 0.012257885328807673 0
1652137016632 0.014654024064106791 0
1652137040540 0.006554800158750091 0
1652137064239 0.005731794078583871 0
1652137088166 0.008514379951114344 0
1652137112360 0.0095707445170549 0
1652137136428 0.010650637136855521 0
1652137160526 0.009523524901924799 0
1652137184693 0.006097228665808654 0
1652137208768 0.0031437143422915923 0
1652137232904 0.0022112580988272214 0
1652137257033 0.0024440172358794346 0
1652137281243 0.0020093040836080076 0
1652137305073 0.0015870051610663368 0
1652137329063 0.003268665368932597 0
1652137353270 0.001505412014089049 0
1652137377324 0.002358571978604402 0
1652137401033 0.0042584459380048244 0
1652137425075 0.007134795170043225 0
1652137448937 0.007104879828539349 0
1652137473046 0.0038268162487245685 0
1652137496960 0.0022550501879445867 0
1652137520706 0.001820975033864037 0
1652137544665 0.0017231891107277577 0
1652137568618 0.0014405926605747866 0
1652137592470 0.0018626656051125327 0
1652137616493 0.002268803768983766 0
1652137645581 0.5876342022504601 0
1652137673722 0.3994190962145258 0
1652137701775 0.30907252336965974 0
1652137730152 0.25449625804057047 0
1652137758675 0.1888315342753198 0
1652137787123 0.14827559595958814 0
1652137815313 0.12229925882240723 0
1652137843859 0.0856562035614647 0
1652137872032 0.0754913369911676 0
1652137900371 0.06877719168681339 0
1652137928897 0.053146612970938895 0
1652137957425 0.04401085528426901 0
1652137986086 0.038153262520528565 0
1652138014378 0.04670864791094258 0
1652138042817 0.04054270457500162 0
1652138071257 0.032677873741821975 0
1652138099492 0.025266355869835222 0
1652138127867 0.02835418772270512 0
1652138156228 0.017478241026903228 0
1652138184379 0.01426641102965716 0
1652138212594 0.01257290008774433 0
1652138241014 0.014227796260101002 0
1652138269434 0.014492368026980677 0
1652138297565 0.013411911538930673 0
1652138325981 0.012231858006432499 0
1652138354268 0.011301928295988771 0
1652138382462 0.009057384870124346 0
1652138410710 0.011558449087948416 0
1652138439099 0.012836874838946691 0
1652138467310 0.01624872847084857 0
1652138495710 0.012398003787471239 0
1652138523967 0.03229343191982921 0
1652138552055 0.016593143580100854 0
1652138580280 0.013837032175715046 0
1652138609027 0.01343787793688482 0
1652138637396 0.01209099829824625 0
1652138665814 0.008035078174817389 0
1652138694027 0.014067733052342012 0
1652138722026 0.013310357780364495 0
1652138750274 0.009817070809062139 0
1652138778239 0.004796857831621333 0
1652138806418 0.007216829427868033 0
1652138834541 0.010364286233529788 0
1652138862800 0.010912755392016122 0
1652138891126 0.006643371524420067 0
1652138919469 0.0054226085366733245 0
1652138948037 0.004219561369111501 0
1652138976500 0.006341237121790124 0
1652139004604 0.0188410643539083 0
1652139032840 0.020415152898407635 0
1652139066644 0.5404821103178589 0
1652139099402 0.4009231685973698 0
1652139132177 0.28575506278648916 0
1652139164953 0.2201699105768516 0
1652139197815 0.14518148165437 0
1652139230496 0.11928065348318455 0
1652139262993 0.11459565384451713 0
1652139295393 0.08525855174468026 0
1652139327879 0.08536771160133438 0
1652139360473 0.08881997907532756 0
1652139393151 0.056448503503693355 0
1652139425626 0.04296780036909525 0
1652139458392 0.04190619403001364 0
1652139490719 0.03341474770014572 0
1652139523597 0.028841147191840368 0
1652139556022 0.02327522554703158 0
1652139588879 0.02416759636327446 0
1652139621521 0.021388079642176223 0
1652139653972 0.028862754482083194 0
1652139686680 0.020278801579631908 0
1652139719260 0.021336126367948766 0
1652139752132 0.014073082090727836 0
1652139784655 0.014242425767581461 0
1652139816870 0.0069976818966341085 0
1652139849537 0.009484122651097708 0
1652139882112 0.011030594269107323 0
1652139914737 0.007608771935314927 0
1652139947321 0.018607697242251035 0
1652139979969 0.023527070403497455 0
1652140012649 0.02431134631001024 0
1652140045061 0.013642305758739365 0
1652140077850 0.007874206336198786 0
1652140110677 0.008467720918171925 0
1652140143221 0.00850130240722795 0
1652140175920 0.004042926194638323 0
1652140208426 0.006127279316107107 0
1652140241057 0.009323581601273796 0
1652140273790 0.0037058856428756194 0
1652140306358 0.024513736279147654 0
1652140338783 0.02896612564567105 0
1652140371417 0.00763961706750529 0
1652140403875 0.005374149896363532 0
1652140436574 0.005341327877779151 0
1652140469330 0.002931239288599444 0
1652140502316 0.0034973689265577427 0
1652140534965 0.006151741142094831 0
1652140567510 0.011160157729424863 0
1652140600073 0.024734030876283408 0
1652140632820 0.01636917122133546 0
1652140665339 0.009233294902198427 0
1652140703663 0.5753352475684829 0
1652140740404 0.3501507001858374 0
1652140777283 0.2730458608790578 0
1652140814083 0.21195103395774853 0
1652140851099 0.15957482150218436 0
1652140887933 0.14440327230171976 0
1652140924620 0.14065962918741956 0
1652140961672 0.07970535701939038 0
1652140998247 0.06911250676570277 0
1652141034858 0.08421789868738494 0
1652141071826 0.06825035518958439 0
1652141108394 0.05148446314699847 0
1652141144851 0.03695254541594604 0
1652141181585 0.03271824183018324 0
1652141218104 0.025420011168365134 0
1652141254786 0.030011781864462857 0
1652141291337 0.021863768048174175 0
1652141328169 0.018353884872822097 0
1652141364979 0.012195507565800156 0
1652141401623 0.0172435092997677 0
1652141438356 0.008098989164684166 0
1652141475401 0.014773165379931105 0
1652141512118 0.013934607290888038 0
1652141548895 0.016562273724009084 0
1652141585685 0.0194295013162879 0
1652141622400 0.017890252244672892 0
1652141659512 0.021686962757933012 0
1652141696087 0.029394083876008167 0
1652141733077 0.02400055048126558 0
1652141770044 0.026163061929856266 0
1652141806695 0.012366887539698009 0
1652141843427 0.015913595067870826 0
1652141880280 0.01608235320538663 0
1652141917038 0.012270532331391516 0
1652141953790 0.011944164628837873 0
1652141990646 0.00905810901430619 0
1652142027335 0.008325527438667959 0
1652142064036 0.011856084097480046 0
1652142101131 0.009472465448279205 0
1652142138002 0.023908457802407926 0
1652142174979 0.009260562374884618 0
1652142211632 0.011516672586862382 0
1652142248374 0.004890734355741367 0
1652142285320 0.005082154378658406 0
1652142322305 0.006034364069905652 0
1652142359399 0.009836336858782409 0
1652142396307 0.009099610212109597 0
1652142433229 0.010571038334668336 0
1652142469971 0.005862108696408567 0
1652142506562 0.008031808862615755 0
1652142549260 0.4208327003287156 0
1652142590412 0.25108743387929267 0
1652142631552 0.1891198360434743 0
1652142672838 0.15908653500764158 0
1652142713940 0.11798444849343083 0
1652142755686 0.08595540516036848 0
1652142797122 0.06954403661253898 0
1652142838328 0.06566056638996207 0
1652142879477 0.04931933821252557 0
1652142920683 0.03861873390053452 0
1652142961720 0.03761572654211131 0
1652143002903 0.026092167459844544 0
1652143044287 0.02246234058465657 0
1652143085456 0.024866060828024495 0
1652143126672 0.01585649673719961 0
1652143167863 0.021440205178004285 0
1652143209379 0.021264640772893598 0
1652143250722 0.010533029128814448 0
1652143292185 0.0066108564175041025 0
1652143333466 0.008740600214673523 0
1652143374953 0.014656888379203268 0
1652143416328 0.03107823599508985 0
1652143457321 0.0168092152892024 0
1652143498251 0.008202377491588248 0
1652143539345 0.016149328196167066 0
1652143580629 0.012923663195351947 0
1652143621800 0.014534712351371028 0
1652143663016 0.008343606847780627 0
1652143704660 0.00233072477392109 0
1652143745997 0.002911138301455109 0
1652143786845 0.005770120187383814 0
1652143828263 0.004765293003466495 0
1652143869674 0.007963886189052251 0
1652143910918 0.009270508895150228 0
1652143952339 0.005927965177556817 0
1652143993434 0.0038613490409129324 0
1652144034823 0.0037945128459979894 0
1652144076220 0.0029307740374601315 0
1652144117454 0.01192477524391296 0
1652144158873 0.014920738527361015 0
1652144200355 0.004444013169374992 0
1652144242199 0.0039088121235908765 0
1652144283649 0.006392050645792082 0
1652144324947 0.0034717273746423145 0
1652144366185 0.005126754133958378 0
1652144407142 0.005289513809890364 0
1652144448451 0.015188909157499647 0
1652144489460 0.006016597371207994 0
1652144530662 0.01076243231344317 0
1652144571765 0.012120811893780852 0
1652144618918 0.5613016883492565 0
1652144664253 0.34176395784733493 0
1652144709745 0.2614049936948732 0
1652144755341 0.19637677596743736 0
1652144800702 0.15002662038574766 0
1652144845965 0.12023426200495847 0
1652144891708 0.07948503227932684 0
1652144937104 0.06554675381630659 0
1652144982438 0.060668589055228976 0
1652145027949 0.052670579208900996 0
1652145073528 0.03292056990093169 0
1652145118950 0.025085621171148535 0
1652145164590 0.019601227960891945 0
1652145209902 0.029515825757565065 0
1652145255410 0.033686762686792084 0
1652145300942 0.01938983666541832 0
1652145346451 0.02158456772018792 0
1652145391795 0.017649522489003675 0
1652145437256 0.013914388446144742 0
1652145482794 0.027654314056151832 0
1652145528342 0.02583938116595708 0
1652145573665 0.013404667140553272 0
1652145618911 0.014183092025440878 0
1652145664409 0.00974368675242506 0
1652145709945 0.022244179273486517 0
1652145755499 0.010404425840051837 0
1652145800775 0.022514966838299656 0
1652145846047 0.01116230660482367 0
1652145891441 0.00779197628146033 0
1652145936859 0.00921635665348824 0
1652145982711 0.006855333105386707 0
1652146027839 0.003318687852588018 0
1652146073313 0.008034663157632719 0
1652146118744 0.005352032887812552 0
1652146164371 0.006340877508728989 0
1652146209686 0.004991574004048694 0
1652146255378 0.007853433105898375 0
1652146300943 0.016262930392749245 0
1652146346236 0.009428687674065506 0
1652146391433 0.006548172676752203 0
1652146437171 0.008813787102126958 0
1652146482594 0.005978139453691691 0
1652146528016 0.007093555830063779 0
1652146573196 0.009586566603346374 0
1652146618599 0.008386726347143863 0
1652146664206 0.01280708326188831 0
1652146709751 0.007904320198623352 0
1652146755157 0.012139491578943118 0
1652146800709 0.005976100278689756 0
1652146846077 0.0019938632163367066 0
1652146897595 0.5853992905601538 0
1652146946646 0.3193263899109788 0
1652146995745 0.2117489569501599 0
1652147044622 0.15792339607324013 0
1652147093720 0.10642255752006247 0
1652147143109 0.07467016595559223 0
1652147192304 0.06193127640109013 0
1652147241530 0.047457683044325946 0
1652147290804 0.03418204317973884 0
1652147339550 0.02829025768067655 0
1652147388573 0.024117270700116208 0
1652147437681 0.011247232555599805 0
1652147486900 0.01842477450523368 0
1652147535968 0.011903031150894411 0
1652147585436 0.01547907616501616 0
1652147634513 0.0073698720595957706 0
1652147683541 0.006452635999067322 0
1652147732406 0.00633792263412579 0
1652147781628 0.008506337268997492 0
1652147831018 0.005291330680126252 0
1652147880154 0.0021763285305180066 0
1652147929292 0.004547254300021461 0
1652147978576 0.004909514613242944 0
1652148027672 0.0032324010807484186 0
1652148076617 0.0019848764853043583 0
1652148125569 0.005029322933022852 0
1652148174251 0.003938483605005222 0
1652148223289 0.0028229064885259315 0
1652148272597 0.003075695843588195 0
1652148321712 0.004127523784617859 0
1652148370946 0.004746800109243105 0
1652148419772 0.004508635034771296 0
1652148469055 0.007033251951569773 0
1652148518602 0.003084830446235675 0
1652148567487 0.01708202288097331 0
1652148616478 0.01844084929341877 0
1652148665469 0.014705569432053867 0
1652148714333 0.008660803816570393 0
1652148763382 0.006149124609531667 0
1652148812383 0.004544407134676458 0
1652148861752 0.0056997605040892425 0
1652148910722 0.008544114409780154 0
1652148959834 0.00779657406548108 0
1652149009176 0.006738891277658469 0
1652149058390 0.0025896197199785794 0
1652149107647 0.008962581323270952 0
1652149156720 0.013117116987437652 0
1652149205914 0.007618078501881691 0
1652149254999 0.004093457316624481 0
1652149304196 0.008111243090701586 0
1652149359685 0.3452605091374299 0
1652149412875 0.18647786570565755 0
1652149465915 0.12397573897518449 0
1652149518991 0.07305483358591819 0
1652149571744 0.049329049555259234 0
1652149625170 0.03545231930019612 0
1652149678016 0.02287212678220893 0
1652149731090 0.02082287905743704 0
1652149784447 0.01647626517075935 0
1652149837645 0.012863388966994935 0
1652149890673 0.007545097105774407 0
1652149943730 0.006391641004523894 0
1652149997068 0.00862725323373831 0
1652150050331 0.009588443926860358 0
1652150103552 0.0056939630939031325 0
1652150156489 0.0024648731040559464 0
1652150209682 0.004334440011105962 0
1652150262746 0.0023164454387115865 0
1652150316014 0.0034807823669553363 0
1652150369168 0.001595699102175552 0
1652150422199 0.0012816361355385687 0
1652150475434 0.0017235823477717252 0
1652150528561 0.002854462474040503 0
1652150581788 0.0017839102932985602 0
1652150634758 0.001459979307393678 0
1652150687908 0.00121833864582371 0
1652150740868 0.0058715122964468035 0
1652150794235 0.00570995252577964 0
1652150847341 0.0037590592439194987 0
1652150900203 0.0013576622383226027 0
1652150953475 0.001116517299068207 0
1652151006725 0.0011571023944621877 0
1652151059637 0.003014742560849688 0
1652151112723 0.005748646416038376 0
1652151165834 0.0014270245424989857 0
1652151219066 0.0009248374135538948 0
1652151272200 0.001243947796558505 0
1652151325385 0.0008741005456501711 0
1652151378676 0.000820499615734837 0
1652151431596 0.0012421391192947776 0
1652151484671 0.0006260037473187368 0
1652151537812 0.0020969268600720277 0
1652151590973 0.0022675890859412675 0
1652151644159 0.0008436089775232183 0
1652151697260 0.000836692076582976 0
1652151750743 0.0006106555962107083 0
1652151804040 0.0006118624388717459 0
1652151857366 0.0009759859040393275 0
1652151910580 0.0005745799289064902 0
1652151963627 0.0005685066734979499 0
1652152023303 0.4404790769349739 0
1652152080732 0.23862684391444908 0
1652152138104 0.14652313023258567 0
1652152195300 0.11375387973268795 0
1652152252638 0.07277074892070896 0
1652152309927 0.05622592560221506 0
1652152366914 0.04946698415920388 0
1652152424058 0.026494156726073335 0
1652152481092 0.023951421294834074 0
1652152538226 0.015726196205024946 0
1652152595020 0.016398345052427408 0
1652152652353 0.009648399747884331 0
1652152709651 0.0077731579048625965 0
1652152766558 0.0051400019978273415 0
1652152823781 0.024436968808335156 0
1652152881170 0.02017916214681347 0
1652152938586 0.020981425562158453 0
1652152995608 0.015367974486300114 0
1652153052335 0.006087683765953504 0
1652153109488 0.0042069278144948805 0
1652153166720 0.004270343962407924 0
1652153224236 0.001963650760354574 0
1652153281596 0.001659729998476628 0
1652153339111 0.0013502743936453017 0
1652153396308 0.001588660290933765 0
1652153453055 0.001098968188411423 0
1652153510371 0.0014953168468804048 0
1652153567400 0.0010084335983776191 0
1652153624806 0.0007656149026649393 0
1652153681865 0.0007359319843975448 0
1652153739591 0.0023234326355062655 0
1652153797034 0.002510036527385812 0
1652153854175 0.0009177134521692064 0
1652153911243 0.0009478378459530253 0
1652153968365 0.0006170764542519243 0
1652154025224 0.0008803534902913194 0
1652154082384 0.0008609524931006448 0
1652154139729 0.0006208958128687955 0
1652154197295 0.0005278407248060003 0
1652154254590 0.0006248228151034578 0
1652154312080 0.0008061500438541049 0
1652154369222 0.0005437710431329341 0
1652154426240 0.0012117223967430134 0
1652154483216 0.0010988525253295429 0
1652154540498 0.0006916202239265572 0
1652154598347 0.0006162604941976838 0
1652154655617 0.0006688992929156552 0
1652154712737 0.0006304107709447366 0
1652154769944 0.0004744800304732355 0
1652154827203 0.0004379179231868574 0
1652154891507 0.6519143875845889 0
1652154952836 0.4516499345410089 0
1652155014250 0.33322277543835893 0
1652155075627 0.25339026794325137 0
1652155137136 0.2206552752872657 0
1652155198566 0.14515708310489453 0
1652155259789 0.1063588229970559 0
1652155321259 0.10335858731254852 0
1652155382393 0.08822401517857957 0
1652155443455 0.07231597646071924 0
1652155504786 0.05339243278169004 0
1652155565854 0.04085410976855282 0
1652155626963 0.021461259865804806 0
1652155688677 0.018683544670046567 0
1652155750061 0.021971896692890458 0
1652155811464 0.01745572553595256 0
1652155872609 0.025029458352702788 0
1652155933928 0.01912078742273836 0
1652155995417 0.030268767586235083 0
1652156057059 0.0329200165704523 0
1652156118349 0.02758937144796204 0
1652156179440 0.019017579542370388 0
1652156240566 0.022185585687140633 0
1652156301992 0.02262095123579977 0
1652156363429 0.01407364170912115 0
1652156424634 0.017422496368670028 0
1652156485782 0.014060627319757118 0
1652156547173 0.010213368001460126 0
1652156608233 0.023153966802625017 0
1652156669436 0.018508157141711817 0
1652156730438 0.009950012995817617 0
1652156791966 0.035067392843912956 0
1652156853319 0.014576353407736217 0
1652156914695 0.010636834884270526 0
1652156976061 0.007616778319821963 0
1652157037142 0.014022842642731508 0
1652157098360 0.02270617305523369 0
1652157159886 0.007265527323683678 0
1652157221264 0.002872118559321842 0
1652157282480 0.0022678383890277773 0
1652157343732 0.0021178700643608678 0
1652157405045 0.0061754071666931185 0
1652157466136 0.007985143767668311 0
1652157527099 0.002416919349192538 0
1652157588191 0.005065517734360108 0
1652157649495 0.005236442556496225 0
1652157710824 0.005041611087653438 0
1652157771871 0.0025338808092060486 0
1652157833215 0.005566756772836232 0
1652157894291 0.0022078724287216927 0
1652157963151 0.5178477707759723 0
1652158028706 0.32364574540332136 0
1652158094540 0.21340300048815186 0
1652158160194 0.19826391786455821 0
1652158225433 0.12285166759421515 0
1652158290961 0.09460018902083492 0
1652158356351 0.06833651831488037 0
1652158421712 0.05397765325710879 0
1652158487094 0.03783663722752621 0
1652158552574 0.024814868414237894 0
1652158617909 0.03364406443733933 0
1652158683132 0.03006609463105417 0
1652158748576 0.02830116029238627 0
1652158814516 0.026418049645098036 0
1652158879920 0.029666898113579532 0
1652158945645 0.029598418273870126 0
1652159011377 0.018557650037853125 0
1652159077151 0.01944953999247964 0
1652159142706 0.015585695703328845 0
1652159208274 0.009860480812222884 0
1652159273641 0.01093531320137637 0
1652159339287 0.009555290593986429 0
1652159405251 0.005785919972476144 0
1652159470661 0.007548664522030988 0
1652159536012 0.013804192264569538 0
1652159601669 0.010418289291233134 0
1652159667265 0.013354542228881588 0
1652159732792 0.008618536373304541 0
1652159798075 0.013452621315459514 0
1652159863419 0.012243728336253028 0
1652159929058 0.009526807765408768 0
1652159995277 0.005087915588882347 0
1652160061889 0.005141008297443771 0
1652160128413 0.006664966901278172 0
1652160194798 0.005976966334356728 0
1652160260194 0.011561418997223436 0
1652160325895 0.004812618960601895 0
1652160391544 0.009094890026064962 0
1652160457641 0.007215125016877034 0
1652160523346 0.0027258238390590536 0
1652160588719 0.0016417746195764372 0
1652160653912 0.00360785774029613 0
1652160719288 0.003969847928905073 0
1652160784601 0.012167044005491262 0
1652160849891 0.010496468906657263 0
1652160916113 0.008985504502815574 0
1652160981798 0.008902824418403725 0
1652161047472 0.009605840982940622 0
1652161112942 0.012171477873208327 0
1652161178295 0.010796988354691105 0
1652161252730 0.5544129468661161 0
1652161323306 0.3381361085847199 0
1652161393761 0.2317112208435465 0
1652161464227 0.16732682133686608 0
1652161534596 0.11850271045162691 0
1652161605223 0.08011923275489571 0
1652161676019 0.08102347736573182 0
1652161746628 0.04533871908278962 0
1652161817365 0.034273301535906645 0
1652161888462 0.031188139455959333 0
1652161959130 0.018867336976188046 0
1652162030068 0.015957290299254613 0
1652162100775 0.013825701344133922 0
1652162171402 0.01429283229599975 0
1652162242057 0.027545320834140966 0
1652162312738 0.03292159756373522 0
1652162383179 0.028292838778385426 0
1652162453768 0.012943439566547383 0
1652162524595 0.010661669879154274 0
1652162595510 0.005590417016712325 0
1652162666235 0.0053994840480006655 0
1652162737238 0.006413959796597671 0
1652162808051 0.007473124540318027 0
1652162878597 0.003052807766189747 0
1652162949413 0.004429104084785245 0
1652163020546 0.0028138255325301366 0
1652163091158 0.0015821029760645137 0
1652163162102 0.0020225849005386996 0
1652163232951 0.0016301593828555389 0
1652163303874 0.0043676926394670326 0
1652163374553 0.0016988909936005343 0
1652163445193 0.0019054802212491037 0
1652163516055 0.002292573175683665 0
1652163586544 0.0023166043931954292 0
1652163657143 0.007144099866067552 0
1652163728056 0.001680425623378286 0
1652163798786 0.0028289895153887634 0
1652163869153 0.001650947586600561 0
1652163939675 0.0019073097706279597 0
1652164010571 0.009223971794250125 0
1652164081271 0.015322883852741906 0
1652164152077 0.004180729067724581 0
1652164222784 0.014623659934197439 0
1652164293462 0.012947676897700058 0
1652164364286 0.016469079799316853 0
1652164435192 0.025102991059256 0
1652164506083 0.012219247220906133 0
1652164576973 0.006401995762198545 0
1652164647851 0.003141648524068445 0
1652164718574 0.003525113658210246 0
1652164797592 0.4262922764633145 0
1652164872123 0.23699260085036253 0
1652164947017 0.14919934252311207 0
1652165021510 0.09074524825279796 0
1652165096510 0.05329722048029458 0
1652165171545 0.04277879973993907 0
1652165246514 0.02498321580282113 0
1652165321246 0.017142792944391298 0
1652165396106 0.027002903629846555 0
1652165470809 0.016265674419136213 0
1652165545157 0.011479976800688843 0
1652165620065 0.012027089563937946 0
1652165694838 0.0076989417952163545 0
1652165769956 0.01058169701400511 0
1652165844950 0.0045760088622144885 0
1652165920157 0.00459874277218659 0
1652165994959 0.006471824473073351 0
1652166069980 0.004752458867944735 0
1652166144774 0.0026293067480470905 0
1652166219400 0.00154327012911433 0
1652166294175 0.001474617360715724 0
1652166368999 0.00323360299740614 0
1652166444134 0.0014450099077283837 0
1652166519080 0.0034392848919336783 0
1652166594129 0.001639506233490391 0
1652166669103 0.0011658876749121266 0
1652166744078 0.0012529545122830395 0
1652166819117 0.0009011048018536177 0
1652166893900 0.0008353766623263062 0
1652166968703 0.0007830357888593812 0
1652167043549 0.0007664561444014186 0
1652167118684 0.0007071625953242897 0
1652167193840 0.0007749623199999154 0
1652167268928 0.0006973967505696974 0
1652167343857 0.0006597565713447072 0
1652167418621 0.0006304401519235613 0
1652167493332 0.0006418080405084638 0
1652167568050 0.0005774047098056385 0
1652167642800 0.0006172924996736472 0
1652167718011 0.000577762402524965 0
1652167792967 0.0005820366337111983 0
1652167867831 0.0006260130454467257 0
1652167942851 0.0005582189968774498 0
1652168017721 0.000533720573554587 0
1652168092150 0.0005653541294411152 0
1652168167021 0.0005433302412552095 0
1652168241906 0.0005145831293640517 0
1652168316621 0.0005280292121521052 0
1652168391289 0.0005440886223656017 0
1652168465938 0.0004994844565694262 0
1652168549050 0.42660753406935087 0
1652168627898 0.2621893757881399 0
1652168706799 0.18029509270704944 0
1652168785553 0.1350281797141336 0
1652168864317 0.07019083978458109 0
1652168943452 0.06943768453735974 0
1652169022403 0.03596633977828293 0
1652169100965 0.031307493955646144 0
1652169179900 0.025751234244046836 0
1652169259131 0.03045359473558052 0
1652169338338 0.024565776497874846 0
1652169417140 0.0183139439290932 0
1652169495998 0.010585831523577833 0
1652169575055 0.005708417113043861 0
1652169654122 0.007514489728419284 0
1652169732943 0.005814222178919165 0
1652169812081 0.00716142228143758 0
1652169891032 0.0030998761014208636 0
1652169970216 0.011754436249690872 0
1652170049492 0.010958053290558547 0
1652170128351 0.0040443390946023625 0
1652170207160 0.0030069742741989356 0
1652170286288 0.001892051628492743 0
1652170364985 0.003323179290050913 0
1652170444284 0.007728752915740774 0
1652170523447 0.003352878225598624 0
1652170602256 0.0017970299550963168 0
1652170681142 0.0012257028872248287 0
1652170760148 0.0011846704169935403 0
1652170839161 0.0019776867440599185 0
1652170918187 0.001172816136971574 0
1652170997169 0.0010247898977643797 0
1652171076012 0.0009913109887706476 0
1652171155353 0.0008672181219947714 0
1652171234325 0.0008661777900360191 0
1652171313656 0.0007685845909552487 0
1652171392857 0.0007547834595993863 0
1652171471831 0.0007987859967727354 0
1652171551063 0.0009626248805521314 0
1652171630059 0.0007739992169715339 0
1652171709248 0.0006790219166733068 0
1652171788410 0.000697489527867273 0
1652171867941 0.0010289724228505256 0
1652171947348 0.000806317030298334 0
1652172026103 0.0038541056441904267 0
1652172105210 0.0009614579533880869 0
1652172184301 0.0007792682361291797 0
1652172263454 0.0016510061069940948 0
1652172342679 0.0007640304047977054 0
1652172421574 0.0007648191034124163 0
1652172509229 0.4472376789365496 0
1652172592513 0.25816325221065034 0
1652172675608 0.1902949087743938 0
1652172758577 0.1400934210952434 0
1652172841942 0.10138193225965249 0
1652172925090 0.08229157655348991 0
1652173008161 0.05253796401921978 0
1652173091767 0.040256502497748 0
1652173174886 0.03845990140731346 0
1652173258386 0.04225992196717456 0
1652173341630 0.02373976049482442 0
1652173424774 0.014697528333482701 0
1652173508053 0.015172013949011196 0
1652173591208 0.01088444747629814 0
1652173674513 0.018479159204415674 0
1652173757579 0.02554610551759327 0
1652173841159 0.008503701195569749 0
1652173924168 0.01665904939454123 0
1652174007440 0.006380977220379904 0
1652174090614 0.014577990830396521 0
1652174173841 0.008041655613185284 0
1652174256828 0.010927810193004543 0
1652174340048 0.007802376062226469 0
1652174423095 0.0033677122061395778 0
1652174506176 0.0018261436431342402 0
1652174589493 0.0022658235750236183 0
1652174672903 0.020877179918262188 0
1652174756425 0.02077924173045829 0
1652174839901 0.008014153145812601 0
1652174923282 0.0029905189110407664 0
1652175006464 0.0021960589958909312 0
1652175089804 0.0033901966459742926 0
1652175172968 0.0021753572717276293 0
1652175256117 0.0017316292070895909 0
1652175339661 0.0013163646970000727 0
1652175422703 0.0010236275656608134 0
1652175505996 0.00107327123627465 0
1652175589068 0.0009727864415650178 0
1652175672495 0.0008537715361959019 0
1652175755646 0.0007898136589665736 0
1652175838983 0.0007510552099546907 0
1652175922171 0.0007106668671856189 0
1652176005532 0.0007026975208682328 0
1652176088902 0.002020525856795353 0
1652176171919 0.0012115014071542108 0
1652176255355 0.0011276973133456298 0
1652176338778 0.0007660907528943665 0
1652176422148 0.0007638210325382192 0
1652176505321 0.0007036592579444503 0
1652176588459 0.0008566255967563103 0
1652176680898 0.26057339111805344 0
1652176768331 0.11720586016756339 0
1652176855886 0.057699200571629874 0
1652176943115 0.025932744038361887 0
1652177030769 0.01596346940006838 0
1652177118158 0.019469963044748722 0
1652177205583 0.0304864252785909 0
1652177292825 0.015819542625798575 0
1652177380419 0.0070765508827140165 0
1652177467962 0.00390328779977918 0
1652177555364 0.005602857721590415 0
1652177642737 0.003358502654137249 0
1652177730290 0.01008311039913098 0
1652177817488 0.0033983913560956124 0
1652177904818 0.0017960492124987643 0
1652177992039 0.001895991409515571 0
1652178079384 0.0025371221945519246 0
1652178166370 0.004935579617111591 0
1652178253840 0.0014966763405490544 0
1652178341006 0.0013180531803682054 0
1652178428530 0.0014994427105017951 0
1652178515878 0.0011191935447941804 0
1652178603576 0.0010100252653568009 0
1652178691264 0.0010199560901798241 0
1652178778631 0.0008738779001393566 0
1652178866027 0.0008079624276404572 0
1652178953214 0.000880862749163106 0
1652179040843 0.0008434494283735597 0
1652179128526 0.0007502708664622547 0
1652179215661 0.0007108875286653162 0
1652179303430 0.0006464600024825885 0
1652179390591 0.0006486549931678681 0
1652179477646 0.0006262048590610195 0
1652179564710 0.0006047735814449615 0
1652179651872 0.0006270284766977221 0
1652179738950 0.0006351448575641249 0
1652179826419 0.000615250200597333 0
1652179913704 0.0005617592929165992 0
1652180001016 0.0005965152978269028 0
1652180088515 0.0006132222124295872 0
1652180175909 0.0005771497902605334 0
1652180263096 0.0005556378354792649 0
1652180350816 0.0005407715288283718 0
1652180438417 0.0005271150597690026 0
1652180525953 0.0005501376301256817 0
1652180613505 0.0005594176778767529 0
1652180700617 0.0005326352290495492 0
1652180788149 0.0005280656084315725 0
1652180875453 0.0005054027316883705 0
1652180962879 0.0004937852028027438 0
1652181059700 0.5111825354724338 0
1652181151107 0.50426976450519 0
1652181242576 1.5843459907666455 0
1652181334433 0.3100853756200953 0
1652181425894 0.16558460231219305 0
1652181517541 0.1164059603418813 0
1652181609131 0.0640581076948384 0
1652181700898 0.047758072058700696 0
1652181794394 0.037129272703090285 0
1652181886691 0.023335517808149814 0
1652181979689 0.01983173426719351 0
1652182072450 0.02642948515505098 0
1652182165474 0.014306862533080606 0
1652182256839 0.014308587562497957 0
1652182348538 0.006124026232740209 0
1652182440450 0.027797267058714093 0
1652182532288 0.01564146093659977 0
1652182624184 0.007559684903865586 0
1652182715667 0.023340121555273666 0
1652182807525 0.018283468035643614 0
1652182899317 0.017771985520833936 0
1652182991104 0.0086184937257174 0
1652183082803 0.004549742727603612 0
1652183174514 0.003352701564000567 0
1652183266317 0.004499045596811073 0
1652183358202 0.0027874116598147563 0
1652183450063 0.0022023985790815695 0
1652183542061 0.007514949074105701 0
1652183633847 0.004004605186557589 0
1652183725805 0.0034719774397706997 0
1652183817638 0.003096667960686022 0
1652183909453 0.0021651583147314743 0
1652184001579 0.0024691378784716033 0
1652184093140 0.005216131220941104 0
1652184185102 0.001975168903538153 0
1652184277117 0.0017055518923703424 0
1652184369033 0.0014956741810628381 0
1652184461200 0.0015572077849826346 0
1652184552694 0.0014939515800152126 0
1652184644291 0.0012952753884163338 0
1652184735983 0.0011266862886421924 0
1652184827715 0.0010617487700224958 0
1652184919263 0.0009440004303256096 0
1652185010405 0.0010091661487119563 0
1652185102178 0.0009157556060445922 0
1652185194047 0.0008995294445866967 0
1652185285867 0.0009159380346142701 0
1652185377337 0.0008398014963816343 0
1652185468931 0.0008100422072939349 0
1652185560480 0.0008629702275220516 0
