1645722246207 0.1778 0
1645722248113 0.3012 0
1645722250022 0.3346 0
1645722251963 0.3636 0
1645722253863 0.3908 0
1645722255766 0.4174 0
1645722257666 0.451 0
1645722259566 0.4754 0
1645722261443 0.4916 0
1645722263351 0.5198 0
1645722266318 0.3128 0
1645722268942 0.4228 0
1645722271469 0.4672 0
1645722274016 0.4918 0
1645722276580 0.514 0
1645722279151 0.5388 0
1645722281722 0.5698 0
1645722284358 0.5878 0
1645722286946 0.6198 0
1645722289612 0.6324 0
1645722293335 0.2846 0
1645722296356 0.3992 0
1645722299382 0.4476 0
1645722302409 0.4712 0
1645722305515 0.507 0
1645722308600 0.5302 0
1645722311632 0.564 0
1645722314752 0.5976 0
1645722317827 0.6154 0
1645722320831 0.6416 0
1645722325365 0.3034 0
1645722328903 0.4204 0
1645722332389 0.4612 0
1645722335914 0.4906 0
1645722339502 0.5232 0
1645722343004 0.548 0
1645722346517 0.573 0
1645722349973 0.6 0
1645722353533 0.6246 0
1645722357067 0.6546 0
1645722362594 0.3364 0
1645722366674 0.4502 0
1645722370673 0.4942 0
1645722374580 0.5258 0
1645722378656 0.5582 0
1645722382598 0.5772 0
1645722386666 0.6072 0
1645722390653 0.6388 0
1645722394630 0.6582 0
1645722398682 0.695 0
1645722405054 0.3044 0
1645722409556 0.4288 0
1645722414086 0.4656 0
1645722418618 0.4918 0
1645722423198 0.5318 0
1645722427654 0.5548 0
1645722432173 0.5808 0
1645722436821 0.6132 0
1645722441306 0.6374 0
1645722445800 0.6604 0
1645722453075 0.3154 0
1645722457987 0.4128 0
1645722462962 0.452 0
1645722467923 0.4782 0
1645722472918 0.5162 0
1645722477851 0.5428 0
1645722482836 0.5596 0
1645722487869 0.592 0
1645722492963 0.6224 0
1645722497872 0.6514 0
1645722506042 0.3618 0
1645722511590 0.4656 0
1645722517138 0.489 0
1645722522713 0.5306 0
1645722528309 0.5444 0
1645722533722 0.5734 0
1645722539167 0.6018 0
1645722544744 0.6278 0
1645722550270 0.654 0
1645722555728 0.6786 0
1645722564993 0.2838 0
1645722571006 0.36 0
1645722577027 0.3976 0
1645722582953 0.4232 0
1645722588930 0.4466 0
1645722594907 0.4726 0
1645722600895 0.4904 0
1645722606930 0.5338 0
1645722612864 0.5758 0
1645722618853 0.5986 0
1645722628938 0.3058 0
1645722635378 0.415 0
1645722641670 0.4606 0
1645722648047 0.4852 0
1645722654310 0.5178 0
1645722660674 0.5378 0
1645722667271 0.5708 0
1645722673738 0.6016 0
1645722679961 0.6326 0
1645722686305 0.6548 0
1645722697652 0.319 0
1645722704737 0.4282 0
1645722711679 0.4696 0
1645722718564 0.5042 0
1645722725511 0.5274 0
1645722732380 0.5628 0
1645722739502 0.5876 0
1645722746413 0.6244 0
1645722753474 0.6546 0
1645722760527 0.6872 0
1645722773108 0.3396 0
1645722780757 0.456 0
1645722788276 0.4934 0
1645722795991 0.5186 0
1645722803575 0.542 0
1645722811215 0.5696 0
1645722818847 0.6076 0
1645722826594 0.631 0
1645722834247 0.6558 0
1645722841712 0.6868 0
1645722855477 0.2966 0
1645722863623 0.3988 0
1645722872031 0.4366 0
1645722880401 0.4686 0
1645722888619 0.5 0
1645722896925 0.5278 0
1645722905154 0.5588 0
1645722913400 0.5922 0
1645722921500 0.6128 0
1645722929548 0.648 0
1645722944417 0.3848 0
1645722953424 0.4876 0
1645722962087 0.523 0
1645722971140 0.5528 0
1645722980207 0.5734 0
1645722988779 0.605 0
1645722997588 0.62 0
1645723006586 0.6468 0
1645723015569 0.6784 0
1645723024232 0.6988 0
1645723040741 0.3158 0
1645723050320 0.4356 0
1645723059685 0.4794 0
1645723069256 0.5118 0
1645723078702 0.5346 0
1645723088110 0.5506 0
1645723097521 0.587 0
1645723107127 0.613 0
1645723116548 0.6368 0
1645723126121 0.669 0
1645723143809 0.3458 0
1645723153779 0.4464 0
1645723163875 0.4958 0
1645723174017 0.5186 0
1645723184057 0.5576 0
1645723194120 0.5882 0
1645723204019 0.6296 0
1645723214202 0.6434 0
1645723224260 0.6706 0
1645723234181 0.689 0
1645723253198 0.3006 0
1645723264035 0.3934 0
1645723274886 0.4432 0
1645723285838 0.476 0
1645723296888 0.501 0
1645723307667 0.5268 0
1645723318316 0.565 0
1645723329134 0.5966 0
1645723340091 0.625 0
1645723351110 0.6482 0
1645723371818 0.3794 0
1645723383224 0.496 0
1645723394641 0.5304 0
1645723406095 0.563 0
1645723417749 0.5776 0
1645723429396 0.609 0
1645723441006 0.6492 0
1645723452585 0.6746 0
1645723464125 0.699 0
1645723475583 0.7302 0
1645723498173 0.3238 0
1645723510532 0.4116 0
1645723522995 0.4574 0
1645723535256 0.492 0
1645723547685 0.522 0
1645723560060 0.553 0
1645723572516 0.5874 0
1645723584852 0.622 0
1645723597219 0.6416 0
1645723609268 0.6744 0
1645723633132 0.3714 0
1645723646002 0.479 0
1645723658958 0.5202 0
1645723672005 0.55 0
1645723685031 0.5842 0
1645723698057 0.6108 0
1645723711368 0.6396 0
1645723724416 0.6768 0
1645723737378 0.6872 0
1645723750494 0.7254 0
