1645613915395 0.1934 0
1645613923880 0.377 0
1645613931983 0.4794 0
1645613939943 0.5576 0
1645613947919 0.6418 0
1645613956283 0.7232 0
1645613964597 0.7906 0
1645613972933 0.8552 0
1645613981407 0.8892 0
1645613989859 0.9206 0
1645613998727 0.2448 0
1645614004267 0.3674 0
1645614009996 0.4336 0
1645614015755 0.4946 0
1645614021387 0.5626 0
1645614027003 0.6478 0
1645614032565 0.7248 0
1645614038070 0.7992 0
1645614043603 0.8598 0
1645614049269 0.9046 0
1645614061260 0.2536 0
1645614067116 0.3864 0
1645614072700 0.4606 0
1645614078427 0.5218 0
1645614084089 0.6012 0
1645614089986 0.674 0
1645614095855 0.7412 0
1645614101727 0.808 0
1645614107220 0.8598 0
1645614112959 0.9126 0
