1652341926403 0.41 0
1652341934830 0.5204 0
1652341943166 0.5356 0
1652341951474 0.57 0
1652341959891 0.6036 0
1652341968088 0.55 0
1652341976477 0.548 0
1652341984583 0.5924 0
1652341992974 0.586 0
1652342001475 0.5696 0
1652342009809 0.5872 0
1652342018022 0.5912 0
1652342026289 0.6228 0
1652342034537 0.594 0
1652342042731 0.6196 0
1652342051029 0.5832 0
1652342059329 0.598 0
1652342067547 0.5924 0
1652342075859 0.6096 0
1652342084194 0.5936 0
1652342092674 0.5696 0
1652342101140 0.586 0
1652342109297 0.6184 0
1652342117655 0.6052 0
1652342125871 0.6288 0
1652342134618 0.6156 0
1652342142835 0.6328 0
1652342150927 0.6116 0
1652342159111 0.614 0
1652342167224 0.6272 0
1652342176426 0.2856 0
1652342182255 0.3044 0
1652342187793 0.3276 0
1652342193446 0.2928 0
1652342199364 0.2944 0
1652342204889 0.2996 0
1652342210646 0.3236 0
1652342216386 0.3196 0
1652342222095 0.3 0
1652342227915 0.298 0
1652342233507 0.312 0
1652342239058 0.3076 0
1652342244946 0.3128 0
1652342250627 0.32 0
1652342256292 0.3048 0
1652342262105 0.3196 0
1652342267687 0.306 0
1652342273259 0.2944 0
1652342278961 0.2988 0
1652342284622 0.31 0
1652342290310 0.318 0
1652342295986 0.3076 0
1652342301697 0.3024 0
1652342307533 0.3148 0
1652342313329 0.326 0
1652342318958 0.3092 0
1652342324618 0.33 0
1652342330329 0.3172 0
1652342336006 0.322 0
1652342341793 0.3256 0
1652342354953 0.2972 0
1652342360578 0.2868 0
1652342366375 0.3088 0
1652342372178 0.3112 0
1652342377761 0.3324 0
1652342383449 0.3336 0
1652342388996 0.3192 0
1652342394649 0.3176 0
1652342400318 0.3268 0
1652342405924 0.298 0
1652342411455 0.3028 0
1652342417221 0.3108 0
1652342422884 0.3136 0
1652342428561 0.3272 0
1652342434283 0.3096 0
1652342439944 0.3228 0
1652342445695 0.3064 0
1652342451409 0.3296 0
1652342457089 0.32 0
1652342462830 0.3212 0
1652342468459 0.322 0
1652342474206 0.3212 0
1652342479898 0.344 0
1652342485520 0.3424 0
1652342491246 0.3292 0
1652342496829 0.3244 0
1652342502495 0.3312 0
1652342508317 0.31 0
1652342513979 0.3236 0
1652342519619 0.3272 0
1652342536246 0.4664 0
1652342541850 0.5292 0
1652342547373 0.5348 0
1652342552995 0.5656 0
1652342558640 0.55 0
1652342564413 0.544 0
1652342569925 0.5516 0
1652342575504 0.5656 0
1652342581144 0.5492 0
1652342586872 0.5464 0
1652342592575 0.5576 0
1652342598295 0.5668 0
1652342603964 0.55 0
1652342609551 0.5392 0
1652342615375 0.5584 0
1652342620986 0.556 0
1652342626863 0.5516 0
1652342632597 0.54 0
1652342638111 0.5748 0
1652342643833 0.5548 0
1652342649444 0.5744 0
1652342655198 0.5592 0
1652342660788 0.5688 0
1652342666513 0.5736 0
1652342672208 0.556 0
1652342677679 0.5588 0
1652342683322 0.5572 0
1652342688963 0.5876 0
1652342694644 0.5728 0
1652342700315 0.5684 0
1652342720628 0.2784 0
1652342726195 0.3096 0
1652342731770 0.3068 0
1652342737612 0.292 0
1652342743251 0.3064 0
1652342748998 0.304 0
1652342754641 0.2852 0
1652342760312 0.308 0
1652342766038 0.2984 0
1652342771594 0.2988 0
1652342777089 0.2932 0
1652342782639 0.302 0
1652342788412 0.2888 0
1652342794016 0.3048 0
1652342799865 0.31 0
1652342805368 0.2976 0
1652342811073 0.312 0
1652342816842 0.2988 0
1652342822480 0.296 0
1652342828253 0.3028 0
1652342833886 0.292 0
1652342839570 0.3076 0
1652342845232 0.3116 0
1652342850740 0.3088 0
1652342856325 0.3 0
1652342862003 0.294 0
1652342867889 0.2976 0
1652342873584 0.2984 0
1652342879347 0.3048 0
1652342885028 0.318 0
