1651771814716 0.39 0
1651771817647 0.5932 0
1651771820649 0.6792 0
1651771823482 0.7304 0
1651771826453 0.774 0
1651771829390 0.8208 0
1651771832229 0.8436 0
1651771835142 0.8676 0
1651771838157 0.8632 0
1651771841095 0.896 0
1651771844011 0.8916 0
1651771846888 0.9132 0
1651771849749 0.9164 0
1651771852855 0.9156 0
1651771855869 0.9328 0
1651771858948 0.9476 0
1651771861953 0.9512 0
1651771864836 0.9224 0
1651771867789 0.95 0
1651771870703 0.9608 0
1651771873565 0.9708 0
1651771876489 0.9656 0
1651771879433 0.9692 0
1651771882529 0.9668 0
1651771885565 0.942 0
1651771888510 0.9708 0
1651771891398 0.942 0
1651771894536 0.9688 0
1651771897498 0.974 0
1651771900436 0.9812 0
1651771905602 0.798 0
1651771910600 0.8808 0
1651771915616 0.9046 0
1651771920602 0.9194 0
1651771925664 0.934 0
1651771930758 0.9434 0
1651771935582 0.9416 0
1651771940670 0.9522 0
1651771945647 0.961 0
1651771950725 0.9598 0
1651771955639 0.9566 0
1651771960593 0.96 0
1651771965723 0.951 0
1651771970576 0.9652 0
1651771975609 0.9702 0
1651771980617 0.9718 0
1651771985660 0.9682 0
1651771990603 0.9692 0
1651771995648 0.9708 0
1651772000778 0.964 0
1651772005727 0.9726 0
1651772010757 0.9772 0
1651772015756 0.9722 0
1651772020674 0.9718 0
1651772025568 0.9798 0
1651772030687 0.9756 0
1651772035657 0.9686 0
1651772040553 0.9814 0
1651772045605 0.9776 0
1651772050523 0.9758 0
1651772058077 0.8346666666666667 0
1651772065136 0.8933333333333333 0
1651772072239 0.9118666666666667 0
1651772079432 0.9250666666666667 0
1651772086291 0.9289333333333334 0
1651772093559 0.9376 0
1651772100658 0.9549333333333333 0
1651772107841 0.9529333333333333 0
1651772115192 0.9601333333333333 0
1651772122171 0.9566666666666667 0
1651772129322 0.962 0
1651772136554 0.968 0
1651772143474 0.9624 0
1651772150752 0.9649333333333333 0
1651772158055 0.9609333333333333 0
1651772165437 0.9706666666666667 0
1651772172633 0.9573333333333334 0
1651772179927 0.9734666666666667 0
1651772187286 0.974 0
1651772194467 0.9670666666666666 0
1651772201586 0.9749333333333333 0
1651772208687 0.9702666666666667 0
1651772215919 0.9632 0
1651772223053 0.9778666666666667 0
1651772230412 0.9797333333333333 0
1651772237724 0.9705333333333334 0
1651772245166 0.972 0
1651772252247 0.9761333333333333 0
1651772259606 0.9716 0
1651772266580 0.9777333333333333 0
1651772276596 0.9053 0
1651772285973 0.9299 0
1651772295413 0.9395 0
1651772304802 0.9494 0
1651772314336 0.9547 0
1651772323785 0.9536 0
1651772333232 0.9544 0
1651772342685 0.9629 0
1651772352088 0.962 0
1651772361823 0.961 0
1651772371275 0.9614 0
1651772380632 0.9648 0
1651772389816 0.9692 0
1651772399196 0.962 0
1651772408776 0.9702 0
1651772418291 0.9756 0
1651772427647 0.9685 0
1651772437019 0.966 0
1651772446363 0.9701 0
1651772455907 0.9712 0
1651772465191 0.9722 0
1651772474435 0.969 0
1651772484041 0.9744 0
1651772493587 0.9703 0
1651772503099 0.9757 0
1651772512740 0.9652 0
1651772522221 0.9776 0
1651772531834 0.9729 0
1651772541357 0.973 0
1651772551017 0.9758 0
1651772563759 0.89456 0
1651772575755 0.91952 0
1651772587390 0.9304 0
1651772599334 0.9456 0
1651772610989 0.95016 0
1651772622766 0.94488 0
1651772634564 0.94528 0
1651772646498 0.95144 0
1651772658117 0.95696 0
1651772670050 0.95744 0
1651772682487 0.96504 0
1651772694522 0.96024 0
1651772706517 0.96304 0
1651772718605 0.9596 0
1651772730812 0.96712 0
1651772742768 0.9644 0
1651772754639 0.97 0
1651772766648 0.96872 0
1651772778461 0.96312 0
1651772790211 0.96176 0
1651772801953 0.96768 0
1651772813979 0.97 0
1651772825995 0.97048 0
1651772837890 0.96912 0
1651772849743 0.96776 0
1651772861932 0.96736 0
1651772873891 0.9672 0
1651772885520 0.96824 0
1651772897253 0.972 0
1651772909122 0.97184 0
1651772924756 0.9004666666666666 0
1651772939089 0.9271333333333334 0
1651772953615 0.9390666666666667 0
1651772967982 0.9410666666666667 0
1651772982364 0.9378 0
1651772996905 0.9502666666666667 0
1651773010935 0.9504666666666667 0
1651773025199 0.9526666666666667 0
1651773039663 0.9599333333333333 0
1651773053915 0.9528666666666666 0
1651773068232 0.9603333333333334 0
1651773082340 0.9632666666666667 0
1651773096758 0.963 0
1651773111147 0.9586666666666667 0
1651773125500 0.9568 0
1651773139961 0.9619333333333333 0
1651773153984 0.9712666666666666 0
1651773168689 0.9601333333333333 0
1651773182917 0.9634666666666667 0
1651773197260 0.9682666666666667 0
1651773211892 0.9674666666666667 0
1651773226461 0.9676 0
1651773240958 0.9630666666666666 0
1651773255307 0.9648666666666667 0
1651773269461 0.9633333333333334 0
1651773283825 0.965 0
1651773298073 0.9635333333333334 0
1651773312428 0.9707333333333333 0
1651773326752 0.9691333333333333 0
1651773340881 0.9689333333333333 0
1651773359272 0.9218285714285714 0
1651773375901 0.9406285714285715 0
1651773392966 0.9438857142857143 0
1651773410325 0.9470857142857143 0
1651773427498 0.9496 0
1651773444430 0.9536 0
1651773461558 0.9540571428571428 0
1651773478497 0.9504571428571429 0
1651773495757 0.9571428571428572 0
1651773513054 0.9566857142857143 0
1651773530201 0.9609142857142857 0
1651773547240 0.9558857142857143 0
1651773564111 0.9592571428571428 0
1651773581257 0.9594285714285714 0
1651773598207 0.9594857142857143 0
1651773615505 0.9622285714285714 0
1651773632915 0.9618857142857142 0
1651773650359 0.9656571428571429 0
1651773667736 0.9600571428571428 0
1651773684921 0.9650285714285715 0
1651773702207 0.9630857142857143 0
1651773719588 0.9606857142857143 0
1651773736793 0.9631428571428572 0
1651773754514 0.9653714285714285 0
1651773771868 0.9618285714285715 0
1651773788786 0.9596571428571429 0
1651773805770 0.9685714285714285 0
1651773822827 0.9668 0
1651773839761 0.964 0
1651773856672 0.9625142857142858 0
1651773878178 0.91825 0
1651773897958 0.9392 0
1651773917531 0.94055 0
1651773937420 0.9454 0
1651773957174 0.9512 0
1651773976648 0.95135 0
1651773996594 0.9581 0
1651774016226 0.95395 0
1651774036114 0.95555 0
1651774056204 0.95385 0
1651774075634 0.95515 0
1651774095213 0.9607 0
1651774115058 0.96115 0
1651774135167 0.96325 0
1651774154487 0.95665 0
1651774174293 0.95705 0
1651774193883 0.96255 0
1651774213630 0.96345 0
1651774233656 0.95915 0
1651774253529 0.95915 0
1651774273285 0.96435 0
1651774292897 0.9604 0
1651774312767 0.96465 0
1651774332312 0.95915 0
1651774352131 0.96355 0
1651774371526 0.96305 0
1651774391283 0.9584 0
1651774411193 0.96705 0
1651774430947 0.96185 0
1651774450723 0.9657 0
1651774475097 0.9140444444444444 0
1651774497680 0.9306222222222222 0
1651774520812 0.9310222222222222 0
1651774542937 0.94 0
1651774565830 0.9377777777777778 0
1651774588662 0.9446666666666667 0
1651774611391 0.9444888888888889 0
1651774633934 0.9463555555555555 0
1651774656273 0.9524888888888889 0
1651774679067 0.9490222222222222 0
1651774701618 0.9512 0
1651774724065 0.9538666666666666 0
1651774746895 0.9502666666666667 0
1651774769389 0.9508 0
1651774791927 0.9530666666666666 0
1651774814475 0.9570222222222222 0
1651774837330 0.9520888888888889 0
1651774860503 0.9567111111111111 0
1651774883640 0.9590222222222222 0
1651774906722 0.9572444444444445 0
1651774929372 0.9552888888888889 0
1651774952545 0.9580888888888889 0
1651774975442 0.9599555555555556 0
1651774998412 0.9573777777777778 0
1651775020916 0.9596444444444444 0
1651775043382 0.9548444444444445 0
1651775065621 0.9607111111111111 0
1651775087682 0.9632888888888889 0
1651775110383 0.9556888888888889 0
1651775132554 0.9543111111111111 0
1651775160474 0.9234 0
1651775186415 0.94184 0
1651775211830 0.94128 0
1651775237737 0.94924 0
1651775263282 0.94796 0
1651775289180 0.94852 0
1651775314852 0.95072 0
1651775340116 0.95152 0
1651775365553 0.95516 0
1651775390913 0.95032 0
1651775416579 0.95208 0
1651775441993 0.952 0
1651775467111 0.95464 0
1651775492690 0.95556 0
1651775518029 0.95416 0
1651775543581 0.95556 0
1651775569756 0.955 0
1651775594872 0.95472 0
1651775619983 0.961 0
1651775645549 0.95384 0
1651775671370 0.95636 0
1651775696619 0.95568 0
1651775722200 0.9564 0
1651775747521 0.95708 0
1651775773209 0.96028 0
1651775798690 0.95708 0
1651775824363 0.95356 0
1651775850320 0.95888 0
1651775875788 0.95884 0
1651775901547 0.96252 0
1651775932791 0.9340727272727273 0
1651775961508 0.9427272727272727 0
1651775989631 0.9472727272727273 0
1651776018269 0.9468727272727273 0
1651776046966 0.9488 0
1651776075292 0.9514545454545454 0
1651776103450 0.9513090909090909 0
1651776131651 0.9512727272727273 0
1651776160100 0.9504 0
1651776188303 0.9515636363636364 0
1651776216683 0.9563272727272727 0
1651776245086 0.9569818181818182 0
1651776273416 0.9516363636363636 0
1651776301917 0.9514181818181818 0
1651776330699 0.9568363636363636 0
1651776359192 0.9552727272727273 0
1651776387744 0.9532727272727273 0
1651776416549 0.9530545454545455 0
1651776445536 0.9548727272727273 0
1651776474383 0.9538545454545454 0
1651776502916 0.9601090909090909 0
1651776532019 0.9547272727272728 0
1651776561066 0.9546545454545454 0
1651776589763 0.9542181818181819 0
1651776617790 0.9573818181818182 0
1651776646271 0.9562545454545455 0
1651776674930 0.9584363636363636 0
1651776703535 0.9536 0
1651776732432 0.955709090909091 0
1651776760668 0.9567636363636364 0
1651776795283 0.9207666666666666 0
1651776827185 0.9357333333333333 0
1651776858866 0.9369333333333333 0
1651776890835 0.9399666666666666 0
1651776922197 0.9450666666666667 0
1651776954211 0.9445666666666667 0
1651776986054 0.9449333333333333 0
1651777017150 0.9443333333333334 0
1651777049123 0.9462333333333334 0
1651777081155 0.9482333333333334 0
1651777113672 0.9507 0
1651777145073 0.9463 0
1651777176397 0.9468333333333333 0
1651777208257 0.9481666666666667 0
1651777239813 0.9476 0
1651777271758 0.9503 0
1651777303587 0.9499333333333333 0
1651777334794 0.9514333333333334 0
1651777366836 0.953 0
1651777398821 0.9516 0
1651777430889 0.9487 0
1651777462037 0.9509 0
1651777493473 0.9512333333333334 0
1651777525013 0.9505 0
1651777557015 0.9517333333333333 0
1651777589079 0.9514666666666667 0
1651777620815 0.9528666666666666 0
1651777652566 0.9533 0
1651777683897 0.9538333333333333 0
1651777715454 0.9511333333333334 0
1651777752836 0.9248307692307692 0
1651777787654 0.9396 0
1651777821812 0.9447692307692308 0
1651777856867 0.9414461538461538 0
1651777891921 0.9436 0
1651777926953 0.9456 0
1651777961777 0.9459692307692308 0
1651777997063 0.9472307692307692 0
1651778032358 0.9433538461538461 0
1651778067724 0.9482769230769231 0
1651778102730 0.9448307692307693 0
1651778138201 0.9494153846153847 0
1651778173438 0.9479384615384615 0
1651778208034 0.9488923076923077 0
1651778242464 0.9471384615384615 0
1651778277787 0.9512923076923077 0
1651778313017 0.9480923076923077 0
1651778348020 0.9500307692307692 0
1651778383347 0.9515384615384616 0
1651778418298 0.9504923076923077 0
1651778453602 0.9518153846153846 0
1651778488597 0.9486153846153846 0
1651778523356 0.9496923076923077 0
1651778557952 0.9503692307692307 0
1651778592908 0.9485230769230769 0
1651778628088 0.9471384615384615 0
1651778662856 0.9499384615384615 0
1651778697630 0.9498769230769231 0
1651778732092 0.9525230769230769 0
1651778767147 0.9512615384615385 0
1651778808496 0.9266571428571428 0
1651778845990 0.9375714285714286 0
1651778884367 0.9352285714285714 0
1651778922253 0.9411714285714285 0
1651778960867 0.9397428571428571 0
1651778998753 0.9402571428571429 0
1651779037090 0.9441428571428572 0
1651779075198 0.9398571428571428 0
1651779113403 0.9468 0
1651779151376 0.9450285714285714 0
1651779190046 0.9467428571428571 0
1651779228238 0.9437428571428571 0
1651779267037 0.9448 0
1651779305179 0.9466 0
1651779343687 0.9444571428571429 0
1651779381661 0.9487428571428571 0
1651779419433 0.9434285714285714 0
1651779457221 0.9468285714285715 0
1651779495400 0.9483714285714285 0
1651779533340 0.9469714285714286 0
1651779571124 0.9506857142857142 0
1651779609828 0.9497714285714286 0
1651779648597 0.9444857142857143 0
1651779686757 0.9473714285714285 0
1651779724417 0.9484 0
1651779762970 0.9508 0
1651779801343 0.9477714285714286 0
1651779839105 0.9495142857142858 0
1651779877349 0.9484285714285714 0
1651779915520 0.9486857142857142 0
1651779960157 0.9312 0
1651780001564 0.94016 0
1651780042200 0.94328 0
1651780083529 0.9383466666666667 0
1651780124233 0.9426933333333334 0
1651780164957 0.9433066666666666 0
1651780205948 0.94032 0
1651780246970 0.94528 0
1651780288029 0.94528 0
1651780328969 0.9422133333333333 0
1651780369655 0.9457333333333333 0
1651780410992 0.9425866666666667 0
1651780452791 0.9447733333333334 0
1651780493555 0.94464 0
1651780534763 0.94592 0
1651780576471 0.9434933333333333 0
1651780617757 0.9444 0
1651780658960 0.9484 0
1651780700140 0.9434133333333333 0
1651780741273 0.9481066666666667 0
1651780782187 0.9474133333333333 0
1651780822998 0.9454666666666667 0
1651780863264 0.9470933333333333 0
1651780904669 0.9430933333333333 0
1651780945713 0.9459466666666667 0
1651780986968 0.9477066666666667 0
1651781028326 0.94664 0
1651781069136 0.9463466666666667 0
1651781110101 0.9464533333333334 0
1651781151334 0.94792 0
1651781199913 0.919975 0
1651781244570 0.93085 0
1651781289070 0.9319 0
1651781333149 0.934525 0
1651781377217 0.9347 0
1651781421259 0.936825 0
1651781465527 0.937075 0
1651781510314 0.93585 0
1651781554991 0.93945 0
1651781600206 0.939825 0
1651781644101 0.9396 0
1651781687798 0.939825 0
1651781732050 0.939375 0
1651781776682 0.942525 0
1651781820790 0.940125 0
1651781865223 0.94085 0
1651781909416 0.94095 0
1651781953837 0.9416 0
1651781998202 0.94345 0
1651782042847 0.941275 0
1651782087292 0.9416 0
1651782131444 0.944725 0
1651782175663 0.94205 0
1651782219676 0.943275 0
1651782263882 0.94315 0
1651782307950 0.942625 0
1651782352907 0.943575 0
1651782397349 0.942625 0
1651782442378 0.9433 0
1651782487429 0.94215 0
1651782540015 0.9216 0
1651782588644 0.9310117647058823 0
1651782636152 0.9316235294117647 0
1651782683358 0.9336235294117647 0
1651782730932 0.9317647058823529 0
1651782778344 0.9357176470588235 0
1651782826763 0.9352235294117647 0
1651782874386 0.9356470588235294 0
1651782922260 0.9353411764705882 0
1651782969949 0.9390823529411765 0
1651783016946 0.9364705882352942 0
1651783064862 0.9391294117647059 0
1651783112367 0.9378352941176471 0
1651783159521 0.9368 0
1651783207727 0.9381647058823529 0
1651783255436 0.938 0
1651783302906 0.9395529411764706 0
1651783350869 0.9385411764705882 0
1651783398410 0.9416705882352941 0
1651783445595 0.9370588235294117 0
1651783492991 0.9395058823529412 0
1651783541167 0.9390352941176471 0
1651783588655 0.9405176470588236 0
1651783636304 0.9411764705882353 0
1651783683130 0.936635294117647 0
1651783731093 0.9410352941176471 0
1651783778404 0.9417176470588235 0
1651783825769 0.9387764705882353 0
1651783873316 0.9396470588235294 0
1651783920795 0.9404470588235294 0
1651783976556 0.9208222222222222 0
1651784028371 0.9301333333333334 0
1651784080010 0.9316 0
1651784131860 0.9323111111111111 0
1651784182401 0.9313555555555556 0
1651784233347 0.9302444444444444 0
1651784284293 0.9327555555555556 0
1651784335186 0.9323333333333333 0
1651784385763 0.9362444444444444 0
1651784436667 0.9340888888888889 0
1651784487546 0.9338444444444445 0
1651784537835 0.9346888888888889 0
1651784588880 0.9351333333333334 0
1651784639706 0.9362 0
1651784690597 0.9318444444444445 0
1651784741770 0.9376444444444444 0
1651784793118 0.9362222222222222 0
1651784843603 0.9366666666666666 0
1651784895027 0.9370222222222222 0
1651784945837 0.938 0
1651784996779 0.9360222222222222 0
1651785047831 0.9386666666666666 0
1651785098998 0.9363555555555556 0
1651785150717 0.9371111111111111 0
1651785201571 0.9367777777777778 0
1651785251674 0.9400666666666667 0
1651785301865 0.9357111111111112 0
1651785352818 0.9380666666666667 0
1651785403543 0.9364 0
1651785454686 0.9389333333333333 0
1651785513524 0.9230736842105263 0
1651785568635 0.9298526315789474 0
1651785623921 0.9316421052631579 0
1651785679777 0.9362736842105264 0
1651785734496 0.9336631578947369 0
1651785788794 0.9333894736842105 0
1651785843002 0.9326315789473684 0
1651785897788 0.9330947368421053 0
1651785952250 0.9370315789473684 0
1651786006612 0.9344 0
1651786060961 0.9364 0
1651786114650 0.9332842105263158 0
1651786168321 0.9357052631578947 0
1651786222329 0.935178947368421 0
1651786276644 0.9386947368421052 0
1651786330246 0.935978947368421 0
1651786383796 0.9349894736842105 0
1651786438492 0.9372421052631579 0
1651786492916 0.9339368421052632 0
1651786546995 0.9375157894736842 0
1651786601419 0.934357894736842 0
1651786655952 0.9350315789473684 0
1651786709938 0.9374947368421053 0
1651786763714 0.9365473684210527 0
1651786817652 0.9333263157894737 0
1651786871975 0.9372631578947368 0
1651786926309 0.9353263157894737 0
1651786980628 0.9376421052631579 0
1651787034310 0.9382947368421053 0
1651787087608 0.9365052631578947 0
1651787151540 0.92202 0
1651787209748 0.92854 0
1651787268430 0.9303 0
1651787326118 0.93138 0
1651787383375 0.92938 0
1651787441067 0.9319 0
1651787498439 0.92888 0
1651787555801 0.93154 0
1651787613481 0.93266 0
1651787671229 0.93126 0
1651787728926 0.93374 0
1651787786268 0.93016 0
1651787844058 0.93456 0
1651787900852 0.93364 0
1651787958477 0.93256 0
1651788016268 0.93428 0
1651788073828 0.93312 0
1651788131581 0.93132 0
1651788188647 0.93532 0
1651788245965 0.93324 0
1651788303427 0.93348 0
1651788361278 0.9339 0
1651788418749 0.93476 0
1651788476463 0.93256 0
1651788533610 0.93376 0
1651788591083 0.9352 0
1651788648654 0.93446 0
1651788705806 0.93434 0
1651788763655 0.93434 0
1651788821099 0.93402 0
