1652463869338 2.263837015914917 0
1652463874236 2.087258556175232 0
1652463879106 1.9194433013916015 0
1652463884065 1.7536182846069337 0
1652463888918 1.611860066986084 0
1652463893930 1.494397082901001 0
1652463898793 1.3718436457633971 0
1652463903698 1.2714492149353027 0
1652463908652 1.1677179147720338 0
1652463913635 1.0743623600006103 0
1652463918570 1.0086260014533996 0
1652463923525 0.9176198768615723 0
1652463928385 0.8418976938247681 0
1652463933605 0.7833756658554077 0
1652463938657 0.7042564542293549 0
1652463943506 0.6314327140808106 0
1652463948382 0.5842629782676697 0
1652463953271 0.5208656593799591 0
1652463958231 0.4508258901357651 0
1652463963131 0.40884266095161437 0
1652463968061 0.3697998235702515 0
1652463972990 0.318978445148468 0
1652463977998 0.2892190719842911 0
1652463982789 0.24318468190431594 0
1652463987778 0.2155110648393631 0
1652463992781 0.18741967477798463 0
1652463997703 0.17044923958778382 0
1652464002636 0.1417932942867279 0
1652464007444 0.12823459112644195 0
1652464012338 0.1058099036693573 0
1652464017079 0.1040400279045105 0
1652464022034 0.09797425681948661 0
1652464027001 0.08251479009985924 0
1652464031923 0.08905537943318487 0
1652464036835 0.07754567561149597 0
1652464041826 0.07300894420444966 0
1652464046761 0.06074978528618812 0
1652464051750 0.0591527122437954 0
1652464056663 0.058849448463320735 0
1652464061469 0.04677228318154812 0
1652464066401 0.046140031680464745 0
1652464071359 0.0428285803437233 0
1652464076198 0.045358238825201985 0
1652464081153 0.043237372040748595 0
1652464086019 0.04545824311971664 0
1652464091019 0.03290907922685146 0
1652464095976 0.036868082588166 0
1652464100838 0.032191902275383474 0
1652464105806 0.0307512652926147 0
1652464110814 0.021941809210181237 0
1652464122708 2.08173981552124 0
1652464128310 1.5949074232101441 0
1652464134108 1.3266355276107789 0
1652464139769 1.165338063621521 0
1652464145360 1.0338994967460633 0
1652464151003 0.9275269372940064 0
1652464156587 0.8630514135360717 0
1652464162172 0.7859959506988525 0
1652464167927 0.7185792427062988 0
1652464173579 0.6576224863052368 0
1652464179151 0.6188794588088989 0
1652464184811 0.569422168970108 0
1652464190431 0.5237015549659729 0
1652464196002 0.48001456089019773 0
1652464201613 0.45609636726379393 0
1652464207040 0.42057964630126954 0
1652464212649 0.39894597597122194 0
1652464218142 0.40512673654556275 0
1652464223885 0.37248772511482237 0
1652464229586 0.34134146642684937 0
1652464235208 0.3309723064184189 0
1652464240756 0.3228040017604828 0
1652464246455 0.31503090035915376 0
1652464252021 0.3031208596229553 0
1652464257676 0.30053891801834104 0
1652464263168 0.2777278990745544 0
1652464268960 0.2745943072319031 0
1652464274568 0.28737576456069946 0
1652464280173 0.29180283136367796 0
1652464285883 0.27589385964870455 0
1652464291462 0.2659062404870987 0
1652464297145 0.2591473263263702 0
1652464302797 0.2592518468618393 0
1652464308364 0.24174543566703796 0
1652464313818 0.23020557794570923 0
1652464319299 0.2552101006031036 0
1652464324831 0.2489081015586853 0
1652464330310 0.247257479429245 0
1652464335959 0.2428901291370392 0
1652464341515 0.2545089367866516 0
1652464347097 0.23825430307388307 0
1652464352697 0.2366106556892395 0
1652464358324 0.2418526258468628 0
1652464364036 0.23408873162269592 0
1652464369536 0.237027534532547 0
1652464375302 0.22367227923870087 0
1652464380986 0.21731898736953736 0
1652464386557 0.22128133976459502 0
1652464392232 0.21445120394229888 0
1652464397822 0.22103984100818633 0
1652464410921 2.2512866298675536 0
1652464417277 1.8522928834915162 0
1652464423649 1.6188386224746705 0
1652464429931 1.4614524868011474 0
1652464436053 1.3309714668273926 0
1652464442247 1.2593722408294679 0
1652464448531 1.1834816411972047 0
1652464454737 1.1368084754943848 0
1652464460842 1.0877019248008728 0
1652464467011 1.0335152256011964 0
1652464473016 1.0017539019584656 0
1652464479154 0.9471943365097046 0
1652464485390 0.9301240173339844 0
1652464491569 0.900022013092041 0
1652464497510 0.8802457199096679 0
1652464503795 0.8529633644104004 0
1652464509958 0.8277707794189453 0
1652464516179 0.7981326692581177 0
1652464522346 0.7902377731323242 0
1652464528482 0.8030060520172119 0
1652464534754 0.7852315799713134 0
1652464540865 0.7436926927566528 0
1652464546877 0.7497497509002685 0
1652464552964 0.7367493514060974 0
1652464559255 0.7021633638381958 0
1652464565330 0.7518975748062133 0
1652464571527 0.7214592931747437 0
1652464577859 0.7067807445526123 0
1652464584202 0.7060513134002686 0
1652464590504 0.7200896495819091 0
1652464596738 0.7104480324745178 0
1652464602879 0.6915904260635376 0
1652464608975 0.6661288315773011 0
1652464615085 0.6751921157836914 0
1652464621248 0.6891174084663391 0
1652464627582 0.6934901048660278 0
1652464633813 0.6891917385101318 0
1652464639859 0.6895561218261719 0
1652464646103 0.6683865242004394 0
1652464652243 0.6601918372154236 0
1652464658426 0.650165223121643 0
1652464664736 0.6573969563484192 0
1652464670821 0.6501885088920594 0
1652464677082 0.6328195287704468 0
1652464683479 0.6455432343482971 0
1652464689712 0.655726624584198 0
1652464695808 0.6272860563278199 0
1652464702213 0.6481263841629028 0
1652464708346 0.6494874729156495 0
1652464714626 0.660491787815094 0
1652464728554 2.439158143043518 0
1652464735668 1.8913022121429444 0
1652464742434 1.674691022491455 0
1652464749205 1.5515672473907471 0
1652464755915 1.4611977668762206 0
1652464762651 1.3954296237945556 0
1652464769507 1.3749296592712403 0
1652464776392 1.350856503677368 0
1652464782902 1.3129340427398681 0
1652464789626 1.2760967586517333 0
1652464796378 1.2617737049102784 0
1652464803017 1.2376804830551147 0
1652464809747 1.2163042476654053 0
1652464816432 1.2006096181869508 0
1652464823126 1.1812507806777954 0
1652464829914 1.1813668126106263 0
1652464836696 1.171396350479126 0
1652464843385 1.1800310266494751 0
1652464850263 1.1644139617919922 0
1652464856899 1.1864930106163025 0
1652464863795 1.1535847244262696 0
1652464870754 1.1603292224884034 0
1652464877530 1.123987278366089 0
1652464884246 1.1293986151695252 0
1652464891119 1.123867399597168 0
1652464897918 1.1629626914978026 0
1652464904609 1.1362768932342528 0
1652464911314 1.1237712985992432 0
1652464918147 1.1190236457824707 0
1652464924929 1.127062334251404 0
1652464931786 1.1115539566040038 0
1652464938811 1.126321989440918 0
1652464945510 1.1370392699241638 0
1652464952353 1.0963538028717041 0
1652464959166 1.0933649072647094 0
1652464965981 1.1290880895614623 0
1652464972883 1.1264802841186523 0
1652464979631 1.136041123008728 0
1652464986383 1.1089177905082703 0
1652464993035 1.1199748911857605 0
1652464999611 1.0946775997161866 0
1652465006604 1.0919016799926757 0
1652465013287 1.1569745014190673 0
1652465020157 1.088879515838623 0
1652465027109 1.0903154359817504 0
1652465033804 1.0826242742538452 0
1652465040459 1.1395108085632324 0
1652465047291 1.0926843118667602 0
1652465054115 1.0738842823028565 0
1652465060976 1.0817522783279419 0
1652465075976 2.7648687004089356 0
1652465083309 2.312866752243042 0
1652465090693 2.1698552379608156 0
1652465098121 2.0818890998840334 0
1652465105628 2.0464307800292967 0
1652465112965 2.000915301513672 0
1652465120237 1.965108798789978 0
1652465127493 1.9418207344055176 0
1652465134947 1.9290032052993775 0
1652465142340 1.900925506591797 0
1652465149549 1.9088836912155152 0
1652465156787 1.8862115047454835 0
1652465164160 1.8923328617095947 0
1652465171493 1.8867242357254028 0
1652465178904 1.8729165508270265 0
1652465186102 1.8635817840576172 0
1652465193249 1.8709477100372314 0
1652465200631 1.8527783039093018 0
1652465208072 1.8893198373794555 0
1652465215516 1.8454261924743651 0
1652465222896 1.8819437620162964 0
1652465230285 1.855811926651001 0
1652465237555 1.8543355913162232 0
1652465244802 1.8653429416656495 0
1652465252095 1.8592681474685668 0
1652465259564 1.8456637733459473 0
1652465266701 1.8397091205596925 0
1652465273925 1.8722268899917602 0
1652465281349 1.8468582004547118 0
1652465288535 1.837272762298584 0
1652465295798 1.8572983657836915 0
1652465303262 1.8860373447418213 0
1652465310499 1.8494235891342163 0
1652465317940 1.8408212600708007 0
1652465325326 1.843021829223633 0
1652465332600 1.85126922416687 0
1652465339900 1.833623891067505 0
1652465347193 1.8381509578704833 0
1652465354522 1.8483506225585937 0
1652465361724 1.8449301959991455 0
1652465369089 1.8409897140502929 0
1652465376317 1.841613228225708 0
1652465383592 1.8287453416824342 0
1652465390843 1.8377504386901855 0
1652465398121 1.8523702018737793 0
1652465405591 1.8338951705932618 0
1652465412798 1.8348772132873534 0
1652465420249 1.8687335655212403 0
1652465427551 1.876859672164917 0
1652465434864 1.8456325063705443 0
