1645565738729 0.446 0
1645565741542 0.5944 0
1645565744382 0.6616 0
1645565747233 0.682 0
1645565750049 0.7252 0
1645565752826 0.7504 0
1645565755716 0.788 0
1645565758618 0.8096 0
1645565761504 0.8408 0
1645565764317 0.8476 0
1645565769307 0.7484 0
1645565774044 0.8142 0
1645565778771 0.8466 0
1645565783285 0.8794 0
1645565787875 0.8942 0
1645565792535 0.904 0
1645565797270 0.9228 0
1645565802049 0.937 0
1645565806657 0.9394 0
1645565811229 0.937 0
1645565818481 0.8457333333333333 0
1645565825334 0.9005333333333333 0
1645565831906 0.9114666666666666 0
1645565838543 0.9281333333333334 0
1645565845050 0.9388 0
1645565851779 0.9466666666666667 0
1645565858318 0.9545333333333333 0
1645565864793 0.9578666666666666 0
1645565871324 0.9657333333333333 0
1645565877967 0.9642666666666667 0
