1652402244661 2.4940826683044435 0
1652402249529 2.3231224727630617 0
1652402254452 2.2641770977020266 0
1652402259350 2.178872876358032 0
1652402264228 2.1259982177734376 0
1652402273209 2.4016536392211916 0
1652402281949 2.2509284229278563 0
1652402290596 2.153813975906372 0
1652402299282 2.1066665977478025 0
1652402307811 2.0848051273345947 0
1652402321019 2.2703745816548664 0
1652402333555 2.1320161233266193 0
1652402346388 2.1185133491516113 0
1652402359112 2.0405680573781333 0
1652402371628 1.9786157956441244 0
1652402389216 2.126143479156494 0
1652402405872 1.9934406343460083 0
1652402422478 1.954334609413147 0
1652402439255 1.929608664894104 0
1652402456120 1.9047742964744567 0
1652402478976 2.033247175369263 0
1652402500229 1.9515625076293945 0
1652402521727 1.9308496747207642 0
1652402543144 1.890260018005371 0
1652402564667 1.8991107362365722 0
