1652002337146 0.3712 0
1652002340538 0.5776 0
1652002343900 0.6704 0
1652002347206 0.7276 0
1652002350516 0.7744 0
1652002353864 0.8098 0
1652002357194 0.8322 0
1652002360464 0.8568 0
1652002363819 0.8638 0
1652002367182 0.8956 0
1652002372537 0.6372 0
1652002377532 0.7237 0
1652002382536 0.7662 0
1652002387643 0.7942 0
1652002392625 0.8206 0
1652002397703 0.8362 0
1652002402559 0.8605 0
1652002407634 0.8797 0
1652002412653 0.8867 0
1652002417545 0.9047 0
1652002423221 0.6266 0
1652002428468 0.7068 0
1652002433575 0.7372 0
1652002438735 0.7733 0
1652002443737 0.8034 0
1652002448881 0.8275 0
1652002454103 0.8516 0
1652002459189 0.8785 0
1652002464441 0.8826 0
1652002469656 0.9064 0
1652002475573 0.7164432886577315 0
1652002480920 0.7869573914782957 0
1652002486158 0.8227645529105821 0
1652002491378 0.8559711942388478 0
1652002496695 0.8787757551510302 0
1652002501972 0.8968793758751751 0
1652002507021 0.9049809961992399 0
1652002512362 0.9234846969393878 0
1652002517651 0.9391878375675135 0
1652002523022 0.9341868373674735 0
1652002529404 0.7493 0
1652002534778 0.8152 0
1652002540223 0.8566 0
1652002545700 0.8779 0
1652002551135 0.9002 0
1652002556607 0.9125 0
1652002562131 0.9267 0
1652002567588 0.941 0
1652002573138 0.9406 0
1652002578677 0.9442 0
1652002585648 0.7865 0
1652002591048 0.8449 0
1652002596639 0.8773 0
1652002602325 0.899 0
1652002607636 0.9112 0
1652002613273 0.9321 0
1652002618936 0.9439 0
1652002624302 0.9476 0
1652002630063 0.9523 0
1652002635724 0.9566 0
1652002642668 0.7220444088817763 0
1652002648336 0.7784556911382277 0
1652002654139 0.8327665533106622 0
1652002659830 0.846369273854771 0
1652002665718 0.8780756151230246 0
1652002671520 0.8961792358471694 0
1652002677228 0.909381876375275 0
1652002683164 0.9272854570914183 0
1652002689129 0.9428885777155431 0
1652002694969 0.9457891578315664 0
1652002702394 0.7075415083016603 0
1652002708396 0.7565513102620524 0
1652002714232 0.7945589117823565 0
1652002720128 0.8273654730946189 0
1652002726124 0.8526705341068214 0
1652002732182 0.8775755151030206 0
1652002737668 0.8986797359471894 0
1652002743441 0.9061812362472494 0
1652002749407 0.9293858771754351 0
1652002755186 0.9388877775555111 0
1652002763082 0.7588 0
1652002769010 0.8222 0
1652002774977 0.8577 0
1652002780959 0.8843 0
1652002786836 0.9078 0
1652002792793 0.9179 0
1652002798841 0.9338 0
1652002804762 0.943 0
1652002810825 0.9573 0
1652002816431 0.9613 0
1652002824857 0.7571785892946473 0
1652002831069 0.8047023511755877 0
1652002837217 0.847423711855928 0
1652002843376 0.8768384192096048 0
1652002849618 0.8980490245122561 0
1652002855835 0.9192596298149075 0
1652002861994 0.9308654327163581 0
1652002868202 0.9412706353176589 0
1652002874534 0.952776388194097 0
1652002880827 0.9567783891945973 0
1652002889576 0.7445 0
1652002895687 0.8046 0
1652002902149 0.8458 0
1652002908185 0.8754 0
1652002914506 0.8985 0
1652002920869 0.909 0
1652002927241 0.927 0
1652002933577 0.942 0
1652002939904 0.9428 0
1652002946028 0.9619 0
1652002955219 0.746647988793276 0
1652002961436 0.799379627776666 0
1652002967900 0.8396037622573544 0
1652002974233 0.8618170902541525 0
1652002980613 0.8906343806283771 0
1652002987228 0.8980388232939764 0
1652002993692 0.9234540724434661 0
1652002999884 0.937162297378427 0
1652003006236 0.9480688413047829 0
1652003012861 0.9423654192515509 0
1652003022183 0.7572057646116893 0
1652003028674 0.8087469975980784 0
1652003035259 0.8509807846277022 0
1652003041644 0.8736989591673339 0
1652003048330 0.9024219375500401 0
1652003054648 0.9207365892714171 0
1652003061242 0.932746196957566 0
1652003067722 0.9412530024019216 0
1652003074146 0.9495596477181746 0
1652003080411 0.9539631705364291 0
1652003090262 0.7139711769415532 0
1652003096866 0.767013610888711 0
1652003103535 0.8082465972778222 0
1652003109997 0.8476781425140112 0
1652003116692 0.8630904723779024 0
1652003123424 0.8952161729383507 0
1652003130059 0.9110288230584468 0
1652003136884 0.9238390712570056 0
1652003143494 0.9457566052842273 0
1652003149937 0.9568654923939152 0
1652003160199 0.7767553510702141 0
1652003166818 0.8425685137027406 0
1652003173631 0.8696739347869574 0
1652003180402 0.8991798359671934 0
1652003187093 0.9190838167633527 0
1652003193831 0.9331866373274655 0
1652003200426 0.9456891378275655 0
1652003207074 0.9585917183436687 0
1652003213812 0.9637927585517103 0
1652003220642 0.9680936187237448 0
1652003231243 0.7753876938469234 0
1652003237923 0.8197098549274637 0
1652003244751 0.8618309154577288 0
1652003251534 0.887143571785893 0
1652003258517 0.9025512756378189 0
1652003265495 0.9168584292146073 0
1652003272355 0.9364682341170585 0
1652003278983 0.9571785892946473 0
1652003285826 0.9615807903951976 0
1652003292634 0.9566783391695848 0
1652003303591 0.7769215372297839 0
1652003310521 0.8240592473979184 0
1652003317540 0.8623899119295436 0
1652003324545 0.8877101681345076 0
1652003331532 0.9058246597277823 0
1652003338516 0.9272417934347478 0
1652003345536 0.9446557245796637 0
1652003352487 0.941052842273819 0
1652003359281 0.9532626100880705 0
1652003366014 0.955564451561249 0
1652003377550 0.73874774954991 0
1652003384527 0.7981596319263853 0
1652003391539 0.833866773354671 0
1652003398819 0.8631726345269054 0
1652003405780 0.8840768153630726 0
1652003412902 0.8993798759751951 0
1652003420129 0.9291858371674335 0
1652003427109 0.9448889777955591 0
1652003434106 0.9463892778555711 0
1652003441430 0.9551910382076415 0
1652003453319 0.7703785299419187 0
1652003460894 0.8372721810534749 0
1652003468460 0.8714199879831764 0
1652003475716 0.900460644902864 0
1652003482915 0.916783496895654 0
1652003490168 0.9337071900660925 0
1652003497427 0.9486280793110354 0
1652003504782 0.9580412577608652 0
1652003512136 0.9648507911075506 0
1652003519608 0.9708592028840376 0
1652003531885 0.7679303791137341 0
1652003539317 0.8250475142542762 0
1652003546880 0.8627588276482945 0
1652003554304 0.8928678603581074 0
1652003562007 0.911073321996599 0
1652003569606 0.9255776733019906 0
1652003577100 0.9467840352105632 0
1652003584590 0.9524857457237171 0
1652003592206 0.9665899769930979 0
1652003599819 0.9682904871461439 0
