1652748791228 2.2838259101867675 0
1652748796877 2.129524813079834 0
1652748802685 2.0465874300003053 0
1652748808461 1.9141215551376343 0
1652748814319 1.836977619934082 0
1652748820100 1.762885021209717 0
1652748825572 1.6908793603897094 0
1652748831069 1.6125505512237548 0
1652748836760 1.5237089435577393 0
1652748842523 1.4712558197021484 0
1652748848231 1.3953867427825928 0
1652748853821 1.3263596591949462 0
1652748859589 1.2530326404571532 0
1652748865397 1.2044212359428406 0
1652748871048 1.1528820240020752 0
1652748877063 1.0696734910964967 0
1652748882664 0.9993387647628784 0
1652748888325 0.9851769380569458 0
1652748894146 0.8933039344787598 0
1652748899820 0.8721044427394867 0
1652748905449 0.7846782848358155 0
1652748911018 0.7702033298492431 0
1652748916934 0.696331791639328 0
1652748922568 0.65128844165802 0
1652748928561 0.5738818315505981 0
1652748934208 0.5942660281658173 0
1652748939972 0.5354159391641616 0
1652748945698 0.4891767596721649 0
1652748951418 0.474440212059021 0
1652748957111 0.47088875279426573 0
1652748962797 0.4241347963809967 0
1652748968478 0.37212079219818117 0
1652748974208 0.3707532250404358 0
1652748979982 0.34705826568603515 0
1652748985802 0.292827373456955 0
1652748991547 0.34570843436717985 0
1652748997272 0.29799126176834106 0
1652749003101 0.25301038258075714 0
1652749008721 0.2622294295549393 0
1652749014430 0.25569891152381896 0
1652749020170 0.24502436292171478 0
1652749025954 0.24229452965259551 0
1652749031649 0.2360256965994835 0
1652749037339 0.21196648895740508 0
1652749043012 0.1874908761501312 0
1652749048627 0.25982102719545364 0
1652749054337 0.22517350540161132 0
1652749060044 0.1875532047510147 0
1652749065809 0.18467421826124192 0
1652749071660 0.1662804615974426 0
1652749081085 1.7841136722564697 0
1652749090287 1.391222188949585 0
1652749099684 1.1957881610870362 0
1652749108979 1.0647710033416748 0
1652749118415 0.957254140663147 0
1652749127797 0.8570804735183716 0
1652749137001 0.7606067797660828 0
1652749146250 0.7001327699661255 0
1652749155718 0.602075757598877 0
1652749165040 0.5688423118591308 0
1652749174118 0.4663511268138886 0
1652749183248 0.434419309425354 0
1652749192665 0.38415390623807905 0
1652749202083 0.33616402761936187 0
1652749211339 0.30108511180877684 0
1652749220560 0.2997899998068809 0
1652749229716 0.2443904099225998 0
1652749239185 0.2548721824169159 0
1652749248937 0.2256932465672493 0
1652749258586 0.20500483498573302 0
1652749268209 0.20212234548330307 0
1652749277603 0.17639114869832992 0
1652749287298 0.18494269258975982 0
1652749296793 0.17938796934485435 0
1652749306251 0.1475105349123478 0
1652749315783 0.17244338604211806 0
1652749325267 0.17069421245455743 0
1652749334640 0.15635765112638472 0
1652749344033 0.17651850070655345 0
1652749353589 0.14627544146180152 0
1652749362977 0.12834263835549353 0
1652749372381 0.10785122034400701 0
1652749381801 0.09140848895907402 0
1652749391472 0.12590454826951028 0
1652749401012 0.1527314948797226 0
1652749410449 0.1598186045795679 0
1652749419900 0.11211678890883922 0
1652749429463 0.12376643259376287 0
1652749439059 0.09941321893632411 0
1652749448599 0.08397839913517237 0
1652749457931 0.09569219432175159 0
1652749467207 0.09540529022663832 0
1652749476601 0.12618058702647686 0
1652749486267 0.12172306592166424 0
1652749495565 0.09143372276872397 0
1652749505033 0.08953404129743577 0
1652749514458 0.0720246390029788 0
1652749523935 0.09286432989090682 0
1652749533312 0.09013148544207215 0
1652749542663 0.0835989757180214 0
1652749554241 1.9295633251190185 0
1652749564926 1.5509650815963745 0
1652749575613 1.3681801961898803 0
1652749586193 1.2305067750930787 0
1652749596752 1.0968708553314208 0
1652749607341 0.9918212715148926 0
1652749618003 0.9160157232284546 0
1652749628633 0.7835625570297241 0
1652749639239 0.7297431961059571 0
1652749649802 0.6374447237014771 0
1652749660342 0.5617364736557007 0
1652749670893 0.480674818611145 0
1652749681469 0.4907413692474365 0
1652749692278 0.40908299999237063 0
1652749703171 0.3799851881027222 0
1652749713667 0.345167884683609 0
1652749724059 0.31213073794841767 0
1652749734346 0.28030963320732116 0
1652749745059 0.25328885598182677 0
1652749755649 0.2572622474193573 0
1652749766290 0.2564931736677885 0
1652749776981 0.2242969588279724 0
1652749787619 0.21066289077997208 0
1652749798465 0.19370987567901612 0
1652749809275 0.18333376865386963 0
1652749819807 0.19392610272169114 0
1652749830281 0.1691102449297905 0
1652749840918 0.17833900654911994 0
1652749851510 0.17094785128235818 0
1652749862204 0.1543399468421936 0
1652749872715 0.1517978832423687 0
1652749883208 0.14865508458316326 0
1652749893872 0.15752227782011033 0
1652749904284 0.14371758272647858 0
1652749914698 0.1339166556686163 0
1652749925176 0.13084310789108278 0
1652749935817 0.12259885907545685 0
1652749946626 0.12944429456591605 0
1652749957526 0.15257769770622254 0
1652749968206 0.13195293430685998 0
1652749978940 0.11406644806265831 0
1652749989496 0.1385094806164503 0
1652750000085 0.13537850992791356 0
1652750010633 0.11562629237473011 0
1652750021089 0.1104861624956131 0
1652750031286 0.13495062163621188 0
1652750041772 0.1252656195938587 0
1652750052299 0.10862585119754076 0
1652750062696 0.11985864042639732 0
1652750073241 0.10064528836458922 0
1652750086741 1.7765566003799438 0
1652750098756 1.357427222442627 0
1652750111057 1.1792335391998292 0
1652750122981 1.059719916820526 0
1652750135004 0.9473449966430664 0
1652750146987 0.8487313533782959 0
1652750159197 0.7517538777351379 0
1652750171199 0.6583809525489807 0
1652750183253 0.5756398578166961 0
1652750195237 0.518097892665863 0
1652750207095 0.4986073059082031 0
1652750219021 0.4139699164390564 0
1652750231401 0.35225386805534364 0
1652750243216 0.34358691930770874 0
1652750255363 0.3218521746635437 0
1652750267282 0.2776547709822655 0
1652750279052 0.2460219737768173 0
1652750291016 0.24592905495166778 0
1652750302952 0.20847862515449525 0
1652750315161 0.19919386250972748 0
1652750326866 0.2041886618182063 0
1652750338747 0.19138108454942704 0
1652750350851 0.18751526693105697 0
1652750362725 0.17252834906578063 0
1652750374743 0.15875498940348626 0
1652750386722 0.11812886979579926 0
1652750398634 0.18816055757105352 0
1652750410578 0.15146014511585235 0
1652750422498 0.14859025284051894 0
1652750434578 0.13804402976222335 0
1652750446763 0.13122468939423562 0
1652750458446 0.1024615092009306 0
1652750470137 0.12514308022260665 0
1652750482073 0.12158314445912838 0
1652750493862 0.127859152938053 0
1652750505666 0.11132707127928734 0
1652750517782 0.12284065724611282 0
1652750530053 0.10771533016860485 0
1652750542191 0.1036702872261405 0
1652750553971 0.10251722923219204 0
1652750565766 0.11243105329312385 0
1652750577787 0.09548691501915454 0
1652750589720 0.10768887021373957 0
1652750601999 0.09554653643853962 0
1652750613871 0.09381251301467419 0
1652750625829 0.0885691213041544 0
1652750637833 0.10185612595900893 0
1652750649693 0.10089790733456612 0
1652750661841 0.09031859358847141 0
1652750673756 0.09876503846365958 0
1652750689494 1.71185218334198 0
1652750703309 1.3358527996063232 0
1652750717155 1.1762140167236328 0
1652750730964 1.052797972869873 0
1652750744755 0.9348294343948365 0
1652750758568 0.826263885307312 0
1652750772249 0.7323588984012603 0
1652750786052 0.6540459807872773 0
1652750799759 0.5842898943901061 0
1652750813265 0.5156595283508301 0
1652750827002 0.44687463989257814 0
1652750840616 0.4050274016857147 0
1652750854540 0.3773108793258667 0
1652750868072 0.3112676523923874 0
1652750881901 0.30099320974349975 0
1652750895513 0.2625122709810734 0
1652750909507 0.2584373730421066 0
1652750923183 0.24456033036708832 0
1652750936889 0.229495205950737 0
1652750950515 0.19945697070360183 0
1652750964446 0.18494853520393373 0
1652750978362 0.15996212431192397 0
1652750992106 0.16110953481197357 0
1652751005576 0.15200945933461188 0
1652751018838 0.1784615673661232 0
1652751032397 0.1500620621472597 0
1652751046149 0.14381051284074783 0
1652751060005 0.15364529598653318 0
1652751073773 0.12432190480232239 0
1652751087372 0.10087213662862778 0
1652751101159 0.11971051841378212 0
1652751114997 0.14672104721069337 0
1652751128462 0.13932223260998725 0
1652751142280 0.10479724032878876 0
1652751155888 0.1233663009300828 0
1652751169453 0.13668987186551093 0
1652751183131 0.14044428050220012 0
1652751196765 0.10444210897963493 0
1652751210474 0.10369712094962596 0
1652751223850 0.10985314295515418 0
1652751237361 0.10669616822823882 0
1652751250920 0.10956607714593411 0
1652751264648 0.1034076677531004 0
1652751278251 0.08033851857706904 0
1652751291699 0.0810184916511178 0
1652751305245 0.07432002704888582 0
1652751318953 0.08443558149039745 0
1652751332553 0.10038026331961154 0
1652751346200 0.1004915907457471 0
1652751359906 0.1048716135084629 0
1652751377832 1.70581842918396 0
1652751392990 1.3504416090011597 0
1652751408145 1.1906065880775452 0
1652751423101 1.10993499250412 0
1652751438323 0.9729730041503907 0
1652751453382 0.884908151435852 0
1652751468162 0.8003598354339599 0
1652751483130 0.7315236919403076 0
1652751498250 0.6325473633766174 0
1652751513536 0.5789596523284912 0
1652751528337 0.5311398588180541 0
1652751543256 0.47948886375427247 0
1652751558234 0.4121221960067749 0
1652751573342 0.351605039691925 0
1652751588405 0.33022204251289367 0
1652751603644 0.2982438313961029 0
1652751618706 0.2380783276796341 0
1652751633749 0.25670471692085267 0
1652751648976 0.24257170155048371 0
1652751664035 0.22586347020864486 0
1652751679206 0.20357060368061067 0
1652751694330 0.2197472378015518 0
1652751709224 0.18966426244974136 0
1652751724385 0.16472524659633636 0
1652751739516 0.19325933136940002 0
1652751754707 0.17690318787992002 0
1652751769592 0.158508063018322 0
1652751784493 0.15024075692594052 0
1652751799564 0.15396992792487144 0
1652751814559 0.15733202035427094 0
1652751829501 0.12511795714125037 0
1652751844473 0.10944493232071399 0
1652751859438 0.10897483578920364 0
1652751874544 0.11889156164228916 0
1652751889312 0.13178453549146651 0
1652751904242 0.10690382809937 0
1652751918884 0.1472099316328764 0
1652751933899 0.12832905029356478 0
1652751948828 0.12758487862795592 0
1652751963922 0.10784566478058696 0
1652751979108 0.10997795743048192 0
1652751994133 0.11414760553240776 0
1652752009330 0.14774588975310327 0
1652752024342 0.08750774654150009 0
1652752039506 0.09851553039848804 0
1652752054336 0.09998854687511921 0
1652752069381 0.08529425930082798 0
1652752084276 0.09782319006249308 0
1652752099344 0.10928217002432794 0
1652752114536 0.08884179637134075 0
1652752134801 1.8192999881744385 0
1652752151110 1.425028881072998 0
1652752167603 1.2641171161651612 0
1652752184041 1.1740768684387206 0
1652752200372 1.0508421228408813 0
1652752216504 0.9445792362213135 0
1652752232969 0.8502637741088868 0
1652752249402 0.7442722578048706 0
1652752265859 0.7078616024971008 0
1652752282151 0.5976974697113037 0
1652752298349 0.5246873602867127 0
1652752314664 0.4681734256744385 0
1652752331274 0.3946220118522644 0
1652752347911 0.3330100923538208 0
1652752364417 0.3374449872255325 0
1652752380849 0.30031501433849334 0
1652752397503 0.27198422898054125 0
1652752413675 0.2306172238945961 0
1652752430139 0.23331924653053285 0
1652752446533 0.22287089784145356 0
1652752462933 0.19925795670188964 0
1652752479154 0.19319254659414292 0
1652752495510 0.20372082481384277 0
1652752512219 0.1567250185608864 0
1652752528703 0.16883202937841416 0
1652752545138 0.15439095405340195 0
1652752561826 0.184504709546268 0
1652752578252 0.17090244562625884 0
1652752594925 0.17031373082399368 0
1652752611490 0.16217196500897407 0
1652752627848 0.10754258739650249 0
1652752644114 0.10695660286843776 0
1652752660343 0.10529266056120395 0
1652752676752 0.11843769672885537 0
1652752693266 0.1485556738048792 0
1652752709554 0.1244821281671524 0
1652752726033 0.11482881985604763 0
1652752742516 0.10250625665485859 0
1652752758788 0.12240126776695251 0
1652752775057 0.11681123371124268 0
1652752791561 0.11819869621992111 0
1652752807782 0.12446801581829786 0
1652752823995 0.09601426060199737 0
1652752840513 0.10364784004092216 0
1652752856835 0.1178511155039072 0
1652752873296 0.12015212099254131 0
1652752889466 0.12992879086732864 0
1652752905534 0.11123915066462942 0
1652752921734 0.08064765310883522 0
1652752938244 0.08223810319751501 0
1652752960971 1.701979684638977 0
1652752978927 1.3072495096206664 0
1652752996898 1.1721436347961425 0
1652753014733 1.069480299282074 0
1652753032529 0.9902887509346008 0
1652753050239 0.8797483360290528 0
1652753068205 0.8078103456497192 0
1652753086239 0.706755445098877 0
1652753104000 0.6565692050933838 0
1652753121587 0.5790970924854278 0
1652753139402 0.4878793459177017 0
1652753157299 0.4448537223815918 0
1652753175073 0.40987071986198426 0
1652753193259 0.32644705317020417 0
1652753210855 0.33562823553085325 0
1652753228550 0.29160853168964385 0
1652753246472 0.26420519028902056 0
1652753263943 0.23092105467319488 0
1652753281860 0.23872268993854523 0
1652753299565 0.185646613073349 0
1652753317301 0.17994491326808928 0
1652753335182 0.1712679548025131 0
1652753353066 0.1645567416906357 0
1652753370680 0.20253952610492706 0
1652753388307 0.17346114217489958 0
1652753406208 0.14165251638889312 0
1652753423885 0.1466944209009409 0
1652753441711 0.1352393735870719 0
1652753459368 0.11897234350144863 0
1652753477326 0.14550644913315772 0
1652753495009 0.13111290027201175 0
1652753513243 0.13004929214119912 0
1652753530958 0.124648893481493 0
1652753548685 0.11449070693552495 0
1652753566529 0.13154888940677048 0
1652753584344 0.11890394988805056 0
1652753602247 0.11171673733592033 0
1652753619768 0.0975417429447174 0
1652753637431 0.09781908887028694 0
1652753655333 0.10868276972770691 0
1652753673281 0.09582465783581137 0
1652753691147 0.11007098572291434 0
1652753708848 0.1215587180018425 0
1652753726788 0.08347855348289013 0
1652753744675 0.08066577200889588 0
1652753762256 0.08146708631515504 0
1652753780239 0.08946888508200646 0
1652753797960 0.0970604088574648 0
1652753815829 0.1094760621368885 0
1652753833626 0.08575227910950779 0
1652753859589 1.6836621810913086 0
1652753878816 1.2798394806861877 0
1652753898222 1.1507510444641114 0
1652753917417 1.0312707670211791 0
1652753936704 0.9005963459014893 0
1652753956397 0.8252015132904053 0
1652753975448 0.728504741859436 0
1652753994835 0.687613542842865 0
1652754014394 0.5718579272270202 0
1652754033857 0.519584957408905 0
1652754053180 0.45886478862762453 0
1652754072519 0.42016951503753663 0
1652754091808 0.3501796670436859 0
1652754111252 0.3421408349275589 0
1652754130493 0.3014903115391731 0
1652754149792 0.2687184557497501 0
1652754169081 0.2488574082136154 0
1652754188260 0.2440562185525894 0
1652754207313 0.1987342181324959 0
1652754226648 0.19954621628522873 0
1652754245920 0.1812863647341728 0
1652754265052 0.18587228434085845 0
1652754284493 0.20494775317907332 0
1652754303920 0.13428314908742905 0
1652754323498 0.14509806863069535 0
1652754342882 0.14863618786931038 0
1652754362155 0.1323115082144737 0
1652754381425 0.15917993186712265 0
1652754400658 0.15231488602161408 0
1652754420133 0.12824420277178286 0
1652754439236 0.08690965709090233 0
1652754458709 0.13252805278897287 0
1652754477944 0.13687106882333755 0
1652754497392 0.09691373227350414 0
1652754516832 0.10726538885384798 0
1652754536252 0.10266535691544414 0
1652754555681 0.12493930559158326 0
1652754574956 0.13088076482713223 0
1652754594317 0.1395577275555581 0
1652754613200 0.08339254054427146 0
1652754632590 0.0892423953384161 0
1652754651977 0.0960457910373807 0
1652754671291 0.12293406321257352 0
1652754690939 0.09523715968225151 0
1652754710362 0.09057583937570453 0
1652754729935 0.08070921398065985 0
1652754749324 0.0630755688212812 0
1652754768566 0.0658470902979374 0
1652754787581 0.07422801187485456 0
1652754806574 0.08382815935984254 0
1652754835131 1.5202516052246093 0
1652754855725 1.1355312498092651 0
1652754876355 1.0165259737968444 0
1652754896820 0.8938313890457154 0
1652754917575 0.8165688611507416 0
1652754938145 0.7250407750129699 0
1652754959018 0.6283957785606384 0
1652754979360 0.5726978541374207 0
1652755000092 0.505404451084137 0
1652755020858 0.4515323516845703 0
1652755041888 0.38477162318229674 0
1652755062512 0.34836292610168457 0
1652755083053 0.323528541469574 0
1652755103795 0.2838600876569748 0
1652755124417 0.22794038240909575 0
1652755144950 0.20071643233299255 0
1652755165793 0.23903894786834717 0
1652755186233 0.22232146328687669 0
1652755206909 0.19170598750934004 0
1652755227772 0.17506163994073867 0
1652755248678 0.17357940815687178 0
1652755269513 0.14900520746707915 0
1652755290023 0.12490022990703582 0
1652755310812 0.1390634090065956 0
1652755331586 0.14795812483131884 0
1652755352464 0.13239407607316972 0
1652755373238 0.12958786759376525 0
1652755393917 0.11678426173329354 0
1652755414762 0.12596640594601632 0
1652755435470 0.11807010624855757 0
1652755456059 0.09530880315564573 0
1652755477231 0.10250710079371929 0
1652755498064 0.12030781141221523 0
1652755518850 0.12875258956551552 0
1652755539358 0.11515310251116753 0
1652755560285 0.14586462022960187 0
1652755581041 0.11729426788687707 0
1652755601531 0.10078710344433785 0
1652755622388 0.07826490554884076 0
1652755643206 0.08203405983448028 0
1652755663895 0.09089906747750938 0
1652755684686 0.06959029627032579 0
1652755705513 0.07455488034412265 0
1652755726023 0.0765218536771834 0
1652755746582 0.0765321863166988 0
1652755767164 0.07606109326779842 0
1652755787683 0.07532917221561074 0
1652755808043 0.08560951135344803 0
1652755828615 0.059809747496992346 0
1652755849337 0.08867925858050585 0
1652755880741 1.820726114654541 0
1652755902988 1.4046065830230714 0
1652755925092 1.2843762454986571 0
1652755947518 1.1446968311309815 0
1652755969743 1.0415869119644166 0
1652755992025 0.9295145389556885 0
1652756014223 0.8391950301170349 0
1652756036268 0.7850914644241334 0
1652756058585 0.6827487688064575 0
1652756080344 0.5927935049057007 0
1652756102546 0.500169779586792 0
1652756124754 0.4454881931781769 0
1652756146940 0.3982991337776184 0
1652756169344 0.36819992761611936 0
1652756191409 0.3169213283061981 0
1652756213841 0.31457688196897504 0
1652756236125 0.2974122042894363 0
1652756258370 0.2291517521739006 0
1652756280507 0.23693735209703445 0
1652756302488 0.1845215653538704 0
1652756324495 0.1887444368839264 0
1652756346596 0.17634026277959347 0
1652756368872 0.1833816298663616 0
1652756390876 0.18876116781234742 0
1652756413267 0.17953723958730697 0
1652756435387 0.1564273296892643 0
1652756457473 0.1553637533545494 0
1652756479593 0.1608813719153404 0
1652756501404 0.1419331417143345 0
1652756523537 0.14028382474184037 0
1652756546076 0.11782359776496887 0
1652756568427 0.11113370871543884 0
1652756590394 0.1256367770984769 0
1652756612201 0.12007793996036052 0
1652756634620 0.12309684407114983 0
1652756656775 0.1302094922065735 0
1652756678741 0.12299285490736366 0
1652756700774 0.1226455610871315 0
1652756723003 0.11949155704155565 0
1652756745249 0.08653411231935024 0
1652756767291 0.07134604260325432 0
1652756789261 0.09487196664065123 0
1652756811410 0.13099716418087481 0
1652756833359 0.0944205697581172 0
1652756855459 0.11562986039221287 0
1652756877648 0.086688781003654 0
1652756899652 0.07770465794354678 0
1652756922238 0.08898252272754907 0
1652756945175 0.10861216721236706 0
1652756968089 0.08763494621813298 0
1652757003521 1.6801760473251344 0
1652757027602 1.3097833532333374 0
1652757051880 1.171520302581787 0
1652757076175 1.046799356842041 0
1652757100222 0.9430136984825134 0
1652757124531 0.8606492271423339 0
1652757148478 0.7656307532310486 0
1652757172450 0.6746946779251098 0
1652757196541 0.6546878022670746 0
1652757220861 0.5307516604423523 0
1652757244578 0.4785271258354187 0
1652757268648 0.40971788911819457 0
1652757292817 0.3416012912750244 0
1652757316769 0.3279748201131821 0
1652757340903 0.2701009633779526 0
1652757365187 0.26378683491945265 0
1652757389486 0.23478716495037077 0
1652757413319 0.24349105068445207 0
1652757437581 0.18377966376543045 0
1652757461663 0.1924881596148014 0
1652757485704 0.18687353420332073 0
1652757509678 0.13362522723674775 0
1652757533785 0.158726653277874 0
1652757557641 0.16421228765249252 0
1652757581705 0.16215452123880386 0
1652757605532 0.15496691182255745 0
1652757629608 0.15270651422142983 0
1652757653316 0.12997711386084557 0
1652757677339 0.11259462967906148 0
1652757701140 0.12191706022322178 0
1652757725143 0.16414941934347152 0
1652757748897 0.12696316681206227 0
1652757772987 0.10957467037141323 0
1652757796837 0.12726443847194313 0
1652757820813 0.09891977212429047 0
1652757844863 0.1127511129885912 0
1652757868795 0.10703917596936226 0
1652757892752 0.09710107140615583 0
1652757916791 0.08445117338895798 0
1652757940649 0.08964375065267086 0
1652757964631 0.10631699410378934 0
1652757988451 0.10866739786267281 0
1652758012517 0.09282628150433302 0
1652758036208 0.10453904495090247 0
1652758059882 0.061984321592748165 0
1652758083671 0.07185657799988986 0
1652758107363 0.07089803054630757 0
1652758130831 0.11201815653666854 0
1652758154637 0.11309913638234138 0
1652758178483 0.09141361087411642 0
1652758216450 1.642224024581909 0
1652758241575 1.2941913927078248 0
1652758266644 1.1886602531433106 0
1652758291976 1.0628419244766236 0
1652758317237 0.9764724911212921 0
1652758342711 0.9053787719726563 0
1652758367812 0.7971371183395386 0
1652758392990 0.7297565124511719 0
1652758418157 0.6367612599372864 0
1652758443351 0.5479663394451141 0
1652758468582 0.5012819517374039 0
1652758493573 0.4381247793197632 0
1652758518679 0.4086106140136719 0
1652758543894 0.3530128910064697 0
1652758568898 0.31501193113327025 0
1652758594208 0.2843326439976692 0
1652758619559 0.22348519793748856 0
1652758644108 0.2296147628605366 0
1652758669114 0.20737142943143844 0
1652758694623 0.2160350456595421 0
1652758719859 0.18974199874401093 0
1652758744917 0.19070789303779603 0
1652758770178 0.18338626229465008 0
1652758795494 0.1600422922588885 0
1652758820360 0.13710887577831746 0
1652758845440 0.13438717165589334 0
1652758870657 0.13963496288061142 0
1652758895683 0.1608819374859333 0
1652758920748 0.1483817081719637 0
1652758946089 0.13071094890236853 0
1652758971106 0.11627553163766861 0
1652758996100 0.11294632441550494 0
1652759021359 0.1287443656682968 0
1652759046671 0.12163165951371192 0
1652759071557 0.11647763756513596 0
1652759096752 0.09913473865389824 0
1652759121743 0.09571254571080208 0
1652759146894 0.10142927648127079 0
1652759171917 0.10719163193702698 0
1652759197148 0.10117870982289315 0
1652759222138 0.11528657082170247 0
1652759246999 0.09485663638561964 0
1652759272075 0.07278811614215373 0
1652759297287 0.106652372841537 0
1652759322375 0.0993310898296535 0
1652759347292 0.09911865392029286 0
1652759372459 0.08464985894747079 0
1652759397901 0.08676522081941367 0
1652759422968 0.08181172176450491 0
1652759447981 0.07727657801359891 0
1652759489157 1.543393198776245 0
1652759515729 1.1324040935516357 0
1652759542204 0.9946643844604492 0
1652759568909 0.8838616926193237 0
1652759595188 0.7741744977951049 0
1652759621739 0.6880618200302124 0
1652759648416 0.5825228991508484 0
1652759675069 0.5156792345046997 0
1652759701402 0.4786080033779144 0
1652759728145 0.3801787698745728 0
1652759754803 0.32330769505500795 0
1652759781355 0.2849123022079468 0
1652759807898 0.2788115989923477 0
1652759834063 0.22965055204629897 0
1652759860380 0.19830293509960176 0
1652759886885 0.20645888479948044 0
1652759913395 0.19049859454631807 0
1652759939825 0.16619854128211736 0
1652759966188 0.15184077578783034 0
1652759992541 0.1481591020643711 0
1652760019006 0.13756901531219481 0
1652760045714 0.12398182361125946 0
1652760072230 0.1312074099123478 0
1652760098556 0.1338800126284361 0
1652760125127 0.10879547476172448 0
1652760151412 0.1158544373512268 0
1652760177895 0.12923772626519203 0
1652760204620 0.12197384515106678 0
1652760231147 0.09482783913314342 0
1652760257665 0.08407678346037864 0
1652760284174 0.10150023922473192 0
1652760310790 0.0955257814720273 0
1652760337117 0.09712773658037185 0
1652760363696 0.0810214613944292 0
1652760390261 0.10852111614197493 0
1652760416880 0.1017979241937399 0
1652760443327 0.09053535366356373 0
1652760470088 0.08517749440036713 0
1652760496527 0.09198479181677104 0
1652760523001 0.05882850852161646 0
1652760549488 0.07102198148872703 0
1652760575934 0.08516007653400302 0
1652760602209 0.09131517772227525 0
1652760628711 0.08149193084957078 0
1652760655007 0.06953689558263867 0
1652760681570 0.06989687852710486 0
1652760708264 0.07196784388013185 0
1652760734762 0.06401346835829318 0
1652760761297 0.07249394841492177 0
1652760787697 0.07261752632306889 0
1652760832787 1.4204018918991088 0
1652760860755 1.0320500116348266 0
1652760888775 0.9138476844787597 0
1652760916405 0.7976696611404419 0
1652760944394 0.688289845085144 0
1652760972429 0.6504981411457061 0
1652761000255 0.5643190944671631 0
1652761028395 0.49961809883117675 0
1652761056811 0.44355476644039155 0
1652761084731 0.40115133743286135 0
1652761112587 0.34353046889305117 0
1652761140644 0.31408513840436936 0
1652761169061 0.2588226163625717 0
1652761197358 0.23698202862739562 0
1652761225134 0.2085483398914337 0
1652761253029 0.17427301256656647 0
1652761281236 0.17311765310764313 0
1652761309052 0.1752786261856556 0
1652761337043 0.1632202692091465 0
1652761364920 0.13482216829061508 0
1652761392972 0.13325007052756846 0
1652761420810 0.1304609586417675 0
1652761448886 0.1086618479669094 0
1652761477162 0.1139095886439085 0
1652761505218 0.11977515629827976 0
1652761533169 0.10397980630099773 0
1652761561323 0.12405208970606327 0
1652761589628 0.11183387793004512 0
1652761617853 0.10765549796521663 0
1652761645815 0.0914311950196512 0
1652761673899 0.09616123645305634 0
1652761701844 0.08646231273040175 0
1652761729783 0.10289663988947868 0
1652761758068 0.09634535316824913 0
1652761785937 0.06947053818851709 0
1652761813854 0.06973201949093491 0
1652761841767 0.06858484745472669 0
1652761869882 0.09612697471380234 0
1652761897973 0.0682420501165092 0
1652761926019 0.069649456265755 0
1652761954280 0.07136110331490636 0
1652761982370 0.0677926467832178 0
1652762010194 0.07651818351075053 0
1652762038294 0.08165461193560622 0
1652762066224 0.07950266541913152 0
1652762094313 0.08318132153749466 0
1652762122432 0.05578851284086704 0
1652762150194 0.06197651084661484 0
1652762178494 0.07283905479311943 0
1652762206940 0.06659834242723882 0
1652762255917 1.9182400875091552 0
1652762285513 1.5368002563476562 0
1652762315137 1.3762949840545655 0
1652762344458 1.2657626211166382 0
1652762373949 1.1256339859008788 0
1652762403226 1.0420545440673827 0
1652762433109 0.9608586405754089 0
1652762462560 0.821808192062378 0
1652762492145 0.740991376876831 0
1652762521774 0.6739494358062744 0
1652762551953 0.5708692667007447 0
1652762581496 0.519250408744812 0
1652762610957 0.4572253638267517 0
1652762640470 0.4071514087677002 0
1652762670411 0.3673726181983948 0
1652762700247 0.3339297596693039 0
1652762729953 0.27532480549812316 0
1652762759297 0.24835527243614197 0
1652762788786 0.2683181076049805 0
1652762818384 0.24221874400377275 0
1652762848086 0.21126363217830657 0
1652762877779 0.21226000599861145 0
1652762907577 0.19464488149881362 0
1652762937257 0.20331277809143067 0
1652762966574 0.1737722875714302 0
1652762996128 0.16705800411105157 0
1652763025908 0.15425312472879887 0
1652763055573 0.13771310778856277 0
1652763085156 0.13146720386147498 0
1652763114671 0.14134752811491488 0
1652763144591 0.1238855209827423 0
1652763174817 0.1443199301481247 0
1652763205283 0.15856360045671464 0
1652763235345 0.1594600851535797 0
1652763265662 0.13613972534537316 0
1652763296178 0.11981876959204674 0
1652763326502 0.11546493324041367 0
1652763356896 0.11255277498364448 0
1652763387140 0.11269360845088959 0
1652763417520 0.1129987418025732 0
1652763447708 0.13201638434827329 0
1652763477615 0.11930264205783606 0
1652763507749 0.10638099395632744 0
1652763537752 0.10158236093074083 0
1652763567789 0.11898027968108654 0
1652763598238 0.09371957503557206 0
1652763628351 0.11873582102060318 0
1652763658413 0.09278671556711197 0
1652763688752 0.08602741321772336 0
1652763718948 0.10076449826061726 0
1652763772337 1.7840871791839599 0
1652763804112 1.4507457150459289 0
1652763835726 1.277258445739746 0
1652763867514 1.1420383378982544 0
1652763899041 1.045702586364746 0
1652763930664 0.939460585975647 0
1652763962176 0.8437384540557862 0
1652763993792 0.7500215163230896 0
1652764025033 0.6712997824668884 0
1652764056670 0.61494580245018 0
1652764087968 0.536261718082428 0
1652764119181 0.46243196716308593 0
1652764150690 0.3947530620098114 0
1652764182114 0.3806997735977173 0
1652764213404 0.31009259600639344 0
1652764244914 0.27772409739494325 0
1652764276511 0.2544625913143158 0
1652764307860 0.24550539355278014 0
1652764339267 0.2125378896713257 0
1652764370631 0.21388458862304688 0
1652764401976 0.2241253648519516 0
1652764433492 0.19313463923037053 0
1652764465015 0.16300409395694732 0
1652764496491 0.1636142961382866 0
1652764528330 0.17099514713883399 0
1652764559876 0.16374214652255178 0
1652764591067 0.14888373736441135 0
1652764622517 0.11714433136880398 0
1652764653717 0.12068726033568382 0
1652764685228 0.14302832008600236 0
1652764716396 0.14375474340617655 0
1652764747672 0.11580262712240219 0
1652764778978 0.11153793313205242 0
1652764810178 0.14797218776941298 0
1652764841606 0.13344295153617858 0
1652764873029 0.10161633725762367 0
1652764904301 0.10807229551672935 0
1652764935589 0.10782779127657413 0
1652764966827 0.13182077399417758 0
1652764998411 0.1060836928665638 0
1652765029590 0.08759952939599752 0
1652765060755 0.10339889858067036 0
1652765091952 0.07989046068787575 0
1652765122911 0.09274826275706291 0
1652765154104 0.11728383729457856 0
1652765185341 0.12338263716697694 0
1652765216725 0.0990668462395668 0
1652765247956 0.08595831708759069 0
1652765279016 0.08624116808772087 0
1652765310551 0.06610437094718218 0
1652765367901 1.7742898782730103 0
1652765400741 1.3167559133529663 0
1652765433429 1.1900521421432495 0
1652765466163 1.072140393638611 0
1652765498828 0.9564402862548829 0
1652765531468 0.87010562915802 0
1652765564383 0.7753891596794128 0
1652765597267 0.7279872614860534 0
1652765629729 0.6165094477653503 0
1652765662610 0.5449363173484802 0
1652765695439 0.4681246275901794 0
1652765728175 0.40874977700710297 0
1652765760775 0.3459019927024841 0
1652765793895 0.3162099685192108 0
1652765826666 0.2756571101665497 0
1652765859408 0.2620709018707275 0
1652765892136 0.2412196989774704 0
1652765925062 0.20560733318328858 0
1652765958050 0.2348472436785698 0
1652765990981 0.1924731242224574 0
1652766023690 0.17353452195525168 0
1652766056655 0.15610929494500161 0
1652766089372 0.19161215831041337 0
1652766122534 0.19551556656360627 0
1652766155110 0.13219438304901124 0
1652766187812 0.13308368740081788 0
1652766220709 0.1283211512774229 0
1652766253519 0.12068246400356293 0
1652766286202 0.10948087652921677 0
1652766319076 0.1150863649904728 0
1652766351960 0.14252209513187408 0
1652766384655 0.112017896284163 0
1652766417489 0.09621316763982177 0
1652766450464 0.0905570304363966 0
1652766483187 0.1141856669768691 0
1652766516002 0.1155383915513754 0
1652766548813 0.10114010106809437 0
1652766581715 0.1193697640657425 0
1652766614614 0.11321322104036809 0
1652766647418 0.10223254491090775 0
1652766680388 0.095025325101614 0
1652766713288 0.09519140726476907 0
1652766746028 0.08873853507339954 0
1652766778706 0.08335391865074634 0
1652766811338 0.082882224085927 0
1652766844231 0.10468190425634384 0
1652766877294 0.09087598643302917 0
1652766909816 0.08953995878212154 0
1652766942674 0.09232987176030874 0
1652766975366 0.0819180613040924 0
1652767037033 1.607015382385254 0
1652767071619 1.1918469582557678 0
1652767106118 1.064140477180481 0
1652767140604 0.9523074226379394 0
1652767175357 0.8672478147506714 0
1652767209670 0.7481712162971497 0
1652767244382 0.670250139427185 0
1652767278738 0.6439281962394714 0
1652767313169 0.5514432968139649 0
1652767347728 0.4731981721878052 0
1652767382132 0.40622077367305753 0
1652767417050 0.3452856418132782 0
1652767451675 0.3114476870536804 0
1652767486149 0.31403304286003114 0
1652767520747 0.25521868221759797 0
1652767555329 0.2396940038919449 0
1652767590163 0.20525409181416035 0
1652767624521 0.16200726071596144 0
1652767659135 0.20579426374435425 0
1652767693671 0.1924180019378662 0
1652767728382 0.16740247491002083 0
1652767762880 0.13652528895139696 0
1652767797647 0.16329009417891502 0
1652767832255 0.13978992573022841 0
1652767866900 0.11080958347916603 0
1652767901310 0.12248648675084114 0
1652767935751 0.1477279931485653 0
1652767970863 0.13973798359632492 0
1652768005323 0.12838083340525627 0
1652768039835 0.10479215332269669 0
1652768074373 0.10488629322052002 0
1652768108974 0.11678117440342903 0
1652768143344 0.09135266605913639 0
1652768178160 0.09827449474036694 0
1652768212858 0.11952517462074756 0
1652768247350 0.09223839251995086 0
1652768282133 0.11632633593678475 0
1652768316463 0.09240308476034552 0
1652768351233 0.0963859596401453 0
1652768385772 0.08762351177930831 0
1652768420711 0.08082786739841104 0
1652768455602 0.07907692642733455 0
1652768490310 0.08593138617128133 0
1652768524878 0.07152569563686847 0
1652768559377 0.07598753957077861 0
1652768594383 0.07491783233731986 0
1652768629023 0.09662566321641207 0
1652768663685 0.10526395904067903 0
1652768698592 0.06578244079351425 0
1652768732940 0.05663576210066676 0
1652768799310 1.6001659072875976 0
1652768835679 1.195100048351288 0
1652768871996 1.0630489159584045 0
1652768908527 0.9432484592437744 0
1652768944788 0.8935562345504761 0
1652768981301 0.7612164774894714 0
1652769017493 0.6902769647598267 0
1652769053735 0.6219776141166687 0
1652769089974 0.532145476436615 0
1652769126168 0.47144550580978395 0
1652769162609 0.4134279870033264 0
1652769198913 0.37092374858856203 0
1652769235068 0.31928961927890775 0
1652769271139 0.2700056206226349 0
1652769307282 0.24956904792785645 0
1652769343577 0.2703223787307739 0
1652769379628 0.21717668036222457 0
1652769416756 0.1921165488600731 0
1652769453897 0.16416400710344314 0
1652769491052 0.19933108955919743 0
1652769528029 0.17697135163545608 0
1652769565199 0.14623797035813332 0
1652769602376 0.13287063053548337 0
1652769639339 0.11037266865074634 0
1652769676042 0.11852859743833542 0
1652769712759 0.11779933873713017 0
1652769749594 0.11251682529449462 0
1652769786687 0.11662134477496147 0
1652769823244 0.12030784392356872 0
1652769860001 0.1348223074913025 0
1652769896725 0.12487078580260277 0
1652769933395 0.09596519463062286 0
1652769970175 0.08842314740121364 0
1652770006873 0.11761035177707672 0
1652770043596 0.12682868335843087 0
1652770080384 0.08963157694041729 0
1652770117018 0.09279199380278587 0
1652770153495 0.08893624331355095 0
1652770190157 0.1089121361636091 0
1652770226783 0.07648517019897699 0
1652770263840 0.08571142764836549 0
1652770300423 0.08261628005504608 0
1652770337208 0.08443762439191341 0
1652770374039 0.07851310945153236 0
1652770410567 0.10450999201834202 0
1652770447020 0.07507828837074339 0
1652770484031 0.08264147655926644 0
1652770520880 0.07395504653267562 0
1652770557488 0.06841787344962358 0
1652770593994 0.05616798324510455 0
