1654178684354 0.36069847814224215 0
1654178696777 0.6606439095373795 0
1654178709499 0.8552719335475656 0
1654178722305 0.951555205238586 0
1654178734856 0.9818710968289578 0
1654178747491 0.9922391317528648 0
1654178760205 0.9966046201418783 0
1654178772880 0.9969684108409629 0
1654178785360 0.9990905232522889 0
1654178798015 0.9984842054204814 0
1654178810593 0.9988479961195659 0
1654178823134 0.9992117868186503 0
1654178835948 0.9994543139513733 0
1654178848680 0.9998181046504577 0
1654178861302 0.9994543139513733 0
1654178873933 0.9996362093009156 0
1654178886620 0.999514945734554 0
1654178899223 0.999514945734554 0
1654178911899 0.999514945734554 0
1654178924481 0.9987267325532044 0
1654178937092 0.9998787364336386 0
1654178949420 0.9998787364336386 0
1654178962265 0.9998181046504577 0
1654178975111 0.9994543139513733 0
1654178987812 0.9992117868186503 0
1654179000430 0.9998787364336386 0
1654179013084 0.9998787364336386 0
1654179025865 0.9998181046504577 0
1654179038602 1.0 0
1654179051210 1.0 0
1654179063945 0.9998787364336386 0
1654179076594 0.9996362093009156 0
1654179089118 1.0 0
1654179101767 0.9998787364336386 0
1654179114454 1.0 0
1654179127108 0.9998181046504577 0
1654179139691 0.9998787364336386 0
1654179152325 0.9996362093009156 0
1654179164980 1.0 0
1654179177836 1.0 0
1654179190624 1.0 0
1654179203258 1.0 0
1654179215896 0.9999393682168193 0
1654179228432 1.0 0
1654179240814 0.9999393682168193 0
1654179253584 0.9998787364336386 0
1654179266120 1.0 0
1654179278697 1.0 0
1654179291451 0.9999393682168193 0
1654179304042 1.0 0
1654179361527 0.8015281062397671 0
1654179377187 0.9723485537565945 0
1654179392632 0.9919349948456734 0
1654179408187 0.9945424777151174 0
1654179423454 0.9973318779940573 0
1654179438491 0.9972712388575586 0
1654179453837 0.9982414650415378 0
1654179468504 0.9963010126735795 0
1654179483869 0.9984233824510339 0
1654179499136 0.9996968043175065 0
1654179514112 0.9985446607240313 0
1654179529251 0.9984840215875326 0
1654179544562 0.9987265781335274 0
1654179559456 0.9987265781335274 0
1654179574707 0.9981201867685404 0
1654179589477 0.9997574434540052 0
1654179604492 0.9974531562670548 0
1654179619396 0.9996968043175065 0
1654179634592 0.9998180825905039 0
1654179649461 0.9987265781335274 0
1654179664611 0.9987872172700261 0
1654179679712 0.9983627433145352 0
1654179695084 0.9998787217270027 0
1654179709822 0.9982414650415378 0
1654179724686 0.9996361651810078 0
1654179739648 0.9992723303620157 0
1654179754804 0.9996968043175065 0
1654179769893 0.9999393608635013 0
1654179784931 0.9995755260445092 0
1654179800179 0.9998180825905039 0
1654179815111 0.9996361651810078 0
1654179830098 0.9995755260445092 0
1654179845560 0.9988478564065247 0
1654179860740 0.9993329694985144 0
1654179875813 0.9994542477715117 0
1654179890757 0.9970286823115638 0
1654179905693 0.9993329694985144 0
1654179920858 0.9998787217270027 0
1654179936097 1.0 0
1654179951281 1.0 0
1654179965803 0.9998787217270027 0
1654179980799 0.9998787217270027 0
1654179995712 0.9999393608635013 0
1654180010958 1.0 0
1654180026259 0.9999393608635013 0
1654180041046 1.0 0
1654180056136 0.9997574434540052 0
1654180071319 0.9963010126735795 0
1654180086303 0.9993329694985144 0
1654180101489 0.9999393608635013 0
1654180176621 0.84521644234267 0
1654180194228 0.9813871710925185 0
1654180211229 0.9923002303868074 0
1654180228369 0.9971504789620468 0
1654180245528 0.9979386443555233 0
1654180262257 0.9979386443555233 0
1654180279367 0.9962410573541894 0
1654180296275 0.9989086940705711 0
1654180313635 0.9980599005699042 0
1654180330643 0.9980599005699042 0
1654180347801 0.9983024129986662 0
1654180364948 0.9983630411058567 0
1654180382287 0.9992724627137141 0
1654180399366 0.9996968594640475 0
1654180416437 0.9990905783921425 0
1654180433229 0.9979992724627137 0
1654180450665 0.9983630411058567 0
1654180467880 0.9998181156784285 0
1654180484668 0.9998181156784285 0
1654180501944 0.9993330908209046 0
1654180518754 0.9998181156784285 0
1654180535783 0.9996362313568571 0
1654180553024 0.9995756032496665 0
1654180570246 0.9991512064993331 0
1654180587385 0.9992118346065236 0
1654180604484 0.9992724627137141 0
1654180621310 0.9990905783921425 0
1654180638192 0.9987268097489996 0
1654180655397 0.9997574875712381 0
1654180672319 0.9988480659633806 0
1654180689391 0.9985449254274281 0
1654180706357 0.9996968594640475 0
1654180723387 1.0 0
1654180740003 0.9995756032496665 0
1654180757037 0.999878743785619 0
1654180774001 0.999878743785619 0
1654180790711 0.999393718928095 0
1654180808349 0.999514975142476 0
1654180825130 0.9987874378561902 0
1654180842283 0.9999393718928095 0
1654180859559 0.9989086940705711 0
1654180876401 0.9994543470352856 0
1654180893250 0.9992118346065236 0
1654180910026 0.9978173881411422 0
1654180927930 0.9994543470352856 0
1654180945281 0.9986055535346187 0
1654180962219 0.9997574875712381 0
1654180979337 0.9994543470352856 0
1654180996639 0.9999393718928095 0
1654181013425 1.0 0
1654181106167 0.7551243177683444 0
1654181124794 0.9439053972104305 0
1654181143360 0.9769557307459066 0
1654181162314 0.98465736810188 0
1654181181683 0.9932686476652517 0
1654181200781 0.9949060036385688 0
1654181219986 0.9958156458459673 0
1654181238940 0.9956337174044876 0
1654181258102 0.9923590054578533 0
1654181276840 0.9953305033353548 0
1654181295567 0.9969072164948454 0
1654181314428 0.9967859308671922 0
1654181333462 0.9947847180109157 0
1654181352360 0.9976955730745907 0
1654181371378 0.9979987871437235 0
1654181390145 0.9970285021224985 0
1654181409183 0.998483929654336 0
1654181428567 0.9983020012128563 0
1654181447599 0.9989690721649485 0
1654181466361 0.9991510006064281 0
1654181485454 0.9961795027289266 0
1654181504195 0.9992116434202547 0
1654181523194 0.9991510006064281 0
1654181541855 0.9970891449363251 0
1654181560636 0.9979987871437235 0
1654181579461 0.9989690721649485 0
1654181598500 0.9967252880533657 0
1654181617547 0.9984232868405094 0
1654181636866 0.996543359611886 0
1654181655888 0.9979381443298969 0
1654181674794 0.9986658580958157 0
1654181693813 0.9983020012128563 0
1654181712657 0.9981200727713766 0
1654181732224 0.9978775015160704 0
1654181751458 0.9981807155852032 0
1654181770267 0.9983626440266828 0
1654181789306 0.9985445724681625 0
1654181808340 0.9969678593086719 0
1654181827161 0.9971497877501516 0
1654181846519 0.9984232868405094 0
1654181866524 0.9996967859308672 0
1654181886235 0.9992116434202547 0
1654181905106 0.9985445724681625 0
1654181923821 0.9998787143723469 0
1654181942897 0.9999393571861734 0
1654181961607 0.9986658580958157 0
1654181980007 0.9976955730745907 0
1654181998780 0.9992116434202547 0
1654182017593 0.9951485748938751 0
1654182036254 0.9976955730745907 0
1654182145737 0.830482775351771 0
1654182166364 0.985201358563804 0
1654182187711 0.9963609898107715 0
1654182208464 0.9944201843765162 0
1654182229015 0.9981198447355653 0
1654182249686 0.9990902474526928 0
1654182270341 0.998847646773411 0
1654182291321 0.9995147986414362 0
1654182311810 0.9991508976225133 0
1654182332226 0.995026686074721 0
1654182352978 0.9980591945657448 0
1654182373458 0.9998180494905385 0
1654182393437 0.9990295972828724 0
1654182414034 0.999878699660359 0
1654182434741 0.9978772440562833 0
1654182455610 0.9983624454148472 0
1654182476144 0.9993328481319748 0
1654182496840 0.9999393498301795 0
1654182517400 0.998968947113052 0
1654182538093 0.9991508976225133 0
1654182558582 0.9998180494905385 0
1654182579272 0.9979378942261038 0
1654182600248 0.9991508976225133 0
1654182621094 0.998847646773411 0
1654182641406 0.9978165938864629 0
1654182661746 0.9985443959243085 0
1654182682731 0.9993328481319748 0
1654182703889 1.0 0
1654182724416 0.9986656962639495 0
1654182745375 0.9978165938864629 0
1654182765964 1.0 0
1654182786847 0.9999393498301795 0
1654182807429 0.9993934983017952 0
1654182828075 0.9998180494905385 0
1654182848864 0.9992721979621543 0
1654182869869 0.9979985443959243 0
1654182891663 0.999878699660359 0
1654182913563 1.0 0
1654182934736 0.9999393498301795 0
1654182955439 0.9996967491508976 0
1654182976148 0.9945414847161572 0
1654182996705 0.9990295972828724 0
1654183017340 0.9984837457544881 0
1654183038083 0.999757399320718 0
1654183058833 0.9996967491508976 0
1654183079354 1.0 0
1654183099951 0.9999393498301795 0
1654183120027 0.9993934983017952 0
1654183140625 0.9983017952450267 0
1654183161328 0.9993934983017952 0
