1652145803270 1.4577377000808716 0
1652145805736 0.9354130542755127 0
1652145808376 0.7829924674898386 0
1652145810834 0.6777275098800659 0
1652145813233 0.6160129723548889 0
1652145815690 0.5158991233289242 0
1652145818085 0.460397282409668 0
1652145820520 0.44914890805482865 0
1652145822961 0.4173458486199379 0
1652145825384 0.3913940826177597 0
1652145828511 1.1160218920230864 0
1652145831332 0.9163516222953796 0
1652145834267 0.7661477373123169 0
1652145837201 0.8226095955848693 0
1652145840087 0.6803096400737763 0
1652145843013 0.6145087583541871 0
1652145845883 0.6172524045944214 0
1652145848793 0.6101344045639038 0
1652145851816 0.5576182741641998 0
1652145854791 0.5386048260688782 0
1652145859238 0.8959831068197887 0
1652145863310 0.7785795968055725 0
1652145867295 0.7119880666891734 0
1652145871120 0.6731965516805649 0
1652145875048 0.6278104828039806 0
1652145879023 0.5918663029988607 0
1652145883102 0.6099682760238647 0
1652145887147 0.5926698271592458 0
1652145891164 0.5577398432334264 0
1652145895195 0.44781799063682554 0
1652145900082 0.6947463334608345 0
1652145904305 0.6617050947555385 0
1652145908605 0.6077915067258088 0
1652145912802 0.5403917734226757 0
1652145917018 0.5195768317895815 0
1652145921414 0.48771156934650145 0
1652145925690 0.5029959447356972 0
1652145929943 0.5002327461394828 0
1652145934076 0.39759110752170196 0
1652145938184 0.38847751421399296 0
1652145943323 0.8097083164215088 0
1652145947896 0.7635163872718811 0
1652145952386 0.7127341163317362 0
1652145956667 0.6710912039438883 0
1652145960751 0.6136766943295797 0
1652145965002 0.5247042369206747 0
1652145969235 0.5779426328976949 0
1652145973573 0.45777204141616823 0
1652145978054 0.4816758418718974 0
1652145982350 0.45382686224778496 0
