1645719541622 2.3014177223205565 0
1645719543552 2.2939413555145265 0
1645719545464 2.2814388717651366 0
1645719547340 2.2510804721832276 0
1645719549289 2.1690423336029054 0
1645719551183 2.0393458866119385 0
1645719553051 1.9191410453796387 0
1645719554972 1.8259553466796874 0
1645719556879 1.755443914604187 0
1645719558783 1.700380400466919 0
1645719560678 1.6475156608581543 0
1645719562577 1.6010113052368165 0
1645719564438 1.5652125171661377 0
1645719566330 1.5364654918670655 0
1645719568233 1.5020429965972901 0
1645719570110 1.4734887426376342 0
1645719572014 1.4494178008079528 0
1645719573961 1.4226896865844727 0
1645719575914 1.3964801391601562 0
1645719577795 1.3733614450454712 0
1645719580710 2.2842949325561523 0
1645719583224 2.2256353820800783 0
1645719585805 2.1118699886322023 0
1645719588359 2.007170450973511 0
1645719590877 1.9390682401657104 0
1645719593473 1.8849153659820557 0
1645719596031 1.8416312797546386 0
1645719598596 1.799984178352356 0
1645719601170 1.762520842552185 0
1645719603743 1.7265586772918702 0
1645719606350 1.6933167905807496 0
1645719608927 1.661227880859375 0
1645719611536 1.624052155303955 0
1645719614136 1.5947479909896851 0
1645719616646 1.5532980918884278 0
1645719619184 1.5198044105529784 0
1645719621798 1.4801593727111817 0
1645719624294 1.4388514532089234 0
1645719626889 1.3954413117408753 0
1645719629561 1.3492638116836548 0
1645719633319 2.2256237606048583 0
1645719636381 2.0608312950134278 0
1645719639349 1.9458591472625733 0
1645719642324 1.8825557764053344 0
1645719645297 1.8447208805084228 0
1645719648266 1.8146997152328492 0
1645719651302 1.7939054513931274 0
1645719654265 1.7687975254058839 0
1645719657327 1.746564666557312 0
1645719660358 1.732444989013672 0
1645719663372 1.7128783857345582 0
1645719666388 1.6982079319000245 0
1645719669383 1.682465005493164 0
1645719672457 1.6652175998687744 0
1645719675555 1.6483995193481444 0
1645719678574 1.6377259143829346 0
1645719681626 1.619556046485901 0
1645719684684 1.6117105588912963 0
1645719687697 1.594438377571106 0
1645719690695 1.5807753503799438 0
