1654619170289 0.7493022691420944 0
1654619179179 0.9379929620191725 0
1654619188375 0.9642033733770173 0
1654619197383 0.966326902074991 0
1654619206744 0.9804028637301299 0
1654619215958 0.9838611818954011 0
1654619225309 0.9885936172794564 0
1654619234865 0.985802693847834 0
1654619244269 0.9888969785220241 0
1654619256588 0.9882902560368887 0
1654619265517 0.9917485742021599 0
1654619274678 0.9881689115398616 0
1654619283215 0.9933260526635117 0
1654619292433 0.9902317679893217 0
1654619301521 0.991869918699187 0
1654619310735 0.9926586579298629 0
1654619320086 0.9929620191724305 0
1654619329307 0.9965416818347288 0
1654619338537 0.9923552966872953 0
1654619347567 0.9947215143793229 0
1654619356634 0.99896857177527 0
1654619365448 0.9933260526635117 0
1654619374600 0.9956315981070258 0
1654619383543 0.9949035311248635 0
1654619392474 0.99587428710108 0
1654619401647 0.9956922703555394 0
1654619410357 0.99587428710108 0
1654619419027 0.9973910933139182 0
1654619427400 0.9996359665089188 0
1654619436175 0.9920519354447276 0
1654619444525 0.9983011770416211 0
1654619453531 0.9945394976337824 0
1654619462416 0.9967843708287829 0
1654619470928 0.9995752942604053 0
1654619479649 0.9959349593495935 0
1654619488406 0.9975124378109452 0
1654619497554 0.9968450430772965 0
1654619506271 0.9955102536099988 0
1654619514861 0.9986045382841888 0
1654619523213 0.9986652105327023 0
1654619532051 0.9974517655624318 0
1654619540441 0.9964203373377017 0
1654619549248 0.9965416818347288 0
1654619558044 0.9982405047931077 0
1654619566452 0.998058488047567 0
1654619575437 0.9969663875743235 0
1654619583995 0.9993932775148647 0
1654619592139 0.9970877320713506 0
1654619600510 0.9987258827812159 0
1654619609426 0.9992112607693241 0
1654619631108 0.8472736095105234 0
1654619649465 0.9657305756050222 0
1654619667964 0.9802268453933403 0
1654619686307 0.9863528840904956 0
1654619705007 0.9840480378480014 0
1654619723290 0.9896281919087766 0
1654619742113 0.98974949960575 0
1654619760789 0.9933280766664645 0
1654619779668 0.992660884333111 0
1654619797784 0.9924789227876509 0
1654619816215 0.9923576150906775 0
1654619834800 0.9947231151816582 0
1654619853561 0.9944198459392248 0
1654619871738 0.9942985382422515 0
1654619889669 0.9902953842421302 0
1654619908695 0.9964214229392855 0
1654619927378 0.9956935767574453 0
1654619945942 0.9965427306362589 0
1654619964142 0.9951476921210651 0
1654619982831 0.9961181536968521 0
1654620001775 0.9959968459998787 0
1654620021354 0.9944804997877116 0
1654620040453 0.995936192151392 0
1654620059666 0.9993328076666464 0
1654620079021 0.997877115302966 0
1654620098102 0.9964214229392855 0
1654620117537 0.9969673075756657 0
1654620136542 0.9955116152119852 0
1654620155049 0.9949050767271184 0
1654620173652 0.998059076848426 0
1654620192365 0.9995754230605932 0
1654620211080 0.9979984229999393 0
1654620230561 0.9964214229392855 0
1654620249436 0.9964820767877722 0
1654620268360 0.9981803845453994 0
1654620287013 0.9962394613938255 0
1654620306151 0.9981803845453994 0
1654620325403 0.9972705768180992 0
1654620344479 0.9989688845757263 0
1654620363458 0.9968459998786923 0
1654620382869 0.9967853460302056 0
1654620402160 0.9983016922423728 0
1654620421352 0.9971492691211258 0
1654620440867 0.999029538424213 0
1654620460211 0.9992721538181598 0
1654620479136 0.997695153757506 0
1654620498240 0.9989082307272397 0
1654620517026 1.0 0
1654620535986 0.9995147692121065 0
1654620555130 0.9942985382422515 0
1654620584030 0.831938886867952 0
1654620605960 0.9624712016490845 0
1654620628254 0.9774463441251364 0
1654620651381 0.9844185764520431 0
1654620673677 0.9884806596338063 0
1654620696165 0.9836910391657573 0
1654620718907 0.9904813871710925 0
1654620741965 0.9889656844913302 0
1654620764581 0.9902388747423305 0
1654620787787 0.9930883957802837 0
1654620810702 0.9936340487449982 0
1654620833380 0.9908451558142355 0
1654620855611 0.9929065114587122 0
1654620878181 0.9953922638535225 0
1654620900881 0.9934521644234267 0
1654620923963 0.9928458833515218 0
1654620947140 0.9976355038195708 0
1654620969863 0.9924214866011883 0
1654620992890 0.9949678671031891 0
1654621015571 0.9973929913908087 0
1654621038073 0.9923608584939978 0
1654621060234 0.9955135200679035 0
1654621082197 0.9973929913908087 0
1654621104542 0.9973323632836183 0
1654621127417 0.9929065114587122 0
1654621150290 0.9975142476051898 0
1654621173230 0.9973323632836183 0
1654621196090 0.9964835697829514 0
1654621219070 0.9957560324966654 0
1654621241413 0.9973929913908087 0
1654621264130 0.9952710076391416 0
1654621286806 0.9970292227476658 0
1654621309707 0.9973929913908087 0
1654621332660 0.9968473384260943 0
1654621355349 0.9978173881411422 0
1654621377678 0.9989693221777616 0
1654621399983 0.9951497514247605 0
1654621422767 0.9978780162483327 0
1654621445788 0.9979992724627137 0
1654621468327 0.9974536194979993 0
1654621490507 0.999878743785619 0
1654621513694 0.9955135200679035 0
1654621536734 0.9971504789620468 0
1654621559037 0.9978173881411422 0
1654621581924 0.9974536194979993 0
1654621603988 0.9992724627137141 0
1654621626068 0.9968473384260943 0
1654621648887 0.9981811567842852 0
1654621671778 0.9975748757123802 0
1654621694761 0.9994543470352856 0
1654621733323 0.8994481169264358 0
1654621759461 0.9745891200194069 0
1654621785784 0.9849596700830857 0
1654621812078 0.9866577718478986 0
1654621837912 0.9889016920371156 0
1654621864463 0.9909636727515313 0
1654621890543 0.9928437139911456 0
1654621916462 0.994602462247559 0
1654621942616 0.9917520771423373 0
1654621968808 0.989872035902723 0
1654621995379 0.994602462247559 0
1654622022119 0.9963005640123719 0
1654622048138 0.9917520771423373 0
1654622074671 0.9971496148947784 0
1654622101662 0.9953302201467645 0
1654622128266 0.9949663411971618 0
1654622155033 0.9956334526047668 0
1654622182402 0.9975134938443811 0
1654622209261 0.996846382436776 0
1654622235725 0.9959973315543695 0
1654622262091 0.9983018982351871 0
1654622288037 0.9958760385711687 0
1654622314554 0.9965431499787737 0
1654622341226 0.9974528473527806 0
1654622368010 0.9980593122687853 0
1654622394758 0.9974528473527806 0
1654622421591 0.997634786827582 0
1654622448408 0.9961186245375705 0
1654622474781 0.9972709078779792 0
1654622501203 0.998423191218388 0
1654622527385 0.9976954333191825 0
1654622553469 0.9994541815755958 0
1654622579655 0.9984838377099885 0
1654622605747 0.9950269876887622 0
1654622632545 0.9987870701679907 0
1654622659150 0.9985444842015889 0
1654622685034 0.9972102613863788 0
1654622711257 0.9991509491175935 0
1654622737100 0.9995148280671963 0
1654622764118 0.9973315543695798 0
1654622790410 0.9976954333191825 0
1654622816595 0.9982412517435867 0
1654622842995 0.9975134938443811 0
1654622869533 0.9989690096427921 0
1654622895140 0.9987264236763903 0
1654622921120 0.9983018982351871 0
1654622948282 0.9993935350839954 0
1654622974630 0.9974528473527806 0
1654623000466 0.9982412517435867 0
1654623026304 0.9987264236763903 0
1654623074734 0.9357714701601164 0
1654623105021 0.9828360019408054 0
1654623135046 0.992479378942261 0
1654623164800 0.9896894711305192 0
1654623195042 0.996300339640951 0
1654623225259 0.9909631246967492 0
1654623255298 0.995147986414362 0
1654623285334 0.9979378942261038 0
1654623315576 0.9929645803008248 0
1654623345305 0.9975133430373605 0
1654623375232 0.9952086365841825 0
1654623405496 0.9966035904900534 0
1654623435765 0.9967248908296943 0
1654623465720 0.996300339640951 0
1654623496101 0.9970281416787967 0
1654623526238 0.9991508976225133 0
1654623556427 0.9966035904900534 0
1654623586123 0.9957544881125667 0
1654623616293 0.9983624454148472 0
1654623646350 0.9978772440562833 0
1654623676093 0.9990902474526928 0
1654623706270 0.9984230955846677 0
1654623736031 0.9973920426977195 0
1654623765857 0.9983624454148472 0
1654623795920 0.9982411450752062 0
1654623825685 0.9984230955846677 0
1654623855563 0.998605046094129 0
1654623885141 0.9981804949053857 0
1654623914523 0.9981804949053857 0
1654623943951 0.9990295972828724 0
1654623973645 0.9975133430373605 0
1654624003875 0.9989082969432315 0
1654624033487 0.9980591945657448 0
1654624063226 0.9981804949053857 0
1654624092613 0.9990902474526928 0
1654624122011 0.9990295972828724 0
1654624152319 0.998847646773411 0
1654624181829 0.9984837457544881 0
1654624211852 0.9989082969432315 0
1654624241708 0.9993328481319748 0
1654624272645 0.9990295972828724 0
1654624302589 0.9981804949053857 0
1654624332299 0.9996967491508976 0
1654624361873 1.0 0
1654624391869 0.9996967491508976 0
1654624421898 0.9970887918486172 0
1654624451979 0.998847646773411 0
1654624482443 0.999878699660359 0
1654624512337 0.9991508976225133 0
1654624542293 0.9990295972828724 0
1654624601455 0.9460049748225444 0
1654624634183 0.9879876236122065 0
1654624667496 0.9902323606139659 0
1654624701192 0.9935691318327974 0
1654624735179 0.994843171752715 0
1654624769016 0.9947825031850998 0
1654624802805 0.9959958745374021 0
1654624836764 0.9938118061032579 0
1654624870771 0.9954498574288662 0
1654624904984 0.9975125887277801 0
1654624938849 0.9942971546441789 0
1654624972351 0.9961778802402476 0
1654625006631 0.9990899714857733 0
1654625040592 0.9978159315658557 0
1654625074469 0.9963598859430929 0
1654625108427 0.9968452344840139 0
1654625141823 0.997937268701086 0
1654625175852 0.9988472972153127 0
1654625210091 0.997937268701086 0
1654625244174 0.9981799429715464 0
1654625278227 0.9986046229448523 0
1654625312142 0.9973305830249348 0
1654625346043 0.9976945944306255 0
1654625380022 0.9992719771886186 0
1654625414089 0.9988472972153127 0
1654625448044 0.9989079657829278 0
1654625482702 0.9993933143238488 0
1654625516846 0.9967845659163987 0
1654625550310 0.9983619486743918 0
1654625584402 0.999514651459079 0
1654625618593 0.9993326457562337 0
1654625652528 0.9980586058363162 0
1654625686539 0.9970272401868592 0
1654625720235 0.999514651459079 0
1654625754103 0.9990899714857733 0
1654625787820 0.9988472972153127 0
1654625821863 0.9987259600800825 0
1654625855895 0.9992113086210035 0
1654625890139 0.9999393314323849 0
1654625923836 0.999514651459079 0
1654625958052 0.9996966571619245 0
1654625991719 0.9961778802402476 0
1654626025904 0.9988472972153127 0
1654626059485 0.9989079657829278 0
1654626093327 0.9990293029181581 0
1654626126467 0.9990293029181581 0
1654626160699 0.9984226172420069 0
1654626194909 0.998968634350543 0
1654626228685 0.9998179942971547 0
1654626262424 0.9993933143238488 0
1654626332858 0.9005333979876349 0
1654626370749 0.9723602860952842 0
1654626409179 0.9832706994787247 0
1654626446970 0.9884834525397018 0
1654626485269 0.9913928961086192 0
1654626523140 0.98951388047036 0
1654626560775 0.9897563341011032 0
1654626598165 0.9932719117468785 0
1654626635754 0.9935749787853073 0
1654626673413 0.99339313856225 0
1654626711451 0.9946660201236514 0
1654626749439 0.9936962056006788 0
1654626787340 0.9953327676081949 0
1654626825652 0.9981209843617408 0
1654626863432 0.9951509273851376 0
1654626901576 0.9958176748696812 0
1654626939548 0.9955146078312522 0
1654626977358 0.9964238089465389 0
1654627015139 0.9957570614619954 0
1654627052815 0.9976966905079404 0
1654627090179 0.9964238089465389 0
1654627127712 0.9956964480543096 0
1654627164748 0.9967268759849679 0
1654627201626 0.9987271184385986 0
1654627239388 0.9969693296157109 0
1654627277743 0.9984846648078555 0
1654627314898 0.9975148502848831 0
1654627352789 0.9983028245847981 0
1654627390286 0.9976966905079404 0
1654627428033 0.9988483452539701 0
1654627465411 0.9959389016850527 0
1654627502686 0.9978179173233119 0
1654627540164 0.9986058916232271 0
1654627578096 0.9976966905079404 0
1654627616205 0.9961207419081101 0
1654627654162 0.9979997575463693 0
1654627692096 0.9981815977694266 0
1654627729305 0.9990907988847133 0
1654627767192 0.998363437992484 0
1654627805305 0.9956358346466239 0
1654627843122 0.9981209843617408 0
1654627880609 0.9992120257000848 0
1654627919078 0.9978179173233119 0
1654627956969 0.998363437992484 0
1654627994821 0.9992726391077706 0
1654628032545 0.9983028245847981 0
1654628070071 0.9986058916232271 0
1654628107529 0.998908958661656 0
1654628145684 0.9987877318462844 0
1654628183549 0.9978179173233119 0
1654628266285 0.9192599332726721 0
1654628307588 0.9748862602365788 0
1654628349801 0.9866545344252351 0
1654628391864 0.9881710646041856 0
1654628434126 0.9909008189262967 0
1654628476348 0.9902942068547164 0
1654628518367 0.9932666060054595 0
1654628560106 0.9936912344555656 0
1654628602234 0.9930846223839854 0
1654628644436 0.9950257810130422 0
1654628686199 0.9942978465271459 0
1654628728273 0.9955717318774644 0
1654628770023 0.9962996663633606 0
1654628811904 0.9952077646345162 0
1654628853721 0.9967849560206248 0
1654628894869 0.9961783439490446 0
1654628935932 0.9956323930846224 0
1654628977528 0.9973915680922051 0
1654629019575 0.9986654534425236 0
1654629061222 0.9958143767060964 0
1654629103190 0.9961176827418866 0
1654629144951 0.9974522292993631 0
1654629186892 0.9979375189566272 0
1654629229161 0.9990294206854716 0
1654629271169 0.9978161965423112 0
1654629313080 0.9955110706703063 0
1654629354920 0.9969669396420989 0
1654629396540 0.9996360327570518 0
1654629438590 0.9970882620564149 0
1654629480300 0.9984834698210494 0
1654629522132 0.9990294206854716 0
1654629563872 0.9975735517136791 0
1654629605124 0.9974522292993631 0
1654629646727 0.9990900818926297 0
1654629687573 0.9979981801637853 0
1654629729128 0.9981801637852593 0
1654629770885 0.9983014861995754 0
1654629812484 0.9990294206854716 0
1654629854507 0.9980588413709433 0
1654629895564 0.9993327267212617 0
1654629938128 0.9975735517136791 0
1654629979642 0.9995753715498938 0
1654630020906 0.999818016378526 0
1654630062890 0.9961783439490446 0
1654630105209 0.9987867758568395 0
1654630146890 0.9996966939642099 0
1654630188591 0.997270245677889 0
1654630230609 0.9992720655141037 0
1654630272085 0.9985441310282075 0
1654630313632 0.9986047922353655 0
1654630409236 0.8087726748771461 0
1654630454244 0.929381787296002 0
1654630499393 0.9615967966996299 0
1654630545070 0.9652975793241522 0
1654630590687 0.9745192016016502 0
1654630635936 0.9856215494752169 0
1654630681842 0.9821634411211552 0
1654630727901 0.986713583692289 0
1654630773933 0.9854395437723715 0
1654630819837 0.9878662864769763 0
1654630864934 0.9920524176424195 0
1654630910422 0.9890796578292786 0
1654630955367 0.9895650063701996 0
1654631001345 0.9885943092883577 0
1654631046000 0.992841109021416 0
1654631092042 0.9909603834253473 0
1654631137198 0.9927197718861858 0
1654631182659 0.9916277376691136 0
1654631227719 0.9926591033185707 0
1654631272404 0.994843171752715 0
1654631317665 0.9936904689680277 0
1654631363625 0.9935691318327974 0
1654631409069 0.9939331432384881 0
1654631454706 0.9942971546441789 0
1654631499266 0.9940544803737184 0
1654631545375 0.996420554510708 0
1654631591456 0.9947825031850998 0
1654631637938 0.9935084632651823 0
1654631682665 0.9963598859430929 0
1654631727750 0.9980586058363162 0
1654631773555 0.9966632287811685 0
1654631819726 0.9955105259964813 0
1654631866041 0.993872474670873 0
1654631911468 0.9983012801067767 0
1654631957106 0.9955105259964813 0
1654632003247 0.9949645088879452 0
1654632048927 0.9979979372687011 0
1654632093906 0.9957532002669417 0
1654632139419 0.9953891888612509 0
1654632185268 0.9961778802402476 0
1654632230516 0.9970879087544743 0
1654632275497 0.997451920160165 0
1654632320806 0.9986046229448523 0
1654632365875 0.9949645088879452 0
1654632412015 0.9955105259964813 0
1654632457441 0.995935205969787 0
1654632503177 0.9975125887277801 0
1654632548395 0.9981192744039313 0
1654632594471 0.997451920160165 0
1654632639983 0.9957532002669417 0
1654632751438 0.9261394671360078 0
1654632799875 0.9793651756994598 0
1654632848229 0.991624688960369 0
1654632896618 0.994598531286035 0
1654632945529 0.993688171390423 0
1654632994050 0.9951447472234023 0
1654633043045 0.9924743581962736 0
1654633091953 0.9967833950355041 0
1654633140720 0.9980578988893609 0
1654633188952 0.9944164593069127 0
1654633237545 0.9953875098622322 0
1654633287218 0.9975116829519937 0
1654633335554 0.9969654670146264 0
1654633384246 0.9975723736117011 0
1654633432957 0.9963585604175518 0
1654633482474 0.9976937549311161 0
1654633531583 0.9980578988893609 0
1654633580732 0.9955088911816471 0
1654633629490 0.9990289494446805 0
1654633678027 0.9981792802087759 0
1654633728193 0.9972082296534563 0
1654633778263 0.9964192510772593 0
1654633828080 0.9990289494446805 0
1654633877633 0.9984220428476057 0
1654633927176 1.0 0
1654633976571 0.9973296109728713 0
1654634026158 0.9978151362505311 0
1654634076278 0.9983613521878982 0
1654634125305 0.997936517569946 0
1654634174555 0.9985434241670207 0
1654634223371 0.9981185895490684 0
1654634272008 0.9992110214238029 0
1654634320608 0.9976330642714086 0
1654634369737 0.9989075681252655 0
1654634419833 0.9983613521878982 0
1654634469759 0.9986648054864357 0
1654634519569 0.998846877465558 0
1654634569318 0.9984220428476057 0
1654634617812 0.9986041148267282 0
1654634667501 0.9991503307640954 0
1654634716317 0.9992110214238029 0
1654634766365 0.999878618680585 0
1654634816156 0.998968258784973 0
1654634865862 0.9992110214238029 0
1654634915833 0.9981792802087759 0
1654634965771 0.998968258784973 0
1654635015863 0.9971475389937489 0
1654635065357 0.9990896401043879 0
1654635114813 0.999878618680585 0
1654635163959 0.9992717120835104 0
