1653274612672 0.2122 0
1653274628068 0.284 0
1653274643249 0.3328 0
1653274658365 0.3682 0
1653274673676 0.4092 0
1653274689090 0.4474 0
1653274704548 0.4796 0
1653274720216 0.5162 0
1653274735860 0.5418 0
1653274751501 0.5882 0
1653274766201 0.3516 0
1653274776136 0.4582 0
1653274785773 0.507 0
1653274795536 0.5576 0
1653274805672 0.6046 0
1653274815541 0.6364 0
1653274825470 0.6824 0
1653274835399 0.7222 0
1653274845045 0.761 0
1653274854806 0.7804 0
1653274874586 0.305 0
1653274884610 0.4272 0
1653274894648 0.467 0
1653274904843 0.5214 0
1653274914882 0.5532 0
1653274924838 0.5968 0
1653274935036 0.6428 0
1653274945474 0.677 0
1653274955347 0.728 0
1653274965583 0.7524 0
1653274989941 0.3734 0
1653275000042 0.4848 0
1653275010117 0.5332 0
1653275019797 0.5748 0
1653275030175 0.6168 0
1653275040221 0.6588 0
1653275050312 0.6964 0
1653275060413 0.7278 0
1653275070418 0.7702 0
1653275080433 0.7964 0
1653275109999 0.3222 0
1653275120147 0.4156 0
1653275130475 0.463 0
1653275140636 0.5006 0
1653275150863 0.5358 0
1653275161050 0.5766 0
1653275171331 0.6136 0
1653275181523 0.6572 0
1653275191742 0.7012 0
1653275201824 0.7412 0
