1645729014593 2.0383502922058105 0
1645729022769 1.595948338508606 0
1645729030815 1.366530237007141 0
1645729038844 1.1774779697418214 0
1645729046871 1.0512391796112062 0
1645729105152 1.7596067001342774 0
1645729163605 1.4427428541183471 0
1645729222152 1.2515446252822875 0
1645729280427 1.1280521483421326 0
1645729338813 0.9814102683067322 0
1645729396907 1.675928645324707 0
1645729454370 1.2753283531188966 0
1645729511797 1.0706955068588258 0
1645729568950 0.9230135368347168 0
1645729625772 0.803031365776062 0
