1652165721639 0.4168 0
1652165723972 0.6232 0
1652165726413 0.6808 0
1652165728841 0.7396 0
1652165731268 0.75 0
1652165733694 0.794 0
1652165736139 0.8324 0
1652165738560 0.8264 0
1652165741017 0.8472 0
1652165743447 0.8876 0
1652165745882 0.8988 0
1652165748349 0.9188 0
1652165750774 0.8912 0
1652165753234 0.922 0
1652165755663 0.9416 0
1652165758073 0.9128 0
1652165760522 0.9552 0
1652165762940 0.9488 0
1652165765372 0.9544 0
1652165767799 0.888 0
1652165770225 0.96 0
1652165772620 0.9704 0
1652165775012 0.9684 0
1652165777410 0.9768 0
1652165779824 0.9628 0
1652165782287 0.9504 0
1652165784712 0.9584 0
1652165787172 0.97 0
1652165789583 0.9732 0
1652165791952 0.962 0
1652165794313 0.9856 0
1652165796719 0.9736 0
1652165799147 0.9852 0
1652165801591 0.9748 0
1652165803997 0.9728 0
1652165806443 0.9804 0
1652165808883 0.9876 0
1652165811377 0.9804 0
1652165813748 0.9712 0
1652165816160 0.9788 0
1652165818576 0.9808 0
1652165820983 0.9668 0
1652165823374 0.9728 0
1652165825815 0.988 0
1652165828228 0.9824 0
1652165830613 0.978 0
1652165833057 0.9836 0
1652165835468 0.9696 0
1652165837860 0.9804 0
1652165840302 0.9656 0
1652165843430 0.7346 0
1652165846364 0.839 0
1652165849203 0.8726 0
1652165852079 0.8898 0
1652165855013 0.908 0
1652165857892 0.9318 0
1652165860788 0.9466 0
1652165863711 0.9442 0
1652165866568 0.9518 0
1652165869445 0.9638 0
1652165872229 0.9668 0
1652165875100 0.9678 0
1652165877981 0.9632 0
1652165880956 0.9762 0
1652165883821 0.9746 0
1652165886676 0.9792 0
1652165889652 0.9864 0
1652165892519 0.9782 0
1652165895379 0.9776 0
1652165898219 0.9764 0
1652165901158 0.9754 0
1652165903989 0.9738 0
1652165906860 0.9846 0
1652165909763 0.9872 0
1652165912691 0.9706 0
1652165915593 0.9816 0
1652165918526 0.9862 0
1652165921356 0.9866 0
1652165924321 0.9866 0
1652165927215 0.9814 0
1652165930017 0.9804 0
1652165932889 0.9846 0
1652165935801 0.974 0
1652165938728 0.9882 0
1652165941668 0.9858 0
1652165944486 0.9892 0
1652165947398 0.9866 0
1652165950301 0.9908 0
1652165953242 0.983 0
1652165956146 0.9884 0
1652165959030 0.981 0
1652165961851 0.9884 0
1652165964672 0.9894 0
1652165967598 0.9836 0
1652165970478 0.9856 0
1652165973499 0.9846 0
1652165976403 0.9838 0
1652165979338 0.9906 0
1652165982239 0.9838 0
1652165985146 0.9872 0
1652165989670 0.8109333333333333 0
1652165993813 0.8678666666666667 0
1652165997925 0.8909333333333334 0
1652166002015 0.9209333333333334 0
1652166006027 0.9256 0
1652166010065 0.9393333333333334 0
1652166014222 0.9476 0
1652166018308 0.9590666666666666 0
1652166022153 0.9613333333333334 0
1652166026229 0.9724 0
1652166030343 0.9737333333333333 0
1652166034407 0.9710666666666666 0
1652166038529 0.9668 0
1652166042582 0.9726666666666667 0
1652166046623 0.9757333333333333 0
1652166050739 0.9844 0
1652166054826 0.9834666666666667 0
1652166058864 0.9756 0
1652166063080 0.9837333333333333 0
1652166067040 0.9838666666666667 0
1652166071131 0.9902666666666666 0
1652166075093 0.9778666666666667 0
1652166079144 0.9809333333333333 0
1652166083170 0.9801333333333333 0
1652166087131 0.9777333333333333 0
1652166091147 0.9861333333333333 0
1652166095170 0.984 0
1652166099176 0.9793333333333333 0
1652166103208 0.9841333333333333 0
1652166107327 0.9821333333333333 0
1652166111432 0.9874666666666667 0
1652166115512 0.9873333333333333 0
1652166119561 0.9861333333333333 0
1652166123562 0.9825333333333334 0
1652166127554 0.9833333333333333 0
1652166131704 0.9876 0
1652166135616 0.9874666666666667 0
1652166139651 0.9870666666666666 0
1652166143626 0.9813333333333333 0
1652166147645 0.9828 0
1652166151644 0.9854666666666667 0
1652166155549 0.9876 0
1652166159613 0.9852 0
1652166163698 0.9844 0
1652166167923 0.9836 0
1652166172095 0.9858666666666667 0
1652166176188 0.9896 0
1652166180194 0.9918666666666667 0
1652166184255 0.9869333333333333 0
1652166188110 0.9865333333333334 0
1652166193056 0.8515604161109629 0
1652166197228 0.9161109629234463 0
1652166201323 0.9263803680981595 0
1652166205402 0.9393171512403308 0
1652166209582 0.9569218458255535 0
1652166213757 0.9637236596425713 0
1652166217999 0.9663910376100293 0
1652166222097 0.9653240864230461 0
1652166226519 0.9727927447319286 0
1652166230782 0.9727927447319286 0
1652166234889 0.978794345158709 0
1652166239072 0.9689250466791144 0
1652166243259 0.9743931715124033 0
1652166247431 0.9822619365164044 0
1652166251698 0.9825286743131502 0
1652166255946 0.9798612963456922 0
1652166260276 0.9845292077887436 0
1652166264477 0.9869298479594558 0
1652166268827 0.9910642838090158 0
1652166273124 0.9874633235529474 0
1652166277229 0.98666311016271 0
1652166281425 0.9817284609229128 0
1652166285553 0.9834622566017605 0
1652166289763 0.9931981861829822 0
1652166294028 0.9845292077887436 0
1652166298199 0.9835956255001334 0
1652166302548 0.989330488130168 0
1652166306668 0.9862630034675913 0
1652166310894 0.9851960522806081 0
1652166314958 0.9849293144838623 0
1652166319325 0.9847959455854894 0
1652166323472 0.9846625766871165 0
1652166327689 0.98666311016271 0
1652166331959 0.98666311016271 0
1652166336160 0.9858628967724726 0
1652166340330 0.9918644971992532 0
1652166344456 0.9953320885569485 0
1652166348653 0.9931981861829822 0
1652166352865 0.9883969058415577 0
1652166357043 0.9819951987196586 0
1652166361101 0.9818618298212857 0
1652166365260 0.9831955188050147 0
1652166369614 0.9863963723659642 0
1652166373856 0.9873299546545745 0
1652166378035 0.9910642838090158 0
1652166382118 0.9878634302480661 0
1652166386365 0.987996799146439 0
1652166390416 0.9882635369431848 0
1652166394601 0.9871965857562016 0
1652166398740 0.9871965857562016 0
1652166403871 0.8441333333333333 0
1652166408176 0.8866666666666667 0
1652166412499 0.9058666666666667 0
1652166416711 0.9210666666666667 0
1652166421262 0.9353333333333333 0
1652166425485 0.9354666666666667 0
1652166429786 0.9454666666666667 0
1652166434065 0.958 0
1652166438453 0.9618666666666666 0
1652166442753 0.9654666666666667 0
1652166447100 0.9729333333333333 0
1652166451442 0.9757333333333333 0
1652166455775 0.9784 0
1652166459997 0.9756 0
1652166464288 0.9830666666666666 0
1652166468502 0.9833333333333333 0
1652166472841 0.9792 0
1652166477078 0.9830666666666666 0
1652166481510 0.9784 0
1652166485829 0.9841333333333333 0
1652166490216 0.9882666666666666 0
1652166494704 0.9808 0
1652166498853 0.9798666666666667 0
1652166503091 0.9845333333333334 0
1652166507603 0.9862666666666666 0
1652166511858 0.9878666666666667 0
1652166516060 0.9925333333333334 0
1652166520519 0.9898666666666667 0
1652166524845 0.9896 0
1652166529374 0.9866666666666667 0
1652166533773 0.9845333333333334 0
1652166538175 0.9842666666666666 0
1652166542486 0.9866666666666667 0
1652166546861 0.9884 0
1652166551273 0.9897333333333334 0
1652166555604 0.9878666666666667 0
1652166560041 0.9830666666666666 0
1652166564254 0.9852 0
1652166568657 0.9888 0
1652166572903 0.9898666666666667 0
1652166577244 0.9901333333333333 0
1652166581454 0.9868 0
1652166585842 0.9848 0
1652166590144 0.9865333333333334 0
1652166594423 0.9878666666666667 0
1652166598682 0.9912 0
1652166602832 0.9896 0
1652166607199 0.9897333333333334 0
1652166611526 0.9916 0
1652166615911 0.9878666666666667 0
1652166621341 0.8558666666666667 0
1652166625690 0.8948 0
1652166630171 0.9116 0
1652166634590 0.9274666666666667 0
1652166638969 0.9404 0
1652166643353 0.9526666666666667 0
1652166647812 0.9621333333333333 0
1652166652274 0.9654666666666667 0
1652166656873 0.9717333333333333 0
1652166661582 0.9770666666666666 0
1652166665829 0.9773333333333334 0
1652166670489 0.9822666666666666 0
1652166674991 0.9802666666666666 0
1652166679470 0.9794666666666667 0
1652166683898 0.9849333333333333 0
1652166688563 0.9870666666666666 0
1652166693079 0.9853333333333333 0
1652166697470 0.9850666666666666 0
1652166701995 0.9896 0
1652166706393 0.9798666666666667 0
1652166711059 0.9852 0
1652166715411 0.9865333333333334 0
1652166719944 0.9878666666666667 0
1652166724316 0.984 0
1652166728826 0.986 0
1652166733353 0.9902666666666666 0
1652166737863 0.9869333333333333 0
1652166742434 0.9838666666666667 0
1652166747167 0.9866666666666667 0
1652166751537 0.99 0
1652166756128 0.9885333333333334 0
1652166760488 0.9908 0
1652166764737 0.9801333333333333 0
1652166769449 0.9856 0
1652166773873 0.9908 0
1652166778305 0.9888 0
1652166782774 0.9877333333333334 0
1652166787346 0.9902666666666666 0
1652166791748 0.9890666666666666 0
1652166796092 0.9884 0
1652166800558 0.9856 0
1652166804994 0.9908 0
1652166809552 0.9934666666666667 0
1652166813898 0.9885333333333334 0
1652166818406 0.9829333333333333 0
1652166822973 0.9897333333333334 0
1652166827753 0.9873333333333333 0
1652166832331 0.9866666666666667 0
1652166837070 0.9894666666666667 0
1652166841532 0.9884 0
1652166847305 0.8740997599359829 0
1652166851996 0.8973059482528675 0
1652166856545 0.9145105361429715 0
1652166861190 0.9342491331021606 0
1652166866105 0.9357161909842625 0
1652166870858 0.9379834622566018 0
1652166875677 0.9534542544678581 0
1652166880423 0.9614563883702321 0
1652166885287 0.9649239797279274 0
1652166890041 0.9683915710856228 0
1652166894609 0.9794611896505735 0
1652166899184 0.9785276073619632 0
1652166904030 0.9721259002400641 0
1652166908524 0.978794345158709 0
1652166913082 0.9837289943985063 0
1652166917701 0.9795945585489464 0
1652166922502 0.9835956255001334 0
1652166927331 0.983995732195252 0
1652166931859 0.9821285676180315 0
1652166936073 0.9911976527073887 0
1652166940581 0.9875966924513203 0
1652166945373 0.9863963723659642 0
1652166949889 0.9875966924513203 0
1652166954574 0.9874633235529474 0
1652166959112 0.9818618298212857 0
1652166963736 0.9830621499066418 0
1652166968281 0.9882635369431848 0
1652166972984 0.989330488130168 0
1652166977550 0.9831955188050147 0
1652166981892 0.9882635369431848 0
1652166986443 0.98666311016271 0
1652166991190 0.9821285676180315 0
1652166995923 0.9917311283008803 0
1652167000548 0.9898639637236596 0
1652167005145 0.9902640704187783 0
1652167009800 0.9905308082155242 0
1652167014306 0.987996799146439 0
1652167018665 0.9821285676180315 0
1652167023283 0.9899973326220325 0
1652167028218 0.987996799146439 0
1652167032782 0.987996799146439 0
1652167037280 0.9919978660976261 0
1652167041870 0.9891971192317951 0
1652167046579 0.98666311016271 0
1652167051329 0.9845292077887436 0
1652167056052 0.9867964790610829 0
1652167060631 0.9806615097359296 0
1652167064932 0.9930648172846093 0
1652167069420 0.9961323019471859 0
1652167074105 0.9942651373699654 0
1652167080278 0.8930381435049346 0
1652167085208 0.9247799413176847 0
1652167090233 0.9357161909842625 0
1652167094842 0.9410509469191785 0
1652167099494 0.9570552147239264 0
1652167103981 0.9609229127767405 0
1652167108895 0.9631901840490797 0
1652167113641 0.9779941317684716 0
1652167118477 0.9739930648172846 0
1652167123392 0.9715924246465725 0
1652167127982 0.9766604427847426 0
1652167132868 0.982795412109896 0
1652167137906 0.9799946652440651 0
1652167142676 0.9815950920245399 0
1652167147358 0.9799946652440651 0
1652167151882 0.9862630034675913 0
1652167156943 0.9858628967724726 0
1652167161681 0.9874633235529474 0
1652167166281 0.9929314483862364 0
1652167170967 0.9854627900773539 0
1652167176002 0.9826620432115231 0
1652167180753 0.9874633235529474 0
1652167185500 0.9817284609229128 0
1652167190016 0.987996799146439 0
1652167194839 0.99079754601227 0
1652167199650 0.9915977594025074 0
1652167204428 0.9902640704187783 0
1652167208959 0.9898639637236596 0
1652167213539 0.9865297412643371 0
1652167218396 0.978794345158709 0
1652167223057 0.9901307015204054 0
1652167227877 0.9939983995732196 0
1652167232731 0.9843958388903707 0
1652167237053 0.9838623632968791 0
1652167241837 0.9897305948252867 0
1652167246613 0.9911976527073887 0
1652167251683 0.9878634302480661 0
1652167256618 0.9883969058415577 0
1652167261442 0.9910642838090158 0
1652167266150 0.989330488130168 0
1652167270902 0.9903974393171513 0
1652167275684 0.9873299546545745 0
1652167280725 0.982795412109896 0
1652167285792 0.9877300613496932 0
1652167290425 0.9901307015204054 0
1652167295104 0.992131234995999 0
1652167299767 0.9927980794878635 0
1652167304740 0.9887970125366764 0
1652167309489 0.9890637503334222 0
1652167314441 0.9931981861829822 0
1652167321158 0.8688 0
1652167326331 0.9057333333333333 0
1652167331251 0.9266666666666666 0
1652167336165 0.9450666666666667 0
1652167341070 0.9577333333333333 0
1652167345981 0.9656 0
1652167350782 0.9718666666666667 0
1652167355675 0.9793333333333333 0
1652167360643 0.9797333333333333 0
1652167365535 0.9813333333333333 0
1652167370506 0.9817333333333333 0
1652167375466 0.9812 0
1652167380632 0.9858666666666667 0
1652167385857 0.9804 0
1652167390817 0.9870666666666666 0
1652167395487 0.9905333333333334 0
1652167400458 0.9864 0
1652167405330 0.9858666666666667 0
1652167409815 0.9886666666666667 0
1652167414723 0.9873333333333333 0
1652167419462 0.9890666666666666 0
1652167424219 0.9821333333333333 0
1652167429074 0.9853333333333333 0
1652167434227 0.9868 0
1652167439159 0.9886666666666667 0
1652167443938 0.9876 0
1652167449117 0.9896 0
1652167453744 0.9905333333333334 0
1652167458658 0.9856 0
1652167463564 0.9864 0
1652167468377 0.9921333333333333 0
1652167473454 0.9933333333333333 0
1652167478434 0.9928 0
1652167483287 0.9953333333333333 0
1652167488380 0.9885333333333334 0
1652167493135 0.9853333333333333 0
1652167498098 0.9869333333333333 0
1652167503279 0.9876 0
1652167508187 0.9885333333333334 0
1652167513046 0.9836 0
1652167517898 0.9868 0
1652167522869 0.9878666666666667 0
1652167527826 0.992 0
1652167532797 0.9908 0
1652167537407 0.9884 0
1652167542048 0.9853333333333333 0
1652167546790 0.9901333333333333 0
1652167551778 0.9894666666666667 0
1652167556443 0.9917333333333334 0
1652167561202 0.9906666666666667 0
1652167568375 0.866711140760507 0
1652167573386 0.9212808539026017 0
1652167578413 0.9400933955970647 0
1652167583295 0.9558372248165443 0
1652167588075 0.9697131420947298 0
1652167593053 0.9685123415610407 0
1652167597943 0.9761174116077385 0
1652167602848 0.9747831887925283 0
1652167607843 0.9834556370913943 0
1652167612739 0.9837224816544363 0
1652167617595 0.9895930620413609 0
1652167622606 0.9895930620413609 0
1652167627356 0.980386924616411 0
1652167632479 0.980520346897932 0
1652167637423 0.9842561707805203 0
1652167642544 0.9851901267511675 0
1652167647727 0.9906604402935291 0
1652167652828 0.9887925283522349 0
1652167658035 0.9825216811207471 0
1652167663195 0.9893262174783188 0
1652167667936 0.9869246164109406 0
1652167672968 0.9882588392261508 0
1652167678050 0.9847898599066044 0
1652167683031 0.989993328885924 0
1652167688046 0.9951967978652435 0
1652167692981 0.9865243495663776 0
1652167697884 0.9885256837891928 0
1652167703121 0.990393595730487 0
1652167708149 0.9855903935957305 0
1652167713014 0.981454302868579 0
1652167717896 0.990126751167445 0
1652167722897 0.9886591060707138 0
1652167728079 0.9893262174783188 0
1652167733086 0.9879919946631087 0
1652167738323 0.9913275517011341 0
1652167743295 0.9898599066044029 0
1652167748385 0.9925283522348232 0
1652167753572 0.9933288859239493 0
1652167758428 0.9890593729152769 0
1652167763593 0.9869246164109406 0
1652167768661 0.9914609739826551 0
1652167773873 0.9943962641761174 0
1652167778792 0.990126751167445 0
1652167784129 0.9839893262174784 0
1652167789157 0.9870580386924617 0
1652167794074 0.9895930620413609 0
1652167799290 0.9935957304869913 0
1652167804577 0.9921280853902602 0
1652167809768 0.9857238158772516 0
1652167814728 0.9895930620413609 0
1652167821988 0.916 0
1652167827227 0.9516 0
1652167832343 0.9674666666666667 0
1652167837715 0.9762666666666666 0
1652167842996 0.9741333333333333 0
1652167848217 0.9841333333333333 0
1652167853622 0.9837333333333333 0
1652167858773 0.9841333333333333 0
1652167863839 0.9782666666666666 0
1652167869051 0.9845333333333334 0
1652167874163 0.988 0
1652167879436 0.9932 0
1652167884686 0.9856 0
1652167889793 0.9872 0
1652167894900 0.9864 0
1652167900214 0.9892 0
1652167905142 0.9932 0
1652167910378 0.9942666666666666 0
1652167915763 0.9910666666666667 0
1652167920949 0.9942666666666666 0
1652167926066 0.9910666666666667 0
1652167931172 0.9897333333333334 0
1652167936571 0.9832 0
1652167941791 0.9810666666666666 0
1652167947065 0.9898666666666667 0
1652167952057 0.9922666666666666 0
1652167957193 0.9918666666666667 0
1652167962276 0.9905333333333334 0
1652167967259 0.9922666666666666 0
1652167972664 0.9946666666666667 0
1652167977726 0.9881333333333333 0
1652167983141 0.9956 0
1652167988180 0.9848 0
1652167993290 0.9828 0
1652167998337 0.9882666666666666 0
1652168003682 0.9953333333333333 0
1652168008603 0.9973333333333333 0
1652168013665 0.9950666666666667 0
1652168018862 0.9892 0
1652168024146 0.9849333333333333 0
1652168029430 0.9882666666666666 0
1652168034418 0.9850666666666666 0
1652168039503 0.9889333333333333 0
1652168044773 0.9904 0
1652168049636 0.992 0
1652168054583 0.9944 0
1652168059550 0.9949333333333333 0
1652168064248 0.9888 0
1652168069309 0.9877333333333334 0
1652168074282 0.9901333333333333 0
1652168081768 0.9000533760341607 0
1652168087110 0.9432879637042968 0
1652168091970 0.955964771817454 0
1652168097146 0.9717107018948492 0
1652168102454 0.978382706164932 0
1652168107795 0.9771817453963171 0
1652168113166 0.9847878302642114 0
1652168118607 0.9834534294101949 0
1652168123752 0.9905257539364826 0
1652168128977 0.9914598345342941 0
1652168134209 0.9905257539364826 0
1652168139603 0.9895916733386709 0
1652168144923 0.9899919935948759 0
1652168150089 0.992260475046704 0
1652168155356 0.9894582332532693 0
1652168160453 0.9827862289831866 0
1652168165415 0.9861222311182279 0
1652168170636 0.9917267147050974 0
1652168175733 0.989191353082466 0
1652168180942 0.9878569522284494 0
1652168186360 0.9925273552175073 0
1652168191511 0.9910595142780891 0
1652168196859 0.9903923138510808 0
1652168202074 0.9854550306912196 0
1652168207439 0.9913263944488925 0
1652168212651 0.9899919935948759 0
1652168217713 0.9886575927408594 0
1652168222583 0.9937283159861222 0
1652168227811 0.9939951961569256 0
1652168233000 0.992660795302909 0
1652168237937 0.9899919935948759 0
1652168243064 0.9849212703496131 0
1652168248167 0.9950627168401388 0
1652168253355 0.9915932746196957 0
1652168258597 0.9875900720576462 0
1652168263813 0.9901254336802775 0
1652168269129 0.9938617560715239 0
1652168274442 0.9937283159861222 0
1652168279515 0.9923939151321057 0
1652168284641 0.9915932746196957 0
1652168290046 0.9889244729116626 0
1652168295283 0.9837203095809981 0
1652168300560 0.9931945556445156 0
1652168305803 0.992260475046704 0
1652168311042 0.9929276754737123 0
1652168316400 0.9898585535094743 0
1652168321431 0.9938617560715239 0
1652168326854 0.9929276754737123 0
1652168331989 0.9937283159861222 0
1652168337194 0.9886575927408594 0
1652168345243 0.8360918312867058 0
1652168350452 0.8893486385477843 0
1652168355613 0.9176454885210892 0
1652168361003 0.9281900694073678 0
1652168366285 0.9504805125467165 0
1652168371593 0.9548852108916177 0
1652168377008 0.9687666844634276 0
1652168382188 0.9691671115856914 0
1652168387500 0.9759743726641751 0
1652168392857 0.9771756540309664 0
1652168398199 0.9809129738387613 0
1652168403573 0.9890549919914575 0
1652168409062 0.9761078483715964 0
1652168414537 0.9854511478910838 0
1652168419800 0.9891884676988788 0
1652168424975 0.990923651895355 0
1652168430278 0.9831820608649225 0
1652168435740 0.9879871863320876 0
1652168441103 0.9898558462359851 0
1652168446340 0.98505072076882 0
1652168451481 0.9863854778430325 0
1652168456772 0.98718633208756 0
1652168461836 0.9902562733582488 0
1652168467479 0.990923651895355 0
1652168472805 0.9911906033101976 0
1652168478436 0.9849172450613988 0
1652168484045 0.9915910304324613 0
1652168489813 0.9911906033101976 0
1652168495519 0.9865189535504538 0
1652168501347 0.9866524292578751 0
1652168507052 0.9873198077949813 0
1652168512328 0.9861185264281901 0
1652168517664 0.9902562733582488 0
1652168522986 0.994127068873465 0
1652168528313 0.9919914575547251 0
1652168533650 0.99466097170315 0
1652168538972 0.9921249332621462 0
1652168544274 0.9851841964762413 0
1652168549921 0.9846502936465563 0
1652168555354 0.987720234917245 0
1652168560544 0.9905232247730913 0
1652168565884 0.9911906033101976 0
1652168570957 0.9922584089695675 0
1652168576246 0.9921249332621462 0
1652168581429 0.9887880405766151 0
1652168586936 0.9915910304324613 0
1652168592417 0.9870528563801388 0
1652168597864 0.99038974906567 0
1652168603271 0.9945274959957288 0
1652168608654 0.99038974906567 0
1652168617241 0.8498398291510945 0
1652168622780 0.9045648691938067 0
1652168628241 0.9229845168179391 0
1652168633905 0.9455419113721303 0
1652168639424 0.9520822210357714 0
1652168644955 0.9599572877736252 0
1652168650558 0.9718366257341164 0
1652168656188 0.9707688200747464 0
1652168661565 0.9749065670048052 0
1652168666910 0.9793112653497064 0
1652168672320 0.9726374799786439 0
1652168678018 0.9846502936465563 0
1652168683559 0.9830485851575014 0
1652168689168 0.9905232247730913 0
1652168694659 0.9905232247730913 0
1652168700169 0.99145755472504 0
1652168705501 0.9919914575547251 0
1652168711055 0.9765082754938601 0
1652168716718 0.98718633208756 0
1652168722515 0.9879871863320876 0
1652168728113 0.9923918846769888 0
1652168733738 0.99145755472504 0
1652168739147 0.9921249332621462 0
1652168744602 0.9901227976508276 0
1652168750255 0.9879871863320876 0
1652168755760 0.9869193806727176 0
1652168761322 0.9803790710090764 0
1652168766744 0.9830485851575014 0
1652168772012 0.9889215162840364 0
1652168777339 0.9922584089695675 0
1652168782897 0.9942605445808863 0
1652168788294 0.9927923117992525 0
1652168793733 0.9890549919914575 0
1652168798958 0.9786438868126001 0
1652168804462 0.9838494394020288 0
1652168809969 0.9931927389215163 0
1652168815257 0.9945274959957288 0
1652168820685 0.9949279231179925 0
1652168826132 0.9886545648691938 0
1652168831496 0.9831820608649225 0
1652168836830 0.9895888948211425 0
1652168842403 0.9917245061398825 0
1652168847822 0.994127068873465 0
1652168853331 0.9934596903363588 0
1652168858721 0.9905232247730913 0
1652168864145 0.9814468766684463 0
1652168869548 0.9861185264281901 0
1652168874904 0.99359316604378 0
1652168880283 0.9953283502402562 0
1652168885861 0.9945274959957288 0
1652168894415 0.8758335556148307 0
1652168899709 0.9143771672445986 0
1652168905281 0.9365164043744999 0
1652168910708 0.9539877300613497 0
1652168916210 0.9622566017604695 0
1652168921862 0.9671912510002667 0
1652168927364 0.9739930648172846 0
1652168932948 0.9779941317684716 0
1652168938859 0.9765270738863697 0
1652168944531 0.9831955188050147 0
1652168950008 0.9909309149106429 0
1652168955758 0.9882635369431848 0
1652168961386 0.9849293144838623 0
1652168967054 0.9854627900773539 0
1652168972498 0.9858628967724726 0
1652168977805 0.9858628967724726 0
1652168983388 0.9806615097359296 0
1652168988947 0.9885302747399306 0
1652168994582 0.9886636436383035 0
1652169000369 0.9955988263536943 0
1652169005696 0.9930648172846093 0
1652169011187 0.9878634302480661 0
1652169016719 0.9914643905041345 0
1652169022422 0.9891971192317951 0
1652169027909 0.9826620432115231 0
1652169033514 0.9889303814350493 0
1652169039209 0.9913310216057616 0
1652169044944 0.9875966924513203 0
1652169050354 0.9910642838090158 0
1652169055945 0.9945318751667112 0
1652169061564 0.9931981861829822 0
1652169067231 0.9862630034675913 0
1652169072825 0.9886636436383035 0
1652169078226 0.9870632168578287 0
1652169083800 0.9883969058415577 0
1652169089348 0.9909309149106429 0
1652169094905 0.9910642838090158 0
1652169100553 0.9878634302480661 0
1652169106029 0.993464923979728 0
1652169111485 0.992131234995999 0
1652169117200 0.9858628967724726 0
1652169122653 0.9926647105894906 0
1652169128169 0.993464923979728 0
1652169133833 0.9903974393171513 0
1652169139512 0.9859962656708455 0
1652169145086 0.9927980794878635 0
1652169150805 0.9927980794878635 0
1652169156371 0.9926647105894906 0
1652169161975 0.9895972259269138 0
1652169167650 0.9910642838090158 0
1652169176839 0.8935290193462309 0
1652169182207 0.9366244162775184 0
1652169187737 0.9574382921947965 0
1652169193323 0.9674449633088725 0
1652169198878 0.9730486991327552 0
1652169204719 0.9791861240827218 0
1652169210290 0.9885256837891928 0
1652169215799 0.98025350233489 0
1652169221562 0.9794529686457638 0
1652169226947 0.9883922615076718 0
1652169232520 0.990927284856571 0
1652169238138 0.9897264843228819 0
1652169243810 0.9885256837891928 0
1652169249542 0.9907938625750501 0
1652169254999 0.9886591060707138 0
1652169260705 0.9890593729152769 0
1652169266180 0.9894596397598399 0
1652169271976 0.9890593729152769 0
1652169277676 0.9889259506337559 0
1652169283434 0.9886591060707138 0
1652169288991 0.9895930620413609 0
1652169294601 0.9891927951967978 0
1652169300244 0.9898599066044029 0
1652169305875 0.9907938625750501 0
1652169311583 0.9917278185456971 0
1652169317240 0.9931954636424283 0
1652169322904 0.9943962641761174 0
1652169328627 0.9919946631087392 0
1652169334228 0.9895930620413609 0
1652169339889 0.9919946631087392 0
1652169345540 0.9891927951967978 0
1652169351105 0.9922615076717812 0
1652169356686 0.9921280853902602 0
1652169362362 0.9933288859239493 0
1652169368094 0.9855903935957305 0
1652169373747 0.991060707138092 0
1652169379457 0.9897264843228819 0
1652169384990 0.9875917278185457 0
1652169390589 0.9877251501000667 0
1652169396321 0.9933288859239493 0
1652169401930 0.9870580386924617 0
1652169407430 0.9898599066044029 0
1652169413134 0.9941294196130754 0
1652169418689 0.9941294196130754 0
1652169424566 0.9906604402935291 0
1652169430324 0.9871914609739827 0
1652169436074 0.9907938625750501 0
1652169441752 0.9963975983989326 0
1652169447411 0.9926617745163442 0
1652169453190 0.989993328885924 0
1652169462807 0.8890816871329418 0
1652169468668 0.9343299519487454 0
1652169474441 0.9534169781099839 0
1652169480241 0.9604911906033102 0
1652169486044 0.9701014415376401 0
1652169491852 0.9733048585157501 0
1652169497693 0.9786438868126001 0
1652169503549 0.9806460224239189 0
1652169509159 0.9763747997864388 0
1652169514932 0.984516817939135 0
1652169520683 0.9859850507207688 0
1652169526462 0.9887880405766151 0
1652169532266 0.9934596903363588 0
1652169538013 0.9895888948211425 0
1652169543832 0.9859850507207688 0
1652169549813 0.9874532835024026 0
1652169555566 0.9918579818473038 0
1652169561395 0.9897223705285638 0
1652169567061 0.9939935931660437 0
1652169572693 0.9902562733582488 0
1652169578414 0.98825413774693 0
1652169584216 0.9862520021356114 0
1652169589996 0.9870528563801388 0
1652169595749 0.9906567004805126 0
1652169601499 0.9921249332621462 0
1652169607477 0.99038974906567 0
1652169613085 0.9915910304324613 0
1652169618759 0.9886545648691938 0
1652169624497 0.9893219434063001 0
1652169630164 0.98825413774693 0
1652169635743 0.9933262146289376 0
1652169641611 0.9970635344367326 0
1652169647295 0.9901227976508276 0
1652169653382 0.99038974906567 0
1652169659197 0.9897223705285638 0
1652169664888 0.9887880405766151 0
1652169670510 0.993059263214095 0
1652169676287 0.993059263214095 0
1652169682075 0.9913240790176188 0
1652169687564 0.9866524292578751 0
1652169693420 0.99038974906567 0
1652169699135 0.9927923117992525 0
1652169704975 0.9945274959957288 0
1652169710355 0.99359316604378 0
1652169716196 0.9833155365723438 0
1652169722109 0.9885210891617725 0
1652169727693 0.9894554191137213 0
1652169733768 0.9902562733582488 0
1652169739544 0.9867859049652963 0
1652169745184 0.9953283502402562 0
1652169755048 0.9027740730861563 0
1652169760939 0.9315817551347025 0
1652169766614 0.9554547879434516 0
1652169772526 0.9625233395572153 0
1652169778644 0.9721259002400641 0
1652169784586 0.9721259002400641 0
1652169790355 0.9738596959189117 0
1652169796146 0.9793278207522006 0
1652169801967 0.9858628967724726 0
1652169807835 0.984129101093625 0
1652169813615 0.9838623632968791 0
1652169819426 0.9886636436383035 0
1652169825190 0.9867964790610829 0
1652169831174 0.9886636436383035 0
1652169837125 0.9918644971992532 0
1652169843104 0.9877300613496932 0
1652169848906 0.9938650306748467 0
1652169854815 0.9927980794878635 0
1652169860734 0.9913310216057616 0
1652169866684 0.9887970125366764 0
1652169872478 0.982795412109896 0
1652169878259 0.9857295278740997 0
1652169884212 0.9915977594025074 0
1652169890233 0.9822619365164044 0
1652169895986 0.99079754601227 0
1652169901746 0.9898639637236596 0
1652169907550 0.9878634302480661 0
1652169913263 0.992131234995999 0
1652169919327 0.9961323019471859 0
1652169925319 0.9919978660976261 0
1652169931363 0.9909309149106429 0
1652169937093 0.9895972259269138 0
1652169942982 0.9914643905041345 0
1652169948810 0.9849293144838623 0
1652169954811 0.9857295278740997 0
1652169960674 0.9897305948252867 0
1652169966452 0.9895972259269138 0
1652169971999 0.9922646038943719 0
1652169977779 0.9950653507602027 0
1652169983722 0.9943985062683383 0
1652169989530 0.995998933048813 0
1652169995290 0.9885302747399306 0
1652170000876 0.9911976527073887 0
1652170006747 0.9871965857562016 0
1652170012633 0.9887970125366764 0
1652170018649 0.9859962656708455 0
1652170024472 0.9882635369431848 0
1652170030207 0.9949319818618299 0
1652170036251 0.9937316617764738 0
1652170041722 0.9913310216057616 0
1652170051972 0.9380176329147742 0
1652170057678 0.9656692492652952 0
1652170063718 0.9771573604060914 0
1652170069845 0.9846379909163773 0
1652170075869 0.9873096446700508 0
1652170081648 0.985973817793214 0
1652170087501 0.9887790542345712 0
1652170093533 0.9933208656158162 0
1652170099353 0.9918514560512958 0
1652170105224 0.9903820464867753 0
1652170111262 0.9902484637990916 0
1652170117423 0.9877103927331018 0
1652170123215 0.9922522041143468 0
1652170129173 0.9915842906759283 0
1652170134980 0.9915842906759283 0
1652170140927 0.9938551963665508 0
1652170146652 0.995858936681806 0
1652170151914 0.9907827945498263 0
1652170157714 0.9902484637990916 0
1652170163612 0.9907827945498263 0
1652170169693 0.9926529521773978 0
1652170175723 0.9931872829281325 0
1652170181895 0.9931872829281325 0
1652170188072 0.9935880309911835 0
1652170194213 0.9871760619823671 0
1652170200281 0.9861074004808976 0
1652170206230 0.9899812984237243 0
1652170212237 0.995057440555704 0
1652170218221 0.9898477157360406 0
1652170224364 0.9953246059310713 0
1652170230385 0.9941223617419183 0
1652170236429 0.9939887790542346 0
1652170242586 0.9911835426128773 0
1652170248699 0.9930537002404488 0
1652170254691 0.994656692492653 0
1652170260884 0.9934544483034998 0
1652170266722 0.9910499599251937 0
1652170272574 0.9921186214266631 0
1652170278228 0.9935880309911835 0
1652170284222 0.9935880309911835 0
1652170290222 0.9939887790542346 0
1652170296393 0.9907827945498263 0
1652170302152 0.9949238578680203 0
1652170307996 0.9941223617419183 0
1652170313892 0.9918514560512958 0
1652170319749 0.990515629174459 0
1652170325853 0.9918514560512958 0
1652170331869 0.9941223617419183 0
1652170337721 0.9957253539941223 0
1652170343772 0.9933208656158162 0
1652170354647 0.8544751233826864 0
1652170360668 0.9006269174336401 0
1652170366721 0.9286381219154328 0
1652170372745 0.9450446845404828 0
1652170378960 0.9562491663331999 0
1652170385029 0.961984793917567 0
1652170391212 0.9642523676137121 0
1652170397091 0.9749233026543951 0
1652170403223 0.9846605308790183 0
1652170409429 0.985594237695078 0
1652170415436 0.9890622915833 0
1652170421305 0.9875950380152061 0
1652170427282 0.9889289048952915 0
1652170433278 0.9865279445111378 0
1652170439177 0.9865279445111378 0
1652170445101 0.9837268240629585 0
1652170451218 0.985594237695078 0
1652170457376 0.9861277844471121 0
1652170463153 0.9898626117113513 0
1652170469210 0.9829265039349073 0
1652170475117 0.992530345471522 0
1652170481278 0.9930638922235561 0
1652170487610 0.989329064959317 0
1652170493918 0.9929305055355475 0
1652170500220 0.9895958383353342 0
1652170506393 0.9842603708149926 0
1652170512420 0.987328264639189 0
1652170518436 0.992530345471522 0
1652170524526 0.9898626117113513 0
1652170530683 0.9878618113912232 0
1652170536692 0.989329064959317 0
1652170542812 0.992530345471522 0
1652170548853 0.9926637321595305 0
1652170554622 0.9870614912631719 0
1652170560698 0.989329064959317 0
1652170566761 0.9899959983993597 0
1652170572766 0.9914632519674537 0
1652170579277 0.9922635720955049 0
1652170585414 0.989329064959317 0
1652170591540 0.9921301854074963 0
1652170597734 0.9922635720955049 0
1652170603807 0.9922635720955049 0
1652170609853 0.9918634120314792 0
1652170615852 0.990796318527411 0
1652170622074 0.989329064959317 0
1652170628294 0.9899959983993597 0
1652170634513 0.996265172735761 0
1652170640654 0.9934640522875817 0
1652170646808 0.9909297052154195 0
1652170652865 0.9917300253434708 0
