1652786430365 2.2633629917144775 0
1652786434990 2.0885794509887696 0
1652786439748 1.9266193883895875 0
1652786444331 1.7646868570327758 0
1652786449010 1.6176077072143555 0
1652786455054 2.132804691314697 0
1652786460550 1.8046347507476808 0
1652786466161 1.5538733795166015 0
1652786471724 1.3339738567352295 0
1652786477610 1.166083803653717 0
1652786483857 2.1309733531951904 0
1652786489565 1.796298385810852 0
1652786495011 1.5938601852416991 0
1652786500720 1.444041975402832 0
1652786506492 1.3009776857376099 0
1652786513205 2.0002961393356324 0
1652786519144 1.5390056173324584 0
1652786524794 1.2805801015853882 0
1652786530491 1.1046308220863341 0
1652786536056 0.9576949571609497 0
1652786543062 1.9258895610809326 0
1652786548701 1.5454950904846192 0
1652786554369 1.3583091220855712 0
1652786560359 1.243721482849121 0
1652786566193 1.1261912183761598 0
