1651926606256 0.6636 0
1651926610832 0.8296 0
1651926615447 0.8836 0
1651926620063 0.9108 0
1651926624641 0.9408 0
1651926639903 0.737829209896249 0
1651926654801 0.8657222665602554 0
1651926669599 0.9173982442138867 0
1651926684050 0.9361532322426177 0
1651926698327 0.9555067837190743 0
1651926717842 0.7681564245810056 0
1651926736820 0.8808858739026337 0
1651926755799 0.9175977653631285 0
1651926774694 0.9341580207501995 0
1651926793819 0.9529130087789306 0
1651926817816 0.8537509976057462 0
1651926841069 0.9499201915403033 0
1651926864301 0.9674780526735834 0
1651926887763 0.9798483639265763 0
1651926910869 0.9826416600159616 0
1651926939428 0.7667597765363129 0
1651926967230 0.8770949720670391 0
1651926995125 0.909217877094972 0
1651927023335 0.9273743016759777 0
1651927051305 0.9519154030327215 0
