1653256974472 2.26742969455719 0
1653256989924 2.071230976486206 0
1653257005453 1.9629897918701171 0
1653257020889 1.8519876579284669 0
1653257036215 1.7880548502922058 0
1653257052050 1.700862437915802 0
1653257067527 1.6121572360038758 0
1653257082754 1.5232799171924591 0
1653257097811 1.4495285871982575 0
1653257112727 1.3378326617717744 0
1653257127578 1.8978291893959045 0
1653257137381 1.6151292889595033 0
1653257147211 1.4949082496166228 0
1653257156993 1.3669990788459778 0
1653257166869 1.2468111111402511 0
1653257176906 1.16401095161438 0
1653257186881 1.0464227194070816 0
1653257196863 0.9427506569623947 0
1653257206889 0.8356697023630142 0
1653257216933 0.7706721665501595 0
1653257236563 1.9799755834579469 0
1653257246612 1.6859099301338196 0
1653257256680 1.5680104970932007 0
1653257266703 1.4479058260440827 0
1653257276745 1.3525846558570862 0
1653257286848 1.2526752140522004 0
1653257297276 1.1363925418138503 0
1653257307508 1.0467682158112526 0
1653257317794 0.9407331829786301 0
1653257327666 0.8206739804506302 0
1653257351927 1.8286840317726136 0
1653257362015 1.5473939167022706 0
1653257371940 1.4272706343650818 0
1653257382027 1.324958842086792 0
1653257392119 1.1964609829902648 0
1653257402165 1.1306546080589295 0
1653257412260 1.0178276880264283 0
1653257422228 0.9153815651059151 0
1653257432119 0.8155402432084083 0
1653257442303 0.7161804258227348 0
1653257471951 1.9509462703704834 0
1653257482324 1.7435431127548218 0
1653257492627 1.629122585296631 0
1653257502826 1.5396222744941712 0
1653257513055 1.4445973262786864 0
1653257523200 1.342354621744156 0
1653257533464 1.2634028854846955 0
1653257543799 1.1324823706626892 0
1653257554008 1.0411063484430314 0
1653257564178 0.9161603158831596 0
