1645566893418 1.09829882106781 0
1645566896303 0.7406088758945465 0
1645566899211 0.6926888085365296 0
1645566902109 0.576773356127739 0
1645566904997 0.4990601867198944 0
1645566907821 0.4100798646450043 0
1645566910696 0.39044232378005983 0
1645566913616 0.32898266413211824 0
1645566916538 0.28005876342058184 0
1645566919491 0.2315409027814865 0
1645566922336 0.22630702956914903 0
1645566925244 0.20873120450600982 0
1645566928142 0.15673346294164658 0
1645566931093 0.19094642026424408 0
1645566934018 0.12231751824021339 0
1645566936924 0.1149152201756835 0
1645566939774 0.12037421810626983 0
1645566942679 0.07246061672791838 0
1645566945588 0.05682727323137224 0
1645566948538 0.09734307524710893 0
1645566953475 0.6326732246875763 0
1645566958209 0.44515171999931336 0
1645566962914 0.38452407225966456 0
1645566967432 0.32449942282438277 0
1645566972149 0.28482590879499914 0
1645566976886 0.2594599557548761 0
1645566981658 0.21031433789134027 0
1645566986466 0.16215741058960556 0
1645566991129 0.1305585595842451 0
1645566995752 0.15082631770819427 0
1645567000372 0.1287508481375873 0
1645567005096 0.08500986721441149 0
1645567009829 0.11010489698462188 0
1645567014557 0.06337744290605188 0
1645567019091 0.08264833170901983 0
1645567023886 0.06983113721264526 0
1645567028984 0.07444111901735886 0
1645567033440 0.07449823870602995 0
1645567037959 0.05736986734168604 0
1645567042439 0.04806457840222866 0
1645567049827 0.3047628786335389 0
1645567056480 0.20871046569248042 0
1645567063137 0.1715822475542625 0
1645567069649 0.1344253433396419 0
1645567076279 0.10514208471973738 0
1645567083007 0.0950887765524288 0
1645567089605 0.0921474437892437 0
1645567096296 0.0699896766303728 0
1645567103106 0.058180778017515936 0
1645567109542 0.06261189764762919 0
1645567116082 0.07534240759415552 0
1645567122851 0.060358246265755346 0
1645567129396 0.03880691760977109 0
1645567136083 0.061417824255504336 0
1645567142594 0.05777264401262316 0
1645567149241 0.036112614102917724 0
1645567155882 0.047417453810727844 0
1645567162475 0.04758295150174138 0
1645567168995 0.04834516760932359 0
1645567175609 0.06001555371598806 0
1645567185068 0.32846193695496767 0
1645567193925 0.24875076694721357 0
1645567202513 0.1959865159548819 0
1645567211254 0.16234401247864588 0
1645567220012 0.14068038066392766 0
1645567228620 0.10985782249076292 0
1645567237242 0.08747222963920795 0
1645567246054 0.09079832934192382 0
1645567254541 0.0733760078042862 0
1645567263301 0.05005214601602638 0
1645567272087 0.04825057941210689 0
1645567280558 0.08676805545837851 0
1645567289182 0.0408120048519806 0
1645567298026 0.052164080541074506 0
1645567306706 0.04352499726406822 0
1645567315494 0.055993011779984225 0
1645567324454 0.04905951287978678 0
1645567333233 0.042058719652879516 0
1645567341979 0.03868746041090635 0
1645567350544 0.033379410499188814 0
1645567362823 0.25689316873980456 0
1645567373424 0.18185768767083063 0
1645567384449 0.1516048920068401 0
1645567395157 0.11872614583425224 0
1645567405780 0.10716434355912759 0
1645567416418 0.09156201559534297 0
1645567427127 0.07284536678189411 0
1645567437995 0.06871067941027693 0
1645567449109 0.06253014547629282 0
1645567459839 0.06422332831269596 0
1645567470697 0.05297343482526543 0
1645567481398 0.04852163247123361 0
1645567492436 0.054235781714664776 0
1645567503648 0.05012180112496368 0
1645567514669 0.03747174413143657 0
1645567525539 0.0573107945732004 0
1645567536391 0.03903557793543441 0
1645567547322 0.03301374135593418 0
1645567558106 0.036135583521495866 0
1645567568801 0.04905079346847254 0
1645567583326 0.20552871038020143 0
1645567596699 0.14170404225773334 0
1645567609935 0.11555601806576984 0
1645567623102 0.10559860840324545 0
1645567636800 0.0805027377044782 0
1645567650255 0.07921779622476703 0
1645567663282 0.0598082264685072 0
1645567677227 0.06072177836836684 0
1645567690515 0.05990689698266797 0
1645567703738 0.04527386129825803 0
1645567717477 0.053122526379065435 0
1645567730589 0.05027099714226594 0
1645567744087 0.04360153121717231 0
1645567757729 0.041151703749210115 0
1645567771000 0.04006041661559429 0
1645567783696 0.038319979002545974 0
1645567797030 0.04364858131936053 0
1645567810220 0.03885352532684871 0
1645567823428 0.03049454240737808 0
1645567837131 0.039341762591099054 0
1645567855296 0.20601995884874072 0
1645567871388 0.17178389094288327 0
1645567887468 0.1340038346615354 0
1645567903215 0.11272296993745425 0
1645567918995 0.12110033165256578 0
1645567934827 0.08825467831921498 0
1645567951042 0.07959343519580767 0
1645567966872 0.070100933001696 0
1645567982287 0.06550032963456552 0
1645567998660 0.05408324102564969 0
1645568014450 0.04953634483589912 0
1645568030415 0.05537771546459283 0
1645568047224 0.04856965778013026 0
1645568063311 0.040799333051073645 0
1645568079081 0.03955296749149794 0
1645568095325 0.05553805851650707 0
1645568111109 0.033780745195306786 0
1645568127003 0.04301619461907207 0
1645568143249 0.04950840060514498 0
1645568159009 0.03421968673783444 0
1645568181246 0.19451642128915264 0
1645568199138 0.1595368871640254 0
1645568216731 0.13002637808400905 0
1645568235688 0.12366298674556638 0
1645568254636 0.09849314131463943 0
1645568273662 0.08512813388715731 0
1645568292229 0.08268479018968719 0
1645568311004 0.07111723114141787 0
1645568330034 0.061774942137465226 0
1645568348208 0.06318322126207204 0
1645568366174 0.05325075809283748 0
1645568384039 0.05306411306194513 0
1645568402817 0.04746872385651659 0
1645568421130 0.04946164663212548 0
1645568439426 0.03958250172226908 0
1645568459339 0.050553943482447725 0
1645568477591 0.03552176516120771 0
1645568495582 0.044742790286770105 0
1645568513721 0.0443674851667849 0
1645568532260 0.03932848695002649 0
1645568556462 0.1373534104085414 0
1645568577557 0.09434467940978841 0
1645568598221 0.08879354452377528 0
1645568618882 0.07268824209840305 0
1645568640051 0.073962077620544 0
1645568661333 0.0664850602152067 0
1645568682731 0.054230485485308684 0
1645568704044 0.050652962650810755 0
1645568724786 0.05855512984031395 0
1645568746466 0.04502104254294649 0
1645568767036 0.04753807919856529 0
1645568787543 0.04550715229098965 0
1645568809121 0.042374954282610046 0
1645568830143 0.043236365582486586 0
1645568851368 0.03732573114502495 0
1645568872813 0.03867732589933027 0
1645568894133 0.04334423435219368 0
1645568915541 0.03903000326430671 0
1645568937422 0.02989008760277223 0
1645568958738 0.04095122051502428 0
1645568985395 0.11085201383722539 0
1645569008636 0.07944781943612732 0
1645569031335 0.0690905424794479 0
1645569056350 0.07427478574647656 0
1645569079795 0.05395416544690324 0
1645569103791 0.05231573957515997 0
1645569126853 0.04813382130927282 0
1645569150318 0.051615129378876155 0
1645569174501 0.03967492693841865 0
1645569197877 0.05011926537518957 0
1645569221887 0.0430803962949565 0
1645569246718 0.04494267502791736 0
1645569270469 0.0429598379225469 0
1645569295149 0.040045127895007464 0
1645569319407 0.039378866818099434 0
1645569342791 0.04533416947919233 0
1645569367103 0.03974366211572671 0
1645569390946 0.03340436221501288 0
1645569415742 0.04161767197862213 0
1645569440998 0.03404178239302288 0
1645569471275 0.16624401003399306 0
1645569497119 0.14037809417213032 0
1645569523626 0.12590207863157712 0
1645569550815 0.10829242881157625 0
1645569578532 0.1004869191793406 0
1645569606153 0.0896063525954873 0
1645569632841 0.07795567795962105 0
1645569659298 0.06955755210321275 0
1645569685739 0.05920237897025714 0
1645569712410 0.05424719154751319 0
1645569739345 0.055836949352700456 0
1645569766207 0.04929368812563434 0
1645569793755 0.0479379134536802 0
1645569820011 0.04639364910204898 0
1645569847097 0.042971448303628854 0
1645569874006 0.04710122026336235 0
1645569900910 0.042608860152929494 0
1645569927686 0.046106938880592856 0
1645569955659 0.044167010972059856 0
1645569982580 0.04046412392444608 0
1645570016111 0.12120636461451868 0
1645570045624 0.08004213472104033 0
1645570075972 0.07309909723662927 0
1645570104561 0.07121841963233354 0
1645570134883 0.05982189071740243 0
1645570165044 0.06554830207363242 0
1645570194843 0.05492252498703062 0
1645570223606 0.05206772425985461 0
1645570253120 0.049636317748013394 0
1645570282441 0.05279571251380297 0
1645570312550 0.042057490436075984 0
1645570341558 0.042823192564841864 0
1645570371573 0.04717684269534406 0
1645570400421 0.04475410026940366 0
1645570429973 0.04309432012870117 0
1645570462331 0.04022118073783042 0
1645570492590 0.04083996842657186 0
1645570522798 0.04786682400475362 0
1645570552329 0.04042281417218131 0
1645570581245 0.046386261210280735 0
1645570619816 0.1101029451337701 0
1645570651866 0.09556926942030393 0
1645570685431 0.0758164510248625 0
1645570718409 0.07200552722577645 0
1645570753510 0.07057522073648599 0
1645570785435 0.0622230714913163 0
1645570819536 0.059793510704672204 0
1645570853121 0.05666049199598003 0
1645570886702 0.04995354204410513 0
1645570919990 0.05330552775635287 0
1645570955756 0.05098468960597713 0
1645570988256 0.04651950540315889 0
1645571020085 0.041297036200045954 0
1645571052537 0.05076761994934988 0
1645571084083 0.043150520955116844 0
1645571115987 0.04783017502235905 0
1645571148473 0.037740969845411185 0
1645571180279 0.04324901952939925 0
1645571213585 0.04383381020868169 0
1645571247042 0.04279376263772112 0
1645571286707 0.1209460486048191 0
1645571321175 0.08751207801453098 0
1645571355815 0.08588302027208813 0
1645571390601 0.07761517503893074 0
1645571426770 0.06597973917714223 0
1645571463677 0.06197291316575247 0
1645571499923 0.06056180887487332 0
1645571535492 0.05462517821129693 0
1645571572297 0.051494040782950244 0
1645571607906 0.05424936467873969 0
1645571644326 0.049926803049277706 0
1645571681398 0.045648817502013626 0
1645571718552 0.04816475702541561 0
1645571755159 0.041814393206861755 0
1645571790466 0.05074363029334163 0
1645571826762 0.038836154333824764 0
1645571862369 0.04280380472354921 0
1645571898169 0.044656298569086865 0
1645571934415 0.04217567742212959 0
1645571970126 0.04421665729561114 0
1645572013587 0.1042979867205686 0
1645572054836 0.0748244433302766 0
1645572094449 0.07320086438088778 0
1645572133079 0.06538034721176367 0
1645572170998 0.06639880326492179 0
1645572208779 0.06312256012906871 0
1645572246429 0.05424452639569459 0
1645572285856 0.05678232792804083 0
1645572324718 0.046674140371874104 0
1645572362849 0.05024685399967573 0
1645572399282 0.052051958516133916 0
1645572437149 0.04445840220917543 0
1645572474985 0.04922193640344645 0
1645572513346 0.04822759541072055 0
1645572553772 0.04378179463587581 0
1645572592082 0.0474075078369667 0
1645572630905 0.04283606640106363 0
1645572669457 0.046326467373655957 0
1645572707652 0.040216246822051736 0
1645572747403 0.045731780275186394 0
1645572796154 0.1038049207021445 0
1645572838828 0.08446481584367489 0
1645572881528 0.07573200108858234 0
1645572923498 0.06572460254140385 0
1645572965250 0.07083712665459052 0
1645573007397 0.06142596613547718 0
1645573050609 0.054534584146071347 0
1645573093917 0.05133266669486352 0
1645573137130 0.05335928892514107 0
1645573180515 0.04855227912630666 0
1645573223857 0.05257292877094274 0
1645573265324 0.05218836880985385 0
1645573309808 0.050848851264421076 0
1645573353118 0.04329348536349039 0
1645573396246 0.04565679711243052 0
1645573439094 0.04131935547855977 0
1645573480388 0.04565639678553544 0
1645573524239 0.048651443753078574 0
1645573567191 0.044830947188290796 0
1645573610260 0.04512306809811862 0
1645573663690 0.10560908336089962 0
1645573711369 0.08219622668223518 0
1645573756449 0.08156265500699562 0
1645573804193 0.07132838673005341 0
1645573850464 0.07056715002022552 0
1645573895932 0.06324719723668402 0
1645573939682 0.06811303785994317 0
1645573984802 0.06029963202407776 0
1645574031875 0.05533568422443055 0
1645574076339 0.05646279937710957 0
1645574121459 0.0519363704492719 0
1645574169563 0.05056176965058352 0
1645574217931 0.05091520407797787 0
1645574266179 0.049206649826821845 0
1645574312903 0.05162242338988491 0
1645574360437 0.047125964269712765 0
1645574405826 0.050122086743933016 0
1645574452049 0.04628594332166855 0
1645574498749 0.049892273336739526 0
1645574543363 0.04404073730860814 0
1645574599084 0.09218040418447786 0
1645574650443 0.07243942894444402 0
1645574703302 0.06635090941174496 0
1645574754922 0.06262894681006347 0
1645574805322 0.06360642273428906 0
1645574855917 0.05586040328733024 0
1645574906330 0.05587965933088137 0
1645574958315 0.05405632610920505 0
1645575010117 0.050850216264303014 0
1645575058675 0.052021730624480095 0
1645575109476 0.050958162581136814 0
1645575160596 0.04672159095903689 0
1645575214392 0.049040555812986796 0
1645575265504 0.052300160394716 0
1645575318310 0.04962451678210972 0
1645575369025 0.048218345175464666 0
1645575419712 0.04261687866545055 0
1645575470030 0.048949897461568054 0
1645575520497 0.04424294990888254 0
1645575568523 0.04824784666658873 0
1645575628225 0.09721253524484592 0
1645575682614 0.08348276910518547 0
1645575738533 0.07902244939811412 0
1645575794059 0.0683187963131065 0
1645575848564 0.06553850046194927 0
1645575902726 0.0644586436656816 0
1645575955344 0.05565306880279422 0
1645576009543 0.06074514361637602 0
1645576062306 0.05470061534526335 0
1645576117377 0.054071008911897256 0
1645576172111 0.05459622072328847 0
1645576223403 0.05454361288561453 0
1645576274214 0.0461614866298715 0
1645576326707 0.05310740553441062 0
1645576377768 0.050828956533007084 0
1645576428226 0.04595155696163524 0
1645576482346 0.04814272232910384 0
1645576536056 0.05185878591728548 0
1645576590688 0.04872303635002451 0
1645576642896 0.047778058815029174 0
1645576706719 0.10047139957147967 0
1645576761909 0.07961968811557674 0
1645576821844 0.07801026364181043 0
1645576880996 0.07218878832248037 0
1645576938109 0.0675967058893149 0
1645576997462 0.0633717527316039 0
1645577058173 0.06142220339669468 0
1645577113706 0.05877555107189188 0
1645577169415 0.05337005530674424 0
1645577226973 0.06003148725847832 0
1645577285604 0.05643736955219023 0
1645577343823 0.05340999943973226 0
1645577403541 0.04900508884033202 0
1645577461583 0.0539078075323892 0
1645577519709 0.052352237312053115 0
1645577577497 0.0473621691343349 0
1645577636876 0.04996009378730898 0
1645577693876 0.051039977740709945 0
1645577750215 0.04659156638740975 0
1645577807838 0.0541284048380638 0
