1653082854623 2.2556740774154664 0
1653082859659 2.063184133911133 0
1653082864690 1.943319290161133 0
1653082869786 1.8437225841522218 0
1653082874963 1.7459656349182129 0
1653082879978 1.685514023208618 0
1653082885093 1.619976175880432 0
1653082889977 1.571400484085083 0
1653082894964 1.4829498361587525 0
1653082900059 1.4123485569000245 0
1653082905069 1.3726055032730102 0
1653082910123 1.3254683762550354 0
1653082915137 1.251280654335022 0
1653082920360 1.1626612316131593 0
1653082925404 1.1459360067367554 0
1653082930404 1.0437464991748333 0
1653082935500 1.000766506576538 0
1653082940618 1.0108883427619935 0
1653082945475 0.893733770942688 0
1653082950505 0.8439053249359131 0
1653082955550 0.8092319541931152 0
1653082960465 0.7775305109024048 0
1653082965449 0.7160240601539611 0
1653082970361 0.6680582265853882 0
1653082975268 0.6540339002609253 0
1653082980369 0.62175364818573 0
1653082985219 0.6250327696800232 0
1653082990224 0.5363423819541931 0
1653082995060 0.47312483396530153 0
1653083000056 0.4884042641639709 0
1653083005059 0.4103444299697876 0
1653083010110 0.41089237298965453 0
1653083014983 0.3848806483268738 0
1653083020234 0.3842362589836121 0
1653083025198 0.3458670270442963 0
1653083030141 0.32553691401481627 0
1653083035216 0.34910191478729247 0
1653083040274 0.29029643396139143 0
1653083045448 0.3659915641069412 0
1653083050362 0.2844613267540932 0
1653083055524 0.2497006901681423 0
1653083060591 0.2529632287025452 0
1653083065670 0.24318183163404464 0
1653083070676 0.2606524463176727 0
1653083075589 0.22947932584285735 0
1653083080637 0.20835897821187974 0
1653083085608 0.2032717387676239 0
1653083090726 0.20453042602539062 0
1653083095827 0.20408070632219313 0
1653083100711 0.2020908133506775 0
1653083109360 1.8939748390197755 0
1653083117400 1.5228654998779296 0
1653083125624 1.3301352495193481 0
1653083133761 1.1759605525970458 0
1653083141855 1.0596136407852172 0
1653083149926 0.93385537378788 0
1653083157950 0.8203370148897171 0
1653083166181 0.7422897058486938 0
1653083174404 0.6305584287643433 0
1653083182355 0.6175788558959961 0
1653083190508 0.4938174152374268 0
1653083198473 0.4622731407642364 0
1653083206713 0.4359862541198731 0
1653083214799 0.36693231806755067 0
1653083222701 0.33688607115745545 0
1653083230873 0.3135497498512268 0
1653083238724 0.2665194065093994 0
1653083246882 0.24290211369991302 0
1653083255008 0.2516981866121292 0
1653083263104 0.24370017053484916 0
1653083271190 0.21517734372615815 0
1653083279043 0.2167945927143097 0
1653083287164 0.2030155532479286 0
1653083295182 0.15470918029546737 0
1653083303249 0.18010386396050454 0
1653083311269 0.15547554715052248 0
1653083319417 0.1586797377884388 0
1653083327441 0.1652455816447735 0
1653083335640 0.17594562200307845 0
1653083343731 0.17989072595834732 0
1653083351988 0.17616145397424698 0
1653083359982 0.14248689984679222 0
1653083368027 0.15772063900232314 0
1653083376217 0.11885032081082464 0
1653083384228 0.10917198552191257 0
1653083392249 0.13297393782138825 0
1653083400266 0.1350332000553608 0
1653083408402 0.13745972685217858 0
1653083416542 0.13641615197062493 0
1653083424502 0.11643539977371693 0
1653083432609 0.11621673523485661 0
1653083440763 0.11526275868415832 0
1653083449198 0.10716624364554882 0
1653083457122 0.11127071990221739 0
1653083465382 0.1393376823812723 0
1653083473595 0.11665032426863908 0
1653083481700 0.12585695114135742 0
1653083490014 0.10369628518614918 0
1653083497969 0.07897846808731555 0
1653083506087 0.09256348102539778 0
1653083515844 1.8862900564193725 0
1653083525236 1.488297600364685 0
1653083534396 1.3141354404449463 0
1653083543354 1.1545871974945068 0
1653083552231 1.0588292556762695 0
1653083561214 0.950589189529419 0
1653083569991 0.8308265071868897 0
1653083578993 0.7455939945220947 0
1653083588040 0.655435230922699 0
1653083596815 0.617152470588684 0
1653083605786 0.511229396212101 0
1653083614678 0.4850230550289154 0
1653083623659 0.434966312456131 0
1653083632542 0.4069915692090988 0
1653083641632 0.3489280291557312 0
1653083650541 0.3290802216053009 0
1653083659619 0.29520790399312974 0
1653083668803 0.27733738336563113 0
1653083677517 0.24379421509206295 0
1653083686410 0.22067011539936066 0
1653083695389 0.24175562632083894 0
1653083704711 0.2089412640094757 0
1653083713657 0.19843525195121764 0
1653083722589 0.17932407024800778 0
1653083731543 0.1879379599034786 0
1653083740552 0.174654639005661 0
1653083749469 0.17454211955070495 0
1653083758559 0.18878191808462144 0
1653083767387 0.15957477394342423 0
1653083776335 0.14369315065145494 0
1653083785212 0.11257425537854433 0
1653083794372 0.15863222235143185 0
1653083803249 0.1605987372279167 0
1653083812094 0.1524489608466625 0
1653083821018 0.12554655068516732 0
1653083829938 0.11845768684744835 0
1653083838579 0.15001095513999463 0
1653083847637 0.16323113139495254 0
1653083856585 0.13837604853250085 0
1653083865649 0.12390290107131004 0
1653083874639 0.12311100219786167 0
1653083883694 0.1173552192300558 0
1653083892777 0.14141445378512144 0
1653083901613 0.11899823815524578 0
1653083910496 0.11622164415121078 0
1653083919522 0.12764015573263168 0
1653083928493 0.09823129391074181 0
1653083937196 0.11618131597042083 0
1653083946247 0.11881325715184211 0
1653083954984 0.10200270859561861 0
1653083966693 1.6963346008300781 0
1653083977017 1.2980433708190917 0
1653083987595 1.1275051540374756 0
1653083997957 1.0037401201248168 0
1653084008037 0.8810690584182739 0
1653084018436 0.7717733304977417 0
1653084028723 0.7274232161045074 0
1653084038846 0.6291870565891265 0
1653084048853 0.5355372337341309 0
1653084059235 0.4688054934501648 0
1653084069417 0.43886693434715274 0
1653084080367 0.36380136297941207 0
1653084090670 0.32491624274253844 0
1653084101306 0.2912394849061966 0
1653084111576 0.26285237773656844 0
1653084122014 0.2466640542089939 0
1653084132217 0.2553712710142136 0
1653084142472 0.20999351224899293 0
1653084152548 0.1956086689352989 0
1653084162727 0.22371493693590164 0
1653084172887 0.16895268176496028 0
1653084183282 0.1655848595097661 0
1653084193769 0.16116514245271682 0
1653084204085 0.16627507044672965 0
1653084214713 0.15257791315317154 0
1653084225144 0.16154503955245017 0
1653084235615 0.15061489814519882 0
1653084245742 0.1746688628703356 0
1653084256056 0.15879015973210334 0
1653084266219 0.1380341290175915 0
1653084276667 0.132419946706295 0
1653084286996 0.1268920938462019 0
1653084297310 0.12408232838362455 0
1653084307740 0.11317194736003876 0
1653084317835 0.10286958065032958 0
1653084328084 0.11531753476560115 0
1653084338559 0.11877323852181434 0
1653084348888 0.12274498908817769 0
1653084358709 0.10331883890777827 0
1653084369023 0.09763298756629228 0
1653084379354 0.09032957326769829 0
1653084389726 0.1214746634632349 0
1653084399861 0.09464070688635111 0
1653084410272 0.11058465837724507 0
1653084420493 0.11150784083902836 0
1653084430705 0.10041860743314028 0
1653084441346 0.11907579554915428 0
1653084451818 0.10813934580981731 0
1653084461958 0.08507733160853385 0
1653084472412 0.09575227821320295 0
1653084486093 1.8926533840179443 0
1653084498243 1.5192901264190675 0
1653084510019 1.3782959922790528 0
1653084521949 1.234763117980957 0
1653084533832 1.142749573135376 0
1653084545697 1.0027654483795165 0
1653084557745 0.8956171161651612 0
1653084569386 0.8153851959228515 0
1653084581267 0.6973828022003173 0
1653084592957 0.6101864500999451 0
1653084604828 0.55955297164917 0
1653084616576 0.514913371515274 0
1653084628344 0.4448634340763092 0
1653084640406 0.4003794466495514 0
1653084652336 0.40110970773696897 0
1653084664270 0.3484477603435516 0
1653084676132 0.29710520820617675 0
1653084688052 0.29901524949073793 0
1653084700078 0.2604402210354805 0
1653084712060 0.26120798835754394 0
1653084724434 0.2578850067257881 0
1653084736509 0.22488482272624968 0
1653084748358 0.20512577140331267 0
1653084760128 0.19406278439164162 0
1653084772190 0.20253881962895393 0
1653084784285 0.17851303339004518 0
1653084796110 0.17653832751512527 0
1653084807979 0.16648908564448356 0
1653084819968 0.17133879871368407 0
1653084831563 0.15982828508615493 0
1653084843761 0.15294569998979568 0
1653084855906 0.14883132969737053 0
1653084867557 0.13789733517169953 0
1653084879244 0.15448396000862122 0
1653084891036 0.14716040852069856 0
1653084902982 0.15454801899194717 0
1653084914826 0.1322609253052622 0
1653084926674 0.12103439140170813 0
1653084938815 0.14478544611930846 0
1653084950693 0.12767725297808646 0
1653084962556 0.13940723738074304 0
1653084974852 0.13549662227630616 0
1653084986659 0.146784354698658 0
1653084998479 0.12790283736586572 0
1653085010374 0.11054519173800945 0
1653085022133 0.12130613121986389 0
1653085033813 0.11603941695690155 0
1653085045866 0.1268103617578745 0
1653085057717 0.10883297907114028 0
1653085069577 0.0891406741015613 0
