1654250745142 0.8969259685927363 0
1654250758799 0.9821136239616807 0
1654250772696 0.9821136239616807 0
1654250786357 0.9876917480143091 0
1654250800663 0.9882374340629357 0
1654250830521 0.9494497393502185 0
1654250845459 0.9772523827075983 0
1654250860383 0.9838871044178822 0
1654250875705 0.9852035174556368 0
1654250890830 0.9842030435469433 0
1654250937453 0.9570917131725808 0
1654250952810 0.9821522586079815 0
1654250968239 0.9835211119300832 0
1654250983437 0.9870485416447299 0
1654250998761 0.9852585026850584 0
1654251059631 0.9335404707988836 0
1654251074859 0.9725630628258466 0
1654251090211 0.9751435041339723 0
1654251105744 0.980725683290326 0
1654251120986 0.9804097108852493 0
1654251196166 0.9618706551506214 0
1654251211485 0.9814619759848325 0
1654251227212 0.9834632399410154 0
1654251242777 0.9854645038971982 0
1654251258470 0.984516536760059 0
