1652833379463 2.0017094098091124 0
1652833393149 1.648264397907257 0
1652833406997 1.4516883041381836 0
1652833420773 1.2989066178321838 0
1652833434508 1.1569311910390854 0
1652833449526 1.7557740054130555 0
1652833459405 1.3160279261112213 0
1652833468909 1.107938676404953 0
1652833478373 0.9608446994066239 0
1652833487926 0.8344383442997932 0
1652833507892 1.893006998348236 0
1652833517551 1.4924825953483583 0
1652833527316 1.302226998949051 0
1652833536911 1.1494689368247986 0
1652833546562 1.0389363532304763 0
1652833571408 1.7936754528045655 0
1652833580717 1.315831137418747 0
1652833590260 1.1112279037952424 0
1652833599775 0.9950956150889396 0
1652833609402 0.8674887812495231 0
1652833639648 1.9418555641174315 0
1652833649684 1.5149390196323396 0
1652833659179 1.3207826251029968 0
1652833668725 1.1671749533176423 0
1652833678385 1.0657911982297896 0
