1645611150399 1.4892249319076538 0
1645611155739 1.204809179496765 0
1645611161213 0.9614582220077514 0
1645611166623 0.7632729625701904 0
1645611171784 0.5964948627948761 0
1645611177096 0.4434912596940994 0
1645611182345 0.3288861541032791 0
1645611187725 0.2702604655265808 0
1645611193016 0.2183225137233734 0
1645611198079 0.18476134142279624 0
1645611203511 0.12755018784999847 0
1645611208649 0.10776880024075508 0
1645611213774 0.11442860480546951 0
1645611218871 0.09204978380203246 0
1645611224001 0.06542834496498108 0
1645611229228 0.07330576259940863 0
1645611234478 0.05604197843670845 0
1645611239733 0.09890659193843603 0
1645611244969 0.07280008060634136 0
1645611249738 0.059915838128328326 0
1645611256259 1.1802889484405517 0
1645611260065 0.8017291213989258 0
1645611264038 0.6317260863780976 0
1645611267961 0.485750142621994 0
1645611271917 0.36420135860443115 0
1645611275929 0.2857492961883545 0
1645611279761 0.19565209884643556 0
1645611283495 0.14139275646209717 0
1645611287535 0.11556061344146729 0
1645611291426 0.07828566014766693 0
1645611295483 0.060928088867664335 0
1645611299259 0.035306149053573606 0
1645611303153 0.03196044524610043 0
1645611306964 0.04046076251864433 0
1645611310825 0.024679117639362813 0
1645611314711 0.025464526362717153 0
1645611318775 0.017741863295435905 0
1645611322647 0.026618651738762857 0
1645611326404 0.02336024987399578 0
1645611330189 0.02703702231794596 0
1645611339230 1.1983362367630004 0
1645611343052 0.8673333930969238 0
1645611347020 0.7041854948043823 0
1645611350744 0.5712831284999847 0
1645611354512 0.4448397078514099 0
1645611358147 0.34247582981586455 0
1645611361910 0.24729056742191316 0
1645611365807 0.18848534998893737 0
1645611369775 0.12107122851610183 0
1645611373557 0.09446426932811737 0
1645611377522 0.0902642092525959 0
1645611381515 0.04599071381390095 0
1645611385463 0.035791587603092194 0
1645611389373 0.03205338542461395 0
1645611393094 0.03812706337273121 0
1645611397139 0.043803020599484446 0
1645611400953 0.026414128078520296 0
1645611404787 0.029475508612394334 0
1645611408629 0.03571200035214424 0
1645611412541 0.025346568354964256 0
