1652440000019 0.2502 0
1652440004926 0.4528 0
1652440009848 0.5378 0
1652440014664 0.5918 0
1652440019801 0.6688 0
1652440024773 0.689 0
1652440029791 0.7436 0
1652440034583 0.765 0
1652440039512 0.7886 0
1652440044692 0.8088 0
1652440057046 0.3594 0
1652440062766 0.5672 0
1652440068292 0.6246 0
1652440073986 0.6454 0
1652440079878 0.6736 0
1652440085534 0.683 0
1652440091239 0.697 0
1652440097014 0.6904 0
1652440102745 0.7108 0
1652440108510 0.731 0
1652440121513 0.343 0
1652440127873 0.4976 0
1652440134222 0.5712 0
1652440140638 0.5826 0
1652440146994 0.599 0
1652440153202 0.6134 0
1652440159458 0.6172 0
1652440165565 0.6294 0
1652440171786 0.6444 0
1652440177946 0.639 0
1652440191818 0.4134 0
1652440198726 0.5798 0
1652440205716 0.6138 0
1652440212433 0.622 0
1652440219579 0.628 0
1652440226393 0.6336 0
1652440233148 0.6506 0
1652440239904 0.6556 0
1652440246722 0.6544 0
1652440253801 0.6574 0
1652440268836 0.3688 0
1652440276348 0.4994 0
1652440283577 0.505 0
1652440291007 0.5396 0
1652440298455 0.5528 0
1652440305908 0.5494 0
1652440313316 0.5566 0
1652440320595 0.5636 0
1652440327956 0.5758 0
1652440335428 0.5768 0
