1652290645537 0.28562516824255385 0
1652290670009 0.13624391393264135 0
1652290695089 0.10397484177636604 0
1652290719630 0.08797755507833013 0
1652290744046 0.07039876488621036 0
1652290768641 0.06170455181819076 0
1652290793908 0.05481057318658568 0
1652290817216 0.044906692226510496 0
1652290841632 0.04342003572022077 0
1652290866125 0.04143276386091796 0
1652290890922 0.03782912385046948 0
1652290915486 0.03573969201749035 0
1652290939903 0.03515626025443974 0
1652290963757 0.03180018215417707 0
1652290988853 0.030041517224756537 0
1652291013654 0.028138049340364523 0
1652291038057 0.029098537383818377 0
1652291062471 0.0296367077427761 0
1652291086922 0.02528534876642516 0
1652291111607 0.024726796708541224 0
1652291136756 0.02356790265359256 0
1652291161838 0.023574184360040818 0
1652291186742 0.023227000584373794 0
1652291211614 0.0225013751487529 0
1652291235984 0.02127921074308591 0
1652291260225 0.021275214250706873 0
1652291283456 0.022041827560274396 0
1652291307739 0.022446506474893733 0
1652291332161 0.021869465051298418 0
1652291356451 0.02060298900564861 0
1652291387922 0.2296137983598388 0
1652291415190 0.09776696752656537 0
1652291442975 0.06879158496991374 0
1652291470730 0.053928778195065946 0
1652291498640 0.04718180890689389 0
1652291526478 0.04192167250374332 0
1652291554110 0.0370550883580644 0
1652291581976 0.03646783161314133 0
1652291609798 0.032127497204400314 0
1652291637104 0.03293615770422531 0
1652291664673 0.02903752829221507 0
1652291692689 0.03139717718762516 0
1652291720466 0.029106389316382746 0
1652291748085 0.02906339739790688 0
1652291776365 0.02822530531239105 0
1652291804475 0.025494994150732125 0
1652291832173 0.025102118012554443 0
1652291860258 0.026324578340368596 0
1652291888186 0.023355737699241413 0
1652291916067 0.02676661916298774 0
1652291944426 0.02841796221967267 0
1652291971753 0.023702299818809395 0
1652291999358 0.02415839358717427 0
1652292027173 0.021456626787198743 0
1652292054477 0.02739867252735421 0
1652292082367 0.024355488163666675 0
1652292110679 0.02423293596697622 0
1652292138629 0.022099885435196427 0
1652292166499 0.02164468429234873 0
1652292195069 0.022415112637586068 0
1652292230585 0.22988659215202698 0
1652292258589 0.09802886762962891 0
1652292286053 0.06451635706668289 0
1652292313792 0.053311082356107924 0
1652292341650 0.04318808338557585 0
1652292369869 0.04215430813635914 0
1652292397496 0.03523582953038052 0
1652292425142 0.03495571031667507 0
1652292453034 0.03087982666308347 0
1652292481177 0.03303463075135906 0
1652292509019 0.0283238311021938 0
1652292536578 0.03196144344497723 0
1652292564129 0.02694401385353144 0
1652292591127 0.028229284554908876 0
1652292617761 0.026630732963761637 0
1652292645303 0.026086309810051955 0
1652292673688 0.025031946911806994 0
1652292700839 0.026374275485474098 0
1652292728216 0.026483503744725693 0
1652292755750 0.029391811506213762 0
1652292783654 0.024712039344455115 0
1652292811185 0.024685145210557563 0
1652292838685 0.023686759938211448 0
1652292866200 0.02394570177879762 0
1652292893953 0.024197050180687803 0
1652292921346 0.025287788610866006 0
1652292949247 0.020937286435794802 0
1652292977029 0.026724553437256077 0
1652293004350 0.023281089642413114 0
1652293032020 0.02461096792199734 0
1652293070865 0.22446568780395412 0
1652293098841 0.0977953297122655 0
1652293126835 0.06236452002677168 0
1652293154703 0.05139898134833874 0
1652293182612 0.04640605268149281 0
1652293210565 0.040641489329916444 0
1652293238637 0.03754866615250229 0
1652293266311 0.03691079841413075 0
1652293294249 0.031109942949959214 0
1652293322524 0.03310055294955757 0
1652293350331 0.02943320555253717 0
1652293378213 0.030212936146519116 0
1652293405808 0.030981681095457722 0
1652293433441 0.027185332036005122 0
1652293461516 0.02696565433878087 0
1652293489157 0.03125715360223226 0
1652293516915 0.023564673012028862 0
1652293544825 0.027203599271878664 0
1652293572734 0.027271663616693677 0
1652293600156 0.026093177959117458 0
1652293627837 0.024832399759039777 0
1652293655329 0.02287515310766794 0
1652293683084 0.026736703869506804 0
1652293710978 0.023999079064320347 0
1652293739208 0.026460331651440065 0
1652293767425 0.026934696262327886 0
1652293795409 0.023792978644687796 0
1652293823293 0.02183523760228012 0
1652293851385 0.024243989061672928 0
1652293879603 0.022926762455494604 0
1652293921993 0.22261153207375453 0
1652293950111 0.09609893170595168 0
1652293978263 0.06168309590587249 0
1652294006534 0.050982130068540576 0
1652294034795 0.0415438404842853 0
1652294062788 0.03801281060134419 0
1652294091096 0.03732963117123223 0
1652294119530 0.03533569250567995 0
1652294147616 0.030433150962011244 0
1652294175773 0.03079373511976491 0
1652294204365 0.03283921176347022 0
1652294232697 0.030477468730138544 0
1652294261048 0.025565106894333774 0
1652294288566 0.028245467210553873 0
1652294316424 0.02779948492450013 0
1652294344635 0.026699868536592782 0
1652294373077 0.029183025920957936 0
1652294401234 0.02495064666548368 0
1652294429693 0.027554924912669903 0
1652294457950 0.02494482747039068 0
1652294486155 0.023301228699270333 0
1652294514488 0.026334401874090634 0
1652294542625 0.024949288762737817 0
1652294570475 0.023257665771301478 0
1652294598766 0.02709170207063345 0
1652294627249 0.024553234457545644 0
1652294655754 0.025011926138684457 0
1652294684252 0.022614170420748772 0
1652294712440 0.024582050571067465 0
1652294739890 0.024163591095294285 0
