1652421562049 2.1892757404327394 0
1652421566978 1.9554356788635254 0
1652421571853 1.879858366394043 0
1652421576710 1.745731120300293 0
1652421581548 1.6292078304290771 0
1652421586454 1.555786408805847 0
1652421591357 1.453655284500122 0
1652421596140 1.4044298440933227 0
1652421601078 1.2593977243423462 0
1652421605954 1.1965942951202393 0
1652421614922 1.6172457599639893 0
1652421623515 1.4029790428161621 0
1652421632164 1.2674271570205689 0
1652421640839 1.1718430675506593 0
1652421649552 1.0819896421432496 0
1652421658275 1.0188664702415466 0
1652421666948 0.9102870002746583 0
1652421675697 0.8524260479927063 0
1652421684418 0.7608511221885681 0
1652421692992 0.7067835194587707 0
1652421706436 1.1530681449254354 0
1652421719113 1.0149869802474976 0
1652421731875 0.9306971426328023 0
1652421744547 0.856038703918457 0
1652421757086 0.7936169728279113 0
1652421769651 0.7316989717801412 0
1652421782225 0.6693575116475423 0
1652421794712 0.6287847653388977 0
1652421807110 0.582898750813802 0
1652421819679 0.5491640466054281 0
1652421837837 0.8896161437511444 0
1652421854690 0.7568198014497757 0
1652421871445 0.703996760559082 0
1652421888190 0.6529671657562256 0
1652421904958 0.6182830516338348 0
1652421921670 0.5854702537298202 0
1652421938588 0.5639263674974442 0
1652421955421 0.5283604243040085 0
1652421972347 0.49758863451480867 0
1652421989155 0.4873776383399963 0
1652422011452 0.8096251196289063 0
1652422032461 0.7315804983520507 0
1652422054251 0.6903369737052918 0
1652422075491 0.6690278452682495 0
1652422096894 0.6481131675148011 0
1652422118248 0.6164766400909424 0
1652422139780 0.6055619307518005 0
1652422161173 0.5720765947628021 0
1652422182414 0.5529699405097961 0
1652422203983 0.536422234287262 0
