1654776688686 0.6369368823137088 0
1654776701910 0.9298490268598799 0
1654776715542 0.9821742557448615 0
1654776729064 0.9945431395137331 0
1654776742503 0.9959376705268902 0
1654776756013 0.9953313526950828 0
1654776769556 0.9961801976596132 0
1654776783246 0.9992117868186503 0
1654776796860 0.9987873643363852 0
1654776810704 0.9993330503850119 0
1654776824270 0.9994543139513733 0
1654776837858 0.9998787364336386 0
1654776851361 1.0 0
1654776868461 0.9999393682168193 0
1654776881731 0.9983629418541199 0
1654776895264 0.9993330503850119 0
1654776908525 0.9998787364336386 0
1654776921643 0.9998181046504577 0
1654776934689 0.9998181046504577 0
1654776948077 0.9998787364336386 0
1654776961368 1.0 0
1654776974685 1.0 0
1654776987790 0.9987267325532044 0
1654777001062 0.997877887588674 0
1654777014389 0.9991511550354696 0
1654777027522 0.9999393682168193 0
1654777040672 1.0 0
1654777053953 1.0 0
1654777066942 1.0 0
1654777080043 1.0 0
1654777093454 0.999757472867277 0
1654777106573 0.9996362093009156 0
1654777119764 0.9990298914691081 0
1654777132750 0.9998181046504577 0
1654777145952 0.9998787364336386 0
1654777158968 1.0 0
1654777172137 0.9998787364336386 0
1654777185450 0.9999393682168193 0
1654777198686 0.9987873643363852 0
1654777211813 0.999514945734554 0
1654777225135 0.9998787364336386 0
1654777238077 1.0 0
1654777251270 1.0 0
1654777264332 1.0 0
1654777277665 1.0 0
1654777290975 1.0 0
1654777304590 1.0 0
1654777318274 1.0 0
1654777331709 1.0 0
1654777344775 1.0 0
1654777365487 0.8983081680916863 0
1654777381912 0.9917530774361774 0
1654777398395 0.9981808259050391 0
1654777415033 0.9949669516706082 0
1654777431435 0.9990297738160209 0
1654777447758 0.9983021041780366 0
1654777464178 0.99721059972106 0
1654777480965 0.9996361651810078 0
1654777497445 0.9998787217270027 0
1654777513819 0.9998787217270027 0
1654777530222 1.0 0
1654777546807 0.9998180825905039 0
1654777563277 0.9999393608635013 0
1654777580196 1.0 0
1654777596805 0.9998787217270027 0
1654777613425 1.0 0
1654777630120 1.0 0
1654777646716 1.0 0
1654777663208 1.0 0
1654777679844 0.9998180825905039 0
1654777696335 1.0 0
1654777712915 1.0 0
1654777729554 1.0 0
1654777746105 0.9998787217270027 0
1654777762495 1.0 0
1654777779068 1.0 0
1654777795758 1.0 0
1654777812262 1.0 0
1654777828785 0.9998787217270027 0
1654777845549 1.0 0
1654777862772 1.0 0
1654777879503 1.0 0
1654777896519 1.0 0
1654777913275 1.0 0
1654777929996 0.9999393608635013 0
1654777946902 1.0 0
1654777963528 0.9974531562670548 0
1654777980176 0.9994542477715117 0
1654777996859 0.9995148869080104 0
1654778013830 1.0 0
1654778030485 1.0 0
1654778047038 1.0 0
1654778063959 1.0 0
1654778080684 1.0 0
1654778097334 0.9999393608635013 0
1654778114132 0.9998180825905039 0
1654778130753 1.0 0
1654778147334 1.0 0
1654778163929 1.0 0
1654778180981 1.0 0
1654778206398 0.9273068994785982 0
1654778223460 0.995331635746332 0
1654778240489 0.9990905783921425 0
1654778257345 0.9990299502849521 0
1654778274190 0.9989693221777616 0
1654778291065 0.9984842973202377 0
1654778308033 0.9990299502849521 0
1654778325096 0.9999393718928095 0
1654778342413 1.0 0
1654778359008 0.9999393718928095 0
1654778375986 1.0 0
1654778392723 1.0 0
1654778409642 1.0 0
1654778426332 1.0 0
1654778443438 0.9999393718928095 0
1654778460096 0.9999393718928095 0
1654778476388 1.0 0
1654778493402 0.999393718928095 0
1654778510187 1.0 0
1654778526802 1.0 0
1654778543695 1.0 0
1654778559973 1.0 0
1654778576761 1.0 0
1654778593385 1.0 0
1654778610032 1.0 0
1654778626580 1.0 0
1654778643336 1.0 0
1654778659929 1.0 0
1654778676520 1.0 0
1654778693148 1.0 0
1654778709836 1.0 0
1654778726532 1.0 0
1654778743467 1.0 0
1654778760234 1.0 0
1654778776930 1.0 0
1654778793818 1.0 0
1654778810662 1.0 0
1654778827073 1.0 0
1654778843723 1.0 0
1654778860155 1.0 0
1654778876570 1.0 0
1654778892842 1.0 0
1654778909516 1.0 0
1654778926261 1.0 0
1654778942477 1.0 0
1654778959141 1.0 0
1654778975824 1.0 0
1654778992584 1.0 0
1654779009258 1.0 0
1654779025900 1.0 0
1654779054967 0.8719830200121286 0
1654779071963 0.9772589448150394 0
1654779088537 0.9956337174044876 0
1654779105100 0.9934505761067314 0
1654779121864 0.9971497877501516 0
1654779138672 0.9956337174044876 0
1654779155452 0.999454214675561 0
1654779172002 0.9998180715585203 0
1654779188691 0.9961188599151001 0
1654779205253 0.9996967859308672 0
1654779221532 0.9997574287446938 0
1654779238184 0.9998787143723469 0
1654779255412 1.0 0
1654779271697 0.9992116434202547 0
1654779288717 0.996543359611886 0
1654779305533 0.9998787143723469 0
1654779322294 0.9978168587022438 0
1654779338967 0.9995755003032141 0
1654779355764 0.9998787143723469 0
1654779372509 0.9998787143723469 0
1654779389054 1.0 0
1654779406045 1.0 0
1654779423128 0.9998787143723469 0
1654779439871 0.9998180715585203 0
1654779456762 1.0 0
1654779473309 1.0 0
1654779490024 0.9998180715585203 0
1654779506460 0.9999393571861734 0
1654779523146 1.0 0
1654779540017 1.0 0
1654779557030 1.0 0
1654779573934 1.0 0
1654779590470 1.0 0
1654779607272 1.0 0
1654779623902 1.0 0
1654779640671 1.0 0
1654779657257 1.0 0
1654779674232 1.0 0
1654779690936 1.0 0
1654779707599 1.0 0
1654779724397 0.9998180715585203 0
1654779740970 0.995573074590661 0
1654779757622 0.9993935718617344 0
1654779774483 0.9998787143723469 0
1654779791591 0.9996361431170406 0
1654779808098 1.0 0
1654779824794 1.0 0
1654779841709 1.0 0
1654779858492 1.0 0
1654779875138 1.0 0
1654779908794 0.9435346918971373 0
1654779925277 0.9970281416787967 0
1654779942022 0.9980591945657448 0
1654779958760 1.0 0
1654779975379 0.9992721979621543 0
1654779991932 0.9994541484716157 0
1654780008342 0.999878699660359 0
1654780025065 0.9994541484716157 0
1654780041749 0.999757399320718 0
1654780058628 0.9993328481319748 0
1654780075579 0.998968947113052 0
1654780092531 0.9996967491508976 0
1654780109049 0.9999393498301795 0
1654780125715 0.999878699660359 0
1654780142487 1.0 0
1654780159464 1.0 0
1654780176506 0.9999393498301795 0
1654780193291 1.0 0
1654780210194 1.0 0
1654780227373 1.0 0
1654780244297 1.0 0
1654780261103 1.0 0
1654780278000 1.0 0
1654780294820 1.0 0
1654780311544 1.0 0
1654780328327 1.0 0
1654780344729 0.9999393498301795 0
1654780361784 1.0 0
1654780378447 1.0 0
1654780395331 1.0 0
1654780411995 1.0 0
1654780428836 1.0 0
1654780445771 1.0 0
1654780462324 1.0 0
1654780478784 1.0 0
1654780495667 1.0 0
1654780512375 0.999878699660359 0
1654780529177 1.0 0
1654780545867 1.0 0
1654780562867 1.0 0
1654780579554 1.0 0
1654780596523 1.0 0
1654780613025 1.0 0
1654780629981 1.0 0
1654780646613 1.0 0
1654780663217 1.0 0
1654780680261 1.0 0
1654780696886 1.0 0
1654780713473 1.0 0
1654780729986 1.0 0
