1654776688707 0.9091065141377408 0
1654776701930 0.20691062405841879 0
1654776715560 0.05616433851223016 0
1654776729093 0.017892437810666656 0
1654776742522 0.011818587205721778 0
1654776756032 0.0144672640382686 0
1654776769574 0.012177660569057563 0
1654776783269 0.00284561698782593 0
1654776796884 0.003778340569835984 0
1654776810731 0.0020692730329071045 0
1654776824303 0.002235832908569862 0
1654776837886 0.0007822694921535522 0
1654776851380 0.00015758268879095024 0
1654776868491 0.0003526075881297283 0
1654776881752 0.0058935922166654265 0
1654776895283 0.0026892799212001745 0
1654776908544 0.0008177153309874661 0
1654776921662 0.0004862337454486373 0
1654776934708 0.0005869405634031383 0
1654776948098 0.00036906011442614363 0
1654776961390 0.00018232209184740079 0
1654776974710 0.00015998332259628605 0
1654776987818 0.005494106782269086 0
1654777001087 0.00624692765935422 0
1654777014411 0.002714226359184005 0
1654777027557 0.0005898607609955039 0
1654777040702 0.00020285474102944905 0
1654777053973 0.00023757367751299133 0
1654777066962 6.88747732958784e-05 0
1654777080066 0.0001053576895659261 0
1654777093485 0.0005933053294197843 0
1654777106592 0.001141222714836185 0
1654777119787 0.0028041876579482415 0
1654777132769 0.0005113813622709745 0
1654777145972 0.00028908100347087534 0
1654777158994 0.000110609007966712 0
1654777172156 0.00076190387456492 0
1654777185469 0.00012148115211753821 0
1654777198720 0.0035462631342498023 0
1654777211832 0.0011686313974522118 0
1654777225155 0.0003365503067372256 0
1654777238096 7.534795311795065e-05 0
1654777251290 4.223965907336833e-05 0
1654777264351 9.016882615043468e-05 0
1654777277684 4.601967449153311e-05 0
1654777290999 4.3425081035751946e-05 0
1654777304612 3.4192845045198964e-05 0
1654777318293 2.716638714172371e-05 0
1654777331729 3.8764215986428866e-05 0
1654777344794 0.0001412562985828348 0
1654777365506 0.2639721001732601 0
1654777381932 0.025993473016581316 0
1654777398415 0.006610486390304965 0
1654777415059 0.014442269380052773 0
1654777431468 0.004100635897462936 0
1654777447778 0.004777539852823991 0
1654777464215 0.008880306660962284 0
1654777480989 0.0016944847120093974 0
1654777497471 0.0008917701610118856 0
1654777513839 0.00045947870931583673 0
1654777530243 0.00016594817949119355 0
1654777546836 0.0006465134009195256 0
1654777563297 0.00030224880460502786 0
1654777580215 0.00010610107231952958 0
1654777596827 0.00039958989479104665 0
1654777613459 0.0001262111118031051 0
1654777630141 7.412553803921298e-05 0
1654777646742 4.824089865134372e-05 0
1654777663248 6.686165229540414e-05 0
1654777679863 0.00036724253266605747 0
1654777696365 6.434953871237041e-05 0
1654777712944 6.934641345389284e-05 0
1654777729573 5.216503059898097e-05 0
1654777746124 0.00034316180536645617 0
1654777762515 5.4780579591993425e-05 0
1654777779088 4.2413300000986986e-05 0
1654777795777 4.8868678361408496e-05 0
1654777812292 3.515007078252743e-05 0
1654777828804 0.00036722033945761477 0
1654777845571 0.00010360326183093826 0
1654777862792 4.114442661972901e-05 0
1654777879523 4.629706394262202e-05 0
1654777896540 6.192707204939528e-05 0
1654777913297 7.207173275308895e-05 0
1654777930027 0.00016572979030264831 0
1654777946923 4.9156926933626137e-05 0
1654777963549 0.008667809158334552 0
1654777980196 0.0018311537463739337 0
1654777996879 0.0011992849363181937 0
1654778013852 0.00010416089194739366 0
1654778030505 8.770633343142502e-05 0
1654778047063 0.00010680434862390312 0
1654778063979 8.511123482475135e-05 0
1654778080704 5.531502672776814e-05 0
1654778097357 0.0001529095057779409 0
1654778114152 0.0009126274354479018 0
1654778130792 6.429978834678118e-05 0
1654778147355 4.035670662998314e-05 0
1654778163949 6.847693237423682e-05 0
1654778181001 3.605364597171483e-05 0
1654778206420 0.19805465434830974 0
1654778223483 0.01630844856837451 0
1654778240509 0.005181706148163233 0
1654778257366 0.0035066918721415215 0
1654778274222 0.003279355740773681 0
1654778291088 0.004378510598798285 0
1654778308053 0.0033019543500045923 0
1654778325116 0.0003898722727736046 0
1654778342448 0.00015594430549186668 0
1654778359040 0.0003206027221933469 0
1654778376024 0.00017122363798733386 0
1654778392744 0.00016146446495678493 0
1654778409663 0.00014461587376368395 0
1654778426365 8.616923682309742e-05 0
1654778443459 0.0006058708282280296 0
1654778460121 0.00040491531965454583 0
1654778476410 0.0002565903031969487 0
1654778493422 0.0023516271315154645 0
1654778510207 0.00018462896922854968 0
1654778526822 0.00010177215954022442 0
1654778543715 8.486919358339557e-05 0
1654778559999 6.940540244129079e-05 0
1654778576794 5.4177652556405755e-05 0
1654778593406 4.653680876811537e-05 0
1654778610052 5.919822582510639e-05 0
1654778626601 5.502557916531806e-05 0
1654778643362 0.0001337620623083642 0
1654778659959 4.685213685515645e-05 0
1654778676548 3.704822986738422e-05 0
1654778693183 3.7968061183331614e-05 0
1654778709856 9.002918259883173e-05 0
1654778726552 3.4456049628621223e-05 0
1654778743495 2.9713497211731844e-05 0
1654778760266 3.015459463211594e-05 0
1654778776962 3.356601638457713e-05 0
1654778793848 3.0249637613106822e-05 0
1654778810682 3.0548678008050277e-05 0
1654778827099 2.5798800193516187e-05 0
1654778843743 2.4207807866629906e-05 0
1654778860176 2.6830018669595037e-05 0
1654778876602 4.7139383885788735e-05 0
1654778892877 6.634720303528583e-05 0
1654778909536 2.4077490854653727e-05 0
1654778926281 2.594428179603127e-05 0
1654778942499 2.1155655715710462e-05 0
1654778959161 2.006724882021675e-05 0
1654778975844 2.4734858651462043e-05 0
1654778992604 1.941291638714934e-05 0
1654779009296 2.0703583820271124e-05 0
1654779025923 1.9455447102280135e-05 0
1654779054990 0.34075174159553917 0
1654779071983 0.06683009328967861 0
1654779088565 0.015416344016349297 0
1654779105122 0.021630467127516116 0
1654779121884 0.009464940462705356 0
1654779138692 0.014626114908325188 0
1654779155482 0.0024949660112436357 0
1654779172022 0.0007654070938308377 0
1654779188711 0.012258301371954156 0
1654779205284 0.001425517757182908 0
1654779221559 0.0011636049069165297 0
1654779238205 0.0005338975540939786 0
1654779255433 0.00015002163023683453 0
1654779271718 0.001797327081919727 0
1654779288739 0.011264302850340833 0
1654779305554 0.0009181416460120066 0
1654779322318 0.0078124839923902414 0
1654779338991 0.0014724146760989568 0
1654779355797 0.0005576714537243202 0
1654779372539 0.0010193479823077654 0
1654779389081 0.00017002996928286595 0
1654779406066 9.582639264483509e-05 0
1654779423149 0.0003755826691661761 0
1654779439896 0.0008998037001026887 0
1654779456783 0.00017903380587268962 0
1654779473330 8.58524981197999e-05 0
1654779490045 0.0008970019106672672 0
1654779506481 0.00036650144649607967 0
1654779523167 8.577202178027054e-05 0
1654779540057 5.9828175265312914e-05 0
1654779557053 6.413398629276704e-05 0
1654779573957 9.663757095500625e-05 0
1654779590501 4.540148832801688e-05 0
1654779607296 3.720206068133978e-05 0
1654779623925 6.488704472784322e-05 0
1654779640691 3.0693271142100775e-05 0
1654779657291 2.791973407966825e-05 0
1654779674252 2.3312596934624445e-05 0
1654779690957 3.05389649326233e-05 0
1654779707620 2.313337324232448e-05 0
1654779724431 0.0004294196517322014 0
1654779740990 0.015891973499344306 0
1654779757643 0.00207890011906646 0
1654779774505 0.0004790377768705174 0
1654779791611 0.001207153390688633 0
1654779808119 0.00010348390901369537 0
1654779824815 4.796783258538245e-05 0
1654779841739 5.982722951613368e-05 0
1654779858519 5.574339206415045e-05 0
1654779875159 6.91858642114026e-05 0
1654779908815 0.14991461708728263 0
1654779925299 0.011622219046867917 0
1654779942055 0.005835309228600012 0
1654779958785 0.0005022800459067484 0
1654779975400 0.001702050500900034 0
1654779991953 0.002109659090921997 0
1654780008362 0.0006889580480943967 0
1654780025086 0.001073249209355502 0
1654780041770 0.0014380002970817308 0
1654780058657 0.00200105735500521 0
1654780075611 0.003786708126271341 0
1654780092552 0.000957768765195735 0
1654780109070 0.0005467091486678858 0
1654780125736 0.000426256684104378 0
1654780142508 0.0001642464606009703 0
1654780159485 7.658346617215461e-05 0
1654780176527 0.00016392594563048596 0
1654780193313 5.9546210770768056e-05 0
1654780210215 4.8516509507014197e-05 0
1654780227394 5.543709422793763e-05 0
1654780244318 4.492956585923699e-05 0
1654780261135 4.6058072735794e-05 0
1654780278024 4.1102576914371e-05 0
1654780294841 4.8321367800875436e-05 0
1654780311565 3.809689971011594e-05 0
1654780328348 3.714481525311129e-05 0
1654780344750 0.00023182184229970527 0
1654780361805 4.353571794122352e-05 0
1654780378469 4.405296760465674e-05 0
1654780395352 3.3776884185661905e-05 0
1654780412017 3.632073596469296e-05 0
1654780428857 3.226598427834843e-05 0
1654780445792 3.431133951982533e-05 0
1654780462345 2.831011835266479e-05 0
1654780478816 3.156305104425607e-05 0
1654780495692 2.8304458353993522e-05 0
1654780512396 0.0004038303622618029 0
1654780529205 9.63078547789727e-05 0
1654780545907 3.441641949807598e-05 0
1654780562890 3.022330400862095e-05 0
1654780579575 2.9274017423856948e-05 0
1654780596545 3.1386367834489546e-05 0
1654780613058 2.692676441134244e-05 0
1654780630003 2.6290688392254787e-05 0
1654780646634 2.6498338639386985e-05 0
1654780663238 4.373007315155897e-05 0
1654780680282 2.6489614675302238e-05 0
1654780696918 2.2132007884503076e-05 0
1654780713509 2.185155193449084e-05 0
1654780730009 2.057538605150238e-05 0
