1653652106162 0.7100850680549939 0
1653652155312 0.5525825113415718 0
1653652204510 0.5103888207197189 0
1653652253279 0.463472806490461 0
1653652302337 0.4366943755745888 0
1653652351829 0.41593233922620615 0
1653652400194 0.42191307007968426 0
1653652449669 0.39139605156381924 0
1653652498581 0.39366266003822287 0
1653652547401 0.3847870788857341 0
1653652596771 0.38233075242390235 0
1653652645689 0.3599142820224166 0
1653652694889 0.3678620408361157 0
1653652743842 0.362918356304119 0
1653652792385 0.3709010776134829 0
1653652841805 0.3722756606521706 0
1653652890631 0.3626410769596696 0
1653652939368 0.3594905651072661 0
1653652988144 0.36065300702527164 0
1653653036966 0.35196332991942764 0
1653653086241 0.3539535565763712 0
1653653134646 0.3605486867842575 0
1653653183374 0.3465777946206431 0
1653653232026 0.3577074940832953 0
1653653280895 0.36225162380859255 0
1653653329381 0.34086696554124357 0
1653653378336 0.3557370368344088 0
1653653426954 0.35929815228134393 0
1653653475619 0.34340739819382626 0
1653653524376 0.3578518434415261 0
1653653578928 0.701758218161265 0
1653653627774 0.5666548688650132 0
1653653676537 0.5287902053326369 0
1653653725685 0.48856907728811105 0
1653653774719 0.4802932975719372 0
1653653824373 0.46938691788613796 0
1653653873767 0.4689444117402037 0
1653653922872 0.4452693151213229 0
1653653972263 0.44413581407268843 0
1653654021019 0.43312034818828105 0
1653654069915 0.43105625827560823 0
1653654118650 0.4034612514466047 0
1653654167095 0.4232400150410831 0
1653654215990 0.4050930367956559 0
1653654265816 0.40762170269340275 0
1653654315058 0.39741554347823066 0
1653654364202 0.40604077051182585 0
1653654413320 0.3822872123723229 0
1653654462852 0.3784988564689954 0
1653654511839 0.3908810950232049 0
1653654561157 0.37706799168313543 0
1653654609985 0.3793222044666608 0
1653654659536 0.3706213808606068 0
1653654708705 0.38019394860491157 0
1653654756861 0.37802733487834533 0
1653654805726 0.36886469477216405 0
1653654854629 0.3825038769985239 0
1653654904066 0.367561419100066 0
1653654953048 0.37623362542515 0
1653655002724 0.3631149697571993 0
1653655061562 0.7351537211954594 0
1653655111198 0.5603730527977149 0
1653655160079 0.52523127279977 0
1653655209122 0.5086207329471906 0
1653655258529 0.47231583259304366 0
1653655306866 0.4566360042460263 0
1653655355802 0.43218911948824923 0
1653655404560 0.42713505838165683 0
1653655453600 0.4173540037979682 0
1653655502716 0.41134529425452154 0
1653655551573 0.40540517996450265 0
1653655601516 0.40474011716445285 0
1653655650570 0.40148267603317894 0
1653655698944 0.39593736138617 0
1653655747823 0.3900957607656717 0
1653655797124 0.3839418982292215 0
1653655846041 0.3868209141875307 0
1653655895587 0.38143559355338413 0
1653655944437 0.3752722505112489 0
1653655993515 0.3856512321772675 0
1653656042686 0.3707708926046888 0
1653656091927 0.3732130446160833 0
1653656141225 0.36768577811941505 0
1653656190168 0.3706900518462062 0
1653656239442 0.3669788143346707 0
1653656288887 0.3755451990912358 0
1653656337980 0.38034596077650784 0
1653656386991 0.3643741557225585 0
1653656435806 0.38076692161162695 0
1653656485859 0.3723159816391766 0
1653656549176 0.7368606987247864 0
1653656598395 0.5560532561709484 0
1653656647530 0.5349556248853604 0
1653656697092 0.5061495292365551 0
1653656746563 0.4718931311885516 0
1653656795084 0.46085709800521535 0
1653656844450 0.45130570664505165 0
1653656893949 0.44296734524170556 0
1653656942868 0.43246523649394514 0
1653656991703 0.4286687014589707 0
1653657041265 0.4271525476935009 0
1653657090837 0.41171197249392666 0
1653657139922 0.39912673808932303 0
1653657189334 0.4041572603747249 0
1653657237775 0.40068428930987915 0
1653657287466 0.4019926433183253 0
1653657336409 0.3826139896795154 0
1653657385958 0.4044615238289038 0
1653657435426 0.3786621718729536 0
1653657484647 0.3861800425643722 0
1653657533538 0.38616524378483497 0
1653657582211 0.3778931095637381 0
1653657631230 0.37801751864999533 0
1653657680419 0.3743554222583771 0
1653657729369 0.3732900286361575 0
1653657778821 0.36439085502972207 0
1653657828293 0.36915907785991825 0
1653657876618 0.3695429030276835 0
1653657925884 0.36752249111632507 0
1653657975322 0.3771455914427837 0
1653658043015 0.7189425789435705 0
1653658091790 0.5672888475418091 0
1653658141088 0.5393036330004534 0
1653658189896 0.50523641213576 0
1653658238694 0.491856231824557 0
1653658287972 0.4725523174593846 0
1653658336916 0.4544987414769828 0
1653658385788 0.44747453807989757 0
1653658434382 0.43729506847510735 0
1653658483151 0.4174045735284686 0
1653658532055 0.4082138060559829 0
1653658581400 0.40669375797919927 0
1653658630528 0.39194418698896966 0
1653658680112 0.3849742256189386 0
1653658730001 0.3803858217423161 0
1653658779046 0.39166643713961047 0
1653658827782 0.3835628881384929 0
1653658877499 0.37942120675047236 0
1653658926482 0.3816803905248642 0
1653658975122 0.3734944323728482 0
1653659024314 0.37194597244958083 0
1653659073521 0.3764586245735486 0
1653659122617 0.3724906208818157 0
1653659171889 0.38299512884120146 0
1653659221332 0.36962880918507773 0
1653659269914 0.3698860996435086 0
1653659319639 0.37481424646824596 0
1653659369116 0.3683939471239845 0
1653659417857 0.36769142635812363 0
1653659466857 0.3633680159817139 0
