1653652106152 0.7932 0
1653652155300 0.8542 0
1653652204499 0.86715 0
1653652253269 0.87725 0
1653652302326 0.8868833333333334 0
1653652351819 0.8929166666666667 0
1653652400184 0.8928833333333334 0
1653652449658 0.8996666666666666 0
1653652498571 0.8992 0
1653652547391 0.9020333333333334 0
1653652596760 0.9026666666666666 0
1653652645678 0.9086333333333333 0
1653652694880 0.90675 0
1653652743831 0.90905 0
1653652792372 0.9076 0
1653652841794 0.9070333333333334 0
1653652890618 0.9096833333333333 0
1653652939356 0.9087333333333333 0
1653652988134 0.90955 0
1653653036948 0.91145 0
1653653086229 0.9100833333333334 0
1653653134636 0.9102833333333333 0
1653653183363 0.9138 0
1653653232006 0.9108166666666667 0
1653653280884 0.9105 0
1653653329369 0.9137666666666666 0
1653653378324 0.9116666666666666 0
1653653426944 0.9108166666666667 0
1653653475608 0.9141333333333334 0
1653653524362 0.9107333333333333 0
1653653578917 0.7997333333333333 0
1653653627759 0.8531666666666666 0
1653653676524 0.8624833333333334 0
1653653725674 0.87435 0
1653653774708 0.8766833333333334 0
1653653824362 0.8803666666666666 0
1653653873756 0.88215 0
1653653922861 0.8859333333333334 0
1653653972250 0.8876 0
1653654021009 0.891 0
1653654069903 0.8918 0
1653654118639 0.8984 0
1653654167084 0.8928666666666667 0
1653654215979 0.89875 0
1653654265806 0.8980166666666667 0
1653654315048 0.9017333333333334 0
1653654364192 0.9009333333333334 0
1653654413309 0.90375 0
1653654462841 0.9060666666666667 0
1653654511827 0.9049666666666667 0
1653654561147 0.9076333333333333 0
1653654609974 0.9084666666666666 0
1653654659526 0.9103666666666667 0
1653654708698 0.90765 0
1653654756849 0.9080333333333334 0
1653654805715 0.90985 0
1653654854618 0.9074833333333333 0
1653654904057 0.9108333333333334 0
1653654953040 0.9100666666666667 0
1653655002709 0.9119166666666667 0
1653655061556 0.7883333333333333 0
1653655111186 0.85035 0
1653655160071 0.8624666666666667 0
1653655209109 0.867 0
1653655258518 0.87735 0
1653655306854 0.8808166666666667 0
1653655355788 0.887 0
1653655404549 0.8897 0
1653655453590 0.8916166666666666 0
1653655502705 0.8933166666666666 0
1653655551561 0.8953166666666666 0
1653655601506 0.8960333333333333 0
1653655650561 0.89655 0
1653655698931 0.8988666666666667 0
1653655747811 0.8992833333333333 0
1653655797110 0.9004833333333333 0
1653655846028 0.90375 0
1653655895576 0.9046166666666666 0
1653655944427 0.9034 0
1653655993509 0.90325 0
1653656042675 0.90565 0
1653656091917 0.9045 0
1653656141214 0.90805 0
1653656190156 0.9065166666666666 0
1653656239432 0.9079666666666667 0
1653656288876 0.90385 0
1653656337967 0.90575 0
1653656386981 0.9078 0
1653656435795 0.9046833333333333 0
1653656485847 0.9078 0
1653656549161 0.7885166666666666 0
1653656598389 0.8531833333333333 0
1653656647516 0.86005 0
1653656697076 0.8680833333333333 0
1653656746541 0.8776833333333334 0
1653656795069 0.88 0
1653656844438 0.88385 0
1653656893938 0.8870166666666667 0
1653656942857 0.8912333333333333 0
1653656991691 0.89195 0
1653657041255 0.89315 0
1653657090825 0.895 0
1653657139911 0.89765 0
1653657189319 0.8983166666666667 0
1653657237764 0.8994333333333333 0
1653657287450 0.9009666666666667 0
1653657336400 0.9046833333333333 0
1653657385946 0.89965 0
1653657435414 0.9046333333333333 0
1653657484636 0.9045666666666666 0
1653657533527 0.9039166666666667 0
1653657582200 0.90475 0
1653657631221 0.9049333333333334 0
1653657680408 0.9063166666666667 0
1653657729358 0.9069833333333334 0
1653657778810 0.9081833333333333 0
1653657828282 0.90615 0
1653657876607 0.9093 0
1653657925871 0.9061166666666667 0
1653657975310 0.9068833333333334 0
1653658043008 0.7924833333333333 0
1653658091779 0.84925 0
1653658141077 0.8577833333333333 0
1653658189884 0.8653166666666666 0
1653658238681 0.8711833333333333 0
1653658287959 0.87595 0
1653658336905 0.88155 0
1653658385780 0.88445 0
1653658434367 0.8866 0
1653658483139 0.89275 0
1653658532045 0.8945333333333333 0
1653658581380 0.8960833333333333 0
1653658630505 0.89945 0
1653658680098 0.9029 0
1653658729989 0.90465 0
1653658779036 0.9027166666666666 0
1653658827765 0.904 0
1653658877488 0.90445 0
1653658926472 0.9039666666666667 0
1653658975111 0.9074666666666666 0
1653659024304 0.9073833333333333 0
1653659073508 0.9054666666666666 0
1653659122605 0.9081333333333333 0
1653659171878 0.9062333333333333 0
1653659221315 0.9094666666666666 0
1653659269904 0.90755 0
1653659319623 0.9066166666666666 0
1653659369104 0.9084666666666666 0
1653659417846 0.9087666666666666 0
1653659466846 0.9101833333333333 0
