1652240150259 0.9116333333333333 0
1652240173851 0.95185 0
1652240197982 0.9583833333333334 0
1652240221500 0.9632333333333334 0
1652240245206 0.9672333333333333 0
1652240275835 0.9241230769230769 0
1652240303307 0.9524923076923076 0
1652240330209 0.9589538461538462 0
1652240357209 0.9616923076923077 0
1652240384005 0.9647076923076923 0
1652240418900 0.9239846153846154 0
1652240446281 0.952076923076923 0
1652240473488 0.959 0
1652240500599 0.9619384615384615 0
1652240528003 0.9633076923076923 0
1652240566108 0.9235976491584357 0
1652240593897 0.9512292685928798 0
1652240621419 0.9557524846918367 0
1652240648897 0.9620142158220253 0
1652240676482 0.9624911535739561 0
