1652240150277 0.29869197861303887 0
1652240173873 0.16635140825187167 0
1652240198001 0.14313978779911996 0
1652240221508 0.12522595221213997 0
1652240245225 0.11258457348781327 0
1652240275842 0.25777877178283837 0
1652240303329 0.16052230171767565 0
1652240330228 0.13936508969996983 0
1652240357230 0.126048653132755 0
1652240384026 0.11883413727134466 0
1652240418918 0.25456891657297426 0
1652240446299 0.16198142484415037 0
1652240473496 0.1371836805636493 0
1652240500618 0.1264361742243744 0
1652240528023 0.12268131711081817 0
1652240566126 0.25742987060681033 0
1652240593905 0.16599121913458298 0
1652240621442 0.14655755555093913 0
1652240648906 0.12861851251673326 0
1652240676503 0.12607723224441922 0
