1652170661883 0.6208 0
1652170664248 0.7676 0
1652170666637 0.7996 0
1652170669058 0.844 0
1652170671479 0.8528 0
1652170673884 0.8732 0
1652170676278 0.892 0
1652170678623 0.9124 0
1652170680986 0.9256 0
1652170683404 0.902 0
1652170685811 0.9376 0
1652170688239 0.95 0
1652170690633 0.9416 0
1652170693029 0.9456 0
1652170695452 0.9452 0
1652170697847 0.96 0
1652170700246 0.974 0
1652170702670 0.9544 0
1652170705051 0.9732 0
1652170707458 0.9764 0
1652170709841 0.9688 0
1652170712288 0.9512 0
1652170714722 0.9592 0
1652170717129 0.9728 0
1652170719560 0.9772 0
1652170722008 0.9712 0
1652170724416 0.9852 0
1652170726864 0.9832 0
1652170729249 0.9868 0
1652170731642 0.9828 0
1652170734032 0.9804 0
1652170736440 0.982 0
1652170738863 0.9788 0
1652170741299 0.9888 0
1652170743739 0.9812 0
1652170746159 0.9848 0
1652170748542 0.9928 0
1652170751011 0.9936 0
1652170753336 0.9888 0
1652170755771 0.9684 0
1652170758206 0.9872 0
1652170760725 0.9788 0
1652170763123 0.9884 0
1652170765568 0.99 0
1652170767987 0.9852 0
1652170770389 0.9932 0
1652170772779 0.986 0
1652170775170 0.9884 0
1652170777589 0.9812 0
1652170779994 0.9664 0
1652170783035 0.806 0
1652170785869 0.8812 0
1652170788921 0.9084 0
1652170791841 0.9276 0
1652170794933 0.9342 0
1652170797801 0.9502 0
1652170800679 0.945 0
1652170803642 0.9582 0
1652170806545 0.972 0
1652170809468 0.9698 0
1652170812457 0.9742 0
1652170815349 0.9732 0
1652170818287 0.9688 0
1652170821200 0.9772 0
1652170824038 0.9736 0
1652170826930 0.9854 0
1652170829854 0.9782 0
1652170832686 0.981 0
1652170835660 0.9858 0
1652170838521 0.9826 0
1652170841432 0.9792 0
1652170844306 0.982 0
1652170847183 0.9856 0
1652170850146 0.9848 0
1652170852970 0.99 0
1652170855917 0.9888 0
1652170858792 0.9888 0
1652170861674 0.9886 0
1652170864569 0.984 0
1652170867466 0.9746 0
1652170870303 0.9892 0
1652170873196 0.9832 0
1652170876068 0.9898 0
1652170878858 0.9872 0
1652170881720 0.9902 0
1652170884584 0.9824 0
1652170887472 0.9858 0
1652170890412 0.9922 0
1652170893325 0.9878 0
1652170896222 0.989 0
1652170899126 0.9838 0
1652170901934 0.984 0
1652170904863 0.9894 0
1652170907727 0.9886 0
1652170910697 0.9894 0
1652170913667 0.9876 0
1652170916554 0.987 0
1652170919431 0.9956 0
1652170922213 0.9956 0
1652170925188 0.9976 0
1652170929759 0.8646666666666667 0
1652170933699 0.9045333333333333 0
1652170937751 0.9257333333333333 0
1652170941789 0.9381333333333334 0
1652170945894 0.9513333333333334 0
1652170949940 0.9484 0
1652170953946 0.962 0
1652170958039 0.9625333333333334 0
1652170962156 0.9649333333333333 0
1652170966134 0.9730666666666666 0
1652170970076 0.9712 0
1652170974114 0.9746666666666667 0
1652170978206 0.9834666666666667 0
1652170982293 0.9818666666666667 0
1652170986429 0.98 0
1652170990524 0.9814666666666667 0
1652170994584 0.9772 0
1652170998652 0.9838666666666667 0
1652171002775 0.9812 0
1652171006859 0.9885333333333334 0
1652171010933 0.9809333333333333 0
1652171015010 0.9858666666666667 0
1652171019114 0.984 0
1652171023167 0.9788 0
1652171027354 0.9861333333333333 0
1652171031380 0.9890666666666666 0
1652171035453 0.9853333333333333 0
1652171039523 0.9885333333333334 0
1652171043623 0.9842666666666666 0
1652171047711 0.9865333333333334 0
1652171051844 0.9910666666666667 0
1652171056031 0.9814666666666667 0
1652171060118 0.984 0
1652171064120 0.9894666666666667 0
1652171068222 0.9845333333333334 0
1652171072402 0.9836 0
1652171076549 0.9925333333333334 0
1652171080614 0.9902666666666666 0
1652171084712 0.9932 0
1652171088720 0.9893333333333333 0
1652171092886 0.9888 0
1652171096907 0.9853333333333333 0
1652171100834 0.9876 0
1652171104757 0.9918666666666667 0
1652171108797 0.9924 0
1652171112733 0.9868 0
1652171116854 0.9798666666666667 0
1652171120894 0.9872 0
1652171125048 0.9886666666666667 0
1652171129195 0.9896 0
1652171133984 0.8815684182448653 0
1652171138476 0.9346492397972793 0
1652171142720 0.9499866631101627 0
1652171146786 0.9662576687116564 0
1652171150914 0.9723926380368099 0
1652171155178 0.9661242998132835 0
1652171159303 0.9693251533742331 0
1652171163455 0.9819951987196586 0
1652171167621 0.982795412109896 0
1652171171771 0.9818618298212857 0
1652171175964 0.9819951987196586 0
1652171180271 0.980128034142438 0
1652171184494 0.9822619365164044 0
1652171188716 0.9834622566017605 0
1652171192961 0.9845292077887436 0
1652171197123 0.9914643905041345 0
1652171201408 0.9871965857562016 0
1652171205481 0.9930648172846093 0
1652171209598 0.9905308082155242 0
1652171213874 0.9878634302480661 0
1652171218047 0.9858628967724726 0
1652171222302 0.9849293144838623 0
1652171226617 0.9838623632968791 0
1652171230797 0.9825286743131502 0
1652171235014 0.9887970125366764 0
1652171239121 0.992131234995999 0
1652171243256 0.9923979727927448 0
1652171247405 0.9858628967724726 0
1652171251608 0.9869298479594558 0
1652171255764 0.9883969058415577 0
1652171259980 0.9931981861829822 0
1652171264162 0.9889303814350493 0
1652171268296 0.9887970125366764 0
1652171272399 0.9933315550813551 0
1652171276746 0.987996799146439 0
1652171280891 0.98666311016271 0
1652171285094 0.9969325153374233 0
1652171289523 0.9885302747399306 0
1652171293964 0.9837289943985063 0
1652171298400 0.9895972259269138 0
1652171302721 0.9926647105894906 0
1652171306836 0.9895972259269138 0
1652171311134 0.9883969058415577 0
1652171315380 0.9903974393171513 0
1652171319782 0.993464923979728 0
1652171323875 0.9906641771138971 0
1652171328267 0.9905308082155242 0
1652171332475 0.9875966924513203 0
1652171336759 0.9906641771138971 0
1652171341014 0.9926647105894906 0
1652171346211 0.9001333333333333 0
1652171350506 0.9425333333333333 0
1652171354899 0.9541333333333334 0
1652171359255 0.9684 0
1652171363603 0.9785333333333334 0
1652171367890 0.9813333333333333 0
1652171372292 0.9778666666666667 0
1652171376562 0.9809333333333333 0
1652171380862 0.9785333333333334 0
1652171385199 0.9888 0
1652171389490 0.9902666666666666 0
1652171393824 0.9845333333333334 0
1652171398228 0.9882666666666666 0
1652171402667 0.9885333333333334 0
1652171406888 0.9888 0
1652171411111 0.9886666666666667 0
1652171415253 0.9873333333333333 0
1652171419542 0.9848 0
1652171423893 0.9901333333333333 0
1652171428320 0.9861333333333333 0
1652171432829 0.9934666666666667 0
1652171437209 0.9909333333333333 0
1652171441618 0.9886666666666667 0
1652171446091 0.9872 0
1652171450593 0.9901333333333333 0
1652171454972 0.9864 0
1652171459535 0.9937333333333334 0
1652171463735 0.9910666666666667 0
1652171468055 0.9890666666666666 0
1652171472549 0.986 0
1652171476993 0.9873333333333333 0
1652171481439 0.9925333333333334 0
1652171485725 0.9950666666666667 0
1652171490285 0.9972 0
1652171494737 0.9888 0
1652171499004 0.9854666666666667 0
1652171503376 0.9909333333333333 0
1652171507624 0.9890666666666666 0
1652171512021 0.9861333333333333 0
1652171516294 0.9932 0
1652171520736 0.9916 0
1652171525144 0.9886666666666667 0
1652171529467 0.9946666666666667 0
1652171534076 0.9877333333333334 0
1652171538349 0.9890666666666666 0
1652171542721 0.9984 0
1652171546960 0.9937333333333334 0
1652171551501 0.9932 0
1652171555617 0.9892 0
1652171559934 0.9937333333333334 0
1652171565390 0.8954666666666666 0
1652171570006 0.9338666666666666 0
1652171574667 0.9497333333333333 0
1652171579507 0.9592 0
1652171584358 0.9638666666666666 0
1652171588764 0.9786666666666667 0
1652171593350 0.9772 0
1652171597967 0.9782666666666666 0
1652171602476 0.9873333333333333 0
1652171606993 0.9896 0
1652171611642 0.9844 0
1652171616290 0.9825333333333334 0
1652171620728 0.984 0
1652171625124 0.9872 0
1652171629940 0.9848 0
1652171634671 0.9892 0
1652171639217 0.9837333333333333 0
1652171644017 0.9825333333333334 0
1652171648547 0.9916 0
1652171653055 0.9904 0
1652171657273 0.992 0
1652171661961 0.9896 0
1652171666379 0.986 0
1652171671061 0.9933333333333333 0
1652171675573 0.994 0
1652171679905 0.9885333333333334 0
1652171684211 0.9870666666666666 0
1652171688574 0.9904 0
1652171693028 0.9848 0
1652171697633 0.9869333333333333 0
1652171702073 0.9913333333333333 0
1652171706475 0.9948 0
1652171711261 0.9973333333333333 0
1652171716001 0.9950666666666667 0
1652171720403 0.9934666666666667 0
1652171724987 0.9854666666666667 0
1652171729565 0.986 0
1652171734002 0.9889333333333333 0
1652171738618 0.9930666666666667 0
1652171743092 0.9901333333333333 0
1652171747682 0.9933333333333333 0
1652171752238 0.9918666666666667 0
1652171756727 0.9912 0
1652171761322 0.9884 0
1652171765636 0.9932 0
1652171770057 0.9898666666666667 0
1652171774602 0.9913333333333333 0
1652171779307 0.9916 0
1652171783750 0.9908 0
1652171788186 0.9890666666666666 0
1652171794109 0.8644971992531342 0
1652171798905 0.9095758869031741 0
1652171803639 0.9331821819151774 0
1652171808176 0.9498532942117898 0
1652171812900 0.9585222726060283 0
1652171817571 0.9655908242197919 0
1652171822074 0.970792211256335 0
1652171827015 0.9713256868498267 0
1652171832013 0.9833288877033876 0
1652171836949 0.9793278207522006 0
1652171841914 0.9855961589757268 0
1652171846787 0.9822619365164044 0
1652171851485 0.9899973326220325 0
1652171856180 0.9873299546545745 0
1652171861101 0.9887970125366764 0
1652171865748 0.9867964790610829 0
1652171870730 0.9867964790610829 0
1652171875558 0.9858628967724726 0
1652171880087 0.9911976527073887 0
1652171884853 0.9847959455854894 0
1652171889340 0.9837289943985063 0
1652171894102 0.9899973326220325 0
1652171898884 0.9891971192317951 0
1652171903596 0.9881301680448119 0
1652171908374 0.992131234995999 0
1652171913174 0.9822619365164044 0
1652171917740 0.9895972259269138 0
1652171922189 0.9919978660976261 0
1652171926830 0.9899973326220325 0
1652171931415 0.9937316617764738 0
1652171936218 0.9913310216057616 0
1652171940730 0.9883969058415577 0
1652171945350 0.9897305948252867 0
1652171949964 0.9901307015204054 0
1652171954645 0.9913310216057616 0
1652171959356 0.9933315550813551 0
1652171963951 0.9945318751667112 0
1652171969002 0.9902640704187783 0
1652171973704 0.9845292077887436 0
1652171978609 0.9917311283008803 0
1652171983390 0.9890637503334222 0
1652171987877 0.9906641771138971 0
1652171992582 0.9910642838090158 0
1652171996977 0.9874633235529474 0
1652172001736 0.994665244065084 0
1652172006460 0.9933315550813551 0
1652172011342 0.9927980794878635 0
1652172016098 0.9901307015204054 0
1652172020767 0.9897305948252867 0
1652172025590 0.9903974393171513 0
1652172031894 0.8787676713790344 0
1652172036520 0.9145105361429715 0
1652172041226 0.9393171512403308 0
1652172046116 0.9475860229394505 0
1652172051226 0.9638570285409442 0
1652172055937 0.9687916777807415 0
1652172061024 0.9726593758335557 0
1652172065808 0.9773272872766071 0
1652172070374 0.9831955188050147 0
1652172075002 0.9874633235529474 0
1652172079622 0.9898639637236596 0
1652172084406 0.9855961589757268 0
1652172088963 0.9831955188050147 0
1652172093711 0.9847959455854894 0
1652172098496 0.9871965857562016 0
1652172102977 0.9919978660976261 0
1652172108030 0.9842624699919978 0
1652172113110 0.9902640704187783 0
1652172117771 0.9847959455854894 0
1652172122361 0.99079754601227 0
1652172127501 0.9926647105894906 0
1652172132307 0.9882635369431848 0
1652172137011 0.9874633235529474 0
1652172141807 0.9895972259269138 0
1652172146645 0.9901307015204054 0
1652172151347 0.9865297412643371 0
1652172156044 0.9902640704187783 0
1652172160593 0.9887970125366764 0
1652172165556 0.9919978660976261 0
1652172170453 0.9925313416911177 0
1652172175490 0.9914643905041345 0
1652172180395 0.9931981861829822 0
1652172185432 0.9831955188050147 0
1652172190101 0.9926647105894906 0
1652172194721 0.9935982928781009 0
1652172199182 0.9870632168578287 0
1652172203931 0.9929314483862364 0
1652172208603 0.9918644971992532 0
1652172213183 0.9897305948252867 0
1652172217693 0.9869298479594558 0
1652172222214 0.989330488130168 0
1652172226912 0.9899973326220325 0
1652172231537 0.9915977594025074 0
1652172236698 0.9931981861829822 0
1652172241730 0.9949319818618299 0
1652172246812 0.9911976527073887 0
1652172251806 0.9927980794878635 0
1652172256799 0.98666311016271 0
1652172261814 0.9899973326220325 0
1652172266683 0.9917311283008803 0
1652172273512 0.8521333333333333 0
1652172278626 0.8996 0
1652172283432 0.9237333333333333 0
1652172288520 0.9366666666666666 0
1652172293577 0.9518666666666666 0
1652172298547 0.9534666666666667 0
1652172303531 0.9606666666666667 0
1652172308706 0.9713333333333334 0
1652172313789 0.9789333333333333 0
1652172318632 0.9774666666666667 0
1652172323672 0.9844 0
1652172328437 0.9814666666666667 0
1652172333240 0.9845333333333334 0
1652172338150 0.9918666666666667 0
1652172343180 0.986 0
1652172348120 0.9868 0
1652172352957 0.984 0
1652172357778 0.9890666666666666 0
1652172362898 0.9824 0
1652172367562 0.9892 0
1652172372533 0.9813333333333333 0
1652172377629 0.986 0
1652172382656 0.9898666666666667 0
1652172387438 0.9902666666666666 0
1652172392270 0.9906666666666667 0
1652172397119 0.9956 0
1652172402025 0.992 0
1652172406957 0.9885333333333334 0
1652172411805 0.9908 0
1652172416801 0.9858666666666667 0
1652172421633 0.9865333333333334 0
1652172426634 0.9904 0
1652172431382 0.9901333333333333 0
1652172436369 0.9957333333333334 0
1652172441165 0.992 0
1652172446061 0.986 0
1652172451273 0.9852 0
1652172456007 0.9889333333333333 0
1652172460759 0.9916 0
1652172465664 0.9881333333333333 0
1652172470480 0.9884 0
1652172475576 0.9841333333333333 0
1652172480418 0.992 0
1652172485383 0.9906666666666667 0
1652172490128 0.9928 0
1652172495052 0.9933333333333333 0
1652172499939 0.9881333333333333 0
1652172504834 0.9864 0
1652172509549 0.9878666666666667 0
1652172514575 0.9909333333333333 0
1652172521567 0.9072715143428952 0
1652172526454 0.9439626417611742 0
1652172531353 0.9601067378252168 0
1652172536460 0.9718478985990661 0
1652172541499 0.9735823882588392 0
1652172546652 0.9759839893262174 0
1652172551710 0.981454302868579 0
1652172556630 0.9827885256837892 0
1652172561796 0.9858572381587725 0
1652172566950 0.9879919946631087 0
1652172571780 0.9891927951967978 0
1652172576811 0.9893262174783188 0
1652172582136 0.990927284856571 0
1652172587276 0.9943962641761174 0
1652172592261 0.9895930620413609 0
1652172597347 0.9882588392261508 0
1652172602093 0.9929286190793862 0
1652172607360 0.9929286190793862 0
1652172612221 0.9895930620413609 0
1652172617287 0.9850567044696464 0
1652172622316 0.9879919946631087 0
1652172627254 0.9845230153435623 0
1652172632439 0.990393595730487 0
1652172637413 0.9915943962641761 0
1652172642327 0.990260173448966 0
1652172647260 0.9893262174783188 0
1652172652262 0.990260173448966 0
1652172657321 0.9915943962641761 0
1652172662596 0.9906604402935291 0
1652172667699 0.9879919946631087 0
1652172673025 0.9906604402935291 0
1652172678371 0.9915943962641761 0
1652172683619 0.9922615076717812 0
1652172688543 0.9930620413609073 0
1652172693411 0.9961307538358906 0
1652172698517 0.9933288859239493 0
1652172703495 0.9907938625750501 0
1652172708459 0.9883922615076718 0
1652172713568 0.9834556370913943 0
1652172718639 0.990260173448966 0
1652172723650 0.9906604402935291 0
1652172728880 0.990260173448966 0
1652172733457 0.9890593729152769 0
1652172738433 0.9935957304869913 0
1652172743460 0.9954636424282856 0
1652172748542 0.9939959973315544 0
1652172753546 0.9926617745163442 0
1652172758553 0.9918612408272182 0
1652172763346 0.9867911941294196 0
1652172768299 0.9871914609739827 0
1652172775616 0.8718666666666667 0
1652172780598 0.9169333333333334 0
1652172785698 0.9409333333333333 0
1652172790780 0.9544 0
1652172795899 0.9662666666666667 0
1652172800864 0.9676 0
1652172805945 0.9694666666666667 0
1652172811070 0.9746666666666667 0
1652172816288 0.9777333333333333 0
1652172821466 0.9856 0
1652172826548 0.9844 0
1652172831762 0.9868 0
1652172836719 0.9861333333333333 0
1652172841905 0.9858666666666667 0
1652172847044 0.9890666666666666 0
1652172852058 0.9868 0
1652172857092 0.9909333333333333 0
1652172862317 0.9901333333333333 0
1652172867434 0.9886666666666667 0
1652172872687 0.9885333333333334 0
1652172877766 0.9905333333333334 0
1652172882813 0.9854666666666667 0
1652172887912 0.9885333333333334 0
1652172892875 0.9830666666666666 0
1652172897951 0.9918666666666667 0
1652172903196 0.9890666666666666 0
1652172908505 0.9918666666666667 0
1652172913510 0.9945333333333334 0
1652172918767 0.9936 0
1652172923945 0.9902666666666666 0
1652172928935 0.9913333333333333 0
1652172934110 0.9828 0
1652172939244 0.9925333333333334 0
1652172944371 0.9906666666666667 0
1652172949707 0.9898666666666667 0
1652172954687 0.9902666666666666 0
1652172959772 0.9948 0
1652172964949 0.9937333333333334 0
1652172970286 0.9865333333333334 0
1652172975452 0.9916 0
1652172980508 0.9916 0
1652172985600 0.9872 0
1652172990648 0.9870666666666666 0
1652172995865 0.9902666666666666 0
1652173000798 0.9924 0
1652173005965 0.9877333333333334 0
1652173011002 0.9910666666666667 0
1652173016310 0.992 0
1652173021512 0.9889333333333333 0
1652173026574 0.9896 0
1652173034122 0.8873765679210035 0
1652173039595 0.9244729116626634 0
1652173044825 0.9455564451561249 0
1652173050108 0.9508940485721911 0
1652173055394 0.9647718174539631 0
1652173060620 0.969842540699226 0
1652173065954 0.9765145449693088 0
1652173071061 0.978382706164932 0
1652173076270 0.9802508673605551 0
1652173081485 0.9817187082999733 0
1652173086564 0.9817187082999733 0
1652173091831 0.9823859087269816 0
1652173097151 0.9873231918868428 0
1652173102442 0.9895916733386709 0
1652173107957 0.984520950093408 0
1652173113213 0.9909260741926875 0
1652173118258 0.9881238323992527 0
1652173123724 0.9931945556445156 0
1652173128886 0.9854550306912196 0
1652173134045 0.9898585535094743 0
1652173139265 0.9946623965839338 0
1652173144677 0.988791032826261 0
1652173150035 0.9786495863357353 0
1652173155519 0.9902588737656792 0
1652173160681 0.9917267147050974 0
1652173165851 0.9883907125700561 0
1652173171177 0.989191353082466 0
1652173176264 0.9939951961569256 0
1652173181395 0.9943955164131305 0
1652173186434 0.9899919935948759 0
1652173191631 0.9929276754737123 0
1652173196855 0.9898585535094743 0
1652173201998 0.984120629837203 0
1652173207151 0.9898585535094743 0
1652173212349 0.9921270349613024 0
1652173217537 0.9938617560715239 0
1652173222829 0.9905257539364826 0
1652173228045 0.9837203095809981 0
1652173233696 0.9895916733386709 0
1652173238792 0.9870563117160395 0
1652173244208 0.9942620763277289 0
1652173249681 0.9883907125700561 0
1652173254867 0.9923939151321057 0
1652173259806 0.9903923138510808 0
1652173265171 0.992260475046704 0
1652173270539 0.9919935948759008 0
1652173275686 0.9911929543634908 0
1652173280731 0.9869228716306379 0
1652173285827 0.992660795302909 0
1652173290925 0.9938617560715239 0
1652173298871 0.8893486385477843 0
1652173304210 0.9315269620928991 0
1652173309529 0.951281366791244 0
1652173314838 0.9552856380138814 0
1652173320032 0.9687666844634276 0
1652173325418 0.9713027229044314 0
1652173330944 0.9774426054458089 0
1652173336258 0.98505072076882 0
1652173341740 0.9761078483715964 0
1652173347086 0.9889215162840364 0
1652173352299 0.98825413774693 0
1652173357606 0.9874532835024026 0
1652173362871 0.9863854778430325 0
1652173368174 0.9895888948211425 0
1652173373491 0.9913240790176188 0
1652173378827 0.9929257875066738 0
1652173384142 0.9790443139348639 0
1652173389545 0.9873198077949813 0
1652173395044 0.9917245061398825 0
1652173400365 0.9887880405766151 0
1652173405824 0.9938601174586226 0
1652173411420 0.9917245061398825 0
1652173416874 0.9933262146289376 0
1652173422160 0.9937266417512013 0
1652173427574 0.9825146823278164 0
1652173433004 0.9890549919914575 0
1652173438332 0.9890549919914575 0
1652173443714 0.9859850507207688 0
1652173448952 0.9907901761879337 0
1652173454366 0.9926588360918313 0
1652173459781 0.9918579818473038 0
1652173465073 0.9921249332621462 0
1652173470389 0.9873198077949813 0
1652173475676 0.9901227976508276 0
1652173481112 0.9949279231179925 0
1652173486523 0.9934596903363588 0
1652173491724 0.9922584089695675 0
1652173497420 0.9910571276027763 0
1652173502949 0.9939935931660437 0
1652173508458 0.9929257875066738 0
1652173513931 0.9894554191137213 0
1652173519149 0.9879871863320876 0
1652173524645 0.9859850507207688 0
1652173529960 0.9889215162840364 0
1652173535195 0.9949279231179925 0
1652173540460 0.9937266417512013 0
1652173545668 0.9942605445808863 0
1652173550810 0.9917245061398825 0
1652173556263 0.9953283502402562 0
1652173561609 0.9911906033101976 0
1652173570182 0.8336892685531233 0
1652173575791 0.8756006406833956 0
1652173581265 0.8917512012813668 0
1652173586641 0.9145755472504005 0
1652173592049 0.9201815269620929 0
1652173597443 0.9420715429791778 0
1652173602817 0.951281366791244 0
1652173608481 0.961425520555259 0
1652173613777 0.9717031500266952 0
1652173619104 0.9651628403630539 0
1652173624770 0.9769087026161238 0
1652173630572 0.9831820608649225 0
1652173636135 0.981313400961025 0
1652173641888 0.9821142552055526 0
1652173647320 0.9846502936465563 0
1652173652545 0.9814468766684463 0
1652173658039 0.9811799252536039 0
1652173663410 0.9866524292578751 0
1652173668980 0.98718633208756 0
1652173674491 0.9881206620395088 0
1652173680002 0.9887880405766151 0
1652173685940 0.9790443139348639 0
1652173691430 0.9835824879871863 0
1652173697060 0.9883876134543513 0
1652173702277 0.9890549919914575 0
1652173707584 0.990923651895355 0
1652173712999 0.9881206620395088 0
1652173718441 0.9798451681793914 0
1652173724080 0.9874532835024026 0
1652173729800 0.99038974906567 0
1652173735091 0.9899893219434063 0
1652173740600 0.9819807794981313 0
1652173746296 0.9901227976508276 0
1652173751789 0.99038974906567 0
1652173757411 0.9875867592098239 0
1652173762899 0.9943940202883075 0
1652173768385 0.9919914575547251 0
1652173773936 0.98718633208756 0
1652173779529 0.9829151094500801 0
1652173784991 0.9895888948211425 0
1652173790466 0.9911906033101976 0
1652173795884 0.9919914575547251 0
1652173801331 0.9823812066203951 0
1652173806862 0.9919914575547251 0
1652173812415 0.9910571276027763 0
1652173817823 0.9943940202883075 0
1652173823345 0.9931927389215163 0
1652173828885 0.9937266417512013 0
1652173834312 0.9902562733582488 0
1652173839829 0.9791777896422851 0
1652173848715 0.8531608428914377 0
1652173854245 0.9086423046145639 0
1652173859524 0.9274473192851427 0
1652173865166 0.9431848492931448 0
1652173870553 0.9577220592157909 0
1652173875887 0.9657241931181648 0
1652173881481 0.9717257935449454 0
1652173887291 0.9790610829554548 0
1652173892676 0.9782608695652174 0
1652173898262 0.982795412109896 0
1652173903499 0.9854627900773539 0
1652173909168 0.9855961589757268 0
1652173914655 0.9874633235529474 0
1652173920170 0.9842624699919978 0
1652173925759 0.9863963723659642 0
1652173931477 0.992131234995999 0
1652173936920 0.9910642838090158 0
1652173942556 0.9855961589757268 0
1652173948141 0.9838623632968791 0
1652173953635 0.9843958388903707 0
1652173959131 0.9878634302480661 0
1652173964860 0.9887970125366764 0
1652173970202 0.9883969058415577 0
1652173975648 0.9890637503334222 0
1652173981181 0.9931981861829822 0
1652173987022 0.9941317684715925 0
1652173992869 0.9849293144838623 0
1652173998452 0.9835956255001334 0
1652174004115 0.9905308082155242 0
1652174009816 0.9881301680448119 0
1652174015967 0.9883969058415577 0
1652174021829 0.9885302747399306 0
1652174027640 0.994798612963457 0
1652174033146 0.9941317684715925 0
1652174038898 0.9905308082155242 0
1652174044490 0.9875966924513203 0
1652174050200 0.9846625766871165 0
1652174055958 0.9899973326220325 0
1652174061504 0.9855961589757268 0
1652174067126 0.9927980794878635 0
1652174072694 0.9901307015204054 0
1652174078290 0.9869298479594558 0
1652174083907 0.9889303814350493 0
1652174089676 0.9902640704187783 0
1652174095185 0.9929314483862364 0
1652174100799 0.9958655641504401 0
1652174106315 0.9929314483862364 0
1652174111762 0.9865297412643371 0
1652174117329 0.9861296345692184 0
1652174122947 0.9889303814350493 0
1652174132441 0.8660440293529019 0
1652174138319 0.9040693795863909 0
1652174143906 0.9263509006004003 0
1652174149145 0.9463642428285524 0
1652174154746 0.9492995330220146 0
1652174160586 0.9537024683122082 0
1652174166177 0.9550366911274183 0
1652174171575 0.971314209472982 0
1652174177272 0.9770513675783856 0
1652174182892 0.981454302868579 0
1652174188357 0.98025350233489 0
1652174194233 0.9799866577718479 0
1652174199961 0.9843895930620413 0
1652174205734 0.9893262174783188 0
1652174211271 0.9842561707805203 0
1652174216769 0.9894596397598399 0
1652174222306 0.9887925283522349 0
1652174227785 0.9893262174783188 0
1652174233339 0.9887925283522349 0
1652174238847 0.9914609739826551 0
1652174244630 0.9877251501000667 0
1652174250356 0.9893262174783188 0
1652174255948 0.9841227484989993 0
1652174261521 0.9873248832555037 0
1652174267160 0.9893262174783188 0
1652174272698 0.9897264843228819 0
1652174278200 0.9874583055370246 0
1652174283979 0.9863909272848566 0
1652174289788 0.9854569713142095 0
1652174295509 0.9883922615076718 0
1652174301080 0.9907938625750501 0
1652174306825 0.991060707138092 0
1652174312541 0.9917278185456971 0
1652174318125 0.9934623082054703 0
1652174323701 0.9935957304869913 0
1652174329389 0.9919946631087392 0
1652174335051 0.9879919946631087 0
1652174340852 0.9823882588392262 0
1652174346416 0.991194129419613 0
1652174352179 0.991060707138092 0
1652174357791 0.9907938625750501 0
1652174363405 0.991060707138092 0
1652174369203 0.9894596397598399 0
1652174374797 0.9898599066044029 0
1652174380608 0.9882588392261508 0
1652174386194 0.9883922615076718 0
1652174391916 0.9907938625750501 0
1652174397654 0.9931954636424283 0
1652174403149 0.9878585723815877 0
1652174408583 0.9925283522348232 0
1652174418253 0.8917512012813668 0
1652174423983 0.9321943406300054 0
1652174429755 0.9548852108916177 0
1652174435518 0.9638280832888414 0
1652174441440 0.9737052856380138 0
1652174447087 0.9810464495461826 0
1652174452695 0.9847837693539776 0
1652174458541 0.984516817939135 0
1652174464266 0.9902562733582488 0
1652174470027 0.990923651895355 0
1652174475687 0.9873198077949813 0
1652174481552 0.9841163908168713 0
1652174487191 0.9846502936465563 0
1652174492681 0.9795782167645488 0
1652174498261 0.9863854778430325 0
1652174503991 0.9934596903363588 0
1652174509843 0.99145755472504 0
1652174515712 0.9925253603844101 0
1652174521359 0.9919914575547251 0
1652174527046 0.9918579818473038 0
1652174532734 0.990923651895355 0
1652174538399 0.9923918846769888 0
1652174544221 0.99145755472504 0
1652174549998 0.98825413774693 0
1652174555807 0.9865189535504538 0
1652174561598 0.9898558462359851 0
1652174567086 0.9921249332621462 0
1652174572945 0.9913240790176188 0
1652174578721 0.9923918846769888 0
1652174584443 0.9913240790176188 0
1652174590155 0.9927923117992525 0
1652174596079 0.9911906033101976 0
1652174601844 0.9923918846769888 0
1652174607661 0.9894554191137213 0
1652174613463 0.9915910304324613 0
1652174619143 0.9917245061398825 0
1652174624778 0.9933262146289376 0
1652174630546 0.9854511478910838 0
1652174636369 0.9878537106246663 0
1652174642166 0.9911906033101976 0
1652174648007 0.9934596903363588 0
1652174653938 0.9943940202883075 0
1652174659659 0.9953283502402562 0
1652174665372 0.99145755472504 0
1652174671236 0.9886545648691938 0
1652174677096 0.9890549919914575 0
1652174682818 0.9913240790176188 0
1652174688580 0.9905232247730913 0
1652174694343 0.9915910304324613 0
1652174700230 0.9961292044847838 0
1652174710208 0.9089090424113097 0
1652174716191 0.9463857028540944 0
1652174722063 0.957588690317418 0
1652174727854 0.9718591624433183 0
1652174733684 0.9718591624433183 0
1652174739712 0.981461723126167 0
1652174745471 0.9847959455854894 0
1652174751444 0.9813283542277941 0
1652174757272 0.9794611896505735 0
1652174763209 0.9901307015204054 0
1652174769167 0.9886636436383035 0
1652174775099 0.993464923979728 0
1652174781089 0.9925313416911177 0
1652174786939 0.9926647105894906 0
1652174792840 0.9918644971992532 0
1652174798719 0.9807948786343025 0
1652174804514 0.9887970125366764 0
1652174810348 0.9903974393171513 0
1652174816054 0.9911976527073887 0
1652174821726 0.9911976527073887 0
1652174827319 0.9943985062683383 0
1652174833312 0.9911976527073887 0
1652174839252 0.9890637503334222 0
1652174845140 0.9906641771138971 0
1652174850959 0.9915977594025074 0
1652174856559 0.9937316617764738 0
1652174862339 0.9919978660976261 0
1652174868390 0.9867964790610829 0
1652174874373 0.9885302747399306 0
1652174880246 0.989330488130168 0
1652174886219 0.989330488130168 0
1652174892032 0.9939983995732196 0
1652174897933 0.9915977594025074 0
1652174903650 0.9927980794878635 0
1652174909398 0.9935982928781009 0
1652174914974 0.9941317684715925 0
1652174920680 0.9941317684715925 0
1652174926514 0.9938650306748467 0
1652174932354 0.9949319818618299 0
1652174938172 0.99079754601227 0
1652174943816 0.9897305948252867 0
1652174949792 0.9849293144838623 0
1652174955381 0.9935982928781009 0
1652174961151 0.9913310216057616 0
1652174966725 0.9958655641504401 0
1652174972623 0.9971992531341691 0
1652174978566 0.9910642838090158 0
1652174984497 0.9895972259269138 0
1652174990334 0.9915977594025074 0
1652174996299 0.9927980794878635 0
1652175006692 0.9111675126903553 0
1652175012707 0.9493721613678867 0
1652175018458 0.9641998397007748 0
1652175024426 0.9715468875233769 0
1652175030352 0.9730162970878974 0
1652175036189 0.9843708255410099 0
1652175042153 0.9842372428533263 0
1652175048126 0.9873096446700508 0
1652175054194 0.9843708255410099 0
1652175059980 0.9878439754207855 0
1652175065951 0.9886454715468875 0
1652175071815 0.9917178733636121 0
1652175077856 0.9894469676729896 0
1652175083874 0.9833021640395405 0
1652175089920 0.9866417312316323 0
1652175095817 0.9933208656158162 0
1652175101816 0.9903820464867753 0
1652175107743 0.9858402351055303 0
1652175113758 0.9914507079882448 0
1652175119638 0.990114881111408 0
1652175125451 0.994656692492653 0
1652175131493 0.9930537002404488 0
1652175137243 0.9945231098049693 0
1652175143097 0.995458188618755 0
1652175149217 0.9902484637990916 0
1652175154855 0.985973817793214 0
1652175160744 0.9857066524178466 0
1652175166652 0.9910499599251937 0
1652175172487 0.9885118888592038 0
1652175178288 0.9906492118621427 0
1652175184295 0.9951910232433877 0
1652175190267 0.9953246059310713 0
1652175196031 0.9937216136788672 0
1652175202061 0.9919850387389795 0
1652175207795 0.9869088966069998 0
1652175213805 0.9911835426128773 0
1652175219518 0.9926529521773978 0
1652175225568 0.9853059043547956 0
1652175231506 0.9890462196099385 0
1652175237297 0.9925193694897141 0
1652175243254 0.9922522041143468 0
1652175249290 0.9914507079882448 0
1652175255306 0.991317125300561 0
1652175261407 0.9930537002404488 0
1652175267298 0.9930537002404488 0
1652175273416 0.9933208656158162 0
1652175279253 0.9898477157360406 0
1652175285384 0.9887790542345712 0
1652175291553 0.9930537002404488 0
1652175297576 0.9902484637990916 0
1652175308498 0.9418434040282779 0
1652175314610 0.9598506069094305 0
1652175320531 0.9730558890222756 0
1652175326645 0.9785247432306255 0
1652175332762 0.9821261838068561 0
1652175338883 0.9861277844471121 0
1652175344894 0.9871948779511804 0
1652175350984 0.9823929571828731 0
1652175356760 0.9874616513271975 0
1652175362872 0.9885287448312658 0
1652175368670 0.992797118847539 0
1652175374738 0.9933306655995732 0
1652175380780 0.9933306655995732 0
1652175386765 0.9875950380152061 0
1652175392883 0.9890622915833 0
1652175398920 0.9875950380152061 0
1652175405202 0.994797919167667 0
1652175411283 0.9909297052154195 0
1652175417398 0.9878618113912232 0
1652175423594 0.9938642123516073 0
1652175429774 0.9955982392957183 0
1652175435743 0.9973322662398293 0
1652175441910 0.9959983993597439 0
1652175447949 0.988795518207283 0
1652175454133 0.9875950380152061 0
1652175460275 0.991063091903428 0
1652175466425 0.992530345471522 0
1652175472488 0.9894624516473256 0
1652175478621 0.9922635720955049 0
1652175484648 0.9954648526077098 0
1652175490756 0.9931972789115646 0
1652175496702 0.9921301854074963 0
1652175502675 0.9909297052154195 0
1652175508769 0.9922635720955049 0
1652175514840 0.9919967987194878 0
1652175520799 0.9863945578231292 0
1652175527013 0.9903961584633854 0
1652175533049 0.9938642123516073 0
1652175539153 0.987328264639189 0
1652175545332 0.9914632519674537 0
1652175551512 0.9957316259837268 0
1652175557476 0.9941309857276244 0
1652175563605 0.9949313058556756 0
1652175569809 0.9942643724156329 0
1652175575776 0.9949313058556756 0
1652175581957 0.9970654928638122 0
1652175588075 0.9965319461117781 0
1652175594041 0.9922635720955049 0
1652175600145 0.9915966386554622 0
1652175606149 0.9841269841269841 0
