1641962129260 2.293363235092163 0
1641962133915 2.244015077590942 0
1641962137849 1.8181462987263997 0
1641962141885 0.8305377606868743 0
1641962145865 0.5340697580655416 0
1641962149851 0.43711284344991047 0
1641962153846 0.38258879369099935 0
1641962157825 0.343518465979894 0
1641962161819 0.31478256163597107 0
1641962165820 0.29079555017153425 0
1641962169665 0.2710774408419927 0
1641962173567 0.25322121500174205 0
1641962177521 0.236772341299057 0
1641962181351 0.2220952018737793 0
1641962185327 0.20841781553427377 0
1641962189162 0.1961529494047165 0
1641962193218 0.18526670798460643 0
1641962197119 0.17480075620015462 0
1641962201002 0.1657352123181025 0
1641962204884 0.1573850634654363 0
1641962214630 2.2538508655548095 0
1641962221151 2.007844109408061 0
1641962227866 1.2176574809710186 0
1641962234552 0.6772679367383321 0
1641962241150 0.4929092403570811 0
1641962247914 0.4062658067385356 0
1641962254621 0.35799624994595847 0
1641962260916 0.32506745654741925 0
1641962267695 0.2993920028368632 0
1641962274311 0.27811215121746063 0
1641962280808 0.2594135278542837 0
1641962287150 0.2423788405895233 0
1641962293633 0.22721016415754955 0
1641962300300 0.2137336547533671 0
1641962306706 0.20136989467144012 0
1641962313370 0.1903850780169169 0
1641962319952 0.18061410112380982 0
1641962326541 0.17094623268445333 0
1641962333199 0.16252121545473736 0
1641962339991 0.15505278986692428 0
1641962353508 2.2860284417470296 0
1641962361263 2.1876048117319744 0
1641962369036 1.4507125008583068 0
1641962376813 0.6347444388707478 0
1641962384495 0.45048179734547933 0
1641962392276 0.3765170395851135 0
1641962399889 0.33215306372642517 0
1641962407653 0.29933901674747465 0
1641962415297 0.27166316911379496 0
1641962422841 0.24781354405085246 0
1641962430512 0.22689349416097004 0
1641962438483 0.2082601284821828 0
1641962446089 0.1912193498690923 0
1641962453862 0.17651705402533213 0
1641962461611 0.16309711032509805 0
1641962468931 0.15172559956709544 0
1641962476398 0.14135547473827997 0
1641962483908 0.13156927989323933 0
1641962491733 0.12321077220837275 0
1641962499348 0.11521672305266062 0
1641962516683 2.2837538880666095 0
1641962525700 2.1320444873174034 0
1641962534135 1.0927071660995484 0
1641962542900 0.5176813961187998 0
1641962551735 0.36972163141568504 0
1641962560255 0.3124053920904795 0
1641962568904 0.27594378959337873 0
1641962577508 0.2467869742790858 0
1641962586159 0.22237659471829732 0
1641962594804 0.20118329259554546 0
1641962603675 0.18291415186723073 0
1641962611975 0.16714405145645142 0
1641962620623 0.15341077287991842 0
1641962629243 0.141393780374527 0
1641962637687 0.13068318663835526 0
1641962646334 0.12161844897667567 0
1641962655160 0.11309830104907354 0
1641962663769 0.10488323435982068 0
1641962672617 0.09753887796799342 0
1641962681324 0.09122043377955755 0
1641962702809 2.253415404891968 0
1641962712382 1.631298109181722 0
1641962721938 0.5882707362492879 0
1641962731448 0.3834002551158269 0
1641962741140 0.31479116101264953 0
1641962750543 0.27170348793665566 0
1641962759963 0.23790545704364777 0
1641962769576 0.20886130799452463 0
1641962779061 0.1843551808913549 0
1641962788597 0.1657303936481476 0
1641962798243 0.14932500820954642 0
1641962807621 0.13497529820203782 0
1641962817155 0.12381982572476069 0
1641962826313 0.11314004279375077 0
1641962835456 0.10475510841707389 0
1641962845288 0.09663473029136657 0
1641962855023 0.08971793934901555 0
1641962864513 0.08308006288806598 0
1641962873895 0.07803687192201614 0
1641962883451 0.0722586202343305 0
1641962911440 2.226534020360311 0
1641962924372 1.6232219333966573 0
1641962937375 0.7010977134545644 0
1641962951452 0.44186585110028587 0
1641962962030 0.3501943201859792 0
1641962972930 0.30172996004422503 0
1641962983407 0.26772197222709654 0
1641962994218 0.24052540570894876 0
1641963004971 0.21775882815519967 0
1641963015452 0.19711504712104796 0
1641963025627 0.179274036693573 0
1641963036373 0.16374260638952257 0
1641963046947 0.1504458245118459 0
1641963057465 0.1379570040901502 0
1641963068201 0.127250197660923 0
1641963078990 0.11817873009045919 0
1641963089509 0.10962689485152563 0
1641963100308 0.10140514768362045 0
1641963110939 0.09479967110951741 0
1641963121412 0.08781020032763481 0
1641963151031 2.2226987084706624 0
1641963162583 1.6452544539133707 0
1641963173829 0.7286421546936035 0
1641963185443 0.4514405063947042 0
1641963196809 0.35773181109428404 0
1641963208083 0.30752217240333557 0
1641963219278 0.27156900963783265 0
1641963230528 0.2422082370599111 0
1641963241912 0.21670993305842082 0
1641963253570 0.1951760940472285 0
1641963265241 0.17709404975175858 0
1641963276742 0.16119079303741454 0
1641963288235 0.1474586987654368 0
1641963299722 0.1357939085205396 0
1641963311289 0.12541378059784572 0
1641963322744 0.11674206534226736 0
1641963334256 0.10813825967907906 0
1641963345682 0.1003561379233996 0
1641963357261 0.09400385180314381 0
1641963368844 0.08764949769377708 0
1641963402573 2.2282894508361815 0
1641963414742 1.446514506371816 0
1641963427221 0.5498329209645589 0
1641963439352 0.3728008407751719 0
1641963451726 0.310962974413236 0
1641963463995 0.2716143389383952 0
1641963476378 0.240563365650177 0
1641963488800 0.2148344842672348 0
1641963500940 0.19256501785119376 0
1641963513394 0.17296200130780537 0
1641963525950 0.15685481079419453 0
1641963538500 0.14301113098661106 0
1641963551009 0.13026800260543822 0
1641963563471 0.11979630362987519 0
1641963575233 0.11009459899663925 0
1641963588131 0.10155490917563438 0
1641963601032 0.0937349235534668 0
1641963613511 0.08710438597599665 0
1641963625642 0.08059057787656784 0
1641963638133 0.07481212201515834 0
1641963675786 2.1826518348058066 0
1641963689037 1.2247410639127096 0
1641963702325 0.45661963934898375 0
1641963715633 0.3367028348128001 0
1641963729139 0.28723649005889895 0
1641963742400 0.25065334868431094 0
1641963755512 0.22177874852816265 0
1641963768689 0.19786409119764964 0
1641963781962 0.17762380034128825 0
1641963795403 0.1611781639814377 0
1641963808864 0.1472813536008199 0
1641963822128 0.13492702939510345 0
1641963835252 0.12433126462300619 0
1641963848657 0.11469499094684919 0
1641963861932 0.10653099188804627 0
1641963875003 0.09887681501309077 0
1641963888317 0.09197229218085606 0
1641963901822 0.08508501803676287 0
1641963915338 0.07949155747890473 0
1641963928469 0.07414919670820236 0
1641963970758 2.162746013196309 0
1641963984696 1.4244810540835062 0
1641963999080 0.6460679583708445 0
1641964013280 0.41787914301554363 0
1641964027583 0.34016109733581545 0
1641964041593 0.2966916008869807 0
1641964055709 0.26489605168501534 0
1641964070319 0.23759338295459748 0
1641964084432 0.21355292064348858 0
1641964098679 0.19260987203121185 0
1641964113445 0.17497388364473979 0
1641964127872 0.15947564748128254 0
1641964142423 0.1460902826388677 0
1641964156924 0.13441981822252275 0
1641964171431 0.12443164100646972 0
1641964185747 0.11562413311402003 0
1641964200023 0.10714459805488587 0
1641964213989 0.09916262839635213 0
1641964228538 0.09275114550590516 0
1641964242660 0.08638368736902872 0
1641964289599 2.1908996459325154 0
1641964305034 1.1038034889539083 0
1641964320577 0.41748609110514323 0
1641964335861 0.3209294105688731 0
1641964351009 0.2747960370699565 0
1641964366096 0.24025951618353525 0
1641964381384 0.2113340833425522 0
1641964396910 0.18727425709565482 0
1641964412030 0.16702896324793498 0
1641964427400 0.14997003133296966 0
1641964442353 0.13580841148694356 0
1641964457899 0.12338291277090709 0
1641964473272 0.11306185758709908 0
1641964488528 0.10392618892391522 0
1641964503881 0.09602326418558757 0
1641964518833 0.08825665050148963 0
1641964534003 0.08146853351195653 0
1641964549430 0.07554136570294698 0
1641964564717 0.07011590623458226 0
1641964580356 0.06448720288872718 0
1641964631240 2.168604475593567 0
1641964647360 1.2084689453125 0
1641964663492 0.4770838503042857 0
1641964679891 0.3410546113173167 0
1641964696488 0.28746981763044993 0
1641964712566 0.2498701732556025 0
1641964728969 0.21913165651162467 0
1641964745173 0.1937400164246559 0
1641964761693 0.1717163856267929 0
1641964778033 0.15376608562866848 0
1641964794492 0.1391357029358546 0
1641964810858 0.12644162298043568 0
1641964827372 0.11579882976214091 0
1641964843870 0.10667020938396454 0
1641964860266 0.09818793340921401 0
1641964876692 0.09020641601483027 0
1641964892875 0.08396151804924011 0
1641964909246 0.07768559242288271 0
1641964925628 0.07186311556100845 0
1641964942161 0.06640112227201461 0
1641964998052 2.208225712331136 0
1641965015566 1.2605166504224141 0
1641965033287 0.4799863460381826 0
1641965050642 0.3543197816054026 0
1641965068803 0.29808719255129495 0
1641965086383 0.25873932422002155 0
1641965104319 0.2270938163280487 0
1641965121821 0.2002024973074595 0
1641965139222 0.1780917581319809 0
1641965156799 0.15921726407210032 0
1641965174443 0.1430721288760503 0
1641965192276 0.1299851414501667 0
1641965209739 0.11825061862866083 0
1641965227508 0.1077217331369718 0
1641965245075 0.09900511958996455 0
1641965262615 0.09129195061524709 0
1641965280185 0.08409896939198176 0
1641965298029 0.07812072623173395 0
1641965315804 0.07140002085963885 0
1641965333648 0.06661699876387914 0
1641965394416 2.0767570831298827 0
1641965413144 0.9686775879542033 0
1641965432110 0.44983930904070535 0
1641965450756 0.3396425152460734 0
1641965469210 0.2897011170307795 0
1641965487930 0.255083700466156 0
1641965506831 0.2262731320142746 0
1641965525774 0.20182807288964588 0
1641965544259 0.18086333688894907 0
1641965562459 0.16330228681564332 0
1641965581423 0.1478441148797671 0
1641965599980 0.13506644751230876 0
1641965618764 0.12348445602655411 0
1641965637330 0.11319726666212082 0
1641965656279 0.10424887233972549 0
1641965674984 0.09641373486320177 0
1641965693525 0.08965999256173769 0
1641965712108 0.08326134455005328 0
1641965730670 0.07724557297825814 0
1641965749346 0.07202686558961868 0
1641965814889 2.10332698542277 0
1641965834634 0.8396407324790954 0
1641965854386 0.38864468086560566 0
1641965874127 0.3068109963496526 0
1641965894052 0.2608899840037028 0
1641965914124 0.2258987922668457 0
1641965934525 0.19717539234161377 0
1641965954238 0.17303698217868804 0
1641965973831 0.15367038567066194 0
1641965993745 0.13832297081947326 0
1641966013603 0.124238724899292 0
1641966033153 0.1134373656074206 0
1641966052924 0.10320579063892364 0
1641966072567 0.09484253738721211 0
1641966092857 0.08742333962917329 0
1641966112700 0.08017863707542419 0
1641966132656 0.07422623161474863 0
1641966152676 0.06832846192320188 0
1641966172825 0.06375218983789285 0
1641966192725 0.058854752022027966 0
1641966263775 2.023672486050924 0
1641966284952 0.8454231769243876 0
1641966305609 0.4031747729460398 0
1641966326657 0.31691582215627034 0
1641966347917 0.27079760784308116 0
1641966369249 0.23659559994538626 0
1641966390243 0.2082825208902359 0
1641966411134 0.18563733661174775 0
1641966432279 0.16664883049726487 0
1641966453658 0.15042107612689337 0
1641966474924 0.13709281798998516 0
1641966496129 0.12463121192455291 0
1641966517547 0.11465328983068467 0
1641966538654 0.1054022369146347 0
1641966559652 0.09735170720418294 0
1641966580747 0.08981395763953527 0
1641966601733 0.08338248615264893 0
1641966622813 0.07740021793842315 0
1641966644079 0.0717706459681193 0
1641966665137 0.06679750941594442 0
1641966740644 2.1050865023930867 0
1641966762862 1.1164997975349427 0
1641966785170 0.49543202222188315 0
1641966807638 0.35450363494555154 0
1641966830100 0.29960884229342144 0
1641966852480 0.26301998494466144 0
1641966874737 0.23218633641401926 0
1641966897288 0.2055684639453888 0
1641966919768 0.18360340067545572 0
1641966941997 0.16486371576388678 0
1641966964161 0.14871130217711132 0
1641966986789 0.1351406861225764 0
1641967009173 0.12346128152807553 0
1641967032842 0.11377294688423474 0
1641967057006 0.10468491575320561 0
1641967080601 0.09711369345188141 0
1641967103477 0.08995566827456157 0
1641967126207 0.08365386428435644 0
1641967148079 0.07755673126777013 0
1641967170571 0.0726322948316733 0
1641967251632 2.108857380104065 0
1641967275053 0.9661875756263733 0
1641967298535 0.4176125084797541 0
1641967322102 0.32092812310854596 0
1641967345497 0.2734108287493388 0
1641967368923 0.23843180222511293 0
1641967392531 0.21033535086313884 0
1641967415861 0.18656150320370993 0
1641967439408 0.1667872520248095 0
1641967462888 0.1495470700621605 0
1641967486454 0.13550560057163238 0
1641967509775 0.1235693648258845 0
1641967533202 0.11271403895219168 0
1641967556611 0.10364154314200083 0
1641967580043 0.09525480909347535 0
1641967603570 0.0875406324883302 0
1641967627094 0.08042538165648778 0
1641967650733 0.0747104770720005 0
1641967674499 0.06951317954858144 0
1641967698070 0.06412372265656789 0
1641967784120 1.960706125640869 0
1641967808768 0.6981921267668406 0
1641967833708 0.37504559381802877 0
1641967858540 0.3026648809512456 0
1641967883148 0.2595341734170914 0
1641967907982 0.22565210672219593 0
1641967933054 0.19795680443445843 0
1641967957781 0.17601373065312703 0
1641967982598 0.1574713168978691 0
1641968007047 0.1413936695098877 0
1641968031650 0.1280729803244273 0
1641968056109 0.1164965990781784 0
1641968080261 0.10632291235129039 0
1641968104674 0.09725168045759201 0
1641968129663 0.08856754166285197 0
1641968154542 0.08156983863910039 0
1641968179317 0.07553151928981146 0
1641968203699 0.06943210646907488 0
1641968228262 0.06461119803786278 0
1641968252798 0.05959280912081401 0
1641968344966 2.0252962916692097 0
1641968371224 0.814570829518636 0
1641968397599 0.3885003830909729 0
1641968423985 0.3071539218823115 0
1641968449634 0.26378585596084597 0
1641968475499 0.22956113114356994 0
1641968501515 0.20061148536205292 0
1641968527833 0.17735128819147747 0
1641968554086 0.15791644106705985 0
1641968579358 0.14124041902224224 0
1641968605071 0.1277319049636523 0
1641968630771 0.11560487423737843 0
1641968656633 0.10526812009016673 0
1641968682197 0.09667569905320804 0
1641968708095 0.08866579349835714 0
1641968733780 0.08236811478435993 0
1641968759543 0.07600747692982356 0
1641968785167 0.06988566840489706 0
1641968810723 0.06451662427186966 0
1641968836525 0.059678071029980975 0
1641968935737 2.0147991098403932 0
1641968962386 0.854749676545461 0
1641968989289 0.4163602903207143 0
1641969015943 0.3259670508861542 0
1641969042765 0.28029540030161537 0
1641969069721 0.24616613966623943 0
1641969096628 0.21706540751457215 0
1641969123731 0.19320223400592804 0
1641969150820 0.17277751308679581 0
1641969177512 0.15520412840048473 0
1641969204636 0.14061840863227845 0
1641969231614 0.12901660309235255 0
1641969258716 0.1183208833694458 0
1641969285988 0.10870281071265539 0
1641969313252 0.0997053344408671 0
1641969340079 0.09256964157025019 0
1641969367019 0.08596670728524526 0
1641969394422 0.07932366358836491 0
1641969421515 0.07329423739115397 0
1641969448645 0.06840512770414352 0
1641969552118 1.8262663488388062 0
1641969580159 0.6739853118578593 0
1641969609033 0.3761149234930674 0
1641969637642 0.29856731974283857 0
1641969665788 0.2534817438920339 0
1641969694291 0.22024369910558064 0
1641969722588 0.19350868337949118 0
1641969750980 0.17164251463413238 0
1641969779464 0.15401813067595163 0
1641969807826 0.13889273765484492 0
1641969835886 0.12675161648988723 0
1641969864303 0.11561944106817246 0
1641969892800 0.10590478782653809 0
1641969921304 0.09655657827854157 0
1641969949710 0.08965146415233612 0
1641969977813 0.08238761130174001 0
1641970006118 0.07647163301706314 0
1641970034068 0.07089611130356789 0
1641970062661 0.06552021530071894 0
1641970090992 0.061121199333667754 0
1641970199894 1.646591461054484 0
1641970229593 0.49624062886238096 0
1641970259253 0.3213281290610631 0
1641970288563 0.2642812059322993 0
1641970318132 0.22485433833201726 0
1641970347536 0.19417202111085255 0
1641970377095 0.16986852788925172 0
1641970406640 0.15055577848752338 0
1641970435745 0.13447022922436397 0
1641970465792 0.12070619237820307 0
1641970495774 0.10943329197565714 0
1641970525316 0.09873935733834903 0
1641970554679 0.09023216341336568 0
1641970584322 0.08243921035925547 0
1641970613744 0.07574186321794987 0
1641970643230 0.06949293506741523 0
1641970672670 0.0637081764002641 0
1641970702247 0.058888568351666136 0
1641970731777 0.054359115228056906 0
1641970761401 0.04978407829900583 0
1641970876791 1.987667847251892 0
1641970908021 0.81710181183815 0
1641970939130 0.41668276325861614 0
1641970969802 0.3272607559680939 0
1641971000241 0.27854101056257885 0
1641971030946 0.24179443356990815 0
1641971061324 0.21312204328378043 0
1641971091923 0.18988070171276727 0
1641971122412 0.17009742121696472 0
1641971152705 0.15306141169865925 0
1641971183492 0.13898307484587033 0
1641971214367 0.1270733928600947 0
1641971244922 0.11659356209437052 0
1641971275434 0.10718958090543747 0
1641971306309 0.09848127814531327 0
1641971337156 0.09140177303155263 0
1641971367462 0.08450351412693659 0
1641971398067 0.07799343120654424 0
1641971428827 0.07197210645874341 0
1641971459161 0.0666383950551351 0
1641971580298 1.7031666876475016 0
1641971612144 0.49743397693634034 0
1641971643929 0.31915330289204913 0
1641971675732 0.2635113119761149 0
1641971707619 0.22454432292779286 0
1641971739569 0.19396650773684185 0
1641971771925 0.1700323885679245 0
1641971804527 0.1502477340777715 0
1641971836712 0.13509336477915446 0
1641971868540 0.12138018197615941 0
1641971900971 0.11024404807885488 0
1641971933276 0.10031632976929347 0
1641971964993 0.09132796880801519 0
1641971997132 0.08447454729676247 0
1641972029072 0.07710780508915584 0
1641972061205 0.07039868002335231 0
1641972092613 0.0648375589509805 0
1641972124171 0.05980117128590743 0
1641972155819 0.05492862434387207 0
1641972187548 0.05089519400397936 0
1641972314656 1.8174206918080649 0
1641972347397 0.5555079450448354 0
1641972380291 0.3337705147425334 0
1641972413377 0.2695024198929469 0
1641972447161 0.2284371724208196 0
1641972480249 0.19564650065104167 0
1641972513198 0.17138874737421672 0
1641972545871 0.15108362417618434 0
1641972578802 0.13591262038548788 0
1641972612018 0.12261626578172048 0
1641972645226 0.11091319506168365 0
1641972677703 0.10025778360565503 0
1641972710593 0.09255418910980225 0
1641972743594 0.0844994072685639 0
1641972776898 0.07744168494145076 0
1641972809557 0.0716561871300141 0
1641972842492 0.06568777640263239 0
1641972875746 0.060228052174051604 0
1641972908864 0.05574116890430451 0
1641972942068 0.05083051701585452 0
1641973075418 1.8640325619379678 0
1641973109472 0.6650672105789185 0
1641973143619 0.36610875829060874 0
1641973177920 0.2949556657075882 0
1641973212393 0.2517757226785024 0
1641973246402 0.21947696607112885 0
1641973280293 0.19360937685171764 0
1641973314086 0.1724817941268285 0
1641973348327 0.15409341413180033 0
1641973382566 0.13908706823190053 0
1641973416871 0.12620342793067296 0
1641973451229 0.11546151056289673 0
1641973485463 0.10577335185607274 0
1641973519950 0.09713533871173859 0
1641973554371 0.0903893922050794 0
1641973588727 0.0828136292874813 0
1641973623400 0.07652394808530807 0
1641973657690 0.07089856208165486 0
1641973692019 0.0654148899336656 0
1641973726002 0.060973357963562014 0
1641973866536 1.7216596069018046 0
1641973902076 0.5497620950857798 0
1641973937172 0.3393121563355128 0
1641973972897 0.2792387932141622 0
1641974008663 0.23990836006402969 0
1641974044415 0.21027758655548096 0
1641974079857 0.18577581984202068 0
1641974115291 0.1660205105225245 0
1641974150956 0.1490767143368721 0
1641974186648 0.13484063070615132 0
1641974222177 0.12297248229583105 0
1641974257605 0.112181591685613 0
1641974293366 0.10199684884945552 0
1641974328587 0.09403228849172592 0
1641974363532 0.08616935234069824 0
1641974399021 0.0796210197130839 0
1641974434776 0.07364425811568896 0
1641974470027 0.06801873904267947 0
1641974505544 0.062470947076876955 0
1641974541057 0.05784120495915413 0
1641974687476 1.800983955001831 0
1641974724268 0.5484596400260925 0
1641974761111 0.333478537384669 0
1641974797817 0.26999055382410686 0
1641974834785 0.23025931305090586 0
1641974871555 0.19930506833791733 0
1641974908050 0.17520140697161357 0
1641974944959 0.15552995060682298 0
1641974981362 0.13868003489971162 0
1641975017863 0.12516472868919373 0
1641975054770 0.11344868782361349 0
1641975091468 0.10339107866684595 0
1641975128374 0.09417874103387197 0
1641975165116 0.08647254784901937 0
1641975201147 0.08015105573137601 0
1641975238175 0.07333950065573057 0
1641975274651 0.06755561410983403 0
1641975311666 0.06190292529861132 0
1641975348223 0.05772411167025566 0
1641975384806 0.05317267696062724 0
1641975538051 1.7961067512830098 0
1641975575909 0.5810749109745026 0
1641975613091 0.3441274405002594 0
1641975650878 0.28153422674338024 0
1641975688546 0.24245789696375528 0
1641975726952 0.2125010905345281 0
1641975764242 0.187073441918691 0
1641975802071 0.1659363960146904 0
1641975839448 0.14856391092936197 0
1641975876931 0.13325777130126953 0
1641975914541 0.12096923835277558 0
1641975952159 0.10994718305269877 0
1641975989687 0.10014229542414348 0
1641976028036 0.0919261045217514 0
1641976065331 0.08381272663871447 0
1641976103066 0.07764426419138909 0
1641976140146 0.07171460771163304 0
1641976177622 0.06565057426492373 0
1641976215106 0.06069201792677244 0
1641976252920 0.05659186386267344 0
1641976412091 1.6102345586458842 0
1641976450233 0.44872985291481016 0
1641976489065 0.3057328034003576 0
1641976528371 0.25099256044626234 0
1641976566841 0.21312590596675873 0
1641976605277 0.18404866961638133 0
1641976644412 0.16132747830549876 0
1641976683425 0.14282524014314016 0
1641976721778 0.12779743769963584 0
1641976760807 0.11506721122662227 0
1641976799485 0.10388092110951741 0
1641976837973 0.09399111729860306 0
1641976877428 0.08551323024431864 0
1641976916368 0.07820090756018956 0
1641976954485 0.07135532562931379 0
1641976993547 0.06548968310952187 0
1641977032416 0.06030069522062938 0
1641977070771 0.05503896554112434 0
1641977109683 0.051212298729022346 0
1641977148174 0.04681976897915204 0
1641977315067 1.886534276898702 0
1641977355029 0.6332460986614228 0
1641977395897 0.3534217899163564 0
1641977435580 0.2830244966348012 0
1641977475835 0.23966443258126577 0
1641977516161 0.20586259297529858 0
1641977556629 0.180206434237957 0
1641977596794 0.1586482485294342 0
1641977637273 0.141207506052653 0
1641977677833 0.12655446088314057 0
1641977718288 0.1145897006392479 0
1641977758853 0.10383530876239142 0
1641977799003 0.09459521389007568 0
1641977839311 0.08629715517759323 0
1641977879970 0.07937278915047645 0
1641977920487 0.07259423517982165 0
1641977960140 0.06706206327279408 0
1641978000421 0.06214017322758834 0
1641978041874 0.05733100621700287 0
1641978081868 0.052395905301968256 0
1641978256911 1.6751219950358074 0
1641978298614 0.5505385116418203 0
1641978339587 0.35473609951337176 0
1641978380565 0.2885994080106417 0
1641978422560 0.24524317196210224 0
1641978464097 0.21122545352776845 0
1641978505577 0.18565152909755706 0
1641978546761 0.16483886605103812 0
1641978588626 0.14737259209950765 0
1641978630192 0.13321612233718236 0
1641978671270 0.12031433475812277 0
1641978712487 0.110155901769797 0
1641978753749 0.10085510478417078 0
1641978794777 0.09283124816219011 0
1641978836379 0.08526700317064921 0
1641978877022 0.07862753177285195 0
1641978917767 0.07248433545430501 0
1641978958794 0.06678175563613574 0
1641979000400 0.06225861584842205 0
1641979041755 0.057551301324367525 0
1641979223078 1.7195872004508972 0
1641979266507 0.6201656098842621 0
1641979309737 0.3786356850306193 0
1641979352346 0.3049212880929311 0
1641979395056 0.2610173544804255 0
1641979437647 0.2266237196048101 0
1641979480117 0.1988638152996699 0
1641979523095 0.17629798658688864 0
1641979566456 0.1577370329618454 0
1641979609242 0.14193596845070522 0
1641979652508 0.12883205450375876 0
1641979695290 0.11785384624004364 0
1641979738493 0.10894074136416117 0
1641979781505 0.09963618539571763 0
1641979823946 0.0917296577056249 0
1641979866747 0.0849397161523501 0
1641979909416 0.07803965318202973 0
1641979952437 0.07336661503513654 0
1641979995367 0.0675386568069458 0
1641980038003 0.06284598577221234 0
1641980225999 1.633218453502655 0
1641980270229 0.4641628987312317 0
1641980314909 0.30758858912785847 0
1641980358823 0.2503175263484319 0
1641980403061 0.21234385245641071 0
1641980447487 0.18299920794169108 0
1641980492027 0.1607807476957639 0
1641980536285 0.14131251720587412 0
1641980580714 0.12679748925367992 0
1641980624770 0.11429144839644433 0
1641980668798 0.10273174518346787 0
1641980712653 0.09322132396300634 0
1641980756754 0.0848647651831309 0
1641980800862 0.07835357275009155 0
1641980845058 0.0715240111788114 0
1641980889325 0.06550937111973762 0
1641980933366 0.060442200936873754 0
1641980977333 0.056136164397994674 0
1641981021555 0.051063439602653186 0
1641981065708 0.0464942773381869 0
1641981262189 1.7734090947151184 0
1641981306991 0.5335937158266704 0
1641981351235 0.3298633872667948 0
1641981396824 0.2704700645685196 0
1641981441406 0.2302536638577779 0
1641981485956 0.19914777561823527 0
1641981531129 0.17372476317882538 0
1641981576587 0.1536129816174507 0
1641981621606 0.13656439743041993 0
1641981666722 0.12245199162562688 0
1641981711714 0.11112811978658041 0
1641981756997 0.10079451666673024 0
1641981802068 0.09214916461308797 0
1641981847576 0.084196744175752 0
1641981893689 0.07711103310783704 0
1641981939226 0.07101916859944661 0
1641981984552 0.06522568541367849 0
1641982029372 0.0600973102102677 0
1641982074790 0.055043692078689734 0
1641982120306 0.05132925895651182 0
1641982324110 1.6547012961387635 0
1641982370818 0.5025889534155528 0
1641982417707 0.3263077670256297 0
1641982463789 0.2678477640469869 0
1641982510709 0.2294154666741689 0
1641982557881 0.19917003728548685 0
1641982604631 0.17504005245367685 0
1641982652118 0.1549914110660553 0
1641982698546 0.13845426710446676 0
1641982745805 0.12418857011795044 0
1641982792908 0.11262857565879822 0
1641982839456 0.10202661089897155 0
1641982886011 0.09335217910011609 0
1641982932562 0.08561618946989377 0
1641982980101 0.07774363242785136 0
1641983026543 0.07172060888111591 0
1641983073572 0.06579788458744684 0
1641983120380 0.06072669667005539 0
1641983167602 0.055645205173889795 0
1641983213494 0.051715334292252856 0
1641983425601 1.5840381404558816 0
1641983473612 0.4996320446650187 0
1641983521170 0.337889910364151 0
1641983569382 0.27753348019917806 0
1641983618223 0.23762296358744303 0
1641983665622 0.2065645500977834 0
1641983713522 0.18135488432248434 0
1641983761918 0.16134313542048137 0
1641983809694 0.14406876155138015 0
1641983857373 0.13023914652268093 0
1641983906524 0.11778722820281982 0
1641983955220 0.10782242708206177 0
1641984004176 0.09878467542330424 0
1641984051932 0.09023691475788752 0
1641984098925 0.08273605684240659 0
1641984146918 0.07608291776378949 0
1641984195227 0.06876483059028785 0
1641984242855 0.06380017372568449 0
1641984290546 0.05937993837396304 0
1641984338815 0.05417548732360204 0
1641984560084 1.5717209748586018 0
1641984608409 0.4686178107738495 0
1641984657639 0.3070888896306356 0
1641984706491 0.25151982759634656 0
1641984756125 0.21288061969280242 0
1641984805345 0.18358524640401205 0
1641984854643 0.16106867450078327 0
1641984904760 0.1425799654483795 0
1641984953733 0.1278407213350137 0
1641985003575 0.11495540560483933 0
1641985052737 0.10426778604984284 0
1641985101187 0.09541641897757848 0
1641985150300 0.08672010623216629 0
1641985199198 0.07939989636341731 0
1641985248900 0.0725501497844855 0
1641985297947 0.06651090960303942 0
1641985347828 0.06068864950935046 0
1641985396676 0.05577681424220403 0
1641985445447 0.05141991602977117 0
1641985495785 0.04738751125534375 0
1641985724033 1.5300764663060507 0
1641985774796 0.4252322148958842 0
1641985825915 0.29685469436645506 0
1641985876662 0.24334470807711284 0
1641985927219 0.2062514692147573 0
1641985978413 0.1781836641629537 0
1641986028373 0.15658045888741812 0
1641986078201 0.1394389817158381 0
1641986128583 0.12493701318105062 0
1641986179688 0.11277929104963938 0
1641986231145 0.10200689861774445 0
1641986282094 0.09292319589058558 0
1641986332405 0.0854076990445455 0
1641986383320 0.07799038944443067 0
1641986434564 0.07175099644263586 0
1641986485363 0.06604189345041911 0
1641986536746 0.0608542827407519 0
1641986587115 0.05522855786085129 0
1641986638116 0.05122779850363731 0
1641986688517 0.04772140393257141 0
1641986927004 1.5851159104983013 0
1641986979366 0.5212902325471243 0
1641987030250 0.33485194738705953 0
1641987082227 0.27645731641451515 0
1641987134783 0.23538547798792522 0
1641987187188 0.204572078982989 0
1641987239045 0.17939551703532536 0
1641987292008 0.1584903973698616 0
1641987343882 0.14186556030114492 0
1641987395981 0.12758232075373332 0
1641987447651 0.11603558566570282 0
1641987500726 0.10526706157922745 0
1641987551296 0.09646784437497456 0
1641987601884 0.08861924884319305 0
1641987654864 0.08081119300524393 0
1641987707404 0.07433840078115463 0
1641987759841 0.06829164284467697 0
1641987812452 0.06268275583585103 0
1641987864468 0.05754791843891144 0
1641987917028 0.05319704601565997 0
1641988162210 1.5389709403991698 0
1641988215654 0.45079551512400307 0
1641988269460 0.3083494023323059 0
1641988323331 0.2535267797311147 0
1641988374832 0.21607641655604046 0
1641988427644 0.18689462931950887 0
1641988482024 0.16396667194366454 0
1641988536187 0.14536873599688213 0
1641988589552 0.13086072885990144 0
1641988643488 0.11723357037305832 0
1641988696133 0.10703713731765747 0
1641988749642 0.0970879814863205 0
1641988803306 0.08908948694864909 0
1641988856527 0.08153943601051966 0
1641988909378 0.07481907187700272 0
1641988962801 0.06881918678283691 0
1641989015642 0.06316612437367439 0
1641989066896 0.057409931276241936 0
1641989119183 0.053101223416129745 0
1641989172718 0.049001322304209075 0
1641989427677 1.6121441241264343 0
1641989481637 0.503164161992073 0
1641989536426 0.3283557651599248 0
1641989589161 0.26824147941271465 0
1641989644152 0.22721189908981324 0
1641989698074 0.19712281897068024 0
1641989752520 0.17213002179463704 0
1641989807053 0.15387091133594513 0
1641989861707 0.13734775536060334 0
1641989916341 0.12400984898408254 0
1641989971217 0.11249132408301035 0
1641990023508 0.10170820927619934 0
1641990079147 0.09291688832044602 0
1641990134188 0.0849995368083318 0
1641990189383 0.07781552382310232 0
1641990243915 0.07101394063035647 0
1641990299713 0.06548390441040199 0
1641990354474 0.06053995980372032 0
1641990409507 0.05564344801704089 0
1641990463993 0.05097442447543144 0
1641990728145 1.6166762776374817 0
1641990783742 0.5045372717380524 0
1641990839165 0.3258636600891749 0
1641990894954 0.26780266938209535 0
1641990950182 0.22846952673594156 0
1641991004838 0.1988688637336095 0
1641991061610 0.17400615780353546 0
1641991116681 0.15261954615910847 0
1641991171796 0.1360274724562963 0
1641991225567 0.12177789326310158 0
1641991281866 0.1093947131315867 0
1641991336275 0.09888521888454756 0
1641991392514 0.08986619113286336 0
1641991448488 0.08261737646460533 0
1641991504699 0.07526734030644099 0
1641991559714 0.06930308257142703 0
1641991614406 0.06306763618985813 0
1641991670170 0.05816514224012693 0
1641991725884 0.05434533417423566 0
1641991781813 0.049430265108744306 0
1641992053069 1.5452284644762675 0
1641992111452 0.47186618717511497 0
1641992168367 0.3187996866861979 0
1641992225610 0.264210866856575 0
1641992282544 0.2259253343820572 0
1641992341144 0.19738064018885296 0
1641992398466 0.17408544351259866 0
1641992456991 0.15366987180312475 0
1641992514155 0.1379437329888344 0
1641992572512 0.12416620619297028 0
1641992630441 0.11222111884355546 0
1641992687234 0.10271024989287059 0
1641992744623 0.09372012125651041 0
1641992801980 0.08542953787644704 0
1641992858852 0.07916747352480888 0
1641992914542 0.07321382836103439 0
1641992972269 0.06705498581329981 0
1641993029635 0.06162491156856219 0
1641993088829 0.05694322539170583 0
1641993146677 0.052998580133914945 0
1641993429541 1.6011644960085551 0
1641993488983 0.5153048213164012 0
1641993547451 0.338432968155543 0
1641993606113 0.27995191627343496 0
1641993666199 0.2422933452765147 0
1641993725772 0.21140188910166421 0
1641993785665 0.18548168861071268 0
1641993845381 0.16445901112159092 0
1641993904784 0.1468604250828425 0
1641993963365 0.13151596352259318 0
1641994022585 0.11867536789178848 0
1641994080891 0.10700463150342306 0
1641994140325 0.09749040046532949 0
1641994198813 0.08834043914079666 0
1641994258733 0.08101222634514173 0
1641994317310 0.07372350128293037 0
1641994376293 0.06767293034593264 0
1641994435557 0.0629327518483003 0
1641994494781 0.05775780971844991 0
1641994553479 0.05308022638559341 0
1641994844796 1.4622019673029583 0
1641994904440 0.44948566082318625 0
1641994964852 0.3096676040728887 0
1641995024847 0.25275956854820253 0
1641995084724 0.21439927225112915 0
1641995145526 0.18504937446912129 0
1641995206313 0.162096387108167 0
1641995266585 0.14303471801280976 0
1641995326628 0.12807988622983296 0
1641995387331 0.11583339111010234 0
1641995448174 0.10448667601545651 0
1641995507788 0.09583899645805359 0
1641995569243 0.08778705215056737 0
1641995630908 0.08085077572862308 0
1641995692439 0.0730922448794047 0
1641995753473 0.06818223424752554 0
1641995814775 0.062040449488162994 0
1641995875765 0.05700495155255 0
1641995935495 0.0533010112007459 0
1641995995645 0.048847881788015364 0
1641996299690 1.5050999841372172 0
1641996362209 0.4680588073412577 0
1641996425891 0.3149845712661743 0
1641996489076 0.2575765428860982 0
1641996551097 0.2211518028497696 0
1641996614147 0.19169181977113087 0
1641996676669 0.16863174289067587 0
1641996738916 0.149682097363472 0
1641996802591 0.1345783193588257 0
1641996865438 0.12024507345557213 0
1641996927939 0.1084130253136158 0
1641996990933 0.098977985171477 0
1641997053216 0.08936334527134895 0
1641997115577 0.08142480715910594 0
1641997176513 0.07456226414442062 0
1641997238359 0.0677637564877669 0
1641997300909 0.062490917044878004 0
1641997365237 0.057257074129581455 0
1641997428532 0.05274386778275172 0
1641997490705 0.04780800655484199 0
1641997803511 1.3958388233820598 0
1641997868579 0.3955196572144826 0
1641997933706 0.2846229519844055 0
1641997998824 0.23280108983516692 0
1641998063657 0.19675678905646007 0
1641998128047 0.16942077958981197 0
1641998192716 0.1481589465399583 0
1641998257509 0.13097841264804205 0
1641998321568 0.11722309320370357 0
1641998386748 0.10452023950020473 0
1641998450874 0.09352019108732541 0
1641998515200 0.08496284061272939 0
1641998580395 0.07639730934699376 0
1641998644879 0.06937369237740834 0
1641998709236 0.06440749834974607 0
1641998774308 0.05759702343841394 0
1641998838362 0.05267251979708672 0
1641998902477 0.04838021326263746 0
1641998966901 0.04459053981999556 0
1641999031463 0.04065435927609603 0
1641999357277 1.4239611209233602 0
1641999423859 0.4300111192385356 0
1641999491324 0.30275654923121137 0
1641999557456 0.25054215603669483 0
1641999623265 0.21228124656677247 0
1641999689958 0.1809042785525322 0
1641999755703 0.15874178562164307 0
1641999822647 0.13846024660666784 0
1641999889370 0.12346246049205462 0
1641999955434 0.11116559830506642 0
1642000021363 0.10011920884450276 0
1642000087285 0.0904480879664421 0
1642000154254 0.08283350644111634 0
1642000219616 0.07578872733314831 0
1642000285597 0.06864986521402995 0
1642000351025 0.06379388737678528 0
1642000416808 0.05821569071014722 0
1642000483056 0.05315406869351864 0
1642000548960 0.04854975871443749 0
1642000615368 0.04554055829743544 0
