1651737348210 1.335110980606079 0
1651737351156 0.810695061969757 0
1651737354058 0.5442514396190643 0
1651737356938 0.3925976669549942 0
1651737359640 0.29130211939811707 0
1651737365592 1.386604665184021 0
1651737368987 1.04034821600914 0
1651737372217 0.832806782913208 0
1651737375463 0.6912419907569886 0
1651737378817 0.5565725114822387 0
1651737385577 1.5058058801651002 0
1651737389153 1.1580565578460693 0
1651737392795 0.9054638130187989 0
1651737396331 0.7621506607532501 0
1651737399809 0.6560559440612793 0
1651737406787 1.3332487637519836 0
1651737410620 0.7496457718849182 0
1651737414601 0.5725674661636353 0
1651737418477 0.5063760419845581 0
1651737422325 0.426519093132019 0
1651737429598 1.6137020849227905 0
1651737433720 1.3303924411773682 0
1651737437744 1.104202198600769 0
1651737441850 0.9706831758499146 0
1651737446026 0.8687206478118896 0
