1644500586105 2.1456264053344727 0
1644500587890 1.5109438680648803 0
1644500589596 1.311269489097595 0
1644500591285 1.1700545763015746 0
1644500592940 1.107006435585022 0
1644500594614 1.0354377216339112 0
1644500596302 0.9058464513778687 0
1644500597958 0.871551518535614 0
1644500599567 0.9249063126564026 0
1644500601255 0.7950284787178039 0
1644500603888 1.4249380153656006 0
1644500606164 0.9405371345520019 0
1644500608471 0.8692791830062866 0
1644500610796 0.9058535158157348 0
1644500613079 0.7649894166946412 0
1644500615299 0.8172001427650452 0
1644500617599 0.7412086292266846 0
1644500619954 0.7986329629898071 0
1644500622342 0.7986094095230103 0
1644500624679 0.7394181153774262 0
1644500628151 0.9673096007347107 0
1644500631100 0.7649322441736857 0
1644500634129 0.6800769645690918 0
1644500636966 0.6896095032056173 0
1644500639895 0.6694058334668478 0
1644500642799 0.6314217084248861 0
1644500645755 0.6268308350245158 0
1644500648698 0.6424017347971598 0
1644500651697 0.6238074473063151 0
1644500654641 0.5602663937886556 0
