1645552757717 1.5963528228759765 0
1645552762401 1.4595073429107666 0
1645552767323 1.3634307396888732 0
1645552772083 1.2321259787559509 0
1645552776573 1.0591100204467774 0
1645552786503 1.2932083322525025 0
1645552791744 0.9631218876838684 0
1645552797101 0.8154920167922973 0
1645552802576 0.7054439089775085 0
1645552807885 0.6420198871612549 0
1645552818571 1.4407889747619629 0
1645552824600 1.1329615489959717 0
1645552830672 1.0477029029846192 0
1645552836784 1.0098462549209595 0
1645552842830 0.9403415490150452 0
