1643811121854 0.39757963213125863 0
1643811176088 0.2953868616104126 0
1643811235633 0.29167504035631814 0
1643811303392 0.31202304681142173 0
1643811377179 0.3232285708586375 0
1643811457232 0.33280596539179486 0
1643811541904 0.34548239146868387 0
1643811633710 0.35892720143000284 0
1643811731293 0.3803893270333608 0
1643811834494 0.39070500996907553 0
1643811941831 0.40716017615000405 0
1643812056867 0.39752159434954326 0
1643812177225 0.4234062406380971 0
1643812304108 0.435070845190684 0
1643812435061 0.44579709828694664 0
1643812570828 0.4561969212849935 0
1643812713752 0.4596675973256429 0
1643812862619 0.46208354070981345 0
1643813017408 0.48504938588142393 0
1643813177697 0.4818392033735911 0
1643813341404 0.4972861572583516 0
1643813512509 0.5015751474698384 0
1643813690626 0.5065086276849111 0
1643813873540 0.5329751188755035 0
1643814063795 0.5290394802252452 0
1643814257759 0.5356239790916443 0
1643814459376 0.5548297030766804 0
1643814666642 0.553274596118927 0
1643814879800 0.546183315483729 0
1643815098743 0.561292136144638 0
