1651671377077 0.4096 0
1651671379839 0.5964 0
1651671382611 0.6572 0
1651671385376 0.6652 0
1651671388221 0.7008 0
1651671393365 0.4602 0
1651671398379 0.5112 0
1651671403229 0.532 0
1651671408323 0.5692 0
1651671413510 0.5746 0
1651671421078 0.47626666666666667 0
1651671428194 0.5085333333333333 0
1651671435463 0.5330666666666667 0
1651671442388 0.5498666666666666 0
1651671449337 0.5513333333333333 0
1651671459378 0.5292 0
1651671468799 0.5643 0
1651671478245 0.5932 0
1651671487883 0.6029 0
1651671497406 0.5952 0
1651671510178 0.53768 0
1651671521992 0.56424 0
1651671534116 0.55976 0
1651671546205 0.57744 0
1651671558432 0.5832 0
