1651984500991 0.3004 0
1651984504389 0.4214 0
1651984507784 0.513 0
1651984511130 0.554 0
1651984514437 0.6092 0
1651984519714 0.4897 0
1651984524803 0.587 0
1651984529749 0.6265 0
1651984534859 0.6678 0
1651984539970 0.6966 0
1651984545631 0.5385 0
1651984550728 0.6214 0
1651984555774 0.6584 0
1651984560911 0.7014 0
1651984566036 0.7171 0
1651984571881 0.6122224444888977 0
1651984577093 0.6844368873774755 0
1651984582231 0.7267453490698139 0
1651984587549 0.755251050210042 0
1651984592884 0.7793558711742349 0
1651984599212 0.6113 0
1651984604625 0.6768 0
1651984610187 0.7051 0
1651984615331 0.7383 0
1651984620877 0.7552 0
