1651839886122 0.6088 0
1651839889181 0.7832 0
1651839892275 0.818 0
1651839895317 0.8572 0
1651839898503 0.8836 0
1651839901530 0.8988 0
1651839904615 0.9112 0
1651839907650 0.912 0
1651839910748 0.9152 0
1651839913811 0.9436 0
1651839916857 0.9416 0
1651839919963 0.9488 0
1651839923027 0.9604 0
1651839926262 0.964 0
1651839929448 0.9616 0
1651839932460 0.9656 0
1651839935550 0.9576 0
1651839938598 0.9656 0
1651839941742 0.984 0
1651839944802 0.9772 0
1651839947929 0.9756 0
1651839950953 0.976 0
1651839954108 0.9792 0
1651839957081 0.9704 0
1651839960180 0.9752 0
1651839963298 0.982 0
1651839966351 0.9664 0
1651839969456 0.9712 0
1651839972413 0.9892 0
1651839975488 0.9856 0
1651839980187 0.724 0
1651839980830 0.0 0
1651839981455 0.0 0
1651839982087 0.0 0
1651839982735 0.0 0
1651839983383 0.0 0
1651839984015 0.0 0
1651839984704 0.0 0
1651839985356 0.0 0
1651839986017 0.0 0
1651839986669 0.0 0
1651839987323 0.0 0
1651839987970 0.0 0
1651839988610 0.0 0
1651839989242 0.0 0
1651839989901 0.0 0
1651839990543 0.0 0
1651839991167 0.0 0
1651839991776 0.0 0
1651839992479 0.0 0
1651839993126 0.0 0
1651839993855 0.0 0
1651839994505 0.0 0
1651839995153 0.0 0
1651839995791 0.0 0
1651839996435 0.0 0
1651839997067 0.0 0
1651839997703 0.0 0
1651839998349 0.0 0
1651839998999 0.0 0
1651840006559 0.7068 0
1651840007235 0.0 0
1651840007895 0.0 0
1651840008527 0.0 0
1651840009167 0.0 0
1651840009807 0.0 0
1651840010448 0.0 0
1651840011080 0.0 0
1651840011742 0.0 0
1651840012368 0.0 0
1651840013048 0.0 0
1651840013711 0.0 0
1651840014362 0.0 0
1651840014992 0.0 0
1651840015642 0.0 0
1651840016302 0.0 0
1651840016960 0.0 0
1651840017608 0.0 0
1651840018250 0.0 0
1651840018899 0.0 0
1651840019531 0.0 0
1651840020153 0.0 0
1651840020845 0.0 0
1651840021496 0.0 0
1651840022168 0.0 0
1651840022812 0.0 0
1651840023461 0.0 0
1651840024099 0.0 0
1651840024734 0.0 0
1651840025367 0.0 0
1651840033004 0.7567351293678314 0
1651840033641 0.0 0
1651840034344 0.0 0
1651840034995 0.0 0
1651840035660 0.0 0
1651840036306 0.0 0
1651840036943 0.0 0
1651840037568 0.0 0
1651840038228 0.0 0
1651840038871 0.0 0
1651840039496 0.0 0
1651840040117 0.0 0
1651840040758 0.0 0
1651840041400 0.0 0
1651840042052 0.0 0
1651840042708 0.0 0
1651840043348 0.0 0
1651840043987 0.0 0
1651840044611 0.0 0
1651840045230 0.0 0
1651840045871 0.0 0
1651840046520 0.0 0
1651840047151 0.0 0
1651840047779 0.0 0
1651840048426 0.0 0
1651840049084 0.0 0
1651840049744 0.0 0
1651840050378 0.0 0
1651840051011 0.0 0
1651840051658 0.0 0
1651840059681 0.6882666666666667 0
1651840060298 0.0 0
1651840060940 0.0 0
1651840061543 0.0 0
1651840062234 0.0 0
1651840062897 0.0 0
1651840063584 0.0 0
1651840064250 0.0 0
1651840064910 0.0 0
1651840065556 0.0 0
1651840066189 0.0 0
1651840066811 0.0 0
1651840067464 0.0 0
1651840068104 0.0 0
1651840068810 0.0 0
1651840069486 0.0 0
1651840070168 0.0 0
1651840070809 0.0 0
1651840071464 0.0 0
1651840072112 0.0 0
1651840072747 0.0 0
1651840073381 0.0 0
1651840074020 0.0 0
1651840074659 0.0 0
1651840075328 0.0 0
1651840076021 0.0 0
1651840076680 0.0 0
1651840077338 0.0 0
1651840077968 0.0 0
1651840078612 0.0 0
