1652724899979 0.1512 0
1652724904192 0.2352 0
1652724908509 0.2914 0
1652724912780 0.3306 0
1652724916979 0.377 0
1652724928452 0.2382 0
1652724933535 0.3534 0
1652724938621 0.4082 0
1652724943712 0.4444 0
1652724948828 0.4952 0
1652724961276 0.2318 0
1652724966936 0.3526 0
1652724972671 0.404 0
1652724978318 0.419 0
1652724984069 0.4422 0
1652724997679 0.3158 0
1652725003901 0.435 0
1652725010030 0.4508 0
1652725016246 0.4428 0
1652725022533 0.4588 0
1652725036618 0.2516 0
1652725043439 0.3356 0
1652725050030 0.374 0
1652725056592 0.3976 0
1652725063332 0.3928 0
