1651800547223 0.2868 0
1651800550403 0.4608 0
1651800553512 0.5284 0
1651800556930 0.6184 0
1651800559955 0.6212 0
1651800562972 0.678 0
1651800566049 0.692 0
1651800569081 0.7208 0
1651800572065 0.7464 0
1651800575033 0.784 0
1651800581245 0.2508 0
1651800584635 0.3696 0
1651800587990 0.4276 0
1651800591404 0.5152 0
1651800594622 0.554 0
1651800598090 0.5656 0
1651800601576 0.6032 0
1651800605206 0.6216 0
1651800608715 0.6532 0
1651800612097 0.6656 0
1651800618732 0.2844 0
1651800622385 0.4132 0
1651800626038 0.4864 0
1651800629866 0.5312 0
1651800633493 0.5612 0
1651800637276 0.5972 0
1651800641010 0.5976 0
1651800644698 0.6468 0
1651800648318 0.6404 0
1651800652047 0.6608 0
1651800659223 0.414 0
1651800663220 0.6604 0
1651800667092 0.7276 0
1651800671206 0.76 0
1651800675145 0.7796 0
1651800679193 0.792 0
1651800683111 0.808 0
1651800687204 0.8144 0
1651800691354 0.8188 0
1651800695482 0.8296 0
1651800703049 0.2804 0
1651800707191 0.4084 0
1651800711400 0.4716 0
1651800715537 0.476 0
1651800719641 0.5008 0
1651800723751 0.526 0
1651800727967 0.5276 0
1651800732261 0.5552 0
1651800736479 0.5616 0
1651800740716 0.5832 0
