1645608860528 1.4917229362487794 0
1645608865722 1.2188724313735961 0
1645608870984 0.9756955674171448 0
1645608876281 0.7721151823043824 0
1645608881540 0.5934671627521515 0
1645608888047 1.237660758304596 0
1645608891788 0.8460488391876221 0
1645608895700 0.6474039119720459 0
1645608899579 0.49068339920043946 0
1645608903362 0.35702087602615357 0
1645608912178 1.3599851095199584 0
1645608915997 0.9729217427253724 0
1645608919650 0.753234497642517 0
1645608923419 0.585012147808075 0
1645608927327 0.4406485890865326 0
