1652283193328 0.6537211129546165 0
1652283201323 0.3458346496284008 0
1652283209253 0.25375569782853125 0
1652283217298 0.19634072353690862 0
1652283225370 0.158984036244452 0
1652283235032 1.0716978013992309 0
1652283241010 0.7293391859531403 0
1652283246866 0.5829554341614246 0
1652283252832 0.4979013027429581 0
1652283258780 0.4107047058820725 0
1652283271898 1.1367795613765717 0
1652283277888 0.7901531035900116 0
1652283283946 0.6713108537077904 0
1652283289897 0.5546470580995083 0
1652283295873 0.46159726905822757 0
1652283313440 0.7594789136648178 0
1652283319353 0.4385980230569839 0
1652283325349 0.33049564743340015 0
1652283331480 0.24679021877497434 0
1652283337421 0.23522058576866983 0
1652283358071 1.23249890832901 0
1652283363910 0.8835030040740967 0
1652283369943 0.7084545589447021 0
1652283375899 0.5975870870351792 0
1652283381826 0.524832974743843 0
