1654348457060 0.5945819353112539 0
1654348471804 0.1284432021437637 0
1654348487144 0.06852122502390065 0
1654348502574 0.05108614429440861 0
1654348517915 0.05268559930752923 0
1654348532966 0.04156361051832169 0
1654348547690 0.03520249412184718 0
1654348563057 0.02963793967929533 0
1654348578093 0.021926847219841037 0
1654348592842 0.03384788254973182 0
1654348645766 0.2185190363242869 0
1654348685047 0.05400314672356936 0
1654348722928 0.02517459257376225 0
1654348760865 0.03942278117804892 0
1654348798619 0.02102541679359972 0
1654348836242 0.02314716240575638 0
1654348873741 0.015064943609468261 0
1654348911833 0.00990219266991475 0
1654348949911 0.026140671609970637 0
1654348987879 0.016242193136639875 0
1654349056867 0.16684379130990357 0
1654349094046 0.02820720892330437 0
1654349131098 0.020717971451791474 0
1654349168543 0.018669851501433053 0
1654349206177 0.018980181188348804 0
1654349243425 0.00885913579477867 0
1654349280410 0.012870252679685654 0
1654349317530 0.007652516591545487 0
1654349354644 0.024521330201576735 0
1654349391923 0.012640430092282828 0
1654349476535 0.29651219551313135 0
1654349514825 0.07161805669146236 0
1654349551566 0.03005672740626328 0
1654349588583 0.03804194056973982 0
1654349625957 0.02565042888395502 0
1654349663007 0.016776361128766026 0
1654349700124 0.013911177657410548 0
1654349738011 0.031199245785583002 0
1654349775946 0.02084404301301284 0
1654349813123 0.01793266833626274 0
1654349913226 0.14962234583058362 0
1654349950764 0.020918571529842188 0
1654349988956 0.015927833895454765 0
1654350027225 0.00465110704639833 0
1654350065081 0.0002040998830166799 0
1654350103110 0.02356496822543067 0
1654350141194 0.011299837521231445 0
1654350179250 0.010177134684048815 0
1654350217422 0.008112475985478646 0
1654350255384 0.008433792422255615 0
