1644426637768 0.8745471420288086 0
1644426639598 0.33691578216552737 0
1644426641362 0.21246849732398987 0
1644426643271 0.1289942219018936 0
1644426645123 0.0885606225013733 0
1644426648364 0.4390359204530716 0
1644426651545 0.19458998261690139 0
1644426654706 0.11585703343302012 0
1644426657842 0.07099341254383326 0
1644426661157 0.05500852019637823 0
1644426666728 0.17817742613991225 0
1644426671798 0.06588078607371989 0
1644426676963 0.05038245034321698 0
1644426682002 0.03448133516976219 0
1644426687253 0.03696344028957142 0
1644426694983 0.20969476435661316 0
1644426702114 0.08813338976860047 0
1644426709100 0.046457105672359465 0
1644426716252 0.032131422209739684 0
1644426723226 0.03286150214418769 0
1644426733407 0.15186670156052479 0
1644426742671 0.06862274342431472 0
1644426751791 0.03431213432743859 0
1644426761254 0.037145817159818344 0
1644426770673 0.013439168041804806 0
1644426783375 0.09625219809169484 0
1644426794849 0.03772402188743465 0
1644426806447 0.02342911122058674 0
1644426818108 0.01408145463189134 0
1644426829674 0.019648039734863662 0
1644426844844 0.12053027746206114 0
1644426858734 0.052274931247048476 0
1644426872755 0.02850425237783435 0
1644426886519 0.015079321958423089 0
1644426900480 0.02198296511593277 0
1644426917984 0.10394151510758834 0
1644426934020 0.03829015181999315 0
1644426950260 0.023809383216500283 0
1644426966306 0.023392850831286473 0
1644426982375 0.009036479217796163 0
1644427002761 0.051352119850536934 0
1644427021703 0.019080375151786556 0
1644427040705 0.014880115026121648 0
1644427059596 0.0055484531183595575 0
1644427078306 0.010238629014443295 0
1644427102131 0.04197368333315743 0
1644427124009 0.013898523318664436 0
1644427146045 0.01490076411310916 0
1644427168502 0.008576487748833772 0
1644427191064 0.006704917368321081 0
1644427218693 0.08779211002693046 0
1644427244143 0.03337399346801249 0
1644427269501 0.01910438697996142 0
1644427294581 0.014502209407510236 0
1644427319937 0.007254644212457606 0
1644427350035 0.03806504226136224 0
1644427377700 0.012106443087729724 0
1644427405538 0.01420225961809823 0
1644427433537 0.0029483615162616468 0
1644427461783 0.010833891399036986 0
1644427496826 0.040563785166979636 0
1644427528829 0.016689667749260832 0
1644427560601 0.008722164980059045 0
1644427592078 0.008828392294644898 0
1644427623423 0.011321095386030077 0
1644427658623 0.040524468225444706 0
1644427691454 0.016509143981713912 0
1644427724224 0.008751109298996314 0
1644427757054 0.00572114627329458 0
1644427790116 0.009707147840651803 0
1644427830899 0.03224849160183278 0
1644427868525 0.014602094600981018 0
1644427906015 0.0043745943271349935 0
1644427942569 0.014317230508402752 0
1644427979652 0.0018472107407432198 0
1644428023072 0.032466830092243604 0
1644428062455 0.014343617661158272 0
1644428101427 0.003903940576987995 0
1644428140793 0.009771216022083211 0
1644428179828 0.0018871671218961064 0
1644428227671 0.0352490755980921 0
1644428272278 0.015935973936080976 0
1644428315802 0.009444973303238867 0
1644428359190 0.0076327410970063675 0
1644428402700 0.0054201093483332696 0
1644428451200 0.024407422168589616 0
1644428496845 0.007539526794826901 0
1644428542456 0.009005325172728758 0
1644428588126 0.0013071957079001228 0
1644428633600 0.009120117820411392 0
1644428690185 0.029289163971581916 0
1644428742685 0.013729763035317121 0
1644428795736 0.007618523704113181 0
1644428849123 0.003326900561597936 0
1644428901809 0.007279704641298645 0
1644428960234 0.03022639854634502 0
1644429014520 0.00905544992113197 0
1644429069291 0.009339246296488423 0
1644429123403 0.004190944887513038 0
1644429177542 0.004408543294601259 0
