1644426637760 0.6724 0
1644426639586 0.8896 0
1644426641350 0.9276 0
1644426643257 0.9628 0
1644426645114 0.9712 0
1644426648357 0.8394 0
1644426651534 0.9329 0
1644426654693 0.9633 0
1644426657831 0.9775 0
1644426661143 0.9827 0
1644426666720 0.9430727023319616 0
1644426671789 0.9797668038408779 0
1644426676956 0.9854252400548696 0
1644426681995 0.9896547782350251 0
1644426687246 0.9882258802011888 0
1644426694970 0.92696 0
1644426702103 0.9718 0
1644426709088 0.98644 0
1644426716240 0.99004 0
1644426723214 0.98924 0
1644426733396 0.9467692307692308 0
1644426742657 0.9772923076923077 0
1644426751778 0.9896 0
1644426761240 0.9881846153846154 0
1644426770665 0.9963692307692308 0
1644426783364 0.9678419604901225 0
1644426794836 0.9889972493123281 0
1644426806440 0.9929732433108277 0
1644426818101 0.9957739434858714 0
1644426829658 0.9938984746186547 0
1644426844836 0.956768025606469 0
1644426858722 0.9834063342318059 0
1644426872742 0.9914083557951483 0
1644426886508 0.995872641509434 0
1644426900473 0.9934299191374663 0
1644426917975 0.9626545454545454 0
1644426934013 0.9876909090909091 0
1644426950248 0.9929454545454546 0
1644426966287 0.9926909090909091 0
1644426982363 0.9971818181818182 0
1644427002744 0.982804995196926 0
1644427021690 0.9942363112391931 0
1644427040697 0.9953890489913545 0
1644427059585 0.9984630163304515 0
1644427078288 0.9971501761127122 0
1644427102119 0.9867428571428571 0
1644427123992 0.9961857142857143 0
1644427146037 0.9955571428571428 0
1644427168485 0.9974571428571428 0
1644427191050 0.9980428571428571 0
1644427218682 0.9667871900826446 0
1644427244130 0.9893078512396695 0
1644427269480 0.9943440082644628 0
1644427294568 0.9957257231404959 0
1644427319925 0.9977918388429752 0
1644427350021 0.9874458262671942 0
1644427377683 0.9965022611644997 0
1644427405527 0.9956189937817976 0
1644427433518 0.9992933860938383 0
1644427461771 0.9965729225551159 0
1644427496815 0.9863209384875113 0
1644427528815 0.9947729535517943 0
1644427560590 0.9976407947707892 0
1644427592066 0.9972836673737068 0
1644427623411 0.9963096835634822 0
1644427658611 0.986116390261468 0
1644427691441 0.9948386580510933 0
1644427724212 0.9973293056194611 0
1644427757042 0.998179526676936 0
1644427790104 0.9967991677836238 0
1644427830884 0.9897049241366471 0
1644427868508 0.9956250581774179 0
1644427905996 0.9987899097086474 0
1644427942551 0.9955040491482826 0
1644427979630 0.9995531974308852 0
1644428023051 0.98945856545961 0
1644428062443 0.9955866991643454 0
1644428101414 0.9989902506963788 0
1644428140780 0.9969446378830084 0
1644428179816 0.9995125348189415 0
1644428227660 0.9871884900545449 0
1644428272265 0.9948068066760296 0
1644428315790 0.9970522912107652 0
1644428359177 0.9976238690923344 0
1644428402688 0.9984649051180716 0
1644428451189 0.9924554183813443 0
1644428496832 0.9977497264222192 0
1644428542443 0.9972719286077588 0
1644428588113 0.9996763305127849 0
1644428633587 0.9969867912023551 0
1644428690165 0.9898942130000146 0
1644428742672 0.9958092632743041 0
1644428795724 0.9975917814996434 0
1644428849110 0.998952315818576 0
1644428901796 0.9975190256537113 0
1644428960221 0.9897103448275862 0
1644429014500 0.9972551724137931 0
1644429069278 0.9971448275862069 0
1644429123390 0.9986758620689655 0
1644429177529 0.9986 0
