1651986242192 0.3 0
1651986245428 0.4656 0
1651986248581 0.648 0
1651986251691 0.6776 0
1651986254891 0.7356 0
1651986258143 0.7688 0
1651986261275 0.8236 0
1651986264536 0.8468 0
1651986267667 0.8704 0
1651986270849 0.8528 0
1651986273998 0.8856 0
1651986277206 0.8836 0
1651986280369 0.926 0
1651986283565 0.9452 0
1651986286613 0.948 0
1651986289876 0.9372 0
1651986293124 0.9512 0
1651986296295 0.97 0
1651986299434 0.9712 0
1651986302621 0.978 0
1651986305828 0.9824 0
1651986308977 0.9904 0
1651986312181 0.9864 0
1651986315326 0.9884 0
1651986318484 0.98 0
1651986321606 0.9816 0
1651986324852 0.992 0
1651986328032 0.992 0
1651986331161 0.996 0
1651986334359 0.992 0
1651986337452 0.9948 0
1651986340629 0.99 0
1651986343782 0.9872 0
1651986346954 0.9872 0
1651986350148 0.9936 0
1651986353369 0.9936 0
1651986356576 0.9912 0
1651986359735 0.992 0
1651986362918 0.9936 0
1651986366081 0.992 0
1651986369301 0.9892 0
1651986372488 0.9912 0
1651986375693 0.9896 0
1651986378849 0.9864 0
1651986382114 0.9892 0
1651986385255 0.9912 0
1651986388455 0.9896 0
1651986391695 0.9912 0
1651986394806 0.9928 0
1651986397970 0.9872 0
1651986401827 0.4328 0
1651986405510 0.628 0
1651986409226 0.6904 0
1651986412693 0.7892 0
1651986416444 0.8464 0
1651986420131 0.8556 0
1651986423755 0.8692 0
1651986427455 0.898 0
1651986431153 0.9296 0
1651986434774 0.9372 0
1651986438348 0.9464 0
1651986442081 0.9216 0
1651986445825 0.95 0
1651986449542 0.9712 0
1651986453200 0.9484 0
1651986456757 0.9708 0
1651986460482 0.982 0
1651986464092 0.9836 0
1651986467683 0.9828 0
1651986471332 0.9852 0
1651986474891 0.9892 0
1651986478553 0.98 0
1651986482204 0.9836 0
1651986485911 0.9868 0
1651986489591 0.9764 0
1651986493206 0.968 0
1651986496830 0.9656 0
1651986500587 0.9796 0
1651986504242 0.9816 0
1651986507784 0.9908 0
1651986511399 0.99 0
1651986514990 0.984 0
1651986518667 0.9848 0
1651986522275 0.988 0
1651986525968 0.9928 0
1651986529596 0.9928 0
1651986533185 0.9932 0
1651986536790 0.9892 0
1651986540547 0.9948 0
1651986544327 0.992 0
1651986547924 0.994 0
1651986551645 0.9948 0
1651986555273 0.9924 0
1651986559030 0.994 0
1651986562694 0.9928 0
1651986566438 0.9932 0
1651986570131 0.992 0
1651986573630 0.9896 0
1651986577270 0.928 0
1651986580953 0.9764 0
1651986585154 0.496 0
1651986588838 0.678 0
1651986592478 0.7264 0
1651986596042 0.8348 0
1651986599636 0.8616 0
1651986603252 0.9044 0
1651986606917 0.9228 0
1651986610441 0.9468 0
1651986614184 0.9528 0
1651986617800 0.9692 0
1651986621430 0.96 0
1651986625127 0.9724 0
1651986628782 0.9732 0
1651986632467 0.9836 0
1651986636143 0.9912 0
1651986639830 0.99 0
1651986643436 0.99 0
1651986647122 0.9868 0
1651986650788 0.988 0
1651986654428 0.9876 0
1651986658106 0.9872 0
1651986661716 0.9912 0
1651986665304 0.9952 0
1651986668954 0.9868 0
1651986672666 0.9912 0
1651986676353 0.9928 0
1651986679946 0.984 0
1651986683679 0.994 0
1651986687296 0.9924 0
1651986690968 0.988 0
1651986694596 0.9904 0
1651986698381 0.9852 0
1651986702048 0.9928 0
1651986705862 0.9968 0
1651986709523 0.9988 0
1651986713155 0.9952 0
1651986716762 0.9892 0
1651986720439 0.9872 0
1651986724005 0.9888 0
1651986727676 0.992 0
1651986731314 0.994 0
1651986734932 0.9968 0
1651986738636 0.9964 0
1651986742292 0.9844 0
1651986745952 0.9948 0
1651986749644 0.9936 0
1651986753312 0.9956 0
1651986757128 0.9948 0
1651986760711 0.9972 0
1651986764265 0.9988 0
1651986768703 0.604 0
1651986772355 0.8116 0
1651986775987 0.8756 0
1651986779811 0.9244 0
1651986783552 0.9492 0
1651986787309 0.9168 0
1651986791048 0.9464 0
1651986794712 0.9724 0
1651986798362 0.984 0
1651986802092 0.9876 0
1651986805746 0.992 0
1651986809484 0.988 0
1651986813147 0.9728 0
1651986816940 0.9864 0
1651986820631 0.9932 0
1651986824125 0.9936 0
1651986827627 0.9956 0
1651986831287 0.9976 0
1651986834890 0.9988 0
1651986838577 0.9996 0
1651986842125 0.9608 0
1651986845746 0.9936 0
1651986849440 0.9956 0
1651986853056 0.9952 0
1651986856839 0.9976 0
1651986860468 0.9956 0
1651986864155 0.9972 0
1651986867854 0.9684 0
1651986871535 0.9756 0
1651986875207 0.9904 0
1651986878878 0.9976 0
1651986882407 0.9964 0
1651986886045 0.9972 0
1651986889685 0.998 0
1651986893286 0.9984 0
1651986896979 0.9972 0
1651986900601 0.9992 0
1651986904267 1.0 0
1651986907989 0.9996 0
1651986911616 0.9988 0
1651986915165 0.9996 0
1651986918727 0.9996 0
1651986922361 0.9996 0
1651986926024 0.9996 0
1651986929570 0.9996 0
1651986933204 0.9996 0
1651986936830 0.9996 0
1651986940436 1.0 0
1651986944055 0.9992 0
1651986947678 1.0 0
1651986952361 0.6328 0
1651986956072 0.8532 0
1651986959731 0.898 0
1651986963487 0.9204 0
1651986967156 0.94 0
1651986970827 0.9616 0
1651986974431 0.9664 0
1651986978110 0.9804 0
1651986981735 0.9776 0
1651986985297 0.988 0
1651986988840 0.9888 0
1651986992473 0.992 0
1651986996109 0.9888 0
1651986999814 0.99 0
1651987003418 0.9944 0
1651987007034 0.998 0
1651987010785 0.9968 0
1651987014468 0.9968 0
1651987018222 0.9964 0
1651987021903 0.9988 0
1651987025569 0.9968 0
1651987029167 0.9968 0
1651987032904 0.998 0
1651987036506 0.9968 0
1651987040187 0.9976 0
1651987043920 0.9972 0
1651987047664 0.9892 0
1651987051429 0.9576 0
1651987054999 0.9884 0
1651987058667 0.9908 0
1651987062329 0.9944 0
1651987065993 0.9908 0
1651987069693 0.9976 0
1651987073368 0.996 0
1651987077051 0.9972 0
1651987080805 0.9988 0
1651987084408 0.9988 0
1651987088030 1.0 0
1651987091660 0.9996 0
1651987095252 1.0 0
1651987098947 0.9996 0
1651987102514 1.0 0
1651987106251 1.0 0
1651987109902 0.9992 0
1651987113599 0.9992 0
1651987117256 0.9988 0
1651987120935 0.9988 0
1651987124540 0.998 0
1651987128279 0.9996 0
1651987131956 0.9992 0
1651987136871 0.5668 0
1651987140580 0.8228 0
1651987144422 0.87 0
1651987148019 0.9052 0
1651987151765 0.9332 0
1651987155468 0.928 0
1651987159091 0.9592 0
1651987162687 0.9756 0
1651987166249 0.912 0
1651987169910 0.9692 0
1651987173417 0.9784 0
1651987177139 0.9892 0
1651987180837 0.9916 0
1651987184434 0.9284 0
1651987188072 0.9812 0
1651987191706 0.9868 0
1651987195333 0.9932 0
1651987198965 0.9944 0
1651987202615 0.9932 0
1651987206239 0.9956 0
1651987209884 0.996 0
1651987213548 0.9984 0
1651987217167 0.9988 0
1651987220851 0.9996 0
1651987224428 0.9984 0
1651987228058 0.9984 0
1651987231643 0.9964 0
1651987235381 0.9976 0
1651987238993 0.9992 0
1651987242614 0.9972 0
1651987246375 1.0 0
1651987250031 1.0 0
1651987253702 0.9976 0
1651987257362 0.9992 0
1651987261103 0.9988 0
1651987264715 0.9984 0
1651987268386 0.9996 0
1651987272001 0.9972 0
1651987275698 0.9996 0
1651987279276 0.9988 0
1651987282861 0.9904 0
1651987286529 0.9964 0
1651987290172 0.9984 0
1651987293805 0.9976 0
1651987297493 0.996 0
1651987301172 0.9932 0
1651987304778 0.9976 0
1651987308443 0.9984 0
1651987312145 0.9984 0
1651987315754 0.9992 0
1651987320801 0.442 0
1651987324443 0.6472 0
1651987328151 0.7068 0
1651987331894 0.7868 0
1651987335512 0.8388 0
1651987339288 0.8592 0
1651987342975 0.8912 0
1651987346557 0.9248 0
1651987350299 0.9236 0
1651987354107 0.9496 0
1651987357827 0.9564 0
1651987361451 0.968 0
1651987365061 0.9676 0
1651987368701 0.9808 0
1651987372436 0.9816 0
1651987376236 0.9744 0
1651987379935 0.946 0
1651987383637 0.978 0
1651987387369 0.9872 0
1651987390989 0.982 0
1651987394586 0.9856 0
1651987398224 0.9864 0
1651987401971 0.9876 0
1651987405649 0.986 0
1651987409352 0.9824 0
1651987412969 0.9916 0
1651987416562 0.9704 0
1651987420321 0.9784 0
1651987424046 0.9768 0
1651987427705 0.9932 0
1651987431396 0.9884 0
1651987435092 0.992 0
1651987438787 0.9944 0
1651987442263 0.9964 0
1651987445950 0.996 0
1651987449572 0.996 0
1651987453279 0.9964 0
1651987456921 0.9916 0
1651987460575 0.9872 0
1651987464239 0.9912 0
1651987467969 0.9924 0
1651987471728 0.9892 0
1651987475378 0.9956 0
1651987479104 0.9896 0
1651987482800 0.9964 0
1651987486438 0.9928 0
1651987490166 0.9948 0
1651987493907 0.9988 0
1651987497610 0.9968 0
1651987501328 0.9984 0
1651987506692 0.4464 0
1651987510427 0.6452 0
1651987514206 0.754 0
1651987517822 0.826 0
1651987521532 0.862 0
1651987525148 0.8916 0
1651987528944 0.9276 0
1651987532572 0.9412 0
1651987536175 0.9452 0
1651987539887 0.948 0
1651987543573 0.974 0
1651987547358 0.9744 0
1651987551087 0.984 0
1651987554700 0.9872 0
1651987558426 0.9836 0
1651987562131 0.9752 0
1651987565808 0.9756 0
1651987569511 0.984 0
1651987573185 0.9864 0
1651987576732 0.9616 0
1651987580392 0.984 0
1651987584048 0.9884 0
1651987587677 0.9904 0
1651987591335 0.9876 0
1651987595144 0.9924 0
1651987598932 0.9924 0
1651987602570 0.99 0
1651987606246 0.9956 0
1651987609792 0.9988 0
1651987613469 0.9948 0
1651987617177 0.9744 0
1651987620844 0.9808 0
1651987624631 0.9936 0
1651987628360 0.9948 0
1651987631989 0.9936 0
1651987635659 0.994 0
1651987639324 0.9976 0
1651987643035 0.9884 0
1651987646635 0.9944 0
1651987650390 0.994 0
1651987654115 0.9944 0
1651987657714 0.9916 0
1651987661396 0.9908 0
1651987665026 0.9924 0
1651987668655 0.9956 0
1651987672447 0.994 0
1651987676108 0.9936 0
1651987679786 0.9924 0
1651987683490 0.9988 0
1651987687117 0.9976 0
1651987692878 0.6052 0
1651987696593 0.7892 0
1651987700319 0.8692 0
1651987704030 0.9128 0
1651987707735 0.9384 0
1651987711381 0.9344 0
1651987715042 0.9532 0
1651987718706 0.9568 0
1651987722429 0.978 0
1651987726011 0.9816 0
1651987729645 0.9892 0
1651987733351 0.9856 0
1651987737155 0.9868 0
1651987740778 0.9916 0
1651987744509 0.9952 0
1651987748245 0.9972 0
1651987752032 0.9976 0
1651987755859 0.9996 0
1651987759539 0.9964 0
1651987763317 0.998 0
1651987767072 0.9924 0
1651987770809 0.9972 0
1651987774518 0.9984 0
1651987778157 0.9996 0
1651987781805 0.9984 0
1651987785504 0.998 0
1651987789202 0.9988 0
1651987792901 0.9972 0
1651987796586 0.9948 0
1651987800201 0.992 0
1651987803978 0.9956 0
1651987807682 0.9964 0
1651987811350 0.994 0
1651987814967 0.9892 0
1651987818619 0.9936 0
1651987822291 0.9932 0
1651987826014 0.996 0
1651987829732 0.9976 0
1651987833404 0.9968 0
1651987836961 0.9932 0
1651987840642 0.992 0
1651987844281 0.9932 0
1651987848010 0.9964 0
1651987851674 0.9996 0
1651987855345 0.9988 0
1651987859001 0.9992 0
1651987862661 0.9968 0
1651987866462 0.9976 0
1651987870283 0.9976 0
1651987873968 0.9976 0
1651987879881 0.4752 0
1651987883610 0.6436 0
1651987887248 0.7396 0
1651987890960 0.7752 0
1651987894696 0.8148 0
1651987898425 0.8628 0
1651987902049 0.8796 0
1651987905708 0.9012 0
1651987909355 0.9384 0
1651987913089 0.9352 0
1651987916746 0.9524 0
1651987920424 0.9636 0
1651987924126 0.9612 0
1651987927870 0.9384 0
1651987931529 0.9664 0
1651987935154 0.9804 0
1651987938888 0.9792 0
1651987942607 0.9736 0
1651987946414 0.988 0
1651987950126 0.9864 0
1651987953793 0.9836 0
1651987957465 0.978 0
1651987961168 0.9788 0
1651987964884 0.974 0
1651987968524 0.942 0
1651987972239 0.9476 0
1651987975970 0.98 0
1651987979704 0.9856 0
1651987983401 0.996 0
1651987987154 0.9896 0
1651987990812 0.992 0
1651987994473 0.9908 0
1651987998206 0.9936 0
1651988001938 0.99 0
1651988005533 0.9924 0
1651988009195 0.992 0
1651988012811 0.9864 0
1651988016519 0.988 0
1651988020221 0.9936 0
1651988023888 0.994 0
1651988027538 0.9948 0
1651988031243 0.9948 0
1651988034878 0.9964 0
1651988038588 0.996 0
1651988042323 0.9892 0
1651988045934 0.9904 0
1651988049622 0.9936 0
1651988053220 0.9936 0
1651988056843 0.994 0
1651988060451 0.9424 0
1651988066588 0.522 0
1651988070349 0.7456 0
1651988074015 0.8056 0
1651988077691 0.862 0
1651988081403 0.8952 0
1651988085122 0.926 0
1651988088720 0.9352 0
1651988092382 0.9532 0
1651988096156 0.9668 0
1651988099785 0.9796 0
1651988103559 0.9788 0
1651988107299 0.958 0
1651988111015 0.9804 0
1651988114696 0.9844 0
1651988118375 0.9904 0
1651988122078 0.988 0
1651988125636 0.9636 0
1651988129323 0.9832 0
1651988132977 0.9884 0
1651988136766 0.9952 0
1651988140434 0.9468 0
1651988144184 0.9772 0
1651988147854 0.9888 0
1651988151628 0.994 0
1651988155237 0.9952 0
1651988158932 0.9952 0
1651988162651 0.998 0
1651988166339 0.996 0
1651988170046 0.9956 0
1651988173767 0.9984 0
1651988177524 0.9972 0
1651988181312 1.0 0
1651988184930 1.0 0
1651988188590 0.9992 0
1651988192231 0.996 0
1651988195989 0.996 0
1651988199663 0.9948 0
1651988203356 0.9968 0
1651988207033 0.9952 0
1651988210789 0.9976 0
1651988214433 0.9968 0
1651988218151 0.9944 0
1651988221995 0.9844 0
1651988225708 0.9832 0
1651988229489 0.9916 0
1651988233182 0.9972 0
1651988236832 0.998 0
1651988240620 0.9984 0
1651988244403 0.9972 0
1651988248181 0.9956 0
1651988254662 0.5084 0
1651988258351 0.72 0
1651988262070 0.8112 0
1651988265954 0.8604 0
1651988269723 0.8852 0
1651988273497 0.9096 0
1651988277348 0.922 0
1651988281160 0.952 0
1651988284861 0.9636 0
1651988288543 0.9764 0
1651988292255 0.9772 0
1651988296001 0.9836 0
1651988299833 0.9856 0
1651988303662 0.99 0
1651988307515 0.9888 0
1651988311218 0.9896 0
1651988314986 0.992 0
1651988318757 0.99 0
1651988322624 0.9828 0
1651988326431 0.9872 0
1651988330200 0.9948 0
1651988333972 0.922 0
1651988337884 0.9704 0
1651988341716 0.9752 0
1651988345596 0.9796 0
1651988349288 0.994 0
1651988353048 0.996 0
1651988356865 0.9952 0
1651988360759 0.998 0
1651988364595 0.9924 0
1651988368299 0.9944 0
1651988372070 0.998 0
1651988375973 0.9972 0
1651988379809 0.9968 0
1651988383654 0.998 0
1651988387322 0.996 0
1651988390925 0.9972 0
1651988394627 0.9972 0
1651988398251 0.9984 0
1651988401909 0.9964 0
1651988405621 0.9708 0
1651988409394 0.9852 0
1651988413040 0.9852 0
1651988416730 0.9936 0
1651988420485 0.9968 0
1651988424292 0.9972 0
1651988428095 0.9968 0
1651988431843 0.9968 0
1651988435671 0.9976 0
1651988439393 0.988 0
1651988446148 0.5252 0
1651988449878 0.7484 0
1651988453547 0.8208 0
1651988457115 0.8892 0
1651988460837 0.9052 0
1651988464532 0.9344 0
1651988468144 0.9612 0
1651988471905 0.9708 0
1651988475561 0.9684 0
1651988479295 0.9792 0
1651988483015 0.9824 0
1651988486804 0.9888 0
1651988490575 0.9856 0
1651988494305 0.9948 0
1651988497970 0.9952 0
1651988501674 0.9956 0
1651988505409 0.998 0
1651988509098 0.9948 0
1651988512772 0.9976 0
1651988516591 0.9972 0
1651988520286 0.9948 0
1651988523994 0.9968 0
1651988527742 0.996 0
1651988531378 0.9972 0
1651988535126 0.9964 0
1651988538902 0.9964 0
1651988542538 0.9968 0
1651988546298 0.9948 0
1651988550009 0.9968 0
1651988553718 0.9956 0
1651988557381 0.9916 0
1651988561055 0.984 0
1651988564835 0.9908 0
1651988568641 0.9972 0
1651988572387 0.9968 0
1651988576097 0.9976 0
1651988579886 0.9988 0
1651988583569 0.9964 0
1651988587312 0.9948 0
1651988591023 0.9992 0
1651988594701 0.9984 0
1651988598386 0.998 0
1651988601981 0.9976 0
1651988605669 0.998 0
1651988609330 0.9992 0
1651988613037 0.9988 0
1651988616772 0.9952 0
1651988620521 0.9964 0
1651988624237 0.9948 0
1651988628029 0.9968 0
1651988635088 0.664 0
1651988638767 0.8648 0
1651988642415 0.9052 0
1651988646121 0.9344 0
1651988649810 0.9528 0
1651988653534 0.9676 0
1651988657295 0.9848 0
1651988661069 0.9884 0
1651988664724 0.9884 0
1651988668352 0.9904 0
1651988672082 0.9876 0
1651988675836 0.996 0
1651988679617 0.9992 0
1651988683433 0.9992 0
1651988687088 0.998 0
1651988690809 0.998 0
1651988694572 0.9964 0
1651988698390 0.9988 0
1651988702171 0.9992 0
1651988705849 0.9992 0
1651988709490 0.9976 0
1651988713278 0.998 0
1651988716951 0.996 0
1651988720697 0.9976 0
1651988724362 0.9956 0
1651988728155 0.9988 0
1651988731777 0.9968 0
1651988735513 0.9996 0
1651988739233 0.9996 0
1651988742842 1.0 0
1651988746523 0.9996 0
1651988750241 0.9996 0
1651988753933 0.9988 0
1651988757568 0.9984 0
1651988761291 0.9968 0
1651988765162 0.9984 0
1651988768886 0.996 0
1651988772513 0.9916 0
1651988776180 0.9888 0
1651988779837 0.996 0
1651988783589 0.9984 0
1651988787210 0.9992 0
1651988790913 0.9984 0
1651988794658 0.9976 0
1651988798291 0.9968 0
1651988802012 0.9972 0
1651988805719 0.9988 0
1651988809581 0.9984 0
1651988813434 0.9996 0
1651988817087 0.9992 0
1651988824455 0.5984 0
1651988828083 0.7768 0
1651988831701 0.8384 0
1651988835381 0.842 0
1651988838998 0.9148 0
1651988842712 0.9156 0
1651988846503 0.9472 0
1651988850246 0.952 0
1651988853910 0.9612 0
1651988857603 0.9668 0
1651988861354 0.9692 0
1651988865060 0.9776 0
1651988868688 0.9852 0
1651988872357 0.9904 0
1651988876141 0.992 0
1651988879881 0.9928 0
1651988883580 0.9888 0
1651988887331 0.9892 0
1651988891045 0.9904 0
1651988894734 0.9872 0
1651988898498 0.988 0
1651988901982 0.98 0
1651988905607 0.9864 0
1651988909308 0.9896 0
1651988913123 0.9864 0
1651988916794 0.994 0
1651988920521 0.9916 0
1651988924231 0.9788 0
1651988927865 0.9928 0
1651988931444 0.99 0
1651988935123 0.9928 0
1651988938893 0.9928 0
1651988942683 0.9964 0
1651988946389 0.9964 0
1651988950212 0.9948 0
1651988953991 0.9952 0
1651988957821 0.9992 0
1651988961468 0.9952 0
1651988965180 0.9532 0
1651988968886 0.9892 0
1651988972589 0.9896 0
1651988976296 0.998 0
1651988980038 0.9984 0
1651988983673 0.9984 0
1651988987456 0.9976 0
1651988991128 0.9976 0
1651988994860 0.9904 0
1651988998601 0.99 0
1651989002303 0.9932 0
1651989006035 0.9932 0
1651989013768 0.538 0
1651989017637 0.74 0
1651989021425 0.8016 0
1651989025284 0.8344 0
1651989028921 0.8848 0
1651989032793 0.9212 0
1651989036560 0.9184 0
1651989040348 0.9436 0
1651989044066 0.9528 0
1651989047738 0.9728 0
1651989051580 0.9796 0
1651989055223 0.9744 0
1651989059007 0.988 0
1651989062800 0.9844 0
1651989066592 0.9888 0
1651989070381 0.9916 0
1651989074116 0.992 0
1651989077876 0.992 0
1651989081615 0.9904 0
1651989085238 0.9948 0
1651989088958 0.9984 0
1651989092738 0.996 0
1651989096513 0.9996 0
1651989100229 0.996 0
1651989103931 0.9964 0
1651989107775 0.996 0
1651989111539 0.9928 0
1651989115284 0.984 0
1651989118944 0.9904 0
1651989122676 0.992 0
1651989126447 0.9904 0
1651989130181 0.9976 0
1651989133900 0.9984 0
1651989137743 0.9996 0
1651989141565 0.998 0
1651989145359 0.9972 0
1651989149106 0.996 0
1651989152944 0.9948 0
1651989156649 0.9924 0
1651989160413 0.9932 0
1651989164147 0.9912 0
1651989167942 0.9936 0
1651989171688 0.9904 0
1651989175428 0.9956 0
1651989179241 0.9964 0
1651989182974 0.9988 0
1651989186595 0.998 0
1651989190351 0.9996 0
1651989194095 0.998 0
1651989197830 0.998 0
1651989205703 0.5732 0
1651989209488 0.7896 0
1651989213272 0.8808 0
1651989217076 0.9028 0
1651989220864 0.9432 0
1651989224582 0.9552 0
1651989228281 0.9636 0
1651989232045 0.9828 0
1651989235829 0.9836 0
1651989239588 0.9904 0
1651989243192 0.9912 0
1651989247022 0.9888 0
1651989250752 0.9936 0
1651989254429 0.9944 0
1651989258248 0.9992 0
1651989262006 0.9952 0
1651989265808 0.9948 0
1651989269525 0.9952 0
1651989273240 0.9968 0
1651989277067 0.9992 0
1651989280783 0.9964 0
1651989284439 0.9952 0
1651989288129 0.9988 0
1651989292033 0.9976 0
1651989295746 0.9988 0
1651989299435 0.9988 0
1651989303085 0.9996 0
1651989306870 0.9996 0
1651989310654 0.9984 0
1651989314409 0.9988 0
1651989318072 0.9988 0
1651989321788 0.9944 0
1651989325580 0.9976 0
1651989329325 0.9732 0
1651989333087 0.992 0
1651989336814 0.9928 0
1651989340493 0.9964 0
1651989344196 0.996 0
1651989347909 0.9964 0
1651989351708 0.9972 0
1651989355582 0.9984 0
1651989359334 0.9996 0
1651989363034 0.9996 0
1651989366735 1.0 0
1651989370457 1.0 0
1651989374316 0.9984 0
1651989377939 0.9996 0
1651989381634 0.9992 0
1651989385345 0.9992 0
1651989389191 0.9996 0
1651989397296 0.5816 0
1651989401008 0.7768 0
1651989404737 0.8524 0
1651989408488 0.8984 0
1651989412158 0.9112 0
1651989415867 0.9276 0
1651989419661 0.9628 0
1651989423449 0.966 0
1651989427227 0.9696 0
1651989430973 0.9828 0
1651989434750 0.9708 0
1651989438543 0.9768 0
1651989442246 0.9848 0
1651989445939 0.9876 0
1651989449719 0.9932 0
1651989453332 0.9916 0
1651989457092 0.994 0
1651989460884 0.9944 0
1651989464711 0.9888 0
1651989468452 0.986 0
1651989472171 0.994 0
1651989475899 0.9976 0
1651989479590 0.9936 0
1651989483320 0.9976 0
1651989487118 0.9988 0
1651989490868 0.9984 0
1651989494648 0.9992 0
1651989498342 0.9972 0
1651989502198 0.9972 0
1651989505971 0.9964 0
1651989509667 0.9976 0
1651989513384 0.9984 0
1651989517128 0.9988 0
1651989520941 0.9988 0
1651989524595 0.998 0
1651989528273 0.9968 0
1651989531929 0.9996 0
1651989535573 0.996 0
1651989539331 0.9972 0
1651989543114 0.9944 0
1651989546793 0.9924 0
1651989550580 0.9972 0
1651989554302 0.9988 0
1651989557985 0.9968 0
1651989561731 0.9628 0
1651989565466 0.9572 0
1651989569185 0.9928 0
1651989572912 0.9972 0
1651989576744 0.9976 0
1651989580443 0.998 0
1651989589167 0.4632 0
1651989592838 0.6672 0
1651989596577 0.758 0
1651989600230 0.8208 0
1651989603891 0.8428 0
1651989607672 0.8672 0
1651989611344 0.9092 0
1651989614978 0.9372 0
1651989618832 0.9412 0
1651989622535 0.968 0
1651989626311 0.9756 0
1651989630139 0.9784 0
1651989633862 0.9792 0
1651989637554 0.9544 0
1651989641343 0.9736 0
1651989645198 0.9896 0
1651989648927 0.976 0
1651989652656 0.9768 0
1651989656440 0.9876 0
1651989660190 0.99 0
1651989663872 0.992 0
1651989667617 0.9972 0
1651989671399 0.996 0
1651989675059 0.994 0
1651989678786 0.9836 0
1651989682493 0.9904 0
1651989686379 0.986 0
1651989690134 0.9912 0
1651989693974 0.9896 0
1651989697775 0.9944 0
1651989701505 0.9964 0
1651989705211 0.998 0
1651989708857 0.9976 0
1651989712485 0.9992 0
1651989716236 0.9992 0
1651989720004 0.9984 0
1651989723826 0.9984 0
1651989727570 0.9972 0
1651989731307 0.996 0
1651989735114 0.9952 0
1651989738878 0.9924 0
1651989742657 0.9932 0
1651989746361 0.9876 0
1651989750090 0.9912 0
1651989753779 0.986 0
1651989757527 0.9896 0
1651989761291 0.9952 0
1651989765199 0.9924 0
1651989768899 0.9968 0
1651989772661 0.992 0
1651989781603 0.6088 0
1651989785345 0.8388 0
1651989789117 0.9044 0
1651989792805 0.9388 0
1651989796478 0.9644 0
1651989800245 0.972 0
1651989803956 0.9856 0
1651989807639 0.984 0
1651989811395 0.99 0
1651989815188 0.99 0
1651989818929 0.9932 0
1651989822703 0.9972 0
1651989826435 0.9972 0
1651989830171 0.9968 0
1651989833946 0.9996 0
1651989837848 0.9992 0
1651989841659 0.9976 0
1651989845467 0.9948 0
1651989849280 0.9984 0
1651989853021 0.9964 0
1651989856768 0.9988 0
1651989860528 0.9988 0
1651989864259 0.9976 0
1651989868041 0.9996 0
1651989871769 0.9996 0
1651989875434 1.0 0
1651989879235 0.9996 0
1651989882953 0.9976 0
1651989886693 0.9988 0
1651989890454 0.9984 0
1651989894323 1.0 0
1651989898235 0.9996 0
1651989902091 1.0 0
1651989905867 0.9996 0
1651989909826 0.9996 0
1651989913581 1.0 0
1651989917414 0.9984 0
1651989921211 0.9992 0
1651989924981 0.9992 0
1651989928672 1.0 0
1651989932414 1.0 0
1651989936190 0.9996 0
1651989939852 1.0 0
1651989943615 1.0 0
1651989947419 0.9992 0
1651989951282 1.0 0
1651989955125 1.0 0
1651989958835 1.0 0
1651989962448 1.0 0
1651989966280 1.0 0
