1645551789971 1.6070540386199952 0
1645551791428 1.60047828540802 0
1645551792904 1.5901727941513062 0
1645551794365 1.5712655216217042 0
1645551795825 1.5315616415023803 0
1645551797868 1.589817036819458 0
1645551799659 1.521170803451538 0
1645551801434 1.3939230800628661 0
1645551803234 1.2099606030464172 0
1645551805039 1.0306032342910767 0
1645551807541 1.5754411403656006 0
1645551809587 1.4844074142456054 0
1645551811621 1.3562966302871704 0
1645551813650 1.2311944347381591 0
1645551815671 1.1212459337234497 0
