1645704085105 2.58635735206604 0
1645704093217 2.3204069355010986 0
1645704101396 2.144334009361267 0
1645704109562 1.9976970584869385 0
1645704117524 1.931707388496399 0
1645704125583 1.8013641345977782 0
1645704133696 1.7454114667892455 0
1645704141767 1.7464579423904418 0
1645704149903 1.6175677280426026 0
1645704158088 1.544146841430664 0
1645704217210 2.280590119934082 0
1645704276481 2.0492364849090574 0
1645704334579 1.9354238920211793 0
1645704392813 1.9159364414215088 0
1645704451107 1.8444398527145385 0
1645704509513 1.7243486213684083 0
1645704567791 1.7353054529190064 0
1645704625776 1.5669129144668579 0
1645704684062 1.5885696912765503 0
1645704742347 1.5977538902282715 0
1645704800494 2.15909107093811 0
1645704857667 1.8389237565994263 0
1645704914774 1.6743714372634888 0
1645704972330 1.5424964576721192 0
1645705029687 1.4838355275154114 0
1645705087187 1.4635807256698607 0
1645705144722 1.38167763338089 0
1645705202010 1.3394833570480347 0
1645705259475 1.2734496315002442 0
1645705317948 1.313047438812256 0
