1654240755467 0.5850090993476711 0
1654240769850 0.11620955239243493 0
1654240783582 0.06737660334116838 0
1654240798047 0.053599289095654104 0
1654240812267 0.03782202144447218 0
1654240826264 0.04734457297285808 0
1654240840474 0.045313504022735394 0
1654240854426 0.02927632833463012 0
1654240868640 0.025488187805416597 0
1654240882935 0.04478596647689636 0
1654240896875 0.014990732408722325 0
1654240910833 0.03315672871544465 0
1654240924986 0.01986578879974485 0
1654240939215 0.0385512614457671 0
1654240953635 0.021944425372009843 0
1654240967653 0.026718461188117534 0
1654240981684 0.02419404124253921 0
1654240996397 0.021300472290991072 0
1654241010968 0.02126478450888083 0
1654241025560 0.010502560987962189 0
1654241039777 0.02759641536017014 0
1654241054127 0.019283718781379307 0
1654241068355 0.01768553890282088 0
1654241082661 0.02842222857860611 0
1654241096649 0.006279856189945583 0
1654241110557 0.021678170350625085 0
1654241124452 0.02577156593453716 0
1654241138597 0.013567442808576441 0
1654241152970 0.030135441332629617 0
1654241167082 0.011978060951567839 0
1654241181340 0.0123385393427913 0
1654241195655 0.013477353580596702 0
1654241210089 0.018878409999368358 0
1654241224343 0.020517544779055073 0
1654241238252 0.014761448316820565 0
1654241252689 0.025128710990133172 0
1654241266982 0.00853486973188533 0
1654241281234 0.021762723646340368 0
1654241295164 0.0047801070073549045 0
1654241309591 0.013981147681604524 0
1654241323597 0.023354751379101688 0
1654241337723 0.013966358965378794 0
1654241351840 0.0006198895392770229 0
1654241365655 0.019664634240531692 0
1654241379919 0.01907239829938718 0
1654241393767 0.016948215740913885 0
1654241407940 0.001267078348064691 0
1654241422108 0.011052927425563328 0
1654241436224 0.021735170852523678 0
1654241450307 0.00029103366605590656 0
1654241480543 0.18428987551616471 0
1654241495784 0.04165444376064961 0
1654241510603 0.03533595038251208 0
1654241525602 0.03130447558037306 0
1654241540436 0.02227930642919834 0
1654241555158 0.028210240202119225 0
1654241570254 0.02324382572352553 0
1654241585308 0.019994705260819454 0
1654241600508 0.0229004159821243 0
1654241615199 0.019333893896961954 0
1654241630321 0.027301764347259044 0
1654241645592 0.0218776673633476 0
1654241660081 0.009210359701741474 0
1654241675138 0.018541326274835235 0
1654241690381 0.014499499844739772 0
1654241705402 0.031000990777980342 0
1654241720609 0.013207280353718914 0
1654241735578 0.017255774695740158 0
1654241750667 0.01696323614608771 0
1654241766077 0.02703746458070105 0
1654241781012 0.01017946242312833 0
1654241795726 0.013706007499436972 0
1654241810605 0.01948892747902653 0
1654241825759 0.014500113839483736 0
1654241840876 0.018703209896928537 0
1654241855841 0.014921761115017067 0
1654241871022 0.017676527908205716 0
1654241885885 0.017387389653485744 0
1654241900906 0.017457652432801146 0
1654241915772 0.01677973816953315 0
1654241930613 0.015472850636271438 0
1654241945595 0.009651308340708186 0
1654241960308 0.0246670438423203 0
1654241975006 0.009049431206340263 0
1654241990184 0.008593361842416868 0
1654242005129 0.014227339499741785 0
1654242019925 0.01669768887593611 0
1654242035191 0.015806200116981504 0
1654242050269 0.013225596380213759 0
1654242065285 0.01761536652123216 0
1654242080113 0.009859141463805687 0
1654242095162 0.01453009396875179 0
1654242110149 0.015364813888748198 0
1654242125297 0.005931038510967213 0
1654242140146 0.01927497894105897 0
1654242155149 0.015320634956561273 0
1654242170400 0.013036618422793285 0
1654242185565 0.011846684573481333 0
1654242200777 0.005456939943020708 0
1654242216068 0.01126619398803386 0
1654242262686 0.10966531191723546 0
1654242278281 0.02459906017256706 0
1654242292989 0.029431837217488446 0
1654242307831 0.02768357284117019 0
1654242323309 0.017196653649825602 0
1654242338992 0.016419393026559974 0
1654242354200 0.004812408966205291 0
1654242369588 0.029773649958484676 0
1654242384933 0.020612502002064454 0
1654242400148 0.015019369788587866 0
1654242415055 0.012049771614235415 0
1654242430476 0.018662246754232156 0
1654242445879 0.02858320328328133 0
1654242461171 0.019413739255411375 0
1654242476372 0.007562791614470387 0
1654242491640 0.00874353773792439 0
1654242506710 0.028409988707518402 0
1654242521962 0.011542448631393743 0
1654242537258 0.011434608294538256 0
1654242552597 0.022876697822949595 0
1654242567806 0.01690470472986308 0
1654242583113 0.015433904947143015 0
1654242598298 0.013877435251891734 0
1654242613409 0.011101814603335107 0
1654242628670 0.01370009108397457 0
1654242643741 0.013383162436575087 0
1654242659042 0.014845314799346672 0
1654242673898 0.010671693246564052 0
1654242688994 0.012106637959937456 0
1654242704427 0.02347550031238681 0
1654242719469 0.012130843274381563 0
1654242734611 0.01721890326574614 0
1654242749794 0.014538289310777051 0
1654242764986 0.017133075515913664 0
1654242780027 0.004440008837106208 0
1654242795469 0.021772641595458848 0
1654242810510 0.01710479405595199 0
1654242826127 0.013467121383980882 0
1654242841538 0.01600081111796835 0
1654242856615 0.014879922578089755 0
1654242871942 0.015592202231405922 0
1654242886977 0.0069449941562104555 0
1654242902046 0.014002452215022351 0
1654242917327 0.01886149241695784 0
1654242932420 0.005775074107214809 0
1654242947530 0.0217056242686166 0
1654242962711 0.01849438266009603 0
1654242977918 0.014588024779583096 0
1654242992858 0.011554771612270419 0
1654243007808 0.012577542704116464 0
1654243069244 0.20271888341833344 0
1654243084642 0.05717190847638033 0
1654243099854 0.03576554365755306 0
1654243114898 0.030577456742791713 0
1654243130545 0.022258043328577202 0
1654243145802 0.026642016509038222 0
1654243161173 0.03195763596892092 0
1654243176330 0.03181760474272216 0
1654243191677 0.02489840230005812 0
1654243206990 0.017512620232574827 0
1654243222231 0.02134565788150421 0
1654243237626 0.025614071022277245 0
1654243253159 0.02028343333092429 0
1654243268248 0.026168013201811228 0
1654243283998 0.022960021069582958 0
1654243299436 0.017362604836823614 0
1654243314819 0.020688554960888682 0
1654243330154 0.022108974961822053 0
1654243346212 0.020091384595145968 0
1654243361708 0.019458031552810694 0
1654243377064 0.01706314820457399 0
1654243392153 0.025091821108514465 0
1654243407437 0.022724272889950752 0
1654243422604 0.014048823755223273 0
1654243437858 0.014595521669540524 0
1654243452998 0.013621914607649088 0
1654243468449 0.020847706994595504 0
1654243483891 0.02395404770739028 0
1654243499259 0.012598901288436356 0
1654243514333 0.016562009614767968 0
1654243529901 0.03302525257114405 0
1654243545274 0.012312953396412914 0
1654243560445 0.020016915838504252 0
1654243575751 0.018156003597199346 0
1654243591038 0.0242271713331727 0
1654243606407 0.0051392480778388264 0
1654243621839 0.029603951863998546 0
1654243637546 0.011173959526833574 0
1654243652553 0.012925243409953359 0
1654243667865 0.02039793185409861 0
1654243683195 0.033248404226455204 0
1654243698755 0.01151099362212812 0
1654243713669 0.003458025164404164 0
1654243728738 0.02849076669197304 0
1654243743643 0.011992431647565588 0
1654243758897 0.022094057039689866 0
1654243774290 0.01190147807014303 0
1654243789711 0.016130909262877975 0
1654243805060 0.030737254842107556 0
1654243820697 0.014812224888904914 0
1654243897607 0.10121405531281666 0
1654243913307 0.029674528171164137 0
1654243929159 0.02368449215059745 0
1654243944692 0.014435010946492898 0
1654243960111 0.01901541473585591 0
1654243975735 0.01149060206943642 0
1654243991238 0.03084262206121605 0
1654244006904 0.027488374218200072 0
1654244022508 0.015739081531363042 0
1654244038099 0.011419509915630245 0
1654244053753 0.016921011287868784 0
1654244069210 0.021559019239709085 0
1654244084594 0.015426544247372267 0
1654244099816 0.009403909914162036 0
1654244115583 0.020181162945082272 0
1654244131808 0.01356361020355963 0
1654244147654 0.03338829622310479 0
1654244163076 0.016052443221242434 0
1654244178584 0.011249336610471214 0
1654244194078 0.014338090797252682 0
1654244215017 0.021041375361256647 0
1654244230141 0.013294885597635519 0
1654244245343 0.008404778042605724 0
1654244260203 0.026672721758272875 0
1654244275293 0.021315253299238116 0
1654244290382 0.013730823279142669 0
1654244305497 0.012375305076408397 0
1654244320548 0.01761948444643101 0
1654244336134 0.014449047520214144 0
1654244351387 0.018856505354704046 0
1654244366662 0.019564851886865648 0
1654244382076 0.009615595421142377 0
1654244397236 0.014522592672468818 0
1654244412189 0.015246149327340325 0
1654244427167 0.019364695135541697 0
1654244442187 0.01022076679786055 0
1654244457430 0.009699413161713265 0
1654244472844 0.015769842964773087 0
1654244488204 0.015605116622979672 0
1654244503861 0.019934662682468594 0
1654244519382 0.019099136832659756 0
1654244534720 0.020814351442473917 0
1654244550024 0.012571259740435563 0
1654244565126 0.012079831759136475 0
1654244580437 0.008770039261766184 0
1654244595828 0.026940165092215664 0
1654244610965 0.021194485820910953 0
1654244626292 0.009120726647344412 0
1654244641618 0.012884566795977107 0
1654244656752 0.013561412330415053 0
