1644400019701 1.195777301120758 0
1644400021291 0.6175013809204102 0
1644400022886 0.4888284410953522 0
1644400024462 0.41916329069137576 0
1644400025993 0.31155808289051057 0
1644400029362 0.4326562439918518 0
1644400032421 0.19949583222866057 0
1644400035499 0.1472784135937691 0
1644400038582 0.07437256879210472 0
1644400041704 0.05859702428877354 0
1644400047281 0.20751143107382358 0
1644400052364 0.08271490758928804 0
1644400057443 0.05344668642709745 0
1644400062559 0.05343479072625285 0
1644400067673 0.0267517696864857 0
