1645730876244 2.038073373031616 0
1645730884369 1.6428416881561279 0
1645730892451 1.3881394561767577 0
1645730900444 1.2122201579093934 0
1645730908595 1.084231268596649 0
1645730916668 0.974900257396698 0
1645730924993 0.8706134769439697 0
1645730933193 0.766518214917183 0
1645730941282 0.6830016839027405 0
1645730949230 0.595535791349411 0
1645731007322 1.7371468074798584 0
1645731065337 1.392228791809082 0
1645731123489 1.2119323031425475 0
1645731181927 1.0608245362281798 0
1645731240004 0.9382922973632812 0
1645731298033 0.7733080657482148 0
1645731356067 0.6722276032924652 0
1645731414186 0.5715945099830627 0
1645731471994 0.4606122198343277 0
1645731529943 0.40718530735969544 0
1645731588031 1.631115505027771 0
1645731645383 1.1946166229248047 0
1645731703124 0.964536220741272 0
1645731760322 0.8061768569946289 0
1645731817527 0.7036616125583649 0
1645731874908 0.5622290522813796 0
1645731932673 0.46813200632333757 0
1645731989998 0.3847351961493492 0
1645732047201 0.3408014083623886 0
1645732104362 0.25727837952077387 0
