1652326067141 0.2851499543627103 0
1652326091680 0.1397895268884798 0
1652326115316 0.104017485343044 0
1652326138907 0.0810931684019665 0
1652326163151 0.06661369794796532 0
1652326187648 0.05473578299462485 0
1652326211118 0.044513114770307824 0
1652326235289 0.03755465726882685 0
1652326258817 0.0341497327998979 0
1652326282918 0.030075227195835517 0
1652326313904 0.21951513488338545 0
1652326341137 0.09453054337203502 0
1652326368467 0.06469271519394734 0
1652326395658 0.050003149155598996 0
1652326422709 0.03929121222627851 0
1652326450099 0.03399838163707262 0
1652326477303 0.03300473472590988 0
1652326504558 0.028828915871538293 0
1652326531559 0.023756489427504128 0
1652326558393 0.026528282534676748 0
1652326593106 0.22725519202374495 0
1652326620308 0.09160301732432384 0
1652326647752 0.060453035220675744 0
1652326675479 0.04536881991182096 0
1652326702586 0.03625688580739527 0
1652326729669 0.03468801099676281 0
1652326756977 0.02679032384952387 0
1652326784306 0.023853699716142953 0
1652326811574 0.02385830407556003 0
1652326839065 0.020021028799235892 0
1652326877777 0.22848282791125069 0
1652326904867 0.08543997690157938 0
1652326931937 0.05659806782424394 0
1652326959779 0.04276535280441218 0
1652326987908 0.033234298058217863 0
1652327015566 0.02825061726509926 0
1652327043422 0.025984994938022563 0
1652327071399 0.021208275973737468 0
1652327099098 0.022271182811833847 0
1652327127117 0.02224341118623809 0
1652327169618 0.21836208989184636 0
1652327197681 0.08513258997468422 0
1652327225715 0.054160021331791694 0
1652327253577 0.0396656929675024 0
1652327281592 0.030626699083008302 0
1652327309634 0.0279925310484465 0
1652327337696 0.022457287990819447 0
1652327365752 0.024678675122542057 0
1652327394052 0.02288374490037453 0
1652327422282 0.018470534970673122 0
1652327468873 0.23002428742761796 0
1652327497432 0.08675038550951733 0
1652327525370 0.05279690711796284 0
1652327553590 0.03748774785522658 0
1652327582466 0.02881546309141872 0
1652327611307 0.029227736684321784 0
1652327639261 0.024762006506070387 0
1652327667408 0.02202544103358478 0
1652327695890 0.019926266061223576 0
1652327724248 0.019813447511180016 0
1652327774785 0.22068377452908486 0
1652327803168 0.08223254542497822 0
1652327831918 0.050867606480034626 0
1652327860893 0.03858578817538705 0
1652327889508 0.03132019390756506 0
1652327918374 0.02560682576447052 0
1652327947047 0.02492101125765581 0
1652327975826 0.021256191881229115 0
1652328004625 0.01766705096665969 0
1652328033113 0.022395047609967984 0
1652328087305 0.22094519991375963 0
1652328116481 0.07849363276139729 0
1652328145328 0.04433468996222966 0
1652328174644 0.035110097987499346 0
1652328203579 0.029092531272449266 0
1652328232823 0.025186482815632485 0
1652328261983 0.020060719857309783 0
1652328291211 0.022005595165816197 0
1652328320348 0.018335419287922483 0
1652328349174 0.01688842549041397 0
1652328407517 0.2260826798076813 0
1652328436923 0.08293287742418738 0
1652328466087 0.05050734092954976 0
1652328495241 0.03792800414121638 0
1652328524558 0.02927981728925101 0
1652328554055 0.028263219465591155 0
1652328583213 0.02267386051844268 0
1652328612369 0.02174185070827236 0
1652328641830 0.01988545003881087 0
1652328671194 0.020313495120257947 0
1652328732947 0.2218490248271458 0
1652328763085 0.0807644916904103 0
1652328793182 0.04454104184517556 0
1652328823003 0.03476374697137156 0
1652328853150 0.0257670203681354 0
1652328883155 0.02805773524407948 0
1652328912911 0.021060966272460735 0
1652328943008 0.02221381900643227 0
1652328972962 0.02037950521983391 0
1652329002808 0.01890517477207058 0
1652329068887 0.2231189434594833 0
1652329099350 0.08218402093425393 0
1652329129496 0.04578819565775876 0
1652329159823 0.03593979050857731 0
1652329190063 0.029656881495515028 0
1652329220386 0.025142923951464204 0
1652329251104 0.022723326780755396 0
1652329281372 0.022974422649285182 0
1652329311235 0.018182599487275672 0
1652329342034 0.01801773520451657 0
1652329412976 0.22860146542235507 0
1652329443525 0.08457609034495976 0
1652329474517 0.04948705686265621 0
1652329504875 0.036151593145427395 0
1652329535577 0.028012560882309023 0
1652329565948 0.0282157167813019 0
1652329596383 0.022402179316230276 0
1652329627201 0.022818649183886777 0
1652329657395 0.018758543116405582 0
1652329687911 0.017799393635065403 0
1652329760592 0.23409703769434495 0
1652329791292 0.08476509443161655 0
1652329822378 0.04802766766467699 0
1652329852706 0.03570253907510758 0
1652329883472 0.02813748618247046 0
1652329913957 0.024250572721550838 0
1652329944786 0.023579602979426073 0
1652329975817 0.01926252346914515 0
1652330007238 0.0238399011633106 0
1652330037996 0.016029677706912115 0
1652330115780 0.2156437717046605 0
1652330147233 0.07875125910170837 0
1652330178718 0.04611650873695804 0
1652330210324 0.034237321633328835 0
1652330242149 0.027964182727523122 0
1652330273428 0.022923042714557362 0
1652330305359 0.02270573194286826 0
1652330336563 0.019307305629693 0
1652330368022 0.01810960022502178 0
1652330399797 0.018400210431160677 0
1652330482065 0.2249905569351919 0
1652330513808 0.08203584977742119 0
1652330546369 0.04877481924001166 0
1652330577978 0.037622820264437695 0
1652330609222 0.027657697942309545 0
1652330640501 0.02561938393884812 0
1652330672595 0.0234427029813748 0
1652330703772 0.019563337342683045 0
1652330735146 0.01988731312856001 0
1652330768338 0.019045632305960784 0
1652330858806 0.2174354000490052 0
1652330891450 0.07683310710831975 0
1652330923118 0.045196630106246596 0
1652330955971 0.035187316029384165 0
1652330988401 0.025009014750756006 0
1652331020795 0.024775401025819987 0
1652331053550 0.023374852991270623 0
1652331085789 0.01890934657990269 0
1652331117526 0.01781993997421853 0
1652331149514 0.017919611567429345 0
1652331240200 0.2253296643070022 0
1652331273417 0.08250445100088599 0
1652331306568 0.045011299729269504 0
1652331339214 0.03462850245183019 0
1652331371534 0.025093567427615034 0
1652331404175 0.02449549340320439 0
1652331436739 0.020710494179894692 0
1652331469722 0.021478748061740317 0
1652331502033 0.017057273580074302 0
1652331535178 0.019901816255932753 0
1652331631063 0.21978703150566095 0
1652331664629 0.07935060849479474 0
1652331698053 0.04677152030426501 0
1652331730901 0.03489124923795027 0
1652331764088 0.026708647091398575 0
1652331797292 0.02428772349538573 0
1652331829693 0.02241759481728145 0
1652331862626 0.020476748299809323 0
1652331895782 0.018694745632408492 0
1652331928232 0.018150461840718998 0
1652332028204 0.21776883051355303 0
1652332062111 0.08074542175471329 0
1652332096208 0.045958201398427705 0
1652332129655 0.03248669222218125 0
1652332163377 0.027469653798248415 0
1652332197240 0.022744301100983598 0
1652332230917 0.022143903622957626 0
1652332264308 0.019760217449653478 0
1652332297930 0.01842365672952129 0
1652332331384 0.019910843486074747 0
1652332435061 0.22147212417532233 0
1652332469232 0.08188859674469139 0
1652332502293 0.04495564826037608 0
1652332536137 0.031744991124822826 0
1652332569683 0.02780342775679013 0
1652332603715 0.024526764597243934 0
1652332637607 0.02081863664933317 0
1652332671361 0.020807026841134797 0
1652332705228 0.018913159132463407 0
1652332739531 0.01932545616823721 0
