1652283394220 0.7608 0
1652283402250 0.8888 0
1652283410251 0.9124 0
1652283418069 0.9316 0
1652283426076 0.946 0
1652283434203 0.9432 0
1652283442196 0.9612 0
1652283450198 0.9696 0
1652283458202 0.9684 0
1652283466251 0.966 0
1652283476078 0.5692 0
1652283482086 0.7272 0
1652283488180 0.7748 0
1652283494179 0.8088 0
1652283500207 0.8388 0
1652283506174 0.8688 0
1652283512185 0.8788 0
1652283518301 0.9092 0
1652283524385 0.9056 0
1652283530249 0.936 0
1652283543628 0.5464 0
1652283549466 0.7036 0
1652283555492 0.778 0
1652283561471 0.806 0
1652283567306 0.82 0
1652283573195 0.8512 0
1652283579121 0.8644 0
1652283584918 0.8964 0
1652283590785 0.8948 0
1652283596692 0.912 0
1652283613449 0.7096 0
1652283619303 0.856 0
1652283625051 0.8812 0
1652283630910 0.9076 0
1652283636720 0.9268 0
1652283642588 0.9364 0
1652283648512 0.9396 0
1652283654291 0.9472 0
1652283660166 0.9576 0
1652283666009 0.962 0
1652283686276 0.5056 0
1652283692163 0.67 0
1652283697977 0.7308 0
1652283703986 0.78 0
1652283709877 0.806 0
1652283715706 0.8156 0
1652283721504 0.8536 0
1652283727424 0.8768 0
1652283733113 0.9036 0
1652283738984 0.9056 0
