1651794396124 0.6212 0
1651794399444 0.794 0
1651794402658 0.8484 0
1651794406016 0.8772 0
1651794409263 0.882 0
1651794412685 0.9196 0
1651794415944 0.9324 0
1651794419340 0.936 0
1651794422631 0.954 0
1651794425810 0.9488 0
1651794429061 0.942 0
1651794432421 0.9396 0
1651794435651 0.948 0
1651794439003 0.9632 0
1651794442391 0.9824 0
1651794445729 0.968 0
1651794449027 0.9592 0
1651794452372 0.9804 0
1651794455533 0.9792 0
1651794458747 0.9784 0
1651794462010 0.9704 0
1651794465234 0.9504 0
1651794468501 0.95 0
1651794471780 0.9844 0
1651794474989 0.98 0
1651794478138 0.986 0
1651794481333 0.984 0
1651794484618 0.9912 0
1651794487932 0.9884 0
1651794491208 0.9872 0
1651794494563 0.984 0
1651794497934 0.9824 0
1651794501262 0.9772 0
1651794504440 0.978 0
1651794507595 0.962 0
1651794510818 0.9824 0
1651794513921 0.9936 0
1651794517316 0.9932 0
1651794520614 0.9976 0
1651794523920 0.9976 0
1651794527358 0.9952 0
1651794530694 0.9852 0
1651794533931 0.9924 0
1651794537060 0.984 0
1651794540375 0.9704 0
1651794543768 0.9828 0
1651794547105 0.9904 0
1651794550469 0.99 0
1651794553741 0.9872 0
1651794557004 0.9908 0
1651794564093 0.636 0
1651794570797 0.8236 0
1651794577615 0.8872 0
1651794584373 0.9176 0
1651794591164 0.9288 0
1651794597895 0.9436 0
1651794604573 0.9536 0
1651794611280 0.946 0
1651794618012 0.9664 0
1651794624863 0.966 0
1651794631539 0.972 0
1651794638446 0.9732 0
1651794645200 0.9792 0
1651794651993 0.9864 0
1651794658941 0.9792 0
1651794665820 0.9848 0
1651794672754 0.988 0
1651794679877 0.9796 0
1651794686698 0.982 0
1651794693531 0.9716 0
1651794700541 0.9904 0
1651794707452 0.98 0
1651794714468 0.9848 0
1651794721079 0.9864 0
1651794727939 0.9924 0
1651794734887 0.9888 0
1651794741636 0.9796 0
1651794748583 0.9932 0
1651794755405 0.9908 0
1651794762436 0.9908 0
1651794769164 0.992 0
1651794775967 0.946 0
1651794783088 0.9888 0
1651794790002 0.9956 0
1651794796899 0.994 0
1651794803874 0.9956 0
1651794810751 0.998 0
1651794817874 0.9912 0
1651794824731 0.974 0
1651794831565 0.9816 0
1651794838389 0.9884 0
1651794845387 0.9924 0
1651794852206 0.9912 0
1651794859014 0.9564 0
1651794866183 0.99 0
1651794873015 0.9952 0
1651794879925 0.9968 0
1651794887059 0.9988 0
1651794894108 0.9956 0
1651794901259 0.9852 0
1651794909103 0.5108 0
1651794916217 0.7368 0
1651794923186 0.8056 0
1651794930324 0.8564 0
1651794937439 0.8932 0
1651794944438 0.914 0
1651794951456 0.9124 0
1651794958170 0.914 0
1651794965230 0.9476 0
1651794972063 0.9232 0
1651794978860 0.9544 0
1651794986052 0.9532 0
1651794993045 0.9736 0
1651794999934 0.9652 0
1651795007040 0.964 0
1651795014285 0.9832 0
1651795021175 0.974 0
1651795028306 0.9528 0
1651795035496 0.9776 0
1651795042585 0.98 0
1651795049629 0.9888 0
1651795056783 0.982 0
1651795063671 0.9796 0
1651795070752 0.9884 0
1651795077715 0.992 0
1651795084752 0.9736 0
1651795091694 0.9632 0
1651795098770 0.9828 0
1651795105918 0.9944 0
1651795112984 0.982 0
1651795119795 0.986 0
1651795126953 0.9856 0
1651795134046 0.9832 0
1651795141160 0.984 0
1651795148048 0.9924 0
1651795155186 0.9784 0
1651795162188 0.9876 0
1651795169298 0.9916 0
1651795176334 0.9856 0
1651795183458 0.9592 0
1651795190511 0.9916 0
1651795197181 0.9932 0
1651795204307 0.9908 0
1651795211499 0.99 0
1651795218654 0.984 0
1651795225768 0.9868 0
1651795232883 0.99 0
1651795239996 0.9936 0
1651795247145 0.9948 0
1651795254235 0.9856 0
1651795262546 0.5844 0
1651795269607 0.7888 0
1651795276691 0.8524 0
1651795283770 0.8932 0
1651795290800 0.9148 0
1651795297902 0.9348 0
1651795304714 0.918 0
1651795311781 0.9512 0
1651795318851 0.9596 0
1651795325978 0.9688 0
1651795333033 0.9548 0
1651795339943 0.97 0
1651795346926 0.9868 0
1651795354132 0.984 0
1651795361391 0.9876 0
1651795368661 0.984 0
1651795375775 0.984 0
1651795382684 0.9812 0
1651795389839 0.9696 0
1651795396892 0.9752 0
1651795404105 0.9808 0
1651795411319 0.9936 0
1651795418136 0.9664 0
1651795425277 0.9776 0
1651795432512 0.9924 0
1651795439659 0.9896 0
1651795446576 0.9912 0
1651795453747 0.9916 0
1651795461089 0.9924 0
1651795468109 0.9896 0
1651795475265 0.9804 0
1651795482553 0.9748 0
1651795489724 0.9892 0
1651795496943 0.994 0
1651795504067 0.9824 0
1651795511276 0.9892 0
1651795518449 0.996 0
1651795525616 0.9956 0
1651795532760 0.9872 0
1651795539813 0.9932 0
1651795547140 0.9836 0
1651795553977 0.9828 0
1651795561078 0.994 0
1651795568252 0.9956 0
1651795575309 0.9928 0
1651795582425 0.99 0
1651795589423 0.9824 0
1651795596548 0.9812 0
1651795603771 0.9888 0
1651795610728 0.9932 0
1651795619135 0.5592 0
1651795626286 0.724 0
1651795633499 0.7572 0
1651795640697 0.824 0
1651795647688 0.8444 0
1651795654941 0.8592 0
1651795662175 0.882 0
1651795669356 0.8816 0
1651795676525 0.8892 0
1651795683563 0.9232 0
1651795690743 0.9404 0
1651795697915 0.928 0
1651795705030 0.956 0
1651795712233 0.9576 0
1651795719400 0.9708 0
1651795726500 0.974 0
1651795733526 0.97 0
1651795740590 0.9596 0
1651795747710 0.9804 0
1651795754973 0.9796 0
1651795762147 0.9776 0
1651795769197 0.9864 0
1651795776276 0.9888 0
1651795783337 0.9844 0
1651795790520 0.9856 0
1651795797811 0.9792 0
1651795804970 0.9848 0
1651795812062 0.9788 0
1651795819167 0.9716 0
1651795826149 0.9916 0
1651795833446 0.9912 0
1651795840552 0.9968 0
1651795847757 0.992 0
1651795854875 0.982 0
1651795862008 0.982 0
1651795868993 0.982 0
1651795876236 0.98 0
1651795883419 0.9892 0
1651795890653 0.9772 0
1651795897792 0.9916 0
1651795904898 0.9892 0
1651795912077 0.996 0
1651795919384 0.9908 0
1651795926523 0.9932 0
1651795933487 0.9932 0
1651795940497 0.99 0
1651795947620 0.9892 0
1651795954862 0.9948 0
1651795962170 0.9948 0
1651795969183 0.9952 0
1651795977905 0.552 0
1651795985086 0.7208 0
1651795992330 0.7964 0
1651795999601 0.8288 0
1651796006958 0.8664 0
1651796014280 0.884 0
1651796021605 0.9264 0
1651796028961 0.9324 0
1651796036217 0.9416 0
1651796043537 0.952 0
1651796050888 0.966 0
1651796058189 0.968 0
1651796065547 0.9752 0
1651796072830 0.966 0
1651796080020 0.9736 0
1651796087170 0.9556 0
1651796094365 0.9792 0
1651796101640 0.9756 0
1651796108899 0.9868 0
1651796116221 0.9912 0
1651796123323 0.9744 0
1651796130562 0.9876 0
1651796137705 0.986 0
1651796144936 0.9824 0
1651796152144 0.9924 0
1651796159375 0.9856 0
1651796166577 0.9868 0
1651796173745 0.9852 0
1651796180953 0.9852 0
1651796188175 0.9872 0
1651796195366 0.9888 0
1651796202571 0.9868 0
1651796209754 0.9812 0
1651796216942 0.9884 0
1651796224304 0.99 0
1651796231657 0.9948 0
1651796238917 0.9844 0
1651796246219 0.9868 0
1651796253451 0.9808 0
1651796260553 0.9832 0
1651796267855 0.9928 0
1651796274978 0.9952 0
1651796282182 0.9852 0
1651796289298 0.9928 0
1651796296404 0.9956 0
1651796303552 0.9924 0
1651796310705 0.984 0
1651796317997 0.9904 0
1651796325136 0.9932 0
1651796332357 0.986 0
1651796341440 0.6312 0
1651796348621 0.7504 0
1651796355752 0.8024 0
1651796362987 0.8436 0
1651796370159 0.8512 0
1651796377332 0.884 0
1651796384615 0.8944 0
1651796391789 0.9112 0
1651796398995 0.93 0
1651796406269 0.936 0
1651796413539 0.9424 0
1651796420627 0.9632 0
1651796427819 0.9624 0
1651796435004 0.9572 0
1651796442141 0.9756 0
1651796449233 0.9816 0
1651796456476 0.9824 0
1651796463726 0.974 0
1651796471025 0.9696 0
1651796478292 0.9892 0
1651796485593 0.982 0
1651796492783 0.9748 0
1651796499967 0.9852 0
1651796507149 0.9848 0
1651796514384 0.9852 0
1651796521552 0.9812 0
1651796528803 0.9876 0
1651796536100 0.9912 0
1651796543137 0.99 0
1651796550436 0.9876 0
1651796557796 0.9864 0
1651796565191 0.9864 0
1651796572401 0.9888 0
1651796579531 0.986 0
1651796586934 0.9872 0
1651796594182 0.9848 0
1651796601490 0.9632 0
1651796608810 0.9816 0
1651796616166 0.9884 0
1651796623241 0.9876 0
1651796630629 0.99 0
1651796637875 0.9872 0
1651796645118 0.9904 0
1651796652367 0.994 0
1651796659606 0.9932 0
1651796666838 0.992 0
1651796674100 0.9892 0
1651796681454 0.9916 0
1651796688675 0.9932 0
1651796695857 0.988 0
1651796705255 0.6656 0
1651796712566 0.802 0
1651796719851 0.8576 0
1651796727231 0.8768 0
1651796734507 0.8968 0
1651796741737 0.9252 0
1651796748928 0.9208 0
1651796756195 0.9456 0
1651796763485 0.9572 0
1651796770813 0.9624 0
1651796778087 0.9668 0
1651796785485 0.9608 0
1651796792693 0.9768 0
1651796799962 0.9844 0
1651796807276 0.9848 0
1651796814583 0.9744 0
1651796821799 0.9888 0
1651796829148 0.9828 0
1651796836419 0.988 0
1651796843715 0.984 0
1651796851019 0.9876 0
1651796858384 0.9876 0
1651796865703 0.9836 0
1651796872934 0.9772 0
1651796880115 0.986 0
1651796887323 0.9892 0
1651796894809 0.99 0
1651796902144 0.9908 0
1651796909358 0.992 0
1651796916680 0.9892 0
1651796924018 0.9932 0
1651796931271 0.9956 0
1651796938494 0.9916 0
1651796945778 0.9904 0
1651796952966 0.9928 0
1651796960401 0.9956 0
1651796967730 0.9944 0
1651796974955 0.9952 0
1651796982213 0.994 0
1651796989556 0.9924 0
1651796996746 0.9888 0
1651797004007 0.9884 0
1651797011230 0.9936 0
1651797018483 0.9984 0
1651797025766 0.9956 0
1651797033076 0.9792 0
1651797040207 0.992 0
1651797047464 0.9912 0
1651797054947 0.9892 0
1651797062248 0.9936 0
1651797071995 0.5728 0
1651797079412 0.7484 0
1651797086791 0.8188 0
1651797094212 0.8636 0
1651797101690 0.8992 0
1651797109106 0.9252 0
1651797116461 0.932 0
1651797123868 0.9568 0
1651797131393 0.96 0
1651797138781 0.9664 0
1651797146278 0.9724 0
1651797153726 0.9716 0
1651797161217 0.9744 0
1651797168574 0.976 0
1651797176069 0.9912 0
1651797183527 0.9816 0
1651797191097 0.9876 0
1651797198511 0.9748 0
1651797206061 0.984 0
1651797213441 0.992 0
1651797220907 0.9944 0
1651797228380 0.984 0
1651797235825 0.9916 0
1651797243268 0.9872 0
1651797250736 0.9872 0
1651797258164 0.9936 0
1651797265656 0.9976 0
1651797273101 0.994 0
1651797280463 0.9816 0
1651797287921 0.9824 0
1651797295280 0.9816 0
1651797302539 0.9896 0
1651797309983 0.9888 0
1651797317299 0.9924 0
1651797324714 0.994 0
1651797332158 0.9972 0
1651797339542 0.9968 0
1651797346957 0.9896 0
1651797354279 0.9916 0
1651797361574 0.9824 0
1651797369028 0.9876 0
1651797376376 0.9952 0
1651797383803 0.9896 0
1651797391054 0.9856 0
1651797398524 0.9936 0
1651797406064 0.9968 0
1651797413431 0.9968 0
1651797420783 0.9972 0
1651797428092 0.9984 0
1651797435383 0.992 0
1651797445320 0.5908 0
1651797452711 0.7676 0
1651797460041 0.8248 0
1651797467405 0.8768 0
1651797474734 0.906 0
1651797482134 0.9344 0
1651797489648 0.9404 0
1651797497151 0.9616 0
1651797504646 0.9664 0
1651797512121 0.9664 0
1651797519569 0.9792 0
1651797526920 0.9808 0
1651797534531 0.9832 0
1651797541900 0.9824 0
1651797549107 0.98 0
1651797556474 0.978 0
1651797563853 0.9884 0
1651797571419 0.9868 0
1651797578907 0.9844 0
1651797586304 0.9876 0
1651797593736 0.9876 0
1651797601378 0.992 0
1651797608696 0.986 0
1651797616125 0.9848 0
1651797623514 0.9888 0
1651797630984 0.9888 0
1651797638446 0.9924 0
1651797645907 0.9952 0
1651797653478 0.9924 0
1651797661049 0.9932 0
1651797668419 0.9952 0
1651797675764 0.9912 0
1651797683099 0.984 0
1651797690584 0.9932 0
1651797697997 0.992 0
1651797705505 0.994 0
1651797712846 0.9868 0
1651797720227 0.9916 0
1651797727585 0.9896 0
1651797734910 0.9896 0
1651797742398 0.992 0
1651797749824 0.9776 0
1651797757244 0.99 0
1651797764626 0.994 0
1651797771960 0.994 0
1651797779210 0.996 0
1651797786599 0.9932 0
1651797793936 0.9992 0
1651797801311 0.9976 0
1651797808639 0.9924 0
1651797818968 0.7032 0
1651797826438 0.886 0
1651797833674 0.9128 0
1651797841167 0.9412 0
1651797848588 0.9532 0
1651797855992 0.9648 0
1651797863395 0.9708 0
1651797870813 0.98 0
1651797878336 0.9808 0
1651797885750 0.9848 0
1651797893178 0.9864 0
1651797900710 0.984 0
1651797908054 0.9892 0
1651797915485 0.9928 0
1651797922964 0.9916 0
1651797930320 0.9852 0
1651797937850 0.9956 0
1651797945332 1.0 0
1651797952900 0.9984 0
1651797960444 0.9952 0
1651797967806 0.9892 0
1651797975269 0.986 0
1651797982675 0.9872 0
1651797990126 0.9956 0
1651797997641 0.9936 0
1651798005067 0.9964 0
1651798012387 0.9952 0
1651798019872 0.99 0
1651798027293 0.9908 0
1651798034730 0.9932 0
1651798042162 0.992 0
1651798049725 0.9936 0
1651798057356 0.9948 0
1651798064590 0.996 0
1651798072062 0.9956 0
1651798079521 0.994 0
1651798086917 0.9944 0
1651798094461 0.994 0
1651798102000 0.9984 0
1651798109578 0.9856 0
1651798117065 0.9916 0
1651798124511 0.986 0
1651798132060 0.9944 0
1651798139463 0.9992 0
1651798146955 0.9976 0
1651798154363 0.996 0
1651798161769 0.998 0
1651798169278 0.9896 0
1651798176832 0.9892 0
1651798184312 0.9972 0
1651798195055 0.6448 0
1651798202516 0.8412 0
1651798210065 0.9068 0
1651798217730 0.9264 0
1651798225250 0.9528 0
1651798232782 0.9684 0
1651798240278 0.9748 0
1651798247766 0.9728 0
1651798255442 0.9756 0
1651798263011 0.9744 0
1651798270534 0.9872 0
1651798278110 0.9812 0
1651798285625 0.9892 0
1651798293167 0.9908 0
1651798300659 0.9924 0
1651798308140 0.9932 0
1651798315761 0.9924 0
1651798323370 0.9832 0
1651798330753 0.994 0
1651798338174 0.9924 0
1651798345565 0.9932 0
1651798353064 0.9956 0
1651798360683 0.9952 0
1651798368180 0.9928 0
1651798375709 0.9948 0
1651798383106 0.9936 0
1651798390645 0.994 0
1651798398139 0.984 0
1651798405795 0.988 0
1651798413277 0.9916 0
1651798420798 0.994 0
1651798428277 0.9764 0
1651798435828 0.9944 0
1651798443431 0.9968 0
1651798450957 0.9964 0
1651798458513 0.9964 0
1651798465970 0.9944 0
1651798473382 0.9944 0
1651798480937 0.9956 0
1651798488316 0.9936 0
1651798495949 0.9976 0
1651798503545 0.9976 0
1651798511149 0.9964 0
1651798518564 0.9936 0
1651798526011 0.996 0
1651798533537 0.9984 0
1651798540952 1.0 0
1651798548396 0.998 0
1651798555826 0.99 0
1651798563321 0.9916 0
1651798574230 0.466 0
1651798581747 0.6896 0
1651798589199 0.77 0
1651798596792 0.8252 0
1651798604466 0.8564 0
1651798612058 0.8844 0
1651798619645 0.9092 0
1651798627141 0.9268 0
1651798634721 0.9436 0
1651798642185 0.9584 0
1651798649754 0.9464 0
1651798657199 0.9708 0
1651798664663 0.972 0
1651798672301 0.9696 0
1651798679758 0.98 0
1651798687371 0.98 0
1651798695036 0.9848 0
1651798702618 0.9864 0
1651798710131 0.9796 0
1651798717666 0.9816 0
1651798725095 0.9896 0
1651798732799 0.9876 0
1651798740376 0.978 0
1651798748001 0.99 0
1651798755649 0.9948 0
1651798763194 0.9876 0
1651798770704 0.9872 0
1651798778134 0.9916 0
1651798785680 0.9904 0
1651798793193 0.9788 0
1651798800637 0.992 0
1651798808366 0.9876 0
1651798815856 0.9936 0
1651798823428 0.9928 0
1651798830960 0.992 0
1651798838659 0.9888 0
1651798846363 0.9904 0
1651798853883 0.988 0
1651798861343 0.9868 0
1651798868858 0.9916 0
1651798876349 0.9856 0
1651798883908 0.992 0
1651798891409 0.9952 0
1651798898955 0.9976 0
1651798906695 0.996 0
1651798914084 0.9876 0
1651798921605 0.9884 0
1651798929315 0.9924 0
1651798936983 0.994 0
1651798944597 0.9924 0
1651798955848 0.5628 0
1651798963354 0.746 0
1651798970910 0.8116 0
1651798978517 0.838 0
1651798986188 0.882 0
1651798993730 0.9052 0
1651799001538 0.9356 0
1651799009137 0.9332 0
1651799016819 0.9564 0
1651799024461 0.9604 0
1651799032099 0.9784 0
1651799039528 0.9736 0
1651799047177 0.9732 0
1651799054776 0.964 0
1651799062324 0.9744 0
1651799069808 0.9632 0
1651799077386 0.984 0
1651799084988 0.984 0
1651799092596 0.9912 0
1651799100284 0.9872 0
1651799107804 0.9864 0
1651799115507 0.9904 0
1651799122998 0.966 0
1651799130583 0.9912 0
1651799138165 0.9932 0
1651799145662 0.994 0
1651799153291 0.9944 0
1651799160707 0.99 0
1651799168416 0.968 0
1651799176028 0.9876 0
1651799183723 0.9944 0
1651799191365 0.9924 0
1651799198886 0.9932 0
1651799206500 0.9936 0
1651799214217 0.9944 0
1651799221726 0.9936 0
1651799229264 0.9872 0
1651799237020 0.9944 0
1651799244511 0.99 0
1651799252134 0.9852 0
1651799259719 0.994 0
1651799267296 0.9972 0
1651799274774 0.9972 0
1651799282316 0.9856 0
1651799289990 0.9924 0
1651799297528 0.9948 0
1651799305034 0.976 0
1651799312705 0.992 0
1651799320192 0.9948 0
1651799327501 0.9972 0
1651799339105 0.5728 0
1651799346718 0.7848 0
1651799354306 0.8404 0
1651799362064 0.8928 0
1651799369791 0.9084 0
1651799377476 0.94 0
1651799385116 0.948 0
1651799392863 0.9556 0
1651799400549 0.9632 0
1651799408285 0.9728 0
1651799415956 0.9772 0
1651799423552 0.9812 0
1651799431176 0.9892 0
1651799438699 0.9848 0
1651799446425 0.9824 0
1651799453955 0.9864 0
1651799461543 0.9872 0
1651799469169 0.9892 0
1651799476955 0.9864 0
1651799484662 0.9784 0
1651799492377 0.984 0
1651799500159 0.9876 0
1651799507978 0.9904 0
1651799515668 0.9876 0
1651799523234 0.9908 0
1651799530810 0.99 0
1651799538352 0.9916 0
1651799546007 0.992 0
1651799553658 0.9924 0
1651799561307 0.9948 0
1651799568906 0.9832 0
1651799576558 0.9892 0
1651799584255 0.9948 0
1651799592071 0.9984 0
1651799599874 0.9932 0
1651799607692 0.9964 0
1651799615284 0.9896 0
1651799622827 0.9912 0
1651799630528 0.9896 0
1651799638223 0.9876 0
1651799645892 0.986 0
1651799653441 0.9944 0
1651799661002 0.9916 0
1651799668657 0.994 0
1651799676256 0.9944 0
1651799683914 0.9944 0
1651799691599 0.998 0
1651799699384 0.9904 0
1651799707042 0.99 0
1651799714686 0.9944 0
1651799726789 0.6608 0
1651799734460 0.8276 0
1651799742389 0.888 0
1651799750191 0.9096 0
1651799757927 0.9368 0
1651799765630 0.9564 0
1651799773279 0.962 0
1651799780900 0.976 0
1651799788641 0.9748 0
1651799796559 0.976 0
1651799804364 0.9812 0
1651799812031 0.9756 0
1651799819822 0.9856 0
1651799827493 0.9916 0
1651799835192 0.9876 0
1651799843016 0.9916 0
1651799850757 0.99 0
1651799858656 0.982 0
1651799866455 0.9848 0
1651799874355 0.994 0
1651799882241 0.9968 0
1651799889903 0.9956 0
1651799897660 0.9944 0
1651799905575 0.9936 0
1651799913056 0.9952 0
1651799921020 0.9956 0
1651799928774 0.9672 0
1651799936623 0.9864 0
1651799944457 0.994 0
1651799952148 0.9752 0
1651799959843 0.9916 0
1651799967459 0.9952 0
1651799975283 0.9952 0
1651799983122 0.9964 0
1651799990895 0.9988 0
1651799998580 0.9952 0
1651800006335 0.9916 0
1651800014052 0.9936 0
1651800021909 0.9948 0
1651800029645 0.9944 0
1651800037373 0.9972 0
1651800045124 0.9876 0
1651800052935 0.9932 0
1651800060730 0.996 0
1651800068426 0.9968 0
1651800076010 0.9948 0
1651800083698 0.9988 0
1651800091565 0.9988 0
1651800099510 1.0 0
1651800107125 0.9988 0
1651800119568 0.6392 0
1651800127444 0.8056 0
1651800135229 0.852 0
1651800143104 0.8988 0
1651800150888 0.9172 0
1651800158727 0.936 0
1651800166590 0.9396 0
1651800174412 0.9612 0
1651800182273 0.9672 0
1651800190079 0.9764 0
1651800198018 0.974 0
1651800205831 0.9868 0
1651800213678 0.9896 0
1651800221499 0.9872 0
1651800229341 0.9924 0
1651800237227 0.9884 0
1651800245247 0.9796 0
1651800252973 0.9904 0
1651800260749 0.9916 0
1651800268560 0.976 0
1651800276266 0.9868 0
1651800283972 0.988 0
1651800291694 0.9928 0
1651800299550 0.99 0
1651800307291 0.9964 0
1651800314930 0.9948 0
1651800322681 0.9964 0
1651800330281 0.9892 0
1651800338072 0.9896 0
1651800346035 0.98 0
1651800353940 0.9968 0
1651800362006 0.9956 0
1651800369781 0.9912 0
1651800377509 0.9916 0
1651800385284 0.9944 0
1651800393067 0.998 0
1651800401009 0.9928 0
1651800409111 0.9928 0
1651800416905 0.9912 0
1651800424683 0.988 0
1651800432644 0.9928 0
1651800440467 0.9968 0
1651800448196 0.99 0
1651800455941 0.994 0
1651800463756 0.9972 0
1651800471581 0.9952 0
1651800479379 0.9944 0
1651800487153 0.9936 0
1651800494999 0.9936 0
1651800502712 0.9912 0
1651800515730 0.636 0
1651800523495 0.8308 0
1651800531231 0.8764 0
1651800539027 0.9028 0
1651800547052 0.9308 0
1651800554935 0.9396 0
1651800562762 0.9452 0
1651800570775 0.9556 0
1651800578533 0.964 0
1651800586480 0.9568 0
1651800594283 0.9768 0
1651800602165 0.9844 0
1651800610195 0.98 0
1651800617967 0.9776 0
1651800625715 0.9836 0
1651800633408 0.9812 0
1651800641248 0.9824 0
1651800649134 0.9872 0
1651800657033 0.9916 0
1651800664857 0.9896 0
1651800672579 0.992 0
1651800680425 0.994 0
1651800688283 0.9916 0
1651800696176 0.992 0
1651800703893 0.9888 0
1651800711552 0.992 0
1651800719312 0.9928 0
1651800727354 0.994 0
1651800735310 0.9808 0
1651800743241 0.9916 0
1651800751070 0.9712 0
1651800759270 0.9956 0
1651800766982 0.9936 0
1651800774956 0.992 0
1651800782786 0.9976 0
1651800790733 0.9984 0
1651800798570 0.9964 0
1651800806453 0.9948 0
1651800814349 0.992 0
1651800822164 0.9856 0
1651800830014 0.9976 0
1651800837669 0.9948 0
1651800845534 0.9924 0
1651800853396 0.9932 0
1651800861092 0.9876 0
1651800869044 0.9948 0
1651800877043 0.9972 0
1651800884866 0.9976 0
1651800892723 0.994 0
1651800900745 0.9948 0
1651800913785 0.7792 0
1651800921714 0.942 0
1651800929531 0.9692 0
1651800937487 0.9796 0
1651800945413 0.984 0
1651800953357 0.994 0
1651800961146 0.9944 0
1651800969223 0.9936 0
1651800977009 0.9904 0
1651800984946 0.9936 0
1651800992733 0.992 0
1651801000689 0.9956 0
1651801008644 0.9984 0
1651801016573 0.9904 0
1651801024470 0.9956 0
1651801032343 0.9952 0
1651801040191 0.996 0
1651801048069 0.9964 0
1651801055880 0.9964 0
1651801063691 0.9928 0
1651801071624 0.996 0
1651801079508 0.9964 0
1651801087428 0.9996 0
1651801095368 1.0 0
1651801103458 1.0 0
1651801111403 1.0 0
1651801119349 1.0 0
1651801127299 1.0 0
1651801135247 1.0 0
1651801142963 0.9984 0
1651801150919 0.9892 0
1651801158775 0.9844 0
1651801166586 0.9788 0
1651801174404 0.9924 0
1651801182400 0.9932 0
1651801190217 1.0 0
1651801198121 1.0 0
1651801206143 1.0 0
1651801213975 1.0 0
1651801221877 1.0 0
1651801229798 1.0 0
1651801237644 0.9976 0
1651801245424 0.9792 0
1651801253199 0.9952 0
1651801261149 0.9996 0
1651801268950 0.996 0
1651801276808 0.996 0
1651801284747 0.9984 0
1651801292653 0.9992 0
1651801300577 0.9968 0
1651801314212 0.5236 0
1651801322027 0.6788 0
1651801329910 0.7528 0
1651801337690 0.826 0
1651801345528 0.8788 0
1651801353469 0.8884 0
1651801361261 0.8904 0
1651801369137 0.9392 0
1651801376950 0.9504 0
1651801384721 0.956 0
1651801392569 0.9644 0
1651801400466 0.9656 0
1651801408334 0.9796 0
1651801416253 0.9768 0
1651801424184 0.9792 0
1651801431998 0.9872 0
1651801439776 0.9732 0
1651801447538 0.9776 0
1651801455438 0.9924 0
1651801463395 0.9856 0
1651801471313 0.9908 0
1651801479254 0.9912 0
1651801487114 0.9872 0
1651801494909 0.9892 0
1651801502619 0.9944 0
1651801510574 0.9936 0
1651801518437 0.984 0
1651801526487 0.9844 0
1651801534362 0.9864 0
1651801542259 0.986 0
1651801550067 0.99 0
1651801557870 0.9944 0
1651801565831 0.9972 0
1651801573891 0.9904 0
1651801581735 0.994 0
1651801589537 0.988 0
1651801597576 0.9956 0
1651801605415 0.9968 0
1651801613406 0.9904 0
1651801621218 0.9936 0
1651801629177 0.994 0
1651801637250 0.9856 0
1651801645155 0.9944 0
1651801652946 0.9868 0
1651801660696 0.9916 0
1651801668767 0.9952 0
1651801676798 0.9984 0
1651801684855 0.9964 0
1651801692761 0.994 0
1651801700766 0.9844 0
