1654623071362 0.3028398031702124 0
1654623086611 0.07421900434039484 0
1654623101990 0.04718672943973522 0
1654623117219 0.034388940898045506 0
1654623132848 0.035728165131083275 0
1654623148183 0.025092025576225425 0
1654623163305 0.04141525526074273 0
1654623178889 0.02472353680988914 0
1654623193979 0.02132374383393118 0
1654623209488 0.03491638240774488 0
1654623224957 0.022073472443615728 0
1654623240273 0.017502481596395073 0
1654623255328 0.029532219384289442 0
1654623270588 0.014512432394004196 0
1654623285775 0.006292846989089342 0
1654623305269 0.004639094077752587 0
1654623320352 0.030944614045629818 0
1654623335176 0.016914337622063565 0
1654623350364 0.007519015447961615 0
1654623365270 0.03177636627144831 0
1654623380274 0.012458456011796374 0
1654623395586 0.0004286393107865077 0
1654623410314 9.444767953353083e-05 0
1654623425242 0.03949139317190384 0
1654623440253 0.014285528475450535 0
1654623454884 0.00944198004246647 0
1654623469617 0.014516464921563152 0
1654623484985 0.0007854534722073303 0
1654623500067 7.010401231148737e-05 0
1654623515213 0.021515956342719855 0
1654623561000 0.24049875758767678 0
1654623602112 0.03780950203274247 0
1654623643861 0.02343650400544564 0
1654623685334 0.011091408871918127 0
1654623727735 0.013795419884854932 0
1654623770066 0.024242160519889186 0
1654623812650 0.015357748379455327 0
1654623855606 0.0034853520781170776 0
1654623897627 0.008674336374026393 0
1654623941284 0.025716466739234334 0
1654623983911 0.012832789068038296 0
1654624026364 0.0006901803466836 0
1654624070947 6.567387798340888e-05 0
1654624114447 2.2059198796930896e-05 0
1654624157351 2.7064755478858597e-05 0
1654624200977 6.701792622620381e-06 0
1654624244414 7.684420353682971e-06 0
1654624287181 4.75622203388907e-06 0
1654624329933 0.03921170374188064 0
1654624374271 0.02427194043361399 0
1654624417992 0.012328673696666246 0
1654624459998 0.004639109687830662 0
1654624503617 0.010058195986690867 0
1654624547216 0.011577560734130568 0
1654624590785 0.012818755062843724 0
1654624633325 0.008831853988670708 0
1654624677437 0.0052134306331974 0
1654624720643 0.006723790899037617 0
1654624763844 0.007372914907015266 0
1654624807866 0.01733501519361377 0
1654624859917 0.16029506946748007 0
1654624903584 0.023447810059303322 0
1654624947070 0.01738837662975942 0
1654624990737 0.01127152979155189 0
1654625034561 0.007445970064512178 0
1654625077388 0.017223959016601013 0
1654625120859 0.010249646984325558 0
1654625164955 0.006838606848952582 0
1654625208112 0.001414737699053654 0
1654625251639 0.00012056678860266366 0
1654625295855 0.023228034191588955 0
1654625339802 0.02038929675691523 0
1654625383162 0.0007529184541932969 0
1654625426743 0.006403889842023714 0
1654625471310 0.0028395439583832295 0
1654625515656 0.020555764541988947 0
1654625558366 0.003983914357701886 0
1654625601157 0.006819368879056994 0
1654625644418 0.009510714430759213 0
1654625687309 0.0001789369674760798 0
1654625732219 0.03102169584483219 0
1654625774852 0.0013824860662186563 0
1654625819217 0.006963860056839301 0
1654625861975 0.002593413006590721 0
1654625906757 0.0006515392559636567 0
1654625951034 0.0015636621708311673 0
1654625994605 0.018776946696309943 0
1654626037410 0.0008687603723949214 0
1654626082553 0.013513620206365085 0
1654626126121 0.0026562117348394305 0
1654626181889 0.2793781725707842 0
1654626225979 0.05301832857097258 0
1654626270199 0.03355114821555277 0
1654626313687 0.02400167771660835 0
1654626357771 0.0244808870068337 0
1654626402148 0.015262814747760374 0
1654626445880 0.020477868784927827 0
1654626489055 0.020441361897863084 0
1654626533557 0.012100563920907826 0
1654626577985 0.0174910539888473 0
1654626620984 0.012187293279553564 0
1654626665097 0.02033293639769153 0
1654626708882 0.0037487870979271355 0
1654626751993 0.017637490816287633 0
1654626796998 0.013494248369141336 0
1654626839929 0.014780428227312487 0
1654626883312 0.0009123877421370266 0
1654626928080 0.0001866595804063226 0
1654626972303 0.029354413691558664 0
1654627016502 0.0075486794270768764 0
1654627060319 0.014166465781412986 0
1654627103620 0.011201161977350983 0
1654627148343 0.009975535891045212 0
1654627191619 0.009664792312690938 0
1654627236011 0.022851452683111322 0
1654627278947 0.004788609946591301 0
1654627322079 0.007685184185317615 0
1654627366800 0.009611980075473755 0
1654627410821 0.0011594890699252365 0
1654627453773 0.01684523106460482 0
1654627513913 0.1452015231895337 0
1654627556669 0.011527021262655328 0
1654627599136 0.010163805454777132 0
1654627641845 0.014290573266028965 0
1654627684528 0.016159551506676775 0
1654627727012 0.002168637022744003 0
1654627769631 0.00010319804878297807 0
1654627812060 0.0002457180532585658 0
1654627854711 0.010883169073127507 0
1654627897319 0.014073812960855362 0
1654627939794 0.009126461650128984 0
1654627982443 0.00454292953788386 0
1654628024830 0.012939282589227316 0
1654628067510 0.00571038171778033 0
1654628109954 0.0014615956520083759 0
1654628152266 0.0016582474386610585 0
1654628194578 4.320228431382844e-05 0
1654628236942 3.333352102629278e-05 0
1654628279347 1.3402527411665911e-05 0
1654628322009 2.5679410193235787e-06 0
1654628364819 0.018352481650978865 0
1654628407491 0.015623477213957177 0
1654628450261 0.005325990594091587 0
1654628492975 0.00012447660870648492 0
1654628536510 7.62707837748961e-05 0
1654628579454 0.011380897429995825 0
1654628622401 0.006302624812071238 0
1654628665155 0.008658544421924144 0
1654628708984 0.00020774102035302518 0
1654628751908 9.090607276826024e-06 0
