1651795210508 1.5709889183044434 0
1651795213552 1.3260476877212524 0
1651795216581 1.1031240518569947 0
1651795219546 0.9606687322616577 0
1651795222624 0.8718846210479736 0
1651795225761 0.7736070048332214 0
1651795228809 0.7178374994277954 0
1651795231886 0.6415744825363159 0
1651795234961 0.5927712372779846 0
1651795237965 0.5400037099838256 0
1651795244130 1.5793411911010742 0
1651795247535 1.4455749963760376 0
1651795250732 1.3447333585739136 0
1651795254132 1.2465331193447113 0
1651795257549 1.1865851125717164 0
1651795261039 1.1304459250450134 0
1651795264507 1.0701053901672364 0
1651795267892 1.0256278398513794 0
1651795271267 0.9850893918991089 0
1651795274791 0.946089754486084 0
1651795281595 1.6532475633621215 0
1651795285308 1.474809019088745 0
1651795289049 1.360713666534424 0
1651795292883 1.2833253129959106 0
1651795296628 1.231200767326355 0
1651795300366 1.192469771003723 0
1651795304022 1.1576311190605164 0
1651795307756 1.1287380767822266 0
1651795311489 1.0984739060401916 0
1651795315234 1.075013617324829 0
1651795322471 1.5981198881149292 0
1651795326425 1.1813050126075744 0
1651795330550 0.9988552926063538 0
1651795334539 0.9234583051681519 0
1651795338664 0.8808120622634887 0
1651795342669 0.8439271286010742 0
1651795346698 0.8101561069488525 0
1651795350885 0.7946740530967712 0
1651795354842 0.79387193775177 0
1651795358796 0.7485330579280853 0
1651795366484 1.8434296236038208 0
1651795370624 1.6717132974624633 0
1651795374833 1.5961809593200684 0
1651795379093 1.5657882551193236 0
1651795383251 1.5461532228469848 0
1651795387462 1.488093140220642 0
1651795391679 1.468136846923828 0
1651795396025 1.4502316631317138 0
1651795400297 1.4372569416046144 0
1651795404510 1.4037844793319703 0
