1645570148581 2.417172061920166 0
1645570156395 1.954662559890747 0
1645570163990 1.666039130783081 0
1645570171890 1.4487447389602661 0
1645570179948 1.31185197057724 0
1645570187731 1.1218869304656982 0
1645570195444 1.0013806837081909 0
1645570203158 0.8785843886852265 0
1645570210880 0.7344437878131866 0
1645570218682 0.6455059606075287 0
1645570236757 2.059090277862549 0
1645570245872 1.907911407470703 0
1645570255090 1.9000420421600341 0
1645570264284 1.9357421398162842 0
1645570273559 1.9956959911346435 0
1645570282865 2.0686174964904787 0
1645570292335 2.0525457654953003 0
1645570301447 2.1485525493621824 0
1645570310282 2.158153792190552 0
1645570319356 2.2059372776031494 0
1645570338426 2.833907816314697 0
1645570348758 2.65501625289917 0
1645570359152 2.7182333030700683 0
1645570369416 2.780865587234497 0
1645570379898 2.788479730606079 0
1645570389981 2.9252509773254394 0
1645570400302 2.898690406799316 0
1645570410805 3.030930281829834 0
1645570421231 3.0410196876525877 0
1645570431599 3.135484112548828 0
