1651825150191 1.4896050959587097 0
1651825153992 0.9402000102996826 0
1651825157479 0.7939279172897339 0
1651825160773 0.7362075300216675 0
1651825164415 0.7055602296829223 0
1651825167953 0.6490328453063965 0
1651825171528 0.6324532834529877 0
1651825175196 0.5440641602993012 0
1651825178680 0.47817302435040476 0
1651825182234 0.47086807001829145 0
1651825185854 0.41060580924749374 0
1651825189311 0.42733183641433714 0
1651825192974 0.40321230158209803 0
1651825196569 0.3615926230430603 0
1651825200155 0.36683390440940855 0
1651825203642 0.34643682965040207 0
1651825207231 0.3596798645019531 0
1651825210802 0.4205172430992126 0
1651825214401 0.3997050670623779 0
1651825217970 0.325726300406456 0
1651825221638 0.2970929441332817 0
1651825225223 0.3094840163230896 0
1651825228845 0.26231349568367 0
1651825232421 0.3568881209209561 0
1651825236011 0.27048298508524893 0
1651825239519 0.26762125632762906 0
1651825243095 0.343014899289608 0
1651825246625 0.2652004877448082 0
1651825250200 0.2854004617333412 0
1651825253708 0.3259984169751406 0
1651825259306 2.04344697933197 0
1651825264575 1.2148585638046265 0
1651825269758 1.1666809911251068 0
1651825275019 1.0774559413909912 0
1651825280338 0.9933084013938904 0
1651825285521 0.9015201341629029 0
1651825290720 0.8054279624938965 0
1651825295942 0.8283927034378051 0
1651825301139 0.7294934185028076 0
1651825306370 0.6906243521690368 0
1651825311762 0.6620436710357666 0
1651825316861 0.7379698038578033 0
1651825322147 0.644289179611206 0
1651825327462 0.7732557181358337 0
1651825332770 0.6301167013645173 0
1651825337951 0.5305010709762573 0
1651825343199 0.5272506253480911 0
1651825348519 0.546341234588623 0
1651825353706 0.5641411184310913 0
1651825359062 0.5542288728356362 0
1651825364377 0.48955144939422607 0
1651825369508 0.6005907637596131 0
1651825374585 0.5337103630065918 0
1651825379976 0.8345979645431042 0
1651825385164 0.5568507874488831 0
1651825390547 0.4964486151218414 0
1651825395848 0.48576404824256897 0
1651825400989 0.487552355158329 0
1651825406030 0.44070312972068787 0
1651825411219 0.5184677156448364 0
1651825417569 1.7858979091644287 0
1651825423398 1.1721677568435669 0
1651825429232 1.1165800498962402 0
1651825435102 1.049911810684204 0
1651825440780 0.9433777082443238 0
1651825446632 0.9287287427902222 0
1651825452582 0.8336192393302917 0
1651825458402 0.8202061911582946 0
1651825464381 0.7667336582660675 0
1651825470264 0.7793975954055786 0
1651825476190 0.7593882720947266 0
1651825482018 0.7574019014358521 0
1651825488019 0.7973581996917725 0
1651825493954 0.632718450832367 0
1651825499767 0.612602626657486 0
1651825505653 0.5892140767335892 0
1651825511457 0.5996358024597168 0
1651825517258 0.7601639531135559 0
1651825522914 0.671612207365036 0
1651825528704 0.6129071720123291 0
1651825534537 0.558600625705719 0
1651825540462 0.5962587151050568 0
1651825546484 0.5265405329465866 0
1651825552278 0.5137106262207031 0
1651825558265 0.5679974814891815 0
1651825564018 0.5046133426666259 0
1651825569929 0.5826712294340134 0
1651825575822 0.49398296241760253 0
1651825581878 0.5148823678493499 0
1651825587750 0.547862784576416 0
1651825595489 1.7140320853233337 0
1651825602031 0.713558420753479 0
1651825608648 0.5791149664878845 0
1651825615152 0.5101524614334106 0
1651825621675 0.4502016485929489 0
1651825628252 0.43344710693359373 0
1651825634798 0.49719207401275634 0
1651825641426 0.4507022913455963 0
1651825647989 0.33107835702896116 0
1651825654467 0.3141912574529648 0
1651825661221 0.3805507576942444 0
1651825667882 0.4138124470591545 0
1651825674475 0.3254379687309265 0
1651825681117 0.36658346702456474 0
1651825687605 0.32350566482543947 0
1651825694328 0.3942960131794214 0
1651825700941 0.3511327739238739 0
1651825707585 0.26812659533023836 0
1651825714183 0.2444386797428131 0
1651825720741 0.36362099437713624 0
1651825727519 0.24354023947715758 0
1651825734207 0.31078845646381376 0
1651825740765 0.20280629890561103 0
1651825747312 0.18832478890419008 0
1651825753934 0.3571857185781002 0
1651825760485 0.2574313707124442 0
1651825767052 0.23796806498765946 0
1651825773467 0.28880243612378836 0
1651825780069 0.22486736699342727 0
1651825786714 0.24093571401834488 0
1651825795884 2.3681025897979735 0
1651825803344 1.2914918737411498 0
1651825810795 1.165728543663025 0
1651825818138 1.1337404091835022 0
1651825825646 0.9849480170249939 0
1651825832975 1.061980677986145 0
1651825840345 0.9648433437347412 0
1651825847768 0.9273927980422974 0
1651825855106 0.9044007553577423 0
1651825862528 0.8217537059783936 0
1651825869898 0.8302806930541993 0
1651825877068 0.8196402276992798 0
1651825884649 0.7371480858683586 0
1651825891858 0.8108081489562988 0
1651825899071 0.7370441459655762 0
1651825906364 0.7112075650215149 0
1651825913758 0.6682326639175415 0
1651825921049 0.6218994572639466 0
1651825928404 0.6549916141510009 0
1651825935776 0.7361547396659851 0
1651825943008 0.5864598196744919 0
1651825950330 0.5652225091457367 0
1651825957783 0.6416906328201294 0
1651825965034 0.628484949016571 0
1651825972496 0.7201687744617462 0
1651825980135 0.49156310358047484 0
1651825987470 0.46777062406539915 0
1651825994663 0.67149468126297 0
1651826001977 0.5315448549270629 0
1651826009475 0.5646439199447632 0
