1652422866520 2.2021773323059084 0
1652422871418 1.95670365524292 0
1652422876284 1.8722667434692384 0
1652422881114 1.7287161003112792 0
1652422885958 1.6100532920837403 0
1652422890768 1.5246697284698487 0
1652422895682 1.44448396320343 0
1652422900596 1.3409963987350464 0
1652422905505 1.2001405382156372 0
1652422910396 1.1143764776229859 0
1652422919404 1.5519530811309814 0
1652422927957 1.3173397451400757 0
1652422936685 1.1630321943283082 0
1652422945451 1.0546153011322021 0
1652422954128 0.9376688714027405 0
1652422962865 0.8550828100204467 0
1652422971454 0.7420400266647339 0
1652422980139 0.656606967830658 0
1652422988792 0.5741200744628906 0
1652422997442 0.4767218069076538 0
1652423010590 0.9998168417612712 0
1652423023216 0.843708434009552 0
1652423036033 0.7386662122408549 0
1652423048628 0.6628683019638062 0
1652423061168 0.59850500831604 0
1652423073917 0.529401140721639 0
1652423086342 0.4593631332715352 0
1652423098853 0.4084319670200348 0
1652423111345 0.37229614312648773 0
1652423123860 0.3451520410219828 0
1652423142027 0.7189846623420715 0
1652423159132 0.5811454606771469 0
1652423176126 0.4945989633798599 0
1652423193193 0.463776904463768 0
1652423210191 0.41462425400018693 0
1652423227363 0.3615979591608047 0
1652423244271 0.33670418649315836 0
1652423260880 0.307192867910862 0
1652423277866 0.26730758791565895 0
1652423294986 0.24728299091756345 0
1652423317382 0.5882082695960998 0
1652423338855 0.5151272117042541 0
1652423359814 0.471300128364563 0
1652423381612 0.4275354121208191 0
1652423402637 0.3940448251247406 0
1652423424120 0.36343678487300873 0
1652423445212 0.33427692601680753 0
1652423466350 0.30784639807224273 0
1652423487484 0.29340145503520965 0
1652423508412 0.2579026533412933 0
