1652025602584 0.4934020085543394 0
1652025627060 0.2647927086169521 0
1652025651231 0.25229703471098713 0
1652025675656 0.2285683232508173 0
1652025699729 0.2339071905896669 0
1652025724422 0.21394860520695025 0
1652025748998 0.1921654265551207 0
1652025773013 0.19392834736680573 0
1652025797505 0.19029113213590923 0
1652025822019 0.17059082823605567 0
1652025846494 0.16541488036475396 0
1652025871014 0.1761496376089776 0
1652025894872 0.17909711577557877 0
1652025919121 0.16075370444406428 0
1652025943173 0.16280878623740475 0
1652025967521 0.16357867744067758 0
1652025991685 0.16066058087962137 0
1652026015574 0.1536612686432539 0
1652026039552 0.153346170867669 0
1652026063736 0.1537298983892264 0
1652026087767 0.15155330717745394 0
1652026112317 0.14384831520523766 0
1652026137018 0.15635539288630426 0
1652026161149 0.14093928716714899 0
1652026185220 0.1466911305642903 0
1652026209835 0.14078876516086405 0
1652026234046 0.1433976684733237 0
1652026258447 0.14531258383556225 0
1652026283246 0.14593576712348744 0
1652026307051 0.14230337472073828 0
1652026331376 0.13444584902176335 0
1652026355689 0.14622440444049722 0
1652026380296 0.13305247540151735 0
1652026404858 0.1423816318868198 0
1652026428652 0.1411931419157696 0
1652026453071 0.13036938285229335 0
1652026477334 0.12920007218959062 0
1652026502214 0.13843060670424695 0
1652026526437 0.13922639690012514 0
1652026550217 0.13379615140259346 0
1652026574306 0.13435502719263404 0
1652026598926 0.12763749870312713 0
1652026623289 0.12910174845886704 0
1652026647718 0.12690829720734206 0
1652026671796 0.1421924375357426 0
1652026696322 0.125172562122969 0
1652026720262 0.1307079770256862 0
1652026744975 0.12591499999411387 0
1652026769444 0.13229613878013158 0
1652026793321 0.12712053950937166 0
1652026824440 0.3827648497464565 0
1652026851715 0.275410945527886 0
1652026878919 0.26296292446580033 0
1652026906331 0.23544594120215198 0
1652026933327 0.22471261286932276 0
1652026960344 0.2189224205858927 0
1652026987378 0.20459148713283193 0
1652027014869 0.20713678392713594 0
1652027041948 0.20984234041669472 0
1652027069131 0.1982892989342477 0
1652027096311 0.19898212662483503 0
1652027123294 0.19299055060537346 0
1652027150753 0.20732372272318014 0
1652027178246 0.19128355643650705 0
1652027205478 0.1973754788262369 0
1652027232350 0.1792713799122338 0
1652027259355 0.19284058362464354 0
1652027286527 0.1798824299326614 0
1652027313809 0.18645927869359885 0
1652027341034 0.1795975066170895 0
1652027368178 0.19123161121461804 0
1652027394750 0.17045394889315185 0
1652027421898 0.1748304250132557 0
1652027449038 0.18193052987686043 0
1652027476478 0.18398905971528717 0
1652027504124 0.17892004179886015 0
1652027531354 0.1807623096506349 0
1652027558943 0.17394736517280676 0
1652027586204 0.18196413042153256 0
1652027613571 0.16062580969683196 0
1652027640709 0.18299737644602845 0
1652027667907 0.17404331091874378 0
1652027695317 0.16523036667315966 0
1652027722566 0.1757985442111592 0
1652027749961 0.16137755880855362 0
1652027777082 0.17186789624032597 0
1652027804893 0.16668419272168378 0
1652027831734 0.17764398281371646 0
1652027858856 0.16660412868521807 0
1652027885860 0.16765568982977466 0
1652027913074 0.16443204920581225 0
1652027940326 0.1534391950320947 0
1652027967610 0.168046574807153 0
1652027994495 0.17664970239933614 0
1652028021602 0.15444377483240534 0
1652028048934 0.16785495420150118 0
1652028076429 0.15843628560492815 0
1652028103330 0.17166410844890415 0
1652028130528 0.15593514604085076 0
1652028157649 0.16024611299998662 0
1652028192534 0.3966808640901859 0
1652028220266 0.30518481197963254 0
1652028247297 0.28151779852908265 0
1652028274669 0.2560175019184535 0
1652028301982 0.25552339879754427 0
1652028329178 0.24747429565743323 0
1652028356905 0.2393972126269271 0
1652028384465 0.22702072457145242 0
1652028411914 0.2276175138371724 0
1652028439475 0.2224128848827561 0
1652028466874 0.21214140560137687 0
1652028494032 0.21585540626692343 0
1652028521164 0.21717934603516945 0
1652028548433 0.2118825309377074 0
1652028576176 0.21147675188787807 0
1652028603700 0.20803146151802102 0
1652028630759 0.21021978521449117 0
1652028658237 0.21060259051638883 0
1652028685646 0.2060456623284485 0
1652028713076 0.19552842963828268 0
1652028740668 0.20027492227876004 0
1652028768381 0.19966831257063 0
1652028795483 0.19732112515429595 0
1652028823172 0.1860882251555572 0
1652028850758 0.21202055839587983 0
1652028878339 0.18867671515698997 0
1652028905008 0.1932934585262051 0
1652028931957 0.1771161356703467 0
1652028958872 0.19031025242615102 0
1652028985870 0.19528147291635345 0
1652029013516 0.1920254665542156 0
1652029040422 0.18509380640884246 0
1652029067631 0.19616093120074876 0
1652029095188 0.17506573069766931 0
1652029122736 0.2010348003953932 0
1652029150076 0.16772439829760433 0
1652029177609 0.18966125768543227 0
1652029204851 0.1835450814609845 0
1652029232374 0.1679744043633075 0
1652029259450 0.18591690708689879 0
1652029286660 0.1812673590913077 0
1652029313976 0.164051979989243 0
1652029341175 0.18402242285156367 0
1652029368817 0.18840521482754044 0
1652029396271 0.17951690763257275 0
1652029424060 0.1827538634249705 0
1652029451593 0.18981877320863602 0
1652029479033 0.1697628491924714 0
1652029506589 0.17112925961816067 0
1652029534195 0.20045300727057278 0
1652029573106 0.38142810482712325 0
1652029600970 0.33113024740227576 0
1652029628894 0.27476401158102165 0
1652029657040 0.2937439441789461 0
1652029684998 0.25158527469477426 0
1652029712891 0.24284424103364613 0
1652029740733 0.261561922944543 0
1652029768838 0.24439831821821612 0
1652029796853 0.24320602941035124 0
1652029824398 0.2229077542693826 0
1652029852098 0.2446681079178539 0
1652029879483 0.23147556906340863 0
1652029907069 0.22304144200323273 0
1652029934594 0.24474818056558142 0
1652029962667 0.23059796911456173 0
1652029990442 0.23736714191894007 0
1652030017958 0.21000743783760298 0
1652030046047 0.22592207532315103 0
1652030073292 0.20663943578603303 0
1652030101525 0.19818379700923008 0
1652030129427 0.21882086451535748 0
1652030157157 0.22002204670161118 0
1652030184644 0.18849864437008515 0
1652030212530 0.20265283345033527 0
1652030239832 0.21646296017430036 0
1652030268362 0.20827806343824842 0
1652030296225 0.2077663033194802 0
1652030324007 0.21077689213096137 0
1652030351898 0.19873726970063518 0
1652030379510 0.2051475480477375 0
1652030407243 0.2144497816177164 0
1652030434940 0.20245656143514168 0
1652030463088 0.1862963664525316 0
1652030491154 0.2032114438368313 0
1652030519592 0.19222379134382953 0
1652030547523 0.19047463493635589 0
1652030575363 0.2094000699885574 0
1652030602875 0.19224573356446803 0
1652030630844 0.19519306029141198 0
1652030659062 0.18976257552239012 0
1652030686165 0.2046772406734039 0
1652030713722 0.19614241330633864 0
1652030741377 0.19184154136651807 0
1652030769226 0.2086517922444331 0
1652030796844 0.19677281771388705 0
1652030825417 0.18185586674731755 0
1652030854147 0.20596092602626112 0
1652030882120 0.1820611242133909 0
1652030910249 0.18562545792401977 0
1652030938019 0.1940391491062797 0
1652030980349 0.38210985415990534 0
1652031008293 0.31903238776158543 0
1652031036546 0.3094673665602208 0
1652031065043 0.26831379912294484 0
1652031093169 0.28738009687893434 0
1652031121059 0.2710873110849818 0
1652031149183 0.2650910905418808 0
1652031176752 0.2577908977033389 0
1652031204485 0.2460727822774536 0
1652031232608 0.23429152943120243 0
1652031260360 0.2229209840690033 0
1652031288437 0.23769725219936363 0
1652031316533 0.22313131068453984 0
1652031344971 0.25498442532241816 0
1652031373144 0.2202705054238315 0
1652031401429 0.2405825350777266 0
1652031429514 0.21601100569886164 0
1652031457604 0.22570804418033324 0
1652031485844 0.23248752718983157 0
1652031513949 0.20916134301694692 0
1652031541657 0.2146442936592038 0
1652031569684 0.2026472977122224 0
1652031597632 0.21237371605719849 0
1652031625594 0.2265349697970005 0
1652031653584 0.21193953072734786 0
1652031681426 0.2178487067039238 0
1652031709843 0.20936247878658718 0
1652031738297 0.21630750801313445 0
1652031766258 0.20658389865370766 0
1652031794591 0.20351438973237615 0
1652031822642 0.21745158565487352 0
1652031850614 0.19713794035007756 0
1652031878747 0.21086819196748463 0
1652031907017 0.19701512074396407 0
1652031934682 0.21218676681615514 0
1652031962946 0.21332515630135715 0
1652031991052 0.19782590672488312 0
1652032019099 0.19658338389798174 0
1652032047084 0.1934387735917646 0
1652032075232 0.2099037733085942 0
1652032103341 0.1913422223267424 0
1652032131677 0.18316098895870178 0
1652032159946 0.20472768488493923 0
1652032187775 0.20497011130834938 0
1652032215806 0.20112044135324195 0
1652032243983 0.2094014697721109 0
1652032271964 0.21052321041914593 0
1652032300439 0.18935322717498038 0
1652032328517 0.19800488274214909 0
1652032356372 0.20336792089644845 0
