1652787011557 2.260631747055054 0
1652787016354 2.085431810951233 0
1652787021118 1.9213910079956054 0
1652787025916 1.7611184970855713 0
1652787030585 1.6115006141662598 0
1652787035326 1.4946382259368896 0
1652787040182 1.3746221539497376 0
1652787045045 1.2725995203018188 0
1652787049847 1.1647566976547241 0
1652787054658 1.0656478580474853 0
1652787060872 2.11971974029541 0
1652787066722 1.7119994327545165 0
1652787072458 1.4203366518974305 0
1652787078182 1.195532502937317 0
1652787084084 1.0385915937423706 0
1652787089937 0.9365955193519593 0
1652787095727 0.8242638248443603 0
1652787101611 0.7379612037658692 0
1652787107627 0.6658418180465698 0
1652787113319 0.5970870839715003 0
1652787119700 2.0512664054870604 0
1652787125525 1.6775598028182983 0
1652787131418 1.4776327850341797 0
1652787136992 1.297938475227356 0
1652787142788 1.163057867050171 0
1652787148456 1.0387365133285522 0
1652787154245 0.9489512535095215 0
1652787160060 0.857022562789917 0
1652787165898 0.7742397522926331 0
1652787171650 0.7050157308578491 0
1652787178275 1.887648415184021 0
1652787184053 1.3894900709152223 0
1652787189858 1.139559133529663 0
1652787195617 0.978292098236084 0
1652787201387 0.8499241240501404 0
1652787207088 0.7377352258682252 0
1652787212857 0.6470355620384216 0
1652787218780 0.5917579672813416 0
1652787224624 0.5314024571418762 0
1652787230486 0.4702555359840393 0
1652787237587 1.8482848039627076 0
1652787243593 1.4439275686264037 0
1652787249378 1.281018382358551 0
1652787255213 1.1460785336494446 0
1652787261167 1.0249300547122955 0
1652787266964 0.9404829000473023 0
1652787273009 0.8592196531295776 0
1652787278840 0.7954721654415131 0
1652787284524 0.7115869703292846 0
1652787290397 0.6473120391130447 0
