1653077477706 0.1756 0
1653077482734 0.2648 0
1653077487740 0.323 0
1653077492778 0.365 0
1653077497817 0.3898 0
1653077502855 0.4196 0
1653077507890 0.436 0
1653077512946 0.466 0
1653077517978 0.4846 0
1653077522949 0.5096 0
1653077531545 0.3198 0
1653077539766 0.445 0
1653077548055 0.5136 0
1653077556255 0.5506 0
1653077564234 0.5964 0
1653077572175 0.6348 0
1653077580248 0.6644 0
1653077588579 0.6982 0
1653077596744 0.7286 0
1653077604559 0.748 0
1653077614358 0.3222 0
1653077623402 0.4642 0
1653077632306 0.5312 0
1653077641619 0.5606 0
1653077650623 0.6214 0
1653077659477 0.6588 0
1653077668639 0.6864 0
1653077677444 0.7218 0
1653077686293 0.7536 0
1653077695272 0.757 0
1653077706970 0.3996 0
1653077717277 0.54 0
1653077727661 0.5906 0
1653077738062 0.6374 0
1653077748345 0.671 0
1653077758769 0.695 0
1653077769387 0.7226 0
1653077779797 0.77 0
1653077790973 0.7908 0
1653077801221 0.802 0
1653077815274 0.3464 0
1653077827446 0.4506 0
1653077839323 0.507 0
1653077851308 0.5522 0
1653077863441 0.584 0
1653077875440 0.6194 0
1653077887053 0.6536 0
1653077899229 0.6726 0
1653077911004 0.7172 0
1653077922755 0.7354 0
