1653077477719 2.2491535789489747 0
1653077482759 2.0637792613983152 0
1653077487755 1.9425455911636353 0
1653077492798 1.826936893081665 0
1653077497835 1.7630927536010743 0
1653077502887 1.6807088453292847 0
1653077507909 1.6321821523666382 0
1653077512967 1.5661870849609374 0
1653077517995 1.5002396701812744 0
1653077522963 1.4353788530349731 0
1653077531558 1.9714166091918945 0
1653077539786 1.6200981199264526 0
1653077548073 1.4431949697494506 0
1653077556279 1.3288917520523071 0
1653077564253 1.198383465385437 0
1653077572191 1.1026072933197022 0
1653077580274 1.0047370237350464 0
1653077588596 0.899846852684021 0
1653077596760 0.8130029549598694 0
1653077604573 0.7633989789962768 0
1653077614380 1.9692042280197144 0
1653077623419 1.5773584577560424 0
1653077632321 1.3878068880081176 0
1653077641635 1.3016259806632995 0
1653077650650 1.1421891042709351 0
1653077659491 1.0401792277336122 0
1653077668656 0.9312433752059937 0
1653077677458 0.8495286113739013 0
1653077686309 0.7519836016654968 0
1653077695290 0.7177472393035889 0
1653077706996 1.7203316179275512 0
1653077717310 1.342858822441101 0
1653077727677 1.1936690099716187 0
1653077738081 1.0687198799133302 0
1653077748371 0.9700958402633667 0
1653077758785 0.8713423827171326 0
1653077769402 0.8047604150772095 0
1653077779812 0.6872061715126038 0
1653077790988 0.623011422920227 0
1653077801243 0.5760767686843872 0
1653077815289 1.868223271560669 0
1653077827464 1.5765856300354004 0
1653077839338 1.4278957186698913 0
1653077851329 1.3026364555358887 0
1653077863461 1.2246939311981202 0
1653077875462 1.115036266231537 0
1653077887075 1.0192519594192504 0
1653077899259 0.9666914655685425 0
1653077911030 0.8461550420761108 0
1653077922787 0.7769011149406433 0
