1654662826225 0.753592433153459 0
1654662841251 0.9584065967380101 0
1654662856484 0.9787182441035591 0
1654662871484 0.9827199417934881 0
1654662887025 0.9833262596252956 0
1654662902465 0.9893288061601891 0
1654662917961 0.9911477596556115 0
1654662933376 0.9878130115806706 0
1654662948462 0.9900563875583581 0
1654662963681 0.9952100891287212 0
1654662978918 0.9896925968592736 0
1654662993929 0.9924816588855878 0
1654663009017 0.9936942945492027 0
1654663024186 0.9937549263323834 0
1654663039011 0.9924816588855878 0
1654663054156 0.9949675619959983 0
1654663069439 0.997150306190505 0
1654663084452 0.9949069302128175 0
1654663099616 0.9927848178014915 0
1654663114917 0.9943612441641909 0
1654663130059 0.9988479961195659 0
1654663145371 0.9946037712969138 0
1654663160458 0.9949069302128175 0
1654663175507 0.9974534651064088 0
1654663190419 0.9946037712969138 0
1654663205039 0.9976959922391317 0
1654663219583 0.996907779057782 0
1654663233669 0.9939974534651064 0
1654663248169 0.998120414721397 0
1654663262453 0.9966652519250592 0
1654663305289 0.9062518949730156 0
1654663345099 0.9900551816142138 0
1654663383586 0.9933903341216421 0
1654663422063 0.9921775513916682 0
1654663460231 0.9947243951246134 0
1654663498568 0.9953307864896004 0
1654663536980 0.9964829300830756 0
1654663575984 0.9947243951246134 0
1654663614317 0.9996968043175065 0
1654663652720 0.9978169910860469 0
1654663691166 0.9908434903886969 0
1654663729437 0.9987872172700261 0
1654663767853 0.9955127038990965 0
1654663806478 0.9975137954035534 0
1654663844779 0.9980595476320417 0
1654663883070 0.9977563519495483 0
1654663921526 0.9943605603056213 0
1654663959819 0.99581589958159 0
1654663998112 0.99721059972106 0
1654664037082 0.9993329694985144 0
1654664075486 0.9967861257655691 0
1654664113694 0.9969074040385665 0
1654664152130 0.9981201867685404 0
1654664190510 0.9999393608635013 0
1654664228800 0.99581589958159 0
1654664267221 0.9973925171305561 0
1654664306262 0.9990297738160209 0
1654664344579 0.9996968043175065 0
1654664383070 0.9973925171305561 0
1654664421416 0.9958765387180887 0
1654664468198 0.9370073966290773 0
1654664505758 0.9928458833515218 0
1654664543164 0.9949072389959985 0
1654664580655 0.9955741481750939 0
1654664618170 0.9955741481750939 0
1654664655914 0.9972111070692373 0
1654664693264 0.999514975142476 0
1654664731016 0.9999393718928095 0
1654664768564 0.9927852552443313 0
1654664806019 0.9964229416757608 0
1654664843654 0.999514975142476 0
1654664880972 0.9975748757123802 0
1654664918591 0.9978173881411422 0
1654664956411 0.9966654541045229 0
1654664994428 0.9999393718928095 0
1654665032419 0.9966654541045229 0
1654665069783 0.9973929913908087 0
1654665107504 0.9975142476051898 0
1654665144792 0.9987268097489996 0
1654665182309 0.9985449254274281 0
1654665219931 0.9980599005699042 0
1654665257479 0.9991512064993331 0
1654665295125 0.9983024129986662 0
1654665332587 0.9983024129986662 0
1654665370127 0.9996362313568571 0
1654665407643 0.9999393718928095 0
1654665445104 1.0 0
1654665482777 0.9978173881411422 0
1654665520427 0.995331635746332 0
1654665557932 0.9990905783921425 0
1654665609280 0.8827774408732565 0
1654665646749 0.97883565797453 0
1654665684260 0.9867192237719831 0
1654665721266 0.9921770770163736 0
1654665759316 0.9915100060642814 0
1654665796401 0.9929047907822923 0
1654665835869 0.9954517889630079 0
1654665873194 0.9938144329896907 0
1654665911157 0.9960582171012735 0
1654665947892 0.9972710733778047 0
1654665984697 0.9933292904790783 0
1654666022206 0.9939963614311704 0
1654666059362 0.9988477865372953 0
1654666096855 0.9956337174044876 0
1654666134606 0.9949060036385688 0
1654666171445 0.995573074590661 0
1654666208682 0.9974530018192844 0
1654666245750 0.9987265009096422 0
1654666283421 0.9950879320800485 0
1654666320456 0.9998787143723469 0
1654666357570 0.9947240751970892 0
1654666394467 0.9949060036385688 0
1654666431485 0.9975742874469375 0
1654666468752 0.997513644633111 0
1654666506549 0.9972710733778047 0
1654666544312 0.9958762886597938 0
1654666581322 0.9998787143723469 0
1654666618352 0.9958762886597938 0
1654666655937 0.9963614311704063 0
1654666693842 0.9976955730745907 0
1654666749651 0.9455967976710334 0
1654666787523 0.9956938379427462 0
1654666825541 0.9979985443959243 0
1654666863899 0.9966642406598738 0
1654666901492 0.9967855409995148 0
1654666939170 0.9963609898107715 0
1654666976716 0.999757399320718 0
1654667014948 1.0 0
1654667052502 1.0 0
1654667089898 0.9953905870936438 0
1654667128417 0.9975133430373605 0
1654667166900 0.9983017952450267 0
1654667204978 1.0 0
1654667243565 0.9992721979621543 0
1654667281704 0.9967248908296943 0
1654667320048 0.9996360989810772 0
1654667358612 0.9999393498301795 0
1654667396992 0.9999393498301795 0
1654667435267 1.0 0
1654667473287 1.0 0
1654667511325 1.0 0
1654667549647 1.0 0
1654667588329 1.0 0
1654667625973 0.9931465308102863 0
1654667663998 0.99745269286754 0
1654667701502 0.998968947113052 0
1654667739118 0.9989082969432315 0
1654667777304 0.9969068413391557 0
1654667815479 0.9995147986414362 0
1654667853015 1.0 0
