1644614233339 0.30686501562297347 0
1644614249083 0.0868157796283563 0
1644614264806 0.09046513253375887 0
1644614280615 0.08706753918069104 0
1644614296357 0.08344598464419445 0
1644614312183 0.08794141036259631 0
1644614328135 0.09206790266831716 0
1644614343853 0.0849420518865188 0
1644614359605 0.09378583421024184 0
1644614375427 0.08447906756121665 0
1644614391329 0.09589360337322578 0
1644614407065 0.0850933924715966 0
1644614422980 0.08562087577941517 0
1644614438902 0.06903819591266414 0
1644614454678 0.0839677361809959 0
1644614470626 0.07358206983655691 0
1644614486357 0.07659325616465261 0
1644614502254 0.07686218329370022 0
1644614518001 0.08242328984665995 0
1644614533881 0.07419290463645012 0
1644614568804 0.2887884326553345 0
1644614600654 0.21639046659088135 0
1644614632434 0.2109715361480713 0
1644614664175 0.20318405517482757 0
1644614696250 0.20153073292922974 0
1644614728151 0.1979303170309067 0
1644614760198 0.19296541285133362 0
1644614792125 0.1904578636817932 0
1644614824197 0.18962224202728273 0
1644614856146 0.18888232751464842 0
1644614887915 0.18204756593751908 0
1644614919902 0.1828991540312767 0
1644614951954 0.18118406480312346 0
1644614983777 0.1770800123667717 0
1644615015900 0.17745064303588867 0
1644615047586 0.1783931300945282 0
1644615079266 0.17678915955543517 0
1644615111230 0.174236426943779 0
1644615143224 0.17480610836219787 0
1644615175166 0.1724165448999405 0
1644615221803 0.597875874502119 0
1644615262731 0.4563922522593616 0
1644615303479 0.41393302331472437 0
1644615344430 0.3914706479325787 0
1644615385274 0.37772892030002225 0
1644615426155 0.3629532831676373 0
1644615467022 0.3501345607923798 0
1644615507684 0.35669783459844856 0
1644615548497 0.346260608089457 0
1644615589432 0.3369656334935206 0
1644615630323 0.3284164571000654 0
1644615671138 0.3306845737664356 0
1644615711775 0.3284831512215069 0
1644615752706 0.3231169965369913 0
1644615793462 0.31875147983691104 0
1644615834602 0.322815043901048 0
1644615875617 0.3174098628702833 0
1644615916528 0.3130509778804144 0
1644615957267 0.3050543560159543 0
1644615998141 0.30861729458907644 0
