1651891531554 1.4887047482490539 0
1651891535106 0.9625684403419494 0
1651891538509 0.8109694725036621 0
1651891542066 0.7579162273406982 0
1651891545869 0.7563913211822509 0
1651891549384 0.6365189868927001 0
1651891552986 0.6296894722938537 0
1651891556405 0.5828559671401977 0
1651891560020 0.45561330842971803 0
1651891563538 0.4422676777839661 0
1651891567094 0.4413825558423996 0
1651891570698 0.5225620611190795 0
1651891574169 0.44452984184026717 0
1651891577768 0.3425786986351013 0
1651891581289 0.34901348910331725 0
1651891584819 0.36703909845352173 0
1651891588447 0.39870343923568724 0
1651891591986 0.4589928380489349 0
1651891595664 0.3631419858217239 0
1651891599258 0.2995135614871979 0
1651891602981 0.30751729476749895 0
1651891606592 0.3133235508441925 0
1651891610251 0.4239856990098953 0
1651891613829 0.26774560558944943 0
1651891617381 0.30201674828529357 0
1651891621061 0.33924889385998247 0
1651891624686 0.29486027257442476 0
1651891628280 0.3912103579282761 0
1651891631912 0.3712995268821716 0
1651891635576 0.3123973519384861 0
1651891639007 0.3129046897917986 0
1651891642533 0.30569234485626223 0
1651891646215 0.24273014102876186 0
1651891649877 0.33864172587394714 0
1651891653409 0.42425416712760927 0
1651891656954 0.3164290018081665 0
1651891660488 0.3700302248954773 0
1651891664117 0.23348029608130455 0
1651891667702 0.2580502925872803 0
1651891671358 0.4305722632884979 0
1651891674927 0.3448891221046448 0
1651891678548 0.2716564224243164 0
1651891682196 0.3209685246512294 0
1651891685742 0.280900407242775 0
1651891689179 0.3677120852470398 0
1651891692739 0.31483688464164733 0
1651891696301 0.24033286213874816 0
1651891699851 0.41299380044937134 0
1651891703454 0.2955274878025055 0
1651891706948 0.32240487505197524 0
1651891712189 2.1650541009902953 0
1651891717405 1.1638310859680177 0
1651891722663 1.110093537902832 0
1651891727700 1.1216450236320497 0
1651891732735 0.907889571094513 0
1651891737741 0.8238170053958893 0
1651891742921 0.7668831983566284 0
1651891748004 0.8054324550628662 0
1651891753030 0.7080950532913208 0
1651891758180 0.6826126474380493 0
1651891763129 0.6539170572280883 0
1651891768208 0.8040716057777405 0
1651891773174 0.6383079509735108 0
1651891778304 0.6176724405288696 0
1651891783302 0.5305668610095978 0
1651891788402 0.6281894026756286 0
1651891793516 0.6478119275093078 0
1651891798575 0.6032750952720642 0
1651891803730 0.5455490348815918 0
1651891808754 0.5885488294601441 0
1651891813880 0.6038003297805786 0
1651891819089 0.6001838842868805 0
1651891824253 0.5467189527511597 0
1651891829420 0.6146464729070663 0
1651891834796 0.5458723031520843 0
1651891839955 0.44533869490623473 0
1651891845015 0.551534725189209 0
1651891850238 0.6181519882202149 0
1651891855288 0.5717681697368622 0
1651891860482 0.4698457363128662 0
1651891865800 0.4536789408683777 0
1651891870932 0.42733261830806735 0
1651891876206 0.5158363975524902 0
1651891881416 0.4808351282119751 0
1651891886512 0.7608864244937896 0
1651891891717 0.5997277581214905 0
1651891896789 0.5381317182064056 0
1651891901911 0.49406124100685117 0
1651891907057 0.3806479020625353 0
1651891912094 0.444212894821167 0
1651891917103 0.46975850150585174 0
1651891922245 0.5036392322540283 0
1651891927370 0.45373465282917025 0
1651891932342 0.4940355153560638 0
1651891937589 0.6037347099840641 0
1651891942693 0.4847150737762451 0
1651891947693 0.4378404180288315 0
1651891953048 0.42397375297546386 0
1651891958174 0.5500961858749389 0
1651891963219 0.45633906526565554 0
1651891969679 2.0789081533432006 0
1651891975395 1.1587716760635376 0
1651891981114 1.075432008934021 0
1651891986790 1.0284269548416138 0
1651891992561 1.0525743324279786 0
1651891998432 0.9456577487945557 0
1651892004117 0.871371200466156 0
1651892010005 0.8641470118522644 0
1651892015955 0.8108026992797852 0
1651892021701 0.7852681182861329 0
1651892027455 0.7624293066978455 0
1651892033215 0.7696185676574707 0
1651892039023 0.7022252166748046 0
1651892044928 0.6563121311187744 0
1651892050577 0.7024191272735596 0
1651892056343 0.5850733403205871 0
1651892062061 0.6641292320251465 0
1651892067884 0.5661860630989075 0
1651892073577 0.683308459854126 0
1651892079222 0.5354228263854981 0
1651892085067 0.6869218268632888 0
1651892090836 0.5606250049591065 0
1651892096430 0.5580542686462402 0
1651892102343 0.5693957384109497 0
1651892107993 0.6163915943145752 0
1651892113761 0.5603275769948959 0
1651892119429 0.5422604859113693 0
1651892125152 0.5297687202453614 0
1651892130932 0.5788741176128387 0
1651892136683 0.4512155333995819 0
1651892142403 0.4993231439113617 0
1651892148163 0.5359716481208802 0
1651892153809 0.5386435886383056 0
1651892159670 0.503622922039032 0
1651892165287 0.5851598804473876 0
1651892171020 0.47203736386299133 0
1651892176751 0.4925591455459595 0
1651892182326 0.521675623512268 0
1651892187976 0.562533232498169 0
1651892193662 0.5379167963385582 0
1651892199341 0.3948679168701172 0
1651892205102 0.42875099902153013 0
1651892210822 0.4612578562736511 0
1651892216560 0.4814934282302856 0
1651892222283 0.4760160090625286 0
1651892227900 0.42336093282699583 0
1651892233728 0.5298830673217774 0
1651892239497 0.4571843225479126 0
1651892245314 0.4277963152885437 0
1651892250816 0.44283080196380614 0
1651892258184 1.3950023321151734 0
1651892264869 0.7125826816558838 0
1651892271435 0.6504522090435028 0
1651892278075 0.5216459714889526 0
1651892284530 0.6000856280326843 0
1651892291049 0.5136482050895691 0
1651892297556 0.4261763572692871 0
1651892303953 0.45681902418136594 0
1651892310641 0.3999992030143738 0
1651892317144 0.38667618436813356 0
1651892323660 0.4293234100759029 0
1651892330469 0.3469009135484695 0
1651892336922 0.3990996319770813 0
1651892343445 0.5126085910797119 0
1651892349866 0.4240883070796728 0
1651892356511 0.33354964570999146 0
1651892362907 0.37445292119979856 0
1651892369429 0.4027652822256088 0
1651892376016 0.29229686638116836 0
1651892382500 0.24522037286758422 0
1651892388992 0.38473999032974243 0
1651892395502 0.3026957168519497 0
1651892402012 0.2598021013379097 0
1651892408638 0.27860573534965516 0
1651892415148 0.45679792709350586 0
1651892421724 0.49389619710445404 0
1651892428247 0.3605516877095681 0
1651892434453 0.24205398354530336 0
1651892440878 0.2911621592283249 0
1651892447431 0.34407652220726015 0
1651892454159 0.4050538803577423 0
1651892460610 0.3159544279932976 0
1651892467125 0.21726614038944245 0
1651892473685 0.31778312763571737 0
1651892480565 0.2613914821982384 0
1651892487113 0.22578003633916377 0
1651892493535 0.23941305794417858 0
1651892500041 0.22646983523368835 0
1651892506457 0.3329656154155731 0
1651892513129 0.32247086906286715 0
1651892519710 0.24788694611254614 0
1651892526209 0.24526940713995135 0
1651892532824 0.40374362306594846 0
1651892539288 0.36348646137714385 0
1651892545824 0.25817861030101774 0
1651892552319 0.28643475370407107 0
1651892558784 0.29605198402404787 0
1651892565316 0.38981587035953996 0
1651892571833 0.278444149851799 0
1651892578373 0.2561362159822136 0
1651892587143 2.064825439834595 0
1651892594627 1.2033915897369385 0
1651892601685 1.1237059070587159 0
1651892608975 1.0967549751281738 0
1651892616219 1.0720866638183593 0
1651892623668 0.9275250314712524 0
1651892630807 0.9004171196937562 0
1651892637929 0.9614111261367798 0
1651892645084 0.8608311139583588 0
1651892652319 0.8196752610206604 0
1651892659646 0.8053441595077515 0
1651892666995 0.8491635474205017 0
1651892674308 0.7075460777282715 0
1651892681608 0.7429271271705628 0
1651892688936 0.6970695805549622 0
1651892695971 0.6227790753364563 0
1651892703228 0.8209863883972168 0
1651892710370 0.620841107749939 0
1651892717615 0.6529188692092895 0
1651892724872 0.6411877194821834 0
1651892732142 0.6101732544898987 0
1651892739202 0.668700464630127 0
1651892746367 0.6462334051132202 0
1651892753659 0.6963644685268402 0
1651892761063 0.5738376317977906 0
1651892768276 0.5502800107002258 0
1651892775766 0.5661162641525268 0
1651892783014 0.6352671980500221 0
1651892790390 0.5543704606890678 0
1651892797640 0.48719173221588136 0
1651892804996 0.5101991388320923 0
1651892812229 0.5075969719171524 0
1651892819443 0.49866470925807954 0
1651892826729 0.560079219865799 0
1651892833921 0.5034906177997589 0
1651892841276 0.3893554440498352 0
1651892848555 0.6735705519676208 0
1651892855781 0.7248302709579468 0
1651892863093 0.4937687488555908 0
1651892870316 0.5039213568687438 0
1651892877490 0.48850767097473147 0
1651892884797 0.4503220323562622 0
1651892892084 0.47688762629032133 0
1651892899278 0.4880829204559326 0
1651892906548 0.5406448932170868 0
1651892913835 0.5351667478084564 0
1651892921053 0.5538331672549248 0
1651892928096 0.42447744464874265 0
1651892935186 0.5365094417572022 0
1651892942228 0.5251368522290141 0
