1654440571190 1.4766085762660441 0
1654440584292 0.9560419848514125 0
1654440597971 0.5039867127269826 0
1654440611094 0.21648456490904278 0
1654440624359 0.0963612552877916 0
1654440671400 0.7955370601988367 0
1654440687270 0.33002899567546407 0
1654440702849 0.2378905642698391 0
1654440718565 0.20886724822792 0
1654440734395 0.185560937465542 0
1654440787398 0.8129143019264302 0
1654440805240 0.395329226099738 0
1654440823210 0.3317983671291042 0
1654440841566 0.31300580146689405 0
1654440859535 0.3020985277512586 0
1654440919289 1.0561736514960152 0
1654440939065 0.7284206588026825 0
1654440958760 0.6393915120871447 0
1654440978930 0.5928287407786575 0
1654440998797 0.5762816549576435 0
1654441063648 1.246447502785895 0
1654441084687 0.9136917046237374 0
1654441106488 0.8775250236135499 0
1654441127939 0.858229541391033 0
1654441149063 0.8477934947411798 0
