1651743227107 0.4964 0
1651743230077 0.7452 0
1651743232952 0.8316 0
1651743235846 0.8656 0
1651743238767 0.9056 0
1651743241586 0.9188 0
1651743244561 0.9372 0
1651743247460 0.9484 0
1651743250556 0.9592 0
1651743253509 0.9704 0
1651743259602 0.3928 0
1651743262919 0.592 0
1651743266287 0.6928 0
1651743269586 0.7516 0
1651743272880 0.7992 0
1651743276180 0.8408 0
1651743279527 0.8572 0
1651743282952 0.8776 0
1651743286311 0.9008 0
1651743289619 0.9064 0
1651743296443 0.3724 0
1651743300191 0.614 0
1651743303847 0.7008 0
1651743307399 0.7592 0
1651743311007 0.784 0
1651743314700 0.8212 0
1651743318257 0.8384 0
1651743321990 0.8532 0
1651743325567 0.8616 0
1651743329225 0.8916 0
1651743336552 0.5352 0
1651743340391 0.8056 0
1651743344232 0.8532 0
1651743348105 0.8876 0
1651743352176 0.8996 0
1651743356007 0.9296 0
1651743359814 0.9356 0
1651743363778 0.9452 0
1651743367539 0.9564 0
1651743371384 0.958 0
1651743379023 0.3676 0
1651743383050 0.5652 0
1651743387221 0.6384 0
1651743391297 0.6996 0
1651743395259 0.7528 0
1651743399287 0.7948 0
1651743403449 0.8192 0
1651743407554 0.8388 0
1651743411550 0.864 0
1651743415764 0.8804 0
