1654726686750 0.8921360577214575 0
1654726736236 0.979203298369005 0
1654726785722 0.9798096162008124 0
1654726835246 0.9877523797974899 0
1654726884864 0.9897532286424544 0
1654726934450 0.9869641666161402 0
1654726984013 0.9929667131510338 0
1654727033465 0.990541441823804 0
1654727082882 0.993391135633299 0
1654727132310 0.9926029224519494 0
1654727181816 0.9910871278724307 0
1654727231307 0.9947856666464561 0
1654727280788 0.9943612441641909 0
1654727330334 0.9902382829079003 0
1654727379933 0.9966046201418783 0
1654727429421 0.9961195658764325 0
1654727478962 0.9899957557751774 0
1654727528410 0.9977566240223125 0
1654727578185 0.9946644030800946 0
1654727627837 0.9966046201418783 0
1654727677365 0.9930273449342145 0
1654727726939 0.9933305038501182 0
1654727776666 0.9959376705268902 0
1654727826431 0.9950281937791791 0
1654727876016 0.9975140968895895 0
1654727925754 0.9939974534651064 0
1654727975328 0.9959983023100709 0
1654728024867 0.9963014612259746 0
1654728074393 0.9939974534651064 0
1654728123909 0.9953313526950828 0
1654728233554 0.9623453795779772 0
1654728332269 0.9895100654862964 0
1654728431050 0.9925721561969439 0
1654728529897 0.9924812030075187 0
1654728628772 0.9949975745816153 0
1654728727754 0.9920870725200097 0
1654728826665 0.9942396313364056 0
1654728929947 0.9928146980354111 0
1654729030233 0.9939970894979384 0
1654729129124 0.9943305845258307 0
1654729227776 0.9950278923114237 0
1654729326331 0.9946337618239146 0
1654729424791 0.9938455008488964 0
1654729523246 0.9969985447489692 0
1654729621767 0.9943912199854474 0
1654729720132 0.9939364540383216 0
1654729818604 0.9966044142614601 0
1654729917026 0.9940274072277467 0
1654730015475 0.9960283773951006 0
1654730114010 0.996513461072035 0
1654730212448 0.994967256851807 0
1654730310993 0.995512975988358 0
1654730409513 0.9959980596652923 0
1654730511679 0.9953007518796992 0
1654730609914 0.994815668202765 0
1654730707732 0.9975442638855202 0
1654730805609 0.9949066213921901 0
1654730903631 0.9957252000970167 0
1654731001655 0.996361872422993 0
1654731099636 0.9961496483143342 0
1654731270673 0.9810218683051053 0
1654731418285 0.9939973321476212 0
1654731565528 0.9938154331217915 0
1654731713389 0.9941388091677109 0
1654731861131 0.9945026072193702 0
1654732009265 0.9936739561017017 0
1654732157611 0.9943813412021505 0
1654732305929 0.9947855612595496 0
1654732454291 0.9950280932939892 0
1654732602450 0.9961801204575771 0
1654732750283 0.9953514693399087 0
1654732897908 0.9952302033226889 0
1654733045808 0.99462387323659 0
1654733194545 0.9963620194834067 0
1654733353401 0.9957556893973079 0
1654733500870 0.9941994421763208 0
1654733648194 0.996766239540806 0
1654733795623 0.9951897813169489 0
1654733944340 0.9957759004001778 0
1654734092923 0.9958567444116577 0
1654734247815 0.9957354783944379 0
1654734396021 0.9956344233800881 0
1654734544642 0.9954121023485185 0
1654734698209 0.9967056065321961 0
1654734848985 0.9953514693399087 0
1654734997301 0.9954121023485185 0
1654735155011 0.9960790654432273 0
1654735302714 0.9971300375924653 0
1654735450617 0.9953716803427786 0
1654735597829 0.9955333683657384 0
1654735831246 0.9773526558331312 0
1654736028876 0.9896616541353384 0
1654736226795 0.9918596895464468 0
1654736424736 0.9922538200339559 0
1654736622258 0.9921780257094349 0
1654736821093 0.9932543051176328 0
1654737019897 0.9936939121998545 0
1654737227229 0.9941032015522677 0
1654737425685 0.9936181178753335 0
1654737628770 0.993663594470046 0
1654737825973 0.9939061363085132 0
1654738023319 0.9941941547416929 0
1654738221018 0.9933755760368663 0
1654738420150 0.9947853504729566 0
1654738621303 0.9946034440941063 0
1654738822783 0.9938758185787048 0
1654739020450 0.9946489206888188 0
1654739217042 0.9941032015522677 0
1654739413509 0.9950127334465195 0
1654739610008 0.9941789958767887 0
1654739806381 0.9958009944215377 0
1654740003008 0.9947550327431481 0
1654740199575 0.9947095561484356 0
1654740395945 0.9948308270676691 0
1654740592595 0.9957100412321125 0
1654740789026 0.9948005093378608 0
1654740985952 0.9945579674993936 0
1654741182691 0.994891462527286 0
1654741379220 0.995361387339316 0
1654741575540 0.9949066213921901 0
1654741872831 0.9874963616959348 0
1654742121431 0.9933176482002523 0
1654742369943 0.9944576501406811 0
1654742620484 0.994566799262637 0
1654742875116 0.9935844571650335 0
1654743123520 0.9942272242165519 0
1654743372493 0.9943242456582905 0
1654743621870 0.995342970796546 0
1654743871443 0.9941302027748132 0
1654744120798 0.9951853109537208 0
1654744370025 0.9943606286989425 0
1654744620223 0.9953065877558941 0
1654744874441 0.9942878626176385 0
1654745124895 0.9948821189482876 0
1654745385104 0.9947244591054623 0
1654745640747 0.9952580770350248 0
1654745890531 0.9945789269428543 0
1654746141034 0.9952459493548074 0
1654746395370 0.9950033957504608 0
1654746652975 0.9952944600756767 0
1654746902589 0.9947729698263316 0
1654747153225 0.995379353837198 0
1654747408904 0.9951974386339381 0
1654747663360 0.9953550984767634 0
1654747913389 0.9947002037450277 0
1654748162920 0.9949427573493742 0
1654748412020 0.9950519064713301 0
1654748661180 0.9955248859998059 0
1654748910403 0.9951853109537208 0
1654749160230 0.9954399922382846 0
