1654726686764 0.30401295549758284 0
1654726736251 0.07009570714634483 0
1654726785737 0.0618693808326653 0
1654726835261 0.04209005657819736 0
1654726884879 0.03359770699604386 0
1654726934465 0.040731215005213005 0
1654726984027 0.021870829239801607 0
1654727033480 0.03319797025236686 0
1654727082896 0.02188898871343988 0
1654727132325 0.02421402065267046 0
1654727181831 0.031716436874440326 0
1654727231321 0.01654412216263353 0
1654727280803 0.021100688212446317 0
1654727330349 0.037739648401525966 0
1654727379948 0.012200620415729658 0
1654727429436 0.01474760653621646 0
1654727478977 0.03532055703766613 0
1654727528425 0.007680047456654599 0
1654727578200 0.019988090423239045 0
1654727627852 0.012875800505893664 0
1654727677379 0.0285210892633387 0
1654727726954 0.02559840855533714 0
1654727776681 0.01423424437270642 0
1654727826446 0.02039922083025726 0
1654727876031 0.008997444559151899 0
1654727925768 0.020988107179292677 0
1654727975343 0.015444105226893068 0
1654728024882 0.014815647832535922 0
1654728074408 0.025295382833873177 0
1654728123924 0.018760400564698316 0
1654728233569 0.11514174078055596 0
1654728332284 0.03625105910689649 0
1654728431065 0.023610070904041117 0
1654728529913 0.026313443345976274 0
1654728628788 0.019350590532228658 0
1654728727769 0.02624508741749677 0
1654728826681 0.019817326120222894 0
1654728929962 0.02512111825766317 0
1654729030249 0.020720737965674047 0
1654729129140 0.020034629462099756 0
1654729227792 0.017948326843743007 0
1654729326347 0.018351475814287137 0
1654729424807 0.021131946493721313 0
1654729523262 0.011594833958064566 0
1654729621783 0.02041234053346485 0
1654729720147 0.02120971956855867 0
1654729818620 0.01328406689790312 0
1654729917042 0.023076413407107976 0
1654730015491 0.014502685107961093 0
1654730114025 0.012891113553006801 0
1654730212463 0.01907569567846137 0
1654730311009 0.01646641419235202 0
1654730409528 0.013661936555834342 0
1654730511695 0.017138277005446362 0
1654730609929 0.018932631755125634 0
1654730707748 0.009317722870575201 0
1654730805625 0.01995334482514073 0
1654730903647 0.015909333889131558 0
1654731001671 0.014280680070727034 0
1654731099652 0.014144612845868786 0
1654731270690 0.06045022007256529 0
1654731418301 0.020998957918628717 0
1654731565543 0.022035423719846584 0
1654731713405 0.021161328562686176 0
1654731861147 0.020141245496617305 0
1654732009282 0.02226816391734102 0
1654732157628 0.01961769276959877 0
1654732305945 0.018201326658225127 0
1654732454308 0.01780608065415281 0
1654732602466 0.014759463254552447 0
1654732750299 0.018255784855569016 0
1654732897924 0.018665221066340994 0
1654733045824 0.020333998090123345 0
1654733194561 0.013339974978432333 0
1654733353417 0.01580473656756657 0
1654733500886 0.022573342060590154 0
1654733648210 0.012149591375693778 0
1654733795639 0.01713821172139773 0
1654733944357 0.01647161163570319 0
1654734092939 0.015854352524548587 0
1654734247831 0.01616503037709623 0
1654734396038 0.017823063713640667 0
1654734544658 0.01843722428532952 0
1654734698226 0.013094799605892611 0
1654734849001 0.017114644480792692 0
1654734997318 0.01836521735197041 0
1654735155027 0.01430281980485276 0
1654735302731 0.012047475877632196 0
1654735450633 0.018299376214838393 0
1654735597846 0.01779277260208141 0
1654735831263 0.07156645083146615 0
1654736028893 0.033296297988893456 0
1654736226812 0.027611125872151362 0
1654736424752 0.025290691842230238 0
1654736622274 0.02693120043466981 0
1654736821110 0.023923689124978834 0
1654737019914 0.022906791268568674 0
1654737227246 0.020891267193047517 0
1654737425701 0.022733796827383183 0
1654737628786 0.02097519493426635 0
1654737825990 0.021221335245264986 0
1654738023336 0.021099736266963067 0
1654738221034 0.02415104090302466 0
1654738420167 0.019486786776137337 0
1654738621320 0.02029062187294485 0
1654738822800 0.021114802726844677 0
1654739020467 0.018251223277119723 0
1654739217059 0.022141525180429427 0
1654739413526 0.01849382732527246 0
1654739610025 0.021513074087080433 0
1654739806398 0.015412688761528678 0
1654740003025 0.020968947509077344 0
1654740199592 0.020042299564796844 0
1654740395962 0.019390413358833986 0
1654740592612 0.01667319956690265 0
1654740789043 0.020389367101861514 0
1654740985969 0.020929607325696927 0
1654741182708 0.01856481702282685 0
1654741379237 0.01763987950176996 0
1654741575556 0.019452054436354692 0
1654741872848 0.04179739420948285 0
1654742121448 0.02442470065939474 0
1654742369961 0.020845096086579033 0
1654742620502 0.020705994245602523 0
1654742875133 0.022810782505050826 0
1654743123537 0.020710415669408944 0
1654743372510 0.020469470917660524 0
1654743621888 0.01710933769388541 0
1654743871460 0.021850350169571688 0
1654744120816 0.01759642528085482 0
1654744370042 0.020633074256476466 0
1654744620240 0.01725641298926235 0
1654744874458 0.02248815158902953 0
1654745124913 0.019471466192028435 0
1654745385121 0.019868798141673312 0
1654745640764 0.017577912479718835 0
1654745890548 0.01995398768240938 0
1654746141052 0.018909386680625067 0
1654746395387 0.018514661057355407 0
1654746652993 0.017184609398568806 0
1654746902606 0.020181550154420504 0
1654747153242 0.018849852659727894 0
1654747408922 0.018486152941011 0
1654747663378 0.017566639814444365 0
1654747913407 0.02000906960859742 0
1654748162937 0.018816213367400143 0
1654748412037 0.018237547259915138 0
1654748661197 0.016175223850764836 0
1654748910421 0.01845752411534391 0
1654749160248 0.018024916866714903 0
