1652086525185 0.2723783163030942 0
1652086549556 0.13168767919850846 0
1652086574442 0.09342400990972917 0
1652086598901 0.07317249410462875 0
1652086623496 0.05789460847591981 0
1652086647752 0.04705749039981359 0
1652086671839 0.0399402198520101 0
1652086696513 0.03765688876644708 0
1652086721343 0.03368119558247854 0
1652086745571 0.02599182785357504 0
1652086769791 0.025349705715390154 0
1652086794122 0.022491603425878567 0
1652086818107 0.023115000933114787 0
1652086842005 0.019026526989242606 0
1652086866438 0.02015768427196793 0
1652086891129 0.015853325722559628 0
1652086916260 0.017857053740000507 0
1652086941037 0.01624652327587925 0
1652086964926 0.016070451741308837 0
1652086989577 0.015333551609250814 0
1652087014551 0.013723374340003163 0
1652087040276 0.015006222858477122 0
1652087064806 0.013399673839461564 0
1652087088759 0.014052845889080224 0
1652087112652 0.015696705309020276 0
1652087137898 0.011411494706580743 0
1652087162745 0.013951073794704158 0
1652087187921 0.012121372501655788 0
1652087212747 0.013205101899902972 0
1652087238893 0.012398110002118483 0
1652087271845 0.24275221140934872 0
1652087301102 0.08801859985973973 0
1652087329644 0.05429237911976301 0
1652087358121 0.04135704557470834 0
1652087384897 0.03265148374886753 0
1652087413117 0.02841315612657748 0
1652087441560 0.025535319936871886 0
1652087469260 0.02025964850407237 0
1652087497995 0.024376508427782953 0
1652087526609 0.018517322153089873 0
1652087555431 0.018936052929760458 0
1652087583869 0.01760106343621267 0
1652087611908 0.018475626051241013 0
1652087640022 0.017197532143236067 0
1652087668152 0.014274817676545353 0
1652087696046 0.01869939259982538 0
1652087724963 0.014466337462301006 0
1652087752824 0.014563452015579969 0
1652087780425 0.014652615313995025 0
1652087808271 0.014548994908779367 0
1652087837228 0.014767013028396413 0
1652087865818 0.013353616553300862 0
1652087893201 0.016274507950226186 0
1652087922340 0.012828578316253418 0
1652087949905 0.010896825096780678 0
1652087977594 0.014294992349070359 0
1652088005788 0.013979243898186765 0
1652088032891 0.011789703259383309 0
1652088060735 0.011525989108344611 0
1652088088215 0.011002812427258995 0
1652088122888 0.23311144441320347 0
1652088149865 0.08479389352064866 0
1652088177240 0.05060535675100982 0
1652088204626 0.035565923494609214 0
1652088232323 0.030421138280553994 0
1652088259118 0.02391023704485896 0
1652088286367 0.02132316114649875 0
1652088313709 0.021591413873816447 0
1652088340980 0.018448421421570507 0
1652088368528 0.019552415912423748 0
1652088396507 0.016015005966118323 0
1652088423858 0.017627596659109204 0
1652088451426 0.015133499178947218 0
1652088478676 0.01772735510571197 0
1652088506577 0.013599579292358863 0
1652088534051 0.01413734204190696 0
1652088561540 0.013586352278237106 0
1652088588691 0.014134781540689605 0
1652088616320 0.013780257636583701 0
1652088643702 0.014499509876525162 0
1652088671152 0.012345018899008686 0
1652088698381 0.014185413952776603 0
1652088726142 0.013349791481607323 0
1652088753255 0.012179397053745308 0
1652088780830 0.014813727278150298 0
1652088808050 0.010755896536843704 0
1652088835042 0.01217477468975317 0
1652088862931 0.01191364394223397 0
1652088890615 0.01393589206855087 0
1652088918065 0.012019437434640042 0
1652088956486 0.23374079306970977 0
1652088984437 0.08611594189342109 0
1652089012350 0.049851930248680454 0
1652089039966 0.034632437085382946 0
1652089068062 0.029855255098803546 0
1652089095670 0.02522898011416413 0
1652089123652 0.021881191580395372 0
1652089151807 0.02058904244397697 0
1652089179115 0.018419566281776815 0
1652089207114 0.01848651946837402 0
1652089235123 0.014601210945990805 0
1652089262792 0.018074691878240016 0
1652089291051 0.016324889389219763 0
1652089319327 0.014862411026807486 0
1652089347044 0.014466538073725629 0
1652089374925 0.01580181721004803 0
1652089402476 0.01380867391355054 0
1652089430616 0.015268311520117133 0
1652089458486 0.014885365715268021 0
1652089485826 0.012731399088123593 0
1652089513802 0.01221864163593895 0
1652089541352 0.014302210984594995 0
1652089569406 0.012670784310284155 0
1652089597115 0.011370582145581239 0
1652089625286 0.012675437254680545 0
1652089653084 0.014010501198948432 0
1652089681071 0.011261905597562315 0
1652089708446 0.012039704239872375 0
1652089736388 0.013440774118842678 0
1652089764481 0.011572844645314986 0
1652089807334 0.2298638933069431 0
1652089835307 0.08308481014170326 0
1652089862840 0.046994451869006915 0
1652089891296 0.033110986564380045 0
1652089920029 0.026614613336582597 0
1652089947809 0.022251168013464374 0
1652089975804 0.020563944899000656 0
1652090003712 0.022130117820422703 0
1652090031665 0.01951147249116307 0
1652090059878 0.015633303052943217 0
1652090087563 0.016209363797382012 0
1652090116592 0.01736550803493659 0
1652090144676 0.015683484084185552 0
1652090172555 0.015865485741752155 0
1652090200752 0.012407832864897165 0
1652090229055 0.015624775028557409 0
1652090257405 0.01442435990915748 0
1652090285931 0.014651180473446528 0
1652090314099 0.01299184921282235 0
1652090342057 0.014965584820831003 0
1652090370187 0.011735033568624315 0
1652090398526 0.01299624886245477 0
1652090426784 0.012902078029746638 0
1652090454815 0.01343026772265215 0
1652090482910 0.011486408551888795 0
1652090511134 0.009861360673003638 0
1652090539470 0.013728577933483562 0
1652090567316 0.012353206949099946 0
1652090594964 0.013572685149677468 0
1652090623527 0.01186960517361254 0
