1652086525166 0.9191833333333334 0
1652086549548 0.9601833333333334 0
1652086574422 0.97185 0
1652086598881 0.9779 0
1652086623476 0.98235 0
1652086647731 0.98515 0
1652086671819 0.9881833333333333 0
1652086696505 0.9882166666666666 0
1652086721322 0.9894 0
1652086745553 0.9918333333333333 0
1652086769772 0.9922833333333333 0
1652086794103 0.9926333333333334 0
1652086818091 0.9925666666666667 0
1652086841985 0.99425 0
1652086866418 0.9937833333333334 0
1652086891122 0.99485 0
1652086916253 0.9946666666666667 0
1652086941018 0.9949166666666667 0
1652086964906 0.99505 0
1652086989559 0.9954833333333334 0
1652087014530 0.99595 0
1652087040267 0.99565 0
1652087064798 0.9960333333333333 0
1652087088752 0.9959 0
1652087112634 0.9952166666666666 0
1652087137879 0.9967666666666667 0
1652087162738 0.9962166666666666 0
1652087187909 0.9966833333333334 0
1652087212740 0.9961333333333333 0
1652087238872 0.9966 0
1652087271825 0.9268461538461539 0
1652087301084 0.9736461538461538 0
1652087329625 0.983276923076923 0
1652087358104 0.9867384615384616 0
1652087384877 0.9897538461538462 0
1652087413109 0.9911538461538462 0
1652087441541 0.9926 0
1652087469252 0.9936 0
1652087497976 0.992476923076923 0
1652087526590 0.9937538461538461 0
1652087555423 0.9939846153846154 0
1652087583851 0.9947076923076923 0
1652087611890 0.9945384615384616 0
1652087640014 0.9948923076923077 0
1652087668133 0.9954307692307692 0
1652087696036 0.9947538461538461 0
1652087724946 0.9956461538461538 0
1652087752804 0.9953846153846154 0
1652087780417 0.9954461538461539 0
1652087808248 0.9955076923076923 0
1652087837211 0.9956461538461538 0
1652087865796 0.9960615384615384 0
1652087893191 0.9952769230769231 0
1652087922321 0.9961230769230769 0
1652087949885 0.9966769230769231 0
1652087977572 0.996323076923077 0
1652088005780 0.9962923076923077 0
1652088032869 0.996523076923077 0
1652088060713 0.996476923076923 0
1652088088192 0.9968615384615385 0
1652088122867 0.9300307692307692 0
1652088149847 0.9744615384615385 0
1652088177224 0.9847538461538462 0
1652088204603 0.9889538461538462 0
1652088232302 0.990523076923077 0
1652088259097 0.9924307692307692 0
1652088286350 0.9932307692307693 0
1652088313687 0.9931230769230769 0
1652088340962 0.9940307692307693 0
1652088368519 0.9938461538461538 0
1652088396486 0.9948923076923077 0
1652088423838 0.9945692307692308 0
1652088451404 0.9954153846153846 0
1652088478656 0.9944461538461539 0
1652088506554 0.9957538461538461 0
1652088534028 0.9958153846153847 0
1652088561519 0.996 0
1652088588671 0.9958 0
1652088616300 0.9957846153846154 0
1652088643684 0.9955076923076923 0
1652088671132 0.9962615384615384 0
1652088698373 0.9959384615384616 0
1652088726124 0.9960615384615384 0
1652088753235 0.9964 0
1652088780811 0.9956615384615385 0
1652088808041 0.9965384615384615 0
1652088835034 0.9963846153846154 0
1652088862911 0.9966923076923077 0
1652088890593 0.9960307692307693 0
1652088918046 0.9965846153846154 0
1652088956466 0.9315363549647682 0
1652088984418 0.9747069140588941 0
1652089012328 0.9847995322933013 0
1652089039944 0.989445829102434 0
1652089068044 0.9901073879196283 0
1652089095650 0.9920766792824395 0
1652089123633 0.9931844056740208 0
1652089151787 0.9933536416505123 0
1652089179099 0.9939536601126189 0
1652089207095 0.9944152127757777 0
1652089235113 0.9954613988122711 0
1652089262784 0.9943998276870057 0
1652089291030 0.9951536970368319 0
1652089319319 0.9953844733684113 0
1652089347023 0.9957383304101665 0
1652089374903 0.9950152312378843 0
1652089402467 0.9958614111203422 0
1652089430607 0.9954306286347272 0
1652089458466 0.9959383365642019 0
1652089485816 0.9962306532508692 0
1652089513780 0.9960768023631497 0
1652089541333 0.9958152558540263 0
1652089569397 0.9959998769192898 0
1652089597098 0.9966306655589403 0
1652089625263 0.996353733961045 0
1652089653075 0.9958767962091142 0
1652089681051 0.9965691252038524 0
1652089708423 0.9965229699375365 0
1652089736367 0.9961229576294656 0
1652089764457 0.9966152804701683 0
1652089807313 0.9312153846153847 0
1652089835298 0.9758769230769231 0
1652089862832 0.9856769230769231 0
1652089891272 0.9898 0
1652089920017 0.9918923076923077 0
1652089947800 0.9931692307692308 0
1652089975781 0.9933538461538461 0
1652090003692 0.993476923076923 0
1652090031641 0.9938615384615385 0
1652090059854 0.9951230769230769 0
1652090087542 0.9948307692307692 0
1652090116568 0.9946923076923077 0
1652090144655 0.9949230769230769 0
1652090172534 0.9952615384615384 0
1652090200743 0.9960461538461538 0
1652090229034 0.9953384615384615 0
1652090257383 0.9958153846153847 0
1652090285913 0.995523076923077 0
1652090314088 0.9960615384615384 0
1652090342035 0.9953076923076923 0
1652090370168 0.9963692307692308 0
1652090398506 0.9960153846153846 0
1652090426775 0.9962769230769231 0
1652090454792 0.9958615384615385 0
1652090482889 0.9965692307692308 0
1652090511114 0.9971692307692308 0
1652090539452 0.996 0
1652090567299 0.9964307692307692 0
1652090594955 0.9963846153846154 0
1652090623507 0.9966615384615385 0
