1651835261317 0.4456 0
1651835264368 0.6256 0
1651835267345 0.6744 0
1651835270457 0.7188 0
1651835273660 0.7716 0
1651835276787 0.8012 0
1651835279878 0.826 0
1651835283018 0.838 0
1651835286208 0.8332 0
1651835289508 0.8408 0
1651835294561 0.5726 0
1651835295298 0.0 0
1651835295951 0.0 0
1651835296591 0.0 0
1651835297283 0.0 0
1651835297928 0.0 0
1651835298594 0.0 0
1651835299244 0.0 0
1651835299871 0.0 0
1651835300563 0.0 0
1651835307824 0.5641333333333334 0
1651835308486 0.0 0
1651835309157 0.0 0
1651835309804 0.0 0
1651835310455 0.0 0
1651835311095 0.0 0
1651835311790 0.0 0
1651835312454 0.0 0
1651835313107 0.0 0
1651835313741 0.0 0
1651835321342 0.5976260336089624 0
1651835321977 0.0 0
1651835322667 0.0 0
1651835323326 0.0 0
1651835323996 0.0 0
1651835324630 0.0 0
1651835325326 0.0 0
1651835326008 0.0 0
1651835326638 0.0 0
1651835327294 0.0 0
1651835335418 0.5444 0
1651835336063 0.0 0
1651835336747 0.0 0
1651835337393 0.0 0
1651835338068 0.0 0
1651835338716 0.0 0
1651835339361 0.0 0
1651835339999 0.0 0
1651835340703 0.0 0
1651835341369 0.0 0
