1644593802830 0.207 0
1644593805221 0.4456 0
1644593807565 0.5404 0
1644593809870 0.5768 0
1644593812203 0.6272 0
1644593814498 0.6612 0
1644593816774 0.7072 0
1644593818997 0.7412 0
1644593821207 0.7726 0
1644593823448 0.8068 0
1644593827385 0.174 0
1644593829285 0.3738 0
1644593831189 0.4772 0
1644593833119 0.5422 0
1644593835003 0.5808 0
1644593836916 0.6198 0
1644593838834 0.65 0
1644593840762 0.6666 0
1644593842654 0.7168 0
1644593844560 0.7478 0
1644593850353 0.1944 0
1644593852348 0.4078 0
1644593854246 0.515 0
1644593856140 0.5598 0
1644593858051 0.6134 0
1644593859964 0.6544 0
1644593861863 0.6882 0
1644593863777 0.7176 0
1644593865699 0.7506 0
1644593867609 0.7886 0
