1645610600320 0.3724 0
1645610603186 0.504 0
1645610605987 0.5492 0
1645610608915 0.594 0
1645610611719 0.618 0
1645610614535 0.664 0
1645610617391 0.6912 0
1645610620252 0.7472 0
1645610623022 0.7576 0
1645610625888 0.7852 0
1645610628782 0.8344 0
1645610631611 0.8128 0
1645610634502 0.8768 0
1645610637344 0.8824 0
1645610640127 0.9164 0
1645610642910 0.9116 0
1645610645696 0.924 0
1645610648524 0.9304 0
1645610651358 0.9388 0
1645610654143 0.9628 0
1645610659073 0.706 0
1645610663623 0.7816 0
1645610668169 0.8216 0
1645610672744 0.8512 0
1645610677372 0.8738 0
1645610682127 0.9044 0
1645610686735 0.9228 0
1645610691368 0.9284 0
1645610695938 0.9486 0
1645610700566 0.9376 0
1645610705212 0.963 0
1645610709792 0.9648 0
1645610714373 0.9666 0
1645610719019 0.9612 0
1645610723741 0.9752 0
1645610728313 0.969 0
1645610732902 0.958 0
1645610737491 0.9622 0
1645610742192 0.9822 0
1645610746935 0.9702 0
1645610754285 0.8144 0
1645610760821 0.8676 0
1645610767472 0.8921333333333333 0
1645610774216 0.9122666666666667 0
1645610780986 0.9317333333333333 0
1645610787578 0.9468 0
1645610794103 0.9493333333333334 0
1645610800840 0.9621333333333333 0
1645610807440 0.9581333333333333 0
1645610814137 0.9692 0
1645610820700 0.9741333333333333 0
1645610827356 0.9738666666666667 0
1645610833951 0.9754666666666667 0
1645610840615 0.9678666666666667 0
1645610847165 0.9788 0
1645610853730 0.9817333333333333 0
1645610860332 0.9789333333333333 0
1645610866784 0.9778666666666667 0
1645610873454 0.9765333333333334 0
1645610880133 0.9842666666666666 0
1645610889703 0.8703 0
1645610898254 0.9023 0
1645610907148 0.9283 0
1645610915955 0.9432 0
1645610924619 0.9498 0
1645610933231 0.9619 0
1645610941872 0.9646 0
1645610950719 0.9686 0
1645610959092 0.9756 0
1645610967653 0.971 0
1645610976559 0.9776 0
1645610985298 0.9781 0
1645610994069 0.9808 0
1645611002735 0.9826 0
1645611011284 0.9844 0
1645611019847 0.9881 0
1645611028602 0.9729 0
1645611037128 0.9796 0
1645611045806 0.9802 0
1645611054634 0.9875 0
1645611066876 0.90072 0
1645611078294 0.93592 0
1645611089394 0.9452 0
1645611100498 0.956 0
1645611111704 0.96144 0
1645611122880 0.96856 0
1645611134158 0.9756 0
1645611145725 0.97424 0
1645611156671 0.97784 0
1645611167488 0.97624 0
1645611178694 0.98024 0
1645611189908 0.98488 0
1645611201243 0.98208 0
1645611212652 0.98584 0
1645611223630 0.98296 0
1645611234577 0.98368 0
1645611245633 0.98088 0
1645611256912 0.98648 0
1645611267953 0.98632 0
1645611279531 0.98624 0
1645611294920 0.9056666666666666 0
1645611308631 0.9343333333333333 0
1645611322426 0.9454666666666667 0
1645611336047 0.9548 0
1645611349445 0.9615333333333334 0
1645611362663 0.9634 0
1645611376521 0.9730666666666666 0
1645611390290 0.9716 0
1645611403604 0.979 0
1645611417512 0.9766 0
1645611430951 0.9845333333333334 0
1645611444464 0.9803333333333333 0
1645611457821 0.9859333333333333 0
1645611471845 0.9835333333333334 0
1645611485570 0.9850666666666666 0
1645611499496 0.9857333333333334 0
1645611513095 0.9823333333333333 0
1645611526472 0.9842666666666666 0
1645611540136 0.9873333333333333 0
1645611553561 0.9856 0
1645611573689 0.9240571428571429 0
1645611591008 0.9464571428571429 0
1645611607483 0.9505142857142858 0
1645611625061 0.9602285714285714 0
1645611641288 0.9661714285714286 0
1645611657843 0.9694285714285714 0
1645611675323 0.9752 0
1645611691758 0.9764571428571429 0
1645611708665 0.9832 0
1645611725049 0.9766285714285714 0
1645611741844 0.9829142857142857 0
1645611758391 0.9829714285714286 0
1645611774598 0.982 0
1645611791365 0.982 0
1645611807589 0.9864 0
1645611823856 0.9822857142857143 0
1645611839680 0.9842285714285715 0
1645611855586 0.9876571428571429 0
1645611871349 0.9867428571428571 0
1645611887546 0.9854857142857143 0
1645611908277 0.92765 0
1645611927384 0.9457 0
1645611946602 0.95445 0
1645611965080 0.9602 0
1645611983539 0.96735 0
1645612003255 0.96985 0
1645612021921 0.97155 0
1645612040294 0.97495 0
1645612058639 0.9786 0
1645612077012 0.9799 0
1645612095421 0.98025 0
1645612115075 0.9859 0
1645612135296 0.984 0
1645612155318 0.98555 0
1645612175810 0.98525 0
1645612195762 0.9856 0
1645612215215 0.9855 0
1645612234603 0.9857 0
1645612253565 0.9848 0
1645612273518 0.9862 0
1645612301134 0.9460444444444445 0
1645612323314 0.9639555555555556 0
1645612345987 0.9672888888888889 0
1645612367892 0.9744 0
1645612390336 0.9771111111111112 0
1645612412409 0.9776 0
1645612434211 0.9785333333333334 0
1645612454613 0.9821777777777778 0
1645612477386 0.9824888888888889 0
1645612498829 0.9832 0
1645612520281 0.9834222222222222 0
1645612542039 0.9859111111111111 0
1645612563166 0.9860444444444444 0
1645612584975 0.9838666666666667 0
1645612607205 0.9874222222222222 0
1645612628801 0.9876 0
1645612650694 0.9865777777777778 0
1645612672808 0.9860888888888889 0
1645612694281 0.9871111111111112 0
1645612715755 0.9859111111111111 0
1645612744156 0.94612 0
1645612768282 0.95956 0
1645612793468 0.9634 0
1645612818829 0.96944 0
1645612844208 0.97348 0
1645612867874 0.97364 0
1645612893095 0.97656 0
1645612917202 0.98284 0
1645612942019 0.98052 0
1645612967332 0.98364 0
1645612990935 0.98252 0
1645613015891 0.98412 0
1645613040216 0.9852 0
1645613065070 0.9854 0
1645613089272 0.98532 0
1645613113959 0.98572 0
1645613138650 0.98708 0
1645613163252 0.98592 0
1645613187154 0.98624 0
1645613211513 0.98752 0
1645613241893 0.9489454545454545 0
1645613270445 0.9641818181818181 0
1645613298873 0.9700727272727273 0
1645613327376 0.9733454545454545 0
1645613354981 0.974 0
1645613384314 0.9799272727272728 0
1645613413065 0.9804363636363637 0
1645613441536 0.9808 0
1645613469808 0.9838545454545454 0
1645613497213 0.9823636363636363 0
1645613525412 0.984909090909091 0
1645613553845 0.9840727272727273 0
1645613581139 0.9856363636363636 0
1645613608342 0.9834909090909091 0
1645613635718 0.9870181818181818 0
1645613664387 0.9852727272727273 0
1645613692457 0.9865090909090909 0
1645613720224 0.9873818181818181 0
1645613747779 0.985890909090909 0
1645613774875 0.9876727272727273 0
1645613808393 0.9528666666666666 0
1645613837971 0.9645333333333334 0
1645613868615 0.9675666666666667 0
1645613900193 0.9703666666666667 0
1645613930505 0.9731666666666666 0
1645613960107 0.9763666666666667 0
1645613990234 0.9765 0
1645614020366 0.978 0
1645614051288 0.9801666666666666 0
1645614083554 0.9820666666666666 0
1645614115910 0.9845 0
1645614145244 0.9854666666666667 0
1645614176236 0.9831333333333333 0
1645614206458 0.9864 0
1645614236532 0.9853666666666666 0
1645614267449 0.9851 0
1645614298137 0.9867666666666667 0
1645614328100 0.9834666666666667 0
1645614359319 0.9864666666666667 0
1645614390140 0.9852333333333333 0
1645614428584 0.9578461538461538 0
1645614464581 0.9694461538461538 0
1645614499546 0.9724307692307692 0
1645614533493 0.972 0
1645614565432 0.9753538461538461 0
1645614598690 0.9757230769230769 0
1645614632050 0.9792307692307692 0
1645614665258 0.9788923076923077 0
1645614699090 0.9810769230769231 0
1645614732942 0.9814461538461539 0
1645614766096 0.9810153846153846 0
1645614802489 0.9823076923076923 0
1645614837217 0.983323076923077 0
1645614872013 0.9842461538461539 0
1645614905794 0.9835076923076923 0
1645614939439 0.9850769230769231 0
1645614974976 0.9846769230769231 0
1645615011414 0.9854461538461539 0
1645615047185 0.9848615384615385 0
1645615083473 0.9861230769230769 0
1645615125496 0.9583428571428572 0
1645615166328 0.9685142857142857 0
1645615207368 0.9727142857142858 0
1645615245415 0.9748285714285714 0
1645615281717 0.9762285714285714 0
1645615319304 0.9792 0
1645615355222 0.9803714285714286 0
1645615392476 0.9812571428571428 0
1645615429132 0.9837142857142858 0
1645615466040 0.9825714285714285 0
1645615502507 0.9837428571428571 0
1645615538809 0.9846 0
1645615575172 0.9844285714285714 0
1645615612437 0.9865428571428572 0
1645615648751 0.9828571428571429 0
1645615685836 0.9863142857142857 0
1645615723052 0.9848285714285714 0
1645615760381 0.9866285714285714 0
1645615796105 0.9857428571428571 0
1645615832129 0.9861714285714286 0
1645615877039 0.9590133333333334 0
1645615917342 0.9693866666666666 0
1645615959804 0.9703466666666667 0
1645615999287 0.9744266666666667 0
1645616040489 0.97784 0
1645616081360 0.9785333333333334 0
1645616120883 0.9830666666666666 0
1645616159975 0.9812 0
1645616199041 0.98312 0
1645616240165 0.9833866666666666 0
1645616282135 0.98368 0
1645616323777 0.9841066666666667 0
1645616362712 0.9834133333333334 0
1645616402945 0.98656 0
1645616443297 0.9847466666666667 0
1645616482348 0.9850666666666666 0
1645616523002 0.9865333333333334 0
1645616562998 0.9850933333333334 0
1645616602885 0.98472 0
1645616644573 0.9863466666666667 0
1645616693284 0.958425 0
1645616736874 0.96565 0
1645616780234 0.969625 0
1645616824855 0.972475 0
1645616868372 0.9744 0
1645616912574 0.9764 0
1645616955590 0.979025 0
1645617001245 0.97845 0
1645617046065 0.981375 0
1645617089282 0.981475 0
1645617131574 0.982575 0
1645617176004 0.9827 0
1645617220043 0.983625 0
1645617263022 0.984425 0
1645617306679 0.98535 0
1645617350467 0.9844 0
1645617393253 0.985925 0
1645617435969 0.98585 0
1645617478844 0.985575 0
1645617522130 0.986 0
1645617573547 0.9634117647058823 0
1645617624416 0.9709176470588236 0
1645617673560 0.9738117647058824 0
1645617722664 0.9774588235294117 0
1645617769637 0.9772941176470589 0
1645617818950 0.9809882352941176 0
1645617867051 0.9809882352941176 0
1645617916356 0.981835294117647 0
1645617964876 0.9834352941176471 0
1645618013684 0.9825882352941177 0
1645618061570 0.9840705882352941 0
1645618107898 0.9828235294117647 0
1645618158056 0.9851294117647059 0
1645618207344 0.9841176470588235 0
1645618256042 0.9838588235294118 0
1645618304309 0.9857882352941176 0
1645618353110 0.9852941176470589 0
1645618403134 0.9857176470588235 0
1645618449911 0.9847764705882353 0
1645618497674 0.9847294117647059 0
1645618552448 0.9637111111111111 0
1645618604892 0.9703555555555555 0
1645618655992 0.9726 0
1645618706508 0.9753555555555555 0
1645618756361 0.9749555555555556 0
1645618807009 0.9773111111111111 0
1645618857124 0.9798444444444444 0
1645618907679 0.9794222222222222 0
1645618960201 0.9801555555555556 0
1645619013483 0.9816 0
1645619065147 0.9823555555555555 0
1645619116105 0.9840888888888889 0
1645619168812 0.9832888888888889 0
1645619220315 0.9838444444444444 0
1645619272243 0.9841777777777778 0
1645619323104 0.9843777777777778 0
1645619373054 0.9857555555555556 0
1645619424447 0.9853777777777778 0
1645619474751 0.9840666666666666 0
1645619526498 0.9859333333333333 0
1645619586805 0.9657052631578947 0
1645619640903 0.9729473684210527 0
1645619694039 0.9746105263157895 0
1645619749233 0.9776631578947368 0
1645619804221 0.9782526315789474 0
1645619859416 0.9809894736842105 0
1645619915439 0.980421052631579 0
1645619969440 0.982 0
1645620023252 0.9821263157894737 0
1645620077167 0.983578947368421 0
1645620130958 0.9827789473684211 0
1645620186378 0.9842947368421052 0
1645620240134 0.983178947368421 0
1645620296885 0.9859578947368421 0
1645620353197 0.9846105263157895 0
1645620407915 0.984757894736842 0
1645620461525 0.9844631578947368 0
1645620514635 0.9851157894736842 0
1645620569942 0.9854315789473684 0
1645620625837 0.9853473684210526 0
1645620692567 0.96932 0
1645620751784 0.97582 0
1645620811015 0.9785 0
1645620869791 0.97922 0
1645620929112 0.98116 0
1645620988869 0.98188 0
1645621048803 0.98172 0
1645621110604 0.98278 0
1645621169449 0.98304 0
1645621229885 0.9845 0
1645621289458 0.98506 0
1645621349756 0.98414 0
1645621409540 0.98466 0
1645621471080 0.98498 0
1645621532132 0.98378 0
1645621593119 0.98562 0
1645621653302 0.98468 0
1645621712913 0.98516 0
1645621771898 0.98496 0
1645621829397 0.98584 0
