1651414114618 1.2523058294296265 0
1651414118984 0.7403920516967774 0
1651414123163 0.4948587649345398 0
1651414127397 0.3468488575935364 0
1651414131772 0.24334179584383964 0
1651414135969 0.16486915577650071 0
1651414140288 0.1147497910618782 0
1651414144623 0.0828812974601984 0
1651414148909 0.07896588107049465 0
1651414153066 0.0406997268050909 0
1651414157435 0.04046817897558212 0
1651414161752 0.050813756035268304 0
1651414166099 0.03119080585166812 0
1651414170293 0.03438934012949467 0
1651414174487 0.028438512726873158 0
1651414178773 0.020403072863817213 0
1651414182924 0.03303370677009225 0
1651414187191 0.017900813196599485 0
1651414191492 0.03023474132567644 0
1651414195797 0.03573365404494107 0
1651414200246 0.01928366756141186 0
1651414204617 0.01430297535583377 0
1651414208922 0.029440217789635063 0
1651414213359 0.028458588847890497 0
1651414217672 0.02353718170672655 0
1651414221869 0.01383709068018943 0
1651414226141 0.011472723919898271 0
1651414230459 0.0135431519462727 0
1651414234777 0.011498588827438653 0
1651414239069 0.020888523598574103 0
1651414243383 0.02749263800755143 0
1651414247647 0.007289321226160973 0
1651414251914 0.00734941121917218 0
1651414256174 0.02006405931925401 0
1651414260397 0.012519390242360533 0
1651414264578 0.01461419162498787 0
1651414268876 0.022938611914077773 0
1651414273228 0.015372076422255486 0
1651414277429 0.015577357012405991 0
1651414281747 0.009395097737479955 0
1651414286003 0.008347067566029728 0
1651414290305 0.010381290652044118 0
1651414294643 0.009512576029682532 0
1651414298933 0.010570154361380264 0
1651414303210 0.004492279990855604 0
1651414307443 0.005975054329354316 0
1651414311726 0.010738989529013634 0
1651414315960 0.007834931287262589 0
1651414320245 0.022972482759598643 0
1651414324379 0.022581120819970966 0
1651414331152 1.4401298095703126 0
1651414334848 1.0378473455429078 0
1651414338526 0.7906464140892029 0
1651414342167 0.5768147424221038 0
1651414345714 0.4150215556383133 0
1651414349366 0.29732580671310427 0
1651414353006 0.2157515484690666 0
1651414356582 0.1651550351858139 0
1651414360219 0.12100339203476906 0
1651414363901 0.08624829864501952 0
1651414367570 0.07422393878400325 0
1651414371205 0.06285996696352959 0
1651414374872 0.050306106063723564 0
1651414378598 0.049453618147969246 0
1651414382257 0.05587505191415548 0
1651414385908 0.04622533277273178 0
1651414389598 0.04835655056387186 0
1651414393255 0.03798672473430634 0
1651414396912 0.02003506406992674 0
1651414400595 0.04087838566675782 0
1651414404240 0.0274327013798058 0
1651414407878 0.02313468201868236 0
1651414411527 0.043377694540843365 0
1651414415155 0.03469475493356586 0
1651414418876 0.032940917459875346 0
1651414422579 0.03377285177595914 0
1651414426221 0.032879014910757544 0
1651414429918 0.03101214158665389 0
1651414433633 0.03255708215124905 0
1651414437277 0.028897169064730405 0
1651414440942 0.01944305162150413 0
1651414444605 0.0148962254665792 0
1651414448325 0.006906363743916154 0
1651414451970 0.012404904985893517 0
1651414455697 0.027995461204089224 0
1651414459357 0.04155119184963405 0
1651414462977 0.03212160221785307 0
1651414466603 0.03992909751906991 0
1651414470211 0.019279666587896645 0
1651414473837 0.008273478565458209 0
1651414477504 0.00864382958188653 0
1651414481121 0.023000423147249968 0
1651414484734 0.031964635007455944 0
1651414488374 0.012231612539011985 0
1651414492091 0.018188663979247212 0
1651414495803 0.023380801106244326 0
1651414499466 0.019187365181278438 0
1651414503134 0.020047188988886775 0
1651414506791 0.020626263729948552 0
1651414510509 0.021431905963644384 0
1651414520347 1.0616706866264343 0
1651414524043 0.4777375937461853 0
1651414527712 0.2974383546233177 0
1651414531395 0.21262674934864045 0
1651414535082 0.144151405864954 0
1651414538700 0.09347931002676486 0
1651414542356 0.07238402610123157 0
1651414545913 0.05324001269340515 0
1651414549588 0.04452479258477688 0
1651414553283 0.03337263526469469 0
1651414556893 0.040540109053999185 0
1651414560558 0.027171192116290332 0
1651414564211 0.025364974952489138 0
1651414567914 0.031409956623986365 0
1651414571590 0.016745292003825307 0
1651414575290 0.01073575315438211 0
1651414578939 0.023847009907662867 0
1651414582620 0.013762709860876203 0
1651414586376 0.008312668399512767 0
1651414589999 0.026214183855056764 0
1651414593700 0.013826284837536514 0
1651414597327 0.024081734950467944 0
1651414600986 0.007737596317939461 0
1651414604625 0.0050093156819231805 0
1651414608317 0.008505198298301547 0
1651414612055 0.009987966842576862 0
1651414615775 0.030928176882304252 0
1651414619458 0.02044255127776414 0
1651414623100 0.01534126033289358 0
1651414626748 0.011488579300697892 0
1651414630357 0.012390622712858021 0
1651414634063 0.007488858780357987 0
1651414637772 0.0011417458914220334 0
1651414641471 0.0007276806864421815 0
1651414645197 0.0005476377528277226 0
1651414648824 0.0004750883623957634 0
1651414652487 0.00035834076097235085 0
1651414656188 0.00030994750964455305 0
1651414659900 0.0002775290033780038 0
1651414663603 0.00023972071651369334 0
1651414667227 0.00020973868556320668 0
1651414670920 0.00018046909027034417 0
1651414674663 0.00016373492588754745 0
1651414678282 0.00014560068116988988 0
1651414681891 0.00012484610602259637 0
1651414685578 0.00011243255550507455 0
1651414689322 9.805799359455705e-05 0
1651414692993 8.541077163536102e-05 0
1651414696683 7.758618291118182e-05 0
1651414700320 6.791366949328221e-05 0
1651414713397 1.3132022157669068 0
1651414717104 0.858553956413269 0
1651414720884 0.625495673751831 0
1651414724629 0.45092809505462644 0
1651414728391 0.3379068728208542 0
1651414732182 0.2746726638197899 0
1651414735980 0.17835406668782233 0
1651414739768 0.13790896126031876 0
1651414743584 0.11347492491006851 0
1651414747364 0.07826894498765469 0
1651414751174 0.08070403627157212 0
1651414754947 0.049420355831086636 0
1651414758719 0.06454071004241704 0
1651414762479 0.0451269728332758 0
1651414766225 0.04546798217445612 0
1651414769949 0.04507838396653533 0
1651414773751 0.02893569868206978 0
1651414777581 0.024060994008928537 0
1651414781357 0.0288363966062665 0
1651414785157 0.06785779020413757 0
1651414788934 0.026250786954537034 0
1651414792722 0.07075219894684852 0
1651414796511 0.026049370077252387 0
1651414800286 0.021372162465378642 0
1651414804076 0.010671541087329388 0
1651414807788 0.01739622477926314 0
1651414811553 0.04176377800069749 0
1651414815355 0.03407780930306763 0
1651414819132 0.0311547479249537 0
1651414822914 0.022199771776981653 0
1651414826716 0.028088148499280215 0
1651414830469 0.016017275854200125 0
1651414834240 0.002581960200332105 0
1651414838091 0.02664248013375327 0
1651414841899 0.02148344662748277 0
1651414845662 0.01258981617782265 0
1651414849430 0.030053654482308775 0
1651414853188 0.03081131742661819 0
1651414856890 0.021996723714470864 0
1651414860675 0.029679444904904814 0
1651414864466 0.017629120869748296 0
1651414868207 0.0044756392961367965 0
1651414871923 0.006345748296380043 0
1651414875645 0.02551042397627607 0
1651414879396 0.01859471675856039 0
1651414883149 0.0356230312153697 0
1651414886862 0.015514421387203037 0
1651414890554 0.003271809998527169 0
1651414894300 0.0075971953419968485 0
1651414898132 0.018390830769762397 0
1651414914461 1.0567110572338105 0
1651414918209 0.529665067410469 0
1651414921985 0.3343458996295929 0
1651414925789 0.22898820160627364 0
1651414929607 0.1640680637896061 0
1651414933438 0.10886220998764039 0
1651414937124 0.06502793560922146 0
1651414940858 0.06672885515391827 0
1651414944616 0.03954556220620871 0
1651414948342 0.03518023842871189 0
1651414952050 0.044141956098377705 0
1651414955780 0.04108941928148269 0
1651414959472 0.029048300852626562 0
1651414963244 0.022605826885253193 0
1651414966987 0.022786452097445727 0
1651414970700 0.021071146031562238 0
1651414974447 0.02536124435700476 0
1651414978194 0.03318519535586238 0
1651414981918 0.021138582065701485 0
1651414985753 0.031630581223219635 0
1651414989485 0.007639436727575958 0
1651414993299 0.014503978871554137 0
1651414997126 0.021636230789031832 0
1651415000890 0.009376349235698581 0
1651415004680 0.022185084858629852 0
1651415008442 0.008627787251584232 0
1651415012196 0.0046150855656713246 0
1651415015949 0.01971354817477986 0
1651415019749 0.029675638388376682 0
1651415023570 0.01848000308005139 0
1651415027364 0.004991151489131152 0
1651415031185 0.03080200972147286 0
1651415034988 0.010432775252498687 0
1651415038740 0.0017615625240840018 0
1651415042474 0.0024671446504071354 0
1651415046212 0.008735222153225914 0
1651415049988 0.0056338112858589735 0
1651415053763 0.018685954289324583 0
1651415057545 0.025355684190336614 0
1651415061332 0.014985047624539585 0
1651415065095 0.003740411928668618 0
1651415068857 0.015354496629023924 0
1651415072658 0.012952720238501206 0
1651415076444 0.009623771383194252 0
1651415080252 0.013193573747063056 0
1651415084054 0.003110520179802552 0
1651415087880 0.0011405552362790331 0
1651415091701 0.00041796195986680687 0
1651415095506 0.0003158082265639678 0
1651415099279 0.00026639558493625373 0
1651415119042 1.094467248725891 0
1651415122757 0.6648139659881592 0
1651415126621 0.4876912284374237 0
1651415130433 0.35208252172470095 0
1651415134237 0.2560709045648575 0
1651415138031 0.18938229813575744 0
1651415141802 0.14456222375929356 0
1651415145580 0.09479865731596947 0
1651415149391 0.08752378668487072 0
1651415153158 0.05899906667470932 0
1651415156972 0.05883898719996214 0
1651415160757 0.054228188635408875 0
1651415164506 0.04880056232362986 0
1651415168247 0.027176040637493133 0
1651415172029 0.030707369223982095 0
1651415175790 0.03570093229189515 0
1651415179552 0.03893303882330656 0
1651415183224 0.022499440565146505 0
1651415187014 0.028730729818716647 0
1651415190854 0.029956169860064982 0
1651415194662 0.022831706284731627 0
1651415198394 0.02707424679361284 0
1651415202140 0.03147891050539911 0
1651415205926 0.014807076250016689 0
1651415209671 0.02348912283424288 0
1651415213499 0.032498726234026255 0
1651415217231 0.016159371338784694 0
1651415221030 0.024405091241002083 0
1651415224859 0.02666757468711585 0
1651415228688 0.026215399757027625 0
1651415232477 0.013349399133957923 0
1651415236281 0.02163762963777408 0
1651415240067 0.020787819458730518 0
1651415243857 0.017174947941303254 0
1651415247667 0.007054399861302227 0
1651415251497 0.04642450035633519 0
1651415255222 0.015531079432554542 0
1651415258946 0.011302580829802901 0
1651415262759 0.012943331626895815 0
1651415266496 0.019056274226028472 0
1651415270272 0.013985434033162892 0
1651415274102 0.016901548128668217 0
1651415277906 0.01151576967081055 0
1651415281676 0.010275260022561997 0
1651415285472 0.007583248879853636 0
1651415289301 0.005779541385080665 0
1651415293052 0.0146532737119589 0
1651415296854 0.005189912110101432 0
1651415300678 0.023843216903042048 0
1651415304457 0.020225460633495822 0
1651415327409 0.9796549870491028 0
1651415331187 0.5104719156980515 0
1651415335028 0.3460438564062119 0
1651415338830 0.24869155930280684 0
1651415342622 0.17382986106276513 0
1651415346423 0.13235066226124764 0
1651415350245 0.10216459229290485 0
1651415354019 0.05758174127191305 0
1651415357807 0.05787602727562189 0
1651415361555 0.04099816734939814 0
1651415365375 0.03549306188225746 0
1651415369232 0.029166819943487646 0
1651415373024 0.02590212356671691 0
1651415376800 0.03789983949363231 0
1651415380516 0.03631519546806812 0
1651415384241 0.026181818833202124 0
1651415387967 0.021917084474116565 0
1651415391680 0.021248668829351662 0
1651415395495 0.022713910131901504 0
1651415399225 0.01873672185316682 0
1651415403024 0.014945768872648478 0
1651415406763 0.020713447383604942 0
1651415410554 0.013145204976946115 0
1651415414370 0.018016933724284173 0
1651415418200 0.003226375292055309 0
1651415422031 0.0013192715748213233 0
1651415425850 0.0008699896140955389 0
1651415429707 0.0007073141874745488 0
1651415433508 0.0005705932223238051 0
1651415437327 0.00048229187717661263 0
1651415441043 0.00042388195279054343 0
1651415444817 0.00036766033044550566 0
1651415448583 0.00031189068837556987 0
1651415452377 0.00028204898124095055 0
1651415456122 0.00023791580686811358 0
1651415459903 0.00020967975825769827 0
1651415463729 0.00018463748298818246 0
1651415467542 0.00015938716925447807 0
1651415471318 0.00014139725810382515 0
1651415475103 0.00012331630046246572 0
1651415478890 0.00010725495079532266 0
1651415482688 9.246852112701163e-05 0
1651415486518 8.207766126142815e-05 0
1651415490295 6.939491681405343e-05 0
1651415494069 6.049116959911771e-05 0
1651415497913 5.17167983984109e-05 0
1651415501748 4.6394838904961946e-05 0
1651415505578 3.874964561255183e-05 0
1651415509406 3.3726343512535097e-05 0
1651415513189 2.931421642715577e-05 0
1651415539653 1.2797737741470336 0
1651415543574 0.8372841681003571 0
1651415547446 0.6174559696674347 0
1651415551275 0.47948615434169767 0
1651415555191 0.352106395483017 0
1651415559117 0.2376060070991516 0
1651415563066 0.17766102086305618 0
1651415566917 0.14226650618314743 0
1651415570844 0.14219241708517075 0
1651415574718 0.09662346821129322 0
1651415578639 0.07601875703334808 0
1651415582522 0.0581583670720458 0
1651415586408 0.03203154126852751 0
1651415590327 0.07008141372799874 0
1651415594213 0.054116845513880255 0
1651415598123 0.042642463691532614 0
1651415602022 0.04039821980074048 0
1651415605832 0.04932218631356954 0
1651415609694 0.02605966391414404 0
1651415613654 0.03175083456933498 0
1651415617562 0.0225472236584872 0
1651415621493 0.03330151273943484 0
1651415625362 0.04318166744895279 0
1651415629155 0.04212804051358253 0
1651415633034 0.04045305659025907 0
1651415636854 0.03813673753738403 0
1651415640687 0.00859979739151895 0
1651415644497 0.0024511175606399776 0
1651415648346 0.0013596966129727662 0
1651415652236 0.003999046375509351 0
1651415656168 0.0010513889187946915 0
1651415660126 0.0007367324773222208 0
1651415664020 0.0010536616840399803 0
1651415667939 0.10402885299455375 0
1651415671861 0.05556535424031317 0
1651415675720 0.03749824385531247 0
1651415679527 0.03804921232238412 0
1651415683415 0.02308353738617152 0
1651415687318 0.01900787864290178 0
1651415691177 0.010057976836152374 0
1651415695064 0.012872243292722851 0
1651415699002 0.04297820578301326 0
1651415702927 0.021665538839995863 0
1651415706882 0.013029891467280686 0
1651415710793 0.01104809279376641 0
1651415714719 0.003320880204346031 0
1651415718558 0.014773866314766928 0
1651415722438 0.029823074864875527 0
1651415726327 0.027932530201505868 0
1651415730211 0.020881461929529905 0
1651415760196 1.0438726142883301 0
1651415764107 0.5164923977375031 0
1651415768086 0.3418875437140465 0
1651415772034 0.24998087689876555 0
1651415775959 0.17484367839097978 0
1651415779840 0.13681423515081406 0
1651415783720 0.0916793962687254 0
1651415787579 0.07994575075805187 0
1651415791436 0.055304930986464024 0
1651415795309 0.045816023571789266 0
1651415799223 0.040966843838989735 0
1651415803139 0.05529097514301538 0
1651415806965 0.03560586300715804 0
1651415810868 0.028846715004369618 0
1651415814807 0.017763038519769906 0
1651415818731 0.03579036359749734 0
1651415822682 0.036952562580630184 0
1651415826559 0.032340314757451416 0
1651415830419 0.01123899375833571 0
1651415834260 0.00786057298630476 0
1651415838192 0.014782555237039923 0
1651415842126 0.021044470652006566 0
1651415846053 0.027500879674684255 0
1651415849959 0.03776766110043973 0
1651415853849 0.04179021014068276 0
1651415857777 0.015635724269784986 0
1651415861732 0.007265662742592395 0
1651415865651 0.016610410380922258 0
1651415869555 0.011289975213631988 0
1651415873454 0.007577317408192903 0
1651415877426 0.018522889348119496 0
1651415881388 0.021601194212958218 0
1651415885225 0.02040783227235079 0
1651415889143 0.019748932218924164 0
1651415893074 0.00706064980183728 0
1651415896907 0.007695862349681557 0
1651415900841 0.0036071815649978815 0
1651415904738 0.02768957896772772 0
1651415908602 0.013403609720058739 0
1651415912461 0.016257834081724286 0
1651415916398 0.02363365317140706 0
1651415920310 0.012051548877265304 0
1651415924254 0.0011012191095855087 0
1651415928170 0.00434354849611409 0
1651415932015 0.013296598131163045 0
1651415935973 0.011301530010206624 0
1651415939893 0.022946747859567403 0
1651415943788 0.016660803965199738 0
1651415947673 0.005961672692839056 0
1651415951530 0.009357010976132006 0
1651415985111 1.295116923904419 0
1651415989055 0.8666058606147766 0
1651415992981 0.6536872457504272 0
1651415996940 0.4747346037387848 0
1651416000797 0.35745930321216585 0
1651416004735 0.2772902898669243 0
1651416008582 0.20172592918276785 0
1651416012516 0.1552203847825527 0
1651416016427 0.11300775248408318 0
1651416020341 0.09871627837568521 0
1651416024263 0.07445398095846176 0
1651416028140 0.05465749652087688 0
1651416032048 0.04784675005376339 0
1651416035957 0.06276185391843318 0
1651416039869 0.04959648923277855 0
1651416043747 0.04451549328789115 0
1651416047697 0.053872416305541994 0
1651416051596 0.04395418020039797 0
1651416055471 0.04041065668314695 0
1651416059374 0.04170416689962149 0
1651416063249 0.037545235249400136 0
1651416067148 0.025498541134595872 0
1651416071114 0.009539981293305754 0
1651416075018 0.05670803520046175 0
1651416078956 0.02792380193974823 0
1651416082888 0.021481566988676787 0
1651416086785 0.02896917822249234 0
1651416090668 0.03334964471552521 0
1651416094578 0.018951669042743743 0
1651416098486 0.017641105349548162 0
1651416102390 0.04109508043751121 0
1651416106321 0.017158326427452266 0
1651416110197 0.015494600456953049 0
1651416114103 0.03714985474254936 0
1651416118018 0.010632486022077501 0
1651416121936 0.02089160116864368 0
1651416125877 0.022709935565665366 0
1651416129790 0.034686652369610965 0
1651416133614 0.028922094706445932 0
1651416137541 0.011636747755017132 0
1651416141429 0.015469804915413261 0
1651416145291 0.017987709146738053 0
1651416149249 0.028324891141057015 0
1651416153110 0.016008253278117626 0
1651416157054 0.003272744212299585 0
1651416160961 0.025781748475227503 0
1651416164850 0.0184407430883497 0
1651416168751 0.005167047017719597 0
1651416172665 0.014371998595073819 0
1651416176540 0.014765936771500855 0
1651416213372 1.0628342973709106 0
1651416217216 0.5327660310029984 0
1651416221119 0.3690575167775154 0
1651416224992 0.2551342744588852 0
1651416228908 0.19869552783966066 0
1651416232880 0.14158186255395414 0
1651416236819 0.10665329275131226 0
1651416240754 0.07544016215503216 0
1651416244665 0.07262267471849919 0
1651416248606 0.052521768237650396 0
1651416252566 0.03899118985831738 0
1651416256418 0.03773690419197082 0
1651416260378 0.0491324528940022 0
1651416264245 0.02711994067505002 0
1651416268129 0.03478451043739915 0
1651416271992 0.020269662824645637 0
1651416275921 0.004247896574437618 0
1651416279812 0.03513589645512402 0
1651416283714 0.018288161953911187 0
1651416287604 0.03925589886568487 0
1651416291538 0.02445102718435228 0
1651416295429 0.019541183224786072 0
1651416299377 0.012917425236292183 0
1651416303317 0.019483940143510698 0
1651416307286 0.027878805062454194 0
1651416311137 0.01644477418139577 0
1651416315045 0.019974219948425888 0
1651416318961 0.010763740693964064 0
1651416322891 0.025302668712846935 0
1651416326863 0.013312361477501691 0
1651416330804 0.0333179119406268 0
1651416334740 0.008235585175827146 0
1651416338670 0.021161785488110034 0
1651416342604 0.005064171027205884 0
1651416346517 0.0038232444347813727 0
1651416350495 0.003993257492640987 0
1651416354412 0.031184446312952786 0
1651416358416 0.008732188776228576 0
1651416362389 0.020720246888510884 0
1651416366330 0.02470781489368528 0
1651416370220 0.011176486980449409 0
1651416374167 0.0027502201725263147 0
1651416378095 0.009850513404235244 0
1651416382037 0.023704184066364542 0
1651416385949 0.017243846895452587 0
1651416389860 0.0092423908572644 0
1651416393787 0.000937191725615412 0
1651416397648 0.0006119413452222943 0
1651416401511 0.00037737997160293163 0
1651416405458 0.0002941904970444739 0
1651416445923 1.0971040570259094 0
1651416449858 0.6116245376586914 0
1651416453729 0.43573472170829775 0
1651416457711 0.30454414539933206 0
1651416461564 0.1999054779946804 0
1651416465505 0.17361614258289337 0
1651416469459 0.10736423718631267 0
1651416473436 0.0939277722865343 0
1651416477373 0.07289176682382822 0
1651416481242 0.06408600251376628 0
1651416485200 0.05794394885450602 0
1651416489135 0.04276853858903051 0
1651416493035 0.029345895466208458 0
1651416496967 0.04756236958131194 0
1651416500855 0.02391162864342332 0
1651416504828 0.010483563667908312 0
1651416508727 0.010150516830384732 0
1651416512616 0.007548242641799152 0
1651416516531 0.03600400522574782 0
1651416520539 0.04943406439945102 0
1651416524422 0.033392954969778656 0
1651416528365 0.04615371800400317 0
1651416532298 0.0286865163737908 0
1651416536232 0.01648551471736282 0
1651416540188 0.01827141209645197 0
1651416544060 0.027741600322723388 0
1651416547954 0.025960296053811907 0
1651416551923 0.013101119498163461 0
1651416555859 0.01345897696390748 0
1651416559834 0.023134205959364773 0
1651416563753 0.026739536783471702 0
1651416567715 0.0077031738004647195 0
1651416571655 0.003618337320163846 0
1651416575634 0.01989603755855933 0
1651416579607 0.027682293826527895 0
1651416583551 0.006273702316917479 0
1651416587494 0.01143854299155064 0
1651416591387 0.0012668357451446355 0
1651416595328 0.006756030328478664 0
1651416599354 0.029074971378874034 0
1651416603308 0.005275934352260083 0
1651416607195 0.015192127908347175 0
1651416611069 0.01434892511870712 0
1651416614987 0.014867509577330202 0
1651416618926 0.01974600506341085 0
1651416622856 0.008754978060536087 0
1651416626799 0.019319627310009673 0
1651416630708 0.025987926185782998 0
1651416634645 0.001872453246684745 0
1651416638650 0.0007332050463650376 0
1651416682628 0.9385910048484802 0
1651416686585 0.4704170220851898 0
1651416690523 0.33726255133152006 0
1651416694488 0.22517243626117706 0
1651416698436 0.17230068238377572 0
1651416702382 0.12626107150912286 0
1651416706308 0.0992310574054718 0
1651416710258 0.059349281717836856 0
1651416714230 0.07069582918435335 0
1651416718073 0.054463993248343466 0
1651416722006 0.05128941058516502 0
1651416725992 0.051646034961938855 0
1651416729972 0.03693723640292883 0
1651416733853 0.02630914169177413 0
1651416737828 0.01590187206491828 0
1651416741787 0.014078601933270693 0
1651416745700 0.04001596963778138 0
1651416749613 0.0207547025796026 0
1651416753570 0.040621189956367015 0
1651416757511 0.03046531844958663 0
1651416761498 0.01603146291319281 0
1651416765392 0.019228852244280278 0
1651416769303 0.008754545908793807 0
1651416773186 0.019784301458485424 0
1651416777113 0.006340273258276284 0
1651416781009 0.010352123293094337 0
1651416784962 0.007390699175745249 0
1651416788900 0.024556934622302653 0
1651416792812 0.022850106417573988 0
1651416796799 0.02892625910229981 0
1651416800722 0.012904851333331316 0
1651416804668 0.010032117706444115 0
1651416808601 0.021750670839846133 0
1651416812583 0.01025951888691634 0
1651416816533 0.002813716107327491 0
1651416820498 0.0008577855086652562 0
1651416824462 0.0005766382405534387 0
1651416828400 0.00044952667178586127 0
1651416832343 0.00039171640682034197 0
1651416836317 0.00031419676064979287 0
1651416840186 0.0002764337082160637 0
1651416844080 0.00023895656906533987 0
1651416847993 0.00021593150701373817 0
1651416851869 0.00018235506319906562 0
1651416855808 0.00016263158179353923 0
1651416859735 0.000147650723811239 0
1651416863669 0.0001267192368512042 0
1651416867648 0.00011346555118216202 0
1651416871594 0.00010027010613121092 0
1651416875501 8.810293069109321e-05 0
1651416923053 1.2385027143478393 0
1651416926996 0.8256061809539795 0
1651416930901 0.6197265372753143 0
1651416934853 0.46979585354328157 0
1651416938859 0.353770050239563 0
1651416942787 0.27472785048484805 0
1651416946685 0.18467324167490007 0
1651416950644 0.14674646833240987 0
1651416954563 0.11044516643583775 0
1651416958460 0.08834577761292457 0
1651416962412 0.09793801894336938 0
1651416966342 0.08402407579421997 0
1651416970304 0.06424595905095339 0
1651416974271 0.04615746736675501 0
1651416978182 0.05101063064932823 0
1651416982124 0.03511220247149467 0
1651416986079 0.03579007662981749 0
1651416989987 0.043184585525095465 0
1651416993928 0.034394164291769266 0
1651416997875 0.04760056090801954 0
1651417001819 0.037646608766168356 0
1651417005817 0.026237823022529482 0
1651417009720 0.01984304681122303 0
1651417013652 0.04209958570636809 0
1651417017650 0.01773339560739696 0
1651417021581 0.03338125331141055 0
1651417025482 0.00434489956619218 0
1651417029437 0.0035890813490375875 0
1651417033419 0.0456458700504154 0
1651417037384 0.042408497754670677 0
1651417041340 0.019097955304663627 0
1651417045293 0.04242224694620818 0
1651417049218 0.030274357448332012 0
1651417053096 0.03121174544803798 0
1651417057146 0.03654502907898277 0
1651417060999 0.014142902880068869 0
1651417064950 0.04579091122131795 0
1651417068861 0.006249847075715661 0
1651417072736 0.019342605607863515 0
1651417076644 0.011795259022014216 0
1651417080566 0.0388949287513271 0
1651417084599 0.01462085617352277 0
1651417088515 0.01866663791630417 0
1651417092479 0.004159817860182375 0
1651417096437 0.0341022094078362 0
1651417100370 0.03508966037435457 0
1651417104356 0.01115364722236991 0
1651417108342 0.014624287737905979 0
1651417112320 0.004687222040118649 0
1651417116236 0.0013739157145377249 0
1651417167547 1.0047746006011964 0
1651417171623 0.5841759808540344 0
1651417175647 0.4095853718042374 0
1651417179706 0.31032850435972215 0
1651417183786 0.23594160358309746 0
1651417187803 0.17573866399228572 0
1651417191879 0.12833537898361683 0
1651417195900 0.10047549128830432 0
1651417199985 0.08338834774494171 0
1651417203997 0.06828988780528307 0
1651417207978 0.05213297742605209 0
1651417212043 0.03795724097415805 0
1651417216122 0.04467610863298178 0
1651417220206 0.045024161279946566 0
1651417224223 0.031685060872137544 0
1651417228284 0.0336456491868943 0
1651417232340 0.03675354033559561 0
1651417236336 0.037501768784970045 0
1651417240321 0.028138871974870562 0
1651417244323 0.03305493871048093 0
1651417248401 0.027702891824394466 0
1651417252429 0.02519441663417965 0
1651417256477 0.02738855664450675 0
1651417260662 0.010391286918893456 0
1651417264680 0.014974925843812525 0
1651417268679 0.03352980901040137 0
1651417272766 0.013084788710437716 0
1651417276802 0.018566680737957357 0
1651417280840 0.022503872007876635 0
1651417284913 0.02257123127337545 0
1651417288982 0.0136564254113473 0
1651417293063 0.01787604061383754 0
1651417297149 0.02548506255559623 0
1651417301222 0.00712504198057577 0
1651417305286 0.021473906648531556 0
1651417309270 0.0132701705198735 0
1651417313268 0.007137314853910357 0
1651417317323 0.025081629597209394 0
1651417321324 0.029840028662048282 0
1651417325236 0.008456928199436515 0
1651417329282 0.020892858134862035 0
1651417333331 0.014680898117087782 0
1651417337372 0.015119455845374614 0
1651417341328 0.017131368386931717 0
1651417345356 0.011444632158987224 0
1651417349422 0.005194746524794027 0
1651417353393 0.02300812436332926 0
1651417357402 0.0074827973674051465 0
1651417361406 0.004413571121077984 0
1651417365471 0.010345156042557209 0
1651417420616 1.1564749408721924 0
1651417424670 0.7382234558105468 0
1651417428677 0.5589541820287705 0
1651417432710 0.4097323390722275 0
1651417436739 0.3039279271006584 0
1651417440826 0.2456652215719223 0
1651417444901 0.1869781217098236 0
1651417448924 0.1350402082622051 0
1651417452905 0.10472628081887961 0
1651417456950 0.07186998327672482 0
1651417460990 0.06970051876306534 0
1651417464988 0.061700362834334374 0
1651417469026 0.05038820956647396 0
1651417473079 0.048597661152482034 0
1651417477165 0.03998089111745357 0
1651417481213 0.03347529156804085 0
1651417485368 0.04761723106130958 0
1651417489420 0.03615821484699845 0
1651417493455 0.0345407124184072 0
1651417497538 0.014221486647054552 0
1651417501610 0.040356144744157794 0
1651417505642 0.03330409710966051 0
1651417509643 0.03880155115760863 0
1651417513700 0.045875861299782994 0
1651417517760 0.02245593497082591 0
1651417521814 0.018932244434580206 0
1651417525928 0.030658632753044368 0
1651417530052 0.0474968767657876 0
1651417534100 0.009255794128403067 0
1651417538093 0.010265892421454191 0
1651417542137 0.03592470542509109 0
1651417546215 0.018608105449192225 0
1651417550252 0.009302535994164645 0
1651417554281 0.042743792101368305 0
1651417558315 0.01685213762698695 0
1651417562340 0.01808171926205978 0
1651417566384 0.02024687408413738 0
1651417570454 0.028942193023487925 0
1651417574537 0.01298039867375046 0
1651417578605 0.03306438454054296 0
1651417582621 0.013583704376872629 0
1651417586696 0.018482954913005233 0
1651417590793 0.015588387201260776 0
1651417594836 0.020370325022470204 0
1651417598835 0.026418398294690996 0
1651417602875 0.025018421933986245 0
1651417606887 0.03202026188774034 0
1651417610932 0.017883104403922333 0
1651417614905 0.005070472146663815 0
1651417618954 0.004322175415977836 0
1651417677716 1.3885008226394653 0
1651417681745 1.0123094306945801 0
1651417685736 0.8102751101493836 0
1651417689679 0.6503552593708039 0
1651417693622 0.5513755605459213 0
1651417697574 0.4222539321660995 0
1651417701572 0.30992455540895464 0
1651417705513 0.22192830087542534 0
1651417709421 0.19790983493328093 0
1651417713326 0.14724500945210456 0
1651417717340 0.1114167434900999 0
1651417721315 0.08525032002031803 0
1651417725306 0.07428142263889313 0
1651417729312 0.0695287977039814 0
1651417733340 0.07365625210255385 0
1651417737319 0.06849753092825413 0
1651417741432 0.06587146349996328 0
1651417745371 0.05510982431694865 0
1651417749317 0.045201219998300075 0
1651417753325 0.06370920539274812 0
1651417757315 0.03883488403633237 0
1651417761277 0.01999144239500165 0
1651417765202 0.03383907527849078 0
1651417769119 0.06371148079559207 0
1651417773056 0.03613193111345172 0
1651417776982 0.053319554854929445 0
1651417780849 0.03779287424236536 0
1651417784876 0.04537341963723302 0
1651417788864 0.0490557077601552 0
1651417792845 0.009992488742247225 0
1651417796745 0.025334769527986644 0
1651417800768 0.026946806259080767 0
1651417804731 0.042203493601083754 0
1651417808590 0.055667519707605244 0
1651417812494 0.020711655819416048 0
1651417816450 0.030836918675340712 0
1651417820472 0.021603530422225594 0
1651417824456 0.024524356472026557 0
1651417828456 0.010661035596067086 0
1651417832524 0.03063612855244428 0
1651417836432 0.04580781872086227 0
1651417840430 0.016535236282274126 0
1651417844405 0.02398720810599625 0
1651417848361 0.014950480740889907 0
1651417852322 0.03312104046167806 0
1651417856289 0.028281542859226464 0
1651417860288 0.013931732857320458 0
1651417864239 0.05150712224282324 0
1651417868169 0.04053724158713594 0
1651417872119 0.013916913447808474 0
1651417934187 1.2797583386421203 0
1651417938216 0.8442308451652527 0
1651417942263 0.6278740815162659 0
1651417946269 0.4822864458084106 0
1651417950259 0.3397779147744179 0
1651417954240 0.26431908752918243 0
1651417958217 0.19877232474088669 0
1651417962302 0.1435638422459364 0
1651417966219 0.113630944570899 0
1651417970189 0.08567166967391968 0
1651417974102 0.0584477502733469 0
1651417978085 0.07058075137734413 0
1651417982029 0.06770467911213636 0
1651417985966 0.04187027571946383 0
1651417989977 0.05227389910295606 0
1651417993979 0.035349730179086325 0
1651417997961 0.056021311377733946 0
1651418001936 0.04856196578219533 0
1651418005920 0.04005576941817999 0
1651418009877 0.05754513799622655 0
1651418013858 0.025520337446033953 0
1651418017838 0.013745164711773396 0
1651418021820 0.0383975726287812 0
1651418025757 0.027655450935661793 0
1651418029714 0.05145486920662224 0
1651418033743 0.02582674830108881 0
1651418037679 0.017179210764355957 0
1651418041681 0.025384028552286327 0
1651418045561 0.013801744422502815 0
1651418049556 0.02470847099032253 0
1651418053522 0.042517255816608666 0
1651418057488 0.031205332322604955 0
1651418061552 0.03083433491019532 0
1651418065553 0.019934563588537277 0
1651418069556 0.013140499215386807 0
1651418073575 0.006362363503500819 0
1651418077570 0.0019292019877582788 0
1651418081677 0.03474173956075683 0
1651418085689 0.03238806390799582 0
1651418089631 0.024018051874823868 0
1651418093573 0.02234856746569276 0
1651418097532 0.025907914873957633 0
1651418101549 0.0069247092832811176 0
1651418105488 0.010238757868087851 0
1651418109499 0.002245040084421635 0
1651418113505 0.0007468481983989477 0
1651418117512 0.0004734252321533859 0
1651418121467 0.0003976735872682184 0
1651418125534 0.0003326638326747343 0
1651418129575 0.00027718749586492776 0
1651418195474 1.349157112312317 0
1651418199418 0.9944896741867065 0
1651418203383 0.7957967476844787 0
1651418207366 0.6314229030847549 0
1651418211317 0.4981136110544205 0
1651418215363 0.36548369359970095 0
1651418219351 0.28297725322246553 0
1651418223281 0.191789585596323 0
1651418227267 0.15813714317083358 0
1651418231227 0.11537092847824097 0
1651418235145 0.11032832932174205 0
1651418239120 0.0910567086905241 0
1651418243096 0.07497928701937198 0
1651418247066 0.06185245945155621 0
1651418251059 0.0634130240380764 0
1651418255042 0.05794647049158812 0
1651418258988 0.024202014295384287 0
1651418263015 0.039521798853576186 0
1651418266986 0.04693810141161084 0
1651418270958 0.05480541848540306 0
1651418274957 0.04731692049950361 0
1651418278971 0.051804939705878496 0
1651418282965 0.03164517666883767 0
1651418286876 0.041418944657221436 0
1651418290884 0.048514881106093526 0
1651418294840 0.04477867320515216 0
1651418298804 0.024977321245893837 0
1651418302825 0.03527891656197608 0
1651418306779 0.038130809852480886 0
1651418310776 0.013272241855971515 0
1651418314778 0.034979189712926746 0
1651418318782 0.048715782101266085 0
1651418322817 0.017117235860787332 0
1651418326825 0.044932589497603474 0
1651418330809 0.02692484849113971 0
1651418334885 0.021218810772150754 0
1651418338894 0.005781168408785015 0
1651418342864 0.008910442343354225 0
1651418346832 0.005983381882868707 0
1651418350811 0.0417620577278547 0
1651418354788 0.05482861424162984 0
1651418358822 0.025845458526536823 0
1651418362764 0.033467530943173916 0
1651418366735 0.04625742659270764 0
1651418370769 0.01008018388506025 0
1651418374781 0.027894684441946448 0
1651418378813 0.015397920133732259 0
1651418382801 0.011466590495593846 0
1651418386767 0.0015951317583676428 0
1651418390928 0.006825885646697134 0
1651418461381 1.1328577640533448 0
1651418465371 0.6239223874092102 0
1651418469423 0.43210390899181367 0
1651418473463 0.31482682589292527 0
1651418477515 0.24919924273490907 0
1651418481582 0.18821856273114682 0
1651418485609 0.1483145932108164 0
1651418489675 0.099040627476573 0
1651418493758 0.07097727472186088 0
1651418497867 0.08321838507056237 0
1651418501945 0.05992919203191996 0
1651418506005 0.0513682599812746 0
1651418510092 0.04077060794383287 0
1651418514189 0.041531110479682685 0
1651418518305 0.052308617048710586 0
1651418522381 0.03634390083700419 0
1651418526448 0.018735586485266686 0
1651418530462 0.01839348609596491 0
1651418534461 0.039830581876263024 0
1651418538535 0.018082156430836768 0
1651418542555 0.019846559822000565 0
1651418546603 0.01802919507585466 0
1651418550705 0.04388145408704877 0
1651418554785 0.03259124010913074 0
1651418558899 0.00816233704853803 0
1651418562856 0.020292224148474633 0
1651418566838 0.03308826042693108 0
1651418570895 0.025858136847801506 0
1651418574985 0.023033988393843175 0
1651418579100 0.008431750215776265 0
1651418583147 0.01107491532592103 0
1651418587319 0.025346961383149028 0
1651418591350 0.04188496873322874 0
1651418595281 0.010967644115816801 0
1651418599278 0.0033707664779387414 0
1651418603378 0.017725151763204484 0
1651418607386 0.0324349157422781 0
1651418611490 0.014876016561035066 0
1651418615542 0.017564098163694142 0
1651418619597 0.025623563634883613 0
1651418623580 0.005760167331900447 0
1651418627592 0.012278208843525498 0
1651418631615 0.015311824427172542 0
1651418635698 0.016393980262521653 0
1651418639725 0.011020620249351486 0
1651418643792 0.00452730110399425 0
1651418647841 0.0009318877165205776 0
1651418651860 0.0005937717045191675 0
1651418655912 0.00038536233217455445 0
1651418660031 0.0003051541741937399 0
