1654202577463 0.5255562966106834 0
1654202591242 0.8451464257563815 0
1654202605366 0.9191778330200692 0
1654202619025 0.9413690656642212 0
1654202631974 0.9434911780755472 0
1654202645609 0.9610743951979628 0
1654202659586 0.9501606742254289 0
1654202673649 0.9590735463529982 0
1654202687145 0.9574364882071181 0
1654202701019 0.9630752440429273 0
1654202731525 0.8672529092728134 0
1654202746350 0.9299141698699384 0
1654202761283 0.9427623611184245 0
1654202775842 0.941761887209731 0
1654202790623 0.9500289610868307 0
1654202805326 0.9534516349849929 0
1654202820190 0.9616133958190722 0
1654202835182 0.9521352219472382 0
1654202849990 0.9569796219261756 0
1654202864931 0.9600337001737665 0
1654202911046 0.9181846899020744 0
1654202926123 0.943719069179741 0
1654202940850 0.940876066126145 0
1654202956169 0.950194798357376 0
1654202971318 0.950194798357376 0
1654202986078 0.9576708434242392 0
1654203000708 0.9609876803201011 0
1654203015552 0.954985784984732 0
1654203030240 0.9620406444140255 0
1654203045206 0.9577761398336316 0
1654203106522 0.8380114803307178 0
1654203121188 0.9025751751013745 0
1654203136413 0.9177945126125652 0
1654203151498 0.9306440570856812 0
1654203166397 0.9330138501237558 0
1654203181428 0.9395966085628522 0
1654203196446 0.9364895465795987 0
1654203211543 0.9406498499131076 0
1654203227189 0.9542366633314024 0
1654203242147 0.949971035862868 0
1654203318740 0.9414366968611755 0
1654203333991 0.951811670528755 0
1654203349407 0.9585527701706341 0
1654203364562 0.956498841373499 0
1654203380014 0.9574994733515905 0
1654203395184 0.9604487044449126 0
1654203410642 0.9622393090372867 0
1654203425835 0.9578681272382558 0
1654203441379 0.9679271118601221 0
1654203456419 0.9618179903096693 0
