1652361931606 0.9544454895973206 0
1652361939636 0.6350568799972535 0
1652361947891 0.5396138341903687 0
1652361956128 0.48195331318974494 0
1652361964370 0.4376749814748764 0
1652361972650 0.35301146233081815 0
1652361980880 0.3389301651060581 0
1652361989034 0.300049733902514 0
1652361997376 0.24884127185493707 0
1652362005692 0.24864090479463338 0
1652362013807 0.22540288050845264 0
1652362021861 0.21952892157882453 0
1652362030158 0.20879225017558783 0
1652362038242 0.1726258926205337 0
1652362046527 0.16749514202028512 0
1652362054833 0.13636873797625304 0
1652362063045 0.1241173383846879 0
1652362071335 0.1300066509190947 0
1652362079578 0.18710397242419421 0
1652362087882 0.10712893939297646 0
1652362096113 0.12316722995508463 0
1652362104351 0.08824151939479634 0
1652362112515 0.12193361072037369 0
1652362120960 0.08165211276868359 0
1652362129199 0.08866407105196267 0
1652362137401 0.11670390633866191 0
1652362145644 0.08759186859382316 0
1652362153907 0.07870512537332251 0
1652362162229 0.0677247117292136 0
1652362170437 0.11886760510262102 0
1652362179745 1.2376244894981385 0
1652362185257 1.022917133140564 0
1652362190997 0.9251038213253021 0
1652362196828 0.8159309666156769 0
1652362202542 0.7425729265213012 0
1652362208382 0.6882111346721649 0
1652362214064 0.6465420379161835 0
1652362219685 0.569037108528614 0
1652362225517 0.4815770213603973 0
1652362231234 0.45959079290628435 0
1652362237078 0.3873278839945793 0
1652362242928 0.356151361823082 0
1652362248686 0.3069085347175598 0
1652362254420 0.28342913213074206 0
1652362260059 0.23657866231650115 0
1652362265823 0.24378485238924621 0
1652362271456 0.18783480254560708 0
1652362277214 0.17529871947616338 0
1652362283049 0.22155442932397126 0
1652362289007 0.16321034621447325 0
1652362294608 0.17707121162414552 0
1652362300125 0.13167329963110389 0
1652362305695 0.14631608099266888 0
1652362311349 0.16664435870423913 0
1652362317210 0.14319719820432364 0
1652362322892 0.09499813736192882 0
1652362328811 0.11665670928172767 0
1652362334451 0.10912099895691499 0
1652362340048 0.11527421845761128 0
1652362345685 0.11579101279303432 0
1652362358730 1.2802964874267577 0
1652362364447 1.1135952854156494 0
1652362370212 1.00171301279068 0
1652362375872 0.9138020847320557 0
1652362381637 0.8403476501226426 0
1652362387277 0.7666410439491272 0
1652362392914 0.6982812240600585 0
1652362398669 0.6237283792734146 0
1652362404284 0.5758350432634354 0
1652362410160 0.5329503598451615 0
1652362415785 0.4304776065945625 0
1652362421586 0.3981227416932583 0
1652362427101 0.35631832228899 0
1652362432757 0.3341540640294552 0
1652362438547 0.28025511297881606 0
1652362444149 0.2511750192940235 0
1652362450031 0.25810302883088587 0
1652362455760 0.20371289637237788 0
1652362461511 0.20741588362902402 0
1652362467058 0.20353969140797853 0
1652362472625 0.17314349996447564 0
1652362478284 0.15579116143546998 0
1652362483963 0.15711365722306073 0
1652362489661 0.14989595743492246 0
1652362495451 0.13354885057359933 0
1652362501060 0.13288934063091873 0
1652362506765 0.10231598761565984 0
1652362512594 0.11413655423987656 0
1652362518273 0.1335153999838978 0
1652362523943 0.11637956268787385 0
1652362540475 0.8739669557094574 0
1652362546479 0.617139399766922 0
1652362552208 0.5423440853118896 0
1652362558065 0.46647947945594787 0
1652362563817 0.4076509452044964 0
1652362569810 0.3592601537197828 0
1652362575454 0.3150895662724972 0
1652362581398 0.2542234669476747 0
1652362587146 0.23570506894104182 0
1652362592973 0.197863259793818 0
1652362598918 0.19115268073827027 0
1652362604713 0.16264652642831207 0
1652362610632 0.17749774949923158 0
1652362616436 0.13903390926755965 0
1652362622419 0.128024358401075 0
1652362628209 0.1362932917812839 0
1652362633849 0.1186471169391647 0
1652362639656 0.11260702135134489 0
1652362645215 0.08474670854345895 0
1652362651068 0.10201009862069041 0
1652362656712 0.08535805780999363 0
1652362662432 0.08536880566515029 0
1652362668179 0.10278234697906301 0
1652362673790 0.08500545386993326 0
1652362679629 0.07268359696883708 0
1652362685432 0.07188185722241178 0
1652362691218 0.0724995094294194 0
1652362696936 0.09490032024898101 0
1652362702644 0.07035414626398123 0
1652362708493 0.07931339353099465 0
1652362728828 1.3644340816497802 0
1652362734444 1.193476901435852 0
1652362740236 1.0930018303871154 0
1652362745967 0.996552156162262 0
1652362751767 0.9226496280670166 0
1652362757751 0.8593933782577514 0
1652362763441 0.7836443013429641 0
1652362769229 0.6969402077913285 0
1652362774934 0.6080538435459137 0
1652362780639 0.568618334710598 0
1652362786453 0.4898812087774277 0
1652362792138 0.4504793879151344 0
1652362797805 0.36701801703572273 0
1652362803628 0.34781719080209733 0
1652362809245 0.2856304375201464 0
1652362815029 0.25154200610518457 0
1652362820787 0.2594362456768751 0
1652362826447 0.20886709696650504 0
1652362832209 0.20675134137794376 0
1652362838003 0.20363272752910852 0
1652362843649 0.18725753490999342 0
1652362849677 0.1816347173459828 0
1652362855453 0.16939689559042453 0
1652362861227 0.18062209210917354 0
1652362867001 0.13258927243500948 0
1652362872814 0.11286008515618741 0
1652362878624 0.1379393909726292 0
1652362884246 0.09628994345329701 0
1652362890056 0.1182755336465314 0
1652362895776 0.1715423555344343 0
