1645705329914 0.1046 0
1645705338436 0.1822 0
1645705346862 0.2476 0
1645705354969 0.333 0
1645705363073 0.3756 0
1645705371259 0.4124 0
1645705379228 0.4526 0
1645705387422 0.4902 0
1645705395470 0.5118 0
1645705403512 0.5382 0
1645705461711 0.2774 0
1645705519619 0.3766 0
1645705577846 0.4328 0
1645705636183 0.4644 0
1645705694529 0.5082 0
1645705752462 0.5352 0
1645705810821 0.5598 0
1645705869000 0.604 0
1645705927182 0.6204 0
1645705985877 0.616 0
1645706044108 0.3268 0
1645706101330 0.4772 0
1645706158478 0.5354 0
1645706215679 0.5828 0
1645706273285 0.6072 0
1645706330463 0.6336 0
1645706387746 0.6646 0
1645706445052 0.6786 0
1645706502815 0.6936 0
1645706560725 0.7114 0
