1645705329926 2.606996934509277 0
1645705338445 2.364797148132324 0
1645705346871 2.1966892547607424 0
1645705354983 1.9659222675323487 0
1645705363087 1.8516939472198486 0
1645705371277 1.726413809967041 0
1645705379240 1.6258887662887573 0
1645705387444 1.5406300810813904 0
1645705395482 1.4735217212677 0
1645705403524 1.4183624985694885 0
1645705461727 2.1821187606811523 0
1645705519630 1.9160486625671387 0
1645705577858 1.7357167985916138 0
1645705636206 1.683338522529602 0
1645705694541 1.5495455561637879 0
1645705752479 1.4588500127792359 0
1645705810837 1.3892992537498474 0
1645705869013 1.2556484313964844 0
1645705927194 1.1983656069755555 0
1645705985889 1.2415073629379272 0
1645706044120 2.0100947031021117 0
1645706101341 1.6384377763748168 0
1645706158490 1.4744944097518922 0
1645706215695 1.334040643310547 0
1645706273295 1.2580808284759522 0
1645706330475 1.1982316942214966 0
1645706387761 1.076135993528366 0
1645706445068 1.0488329958438873 0
1645706502827 1.005145456290245 0
1645706560736 0.9582963963031769 0
