1644414970300 1.6056923112869264 0
1644414972022 1.5068238780975343 0
1644414973708 1.4323374944686889 0
1644414975432 1.3689289979934693 0
1644414977128 1.2942581378936768 0
1644414979408 1.590742070388794 0
1644414981472 1.4053170034408569 0
1644414983560 1.25351379737854 0
1644414985660 1.1156292669296264 0
1644414987788 0.9981155275344848 0
1644414990309 1.5828920392990111 0
1644414992382 1.4044077573776246 0
1644414994459 1.2653289627075195 0
1644414996535 1.154906692314148 0
1644414998621 1.0580635110855103 0
