1644435433350 0.3476 0
1644435435327 0.6116 0
1644435437363 0.6956 0
1644435439432 0.75 0
1644435441505 0.7956 0
1644435443536 0.8396 0
1644435445581 0.8772 0
1644435447616 0.8992 0
1644435449671 0.914 0
1644435451780 0.9452 0
1644435455578 0.5 0
1644435457432 0.7724 0
1644435459193 0.8272 0
1644435461005 0.8596 0
1644435462772 0.8788 0
1644435464567 0.9088 0
1644435466377 0.9264 0
1644435468235 0.948 0
1644435470046 0.9576 0
1644435471895 0.9776 0
1644435477600 0.3956 0
1644435479406 0.7212 0
1644435481235 0.7904 0
1644435483068 0.8372 0
1644435484853 0.8664 0
1644435486644 0.886 0
1644435488479 0.9188 0
1644435490315 0.93 0
1644435492127 0.9524 0
1644435493944 0.9656 0
