1645788471603 0.3072 0
1645788476202 0.4744 0
1645788480866 0.5604 0
1645788485508 0.6272 0
1645788490217 0.6904 0
1645788494917 0.7148 0
1645788499615 0.7452 0
1645788504277 0.7992 0
1645788508908 0.8036 0
1645788513681 0.8172 0
1645788519479 0.6072 0
1645788525058 0.7936 0
1645788530675 0.8568 0
1645788536352 0.91 0
1645788541916 0.9252 0
1645788547498 0.9492 0
1645788553076 0.9584 0
1645788558616 0.9476 0
1645788564295 0.9756 0
1645788569895 0.9816 0
1645788576031 0.5652 0
1645788581595 0.792 0
1645788587144 0.838 0
1645788592651 0.8932 0
1645788598290 0.918 0
1645788603824 0.9344 0
1645788609284 0.9396 0
1645788614888 0.9656 0
1645788620352 0.9816 0
1645788626113 0.9912 0
