1651943588036 0.642357921218872 0
1651943590473 0.37709070987701415 0
1651943592859 0.283586263987422 0
1651943595234 0.2072934104964137 0
1651943597612 0.18682140838205816 0
1651943600015 0.14215168460384012 0
1651943602483 0.18182612396478653 0
1651943604997 0.11695439946651459 0
1651943607454 0.13865391815900802 0
1651943609830 0.09612212278842926 0
1651943612292 0.18284920608401298 0
1651943614721 0.0676050876993686 0
1651943617156 0.07135753965377807 0
1651943619566 0.07663107798285783 0
1651943621982 0.0812861789226532 0
1651943624453 0.21343018658161164 0
1651943626892 0.11781436832547187 0
1651943629357 0.04404312904607505 0
1651943631831 0.07066749792098999 0
1651943634235 0.04278530607894063 0
1651943636718 0.055071852067112924 0
1651943639151 0.05118166689276695 0
1651943641566 0.06895342660434545 0
1651943644041 0.04369804999046028 0
1651943646509 0.06394930928349495 0
1651943648930 0.055454106033965944 0
1651943651323 0.06373358680456877 0
1651943653781 0.0417598115876317 0
1651943656233 0.06639423671364784 0
1651943658596 0.0785908300369978 0
1651943661750 0.6177993704319 0
1651943664671 0.42835926694869997 0
1651943667495 0.3579875813484192 0
1651943670373 0.2852360088825226 0
1651943673271 0.2481859135389328 0
1651943676027 0.2094244515299797 0
1651943678923 0.19907753596901895 0
1651943681711 0.17933470022529363 0
1651943684542 0.17698788433074952 0
1651943687482 0.15370166441202163 0
1651943690344 0.1549265634715557 0
1651943693181 0.1534713705301285 0
1651943696065 0.1291694919914007 0
1651943699020 0.13350424555540086 0
1651943701989 0.12902993431538343 0
1651943704924 0.11176026812791824 0
1651943707694 0.09554730257689953 0
1651943710531 0.08866503380537033 0
1651943713459 0.11128732432425022 0
1651943716386 0.09255969401896 0
1651943719358 0.10220968483090401 0
1651943722298 0.09049118737280369 0
1651943725204 0.08564735240936279 0
1651943728089 0.10778512405082584 0
1651943730998 0.08304272903315722 0
1651943733951 0.08922439374327659 0
1651943736785 0.09684928922019899 0
1651943739737 0.1191809272736311 0
1651943742653 0.05750855453908443 0
1651943745545 0.06988136210590601 0
1651943749986 0.45745283246040347 0
1651943753917 0.32071017684936526 0
1651943757829 0.28469733934402464 0
1651943761969 0.2665175341288249 0
1651943766018 0.23340112400054933 0
1651943770004 0.18783829838434854 0
1651943774114 0.19312560544808705 0
1651943778138 0.1694267890950044 0
1651943782199 0.16297635909716288 0
1651943786337 0.1484151683251063 0
1651943790265 0.14081979437669118 0
1651943794187 0.1459520599404971 0
1651943798269 0.1296129081606865 0
1651943802203 0.13455029125610987 0
1651943806221 0.11714927901228268 0
1651943810195 0.11915916503270467 0
1651943814093 0.11703469324310621 0
1651943818199 0.10036312453746796 0
1651943822155 0.09262024226586024 0
1651943826235 0.1069302292317152 0
1651943830140 0.10762180230816205 0
1651943834090 0.09941122446159521 0
1651943837983 0.10854023862878481 0
1651943841983 0.11067493643878648 0
1651943846001 0.10679876145422458 0
1651943850067 0.10365872517824173 0
1651943854109 0.09583443240821361 0
1651943858147 0.09083130677640439 0
1651943862042 0.09063216925660769 0
1651943866146 0.10227002492348353 0
1651943870998 0.31723651106308604 0
1651943875183 0.20217896543222608 0
1651943879469 0.16004443954836373 0
1651943883779 0.17923804162088539 0
1651943887939 0.1434429699550568 0
1651943892188 0.11274573384372034 0
1651943896326 0.12595837341686603 0
1651943900470 0.11076002401354675 0
1651943904686 0.0967624027179651 0
1651943908999 0.08367672218986116 0
1651943913111 0.09559178942201868 0
1651943917223 0.13446278113421678 0
1651943921292 0.10113523974040885 0
1651943925495 0.10840780645604928 0
1651943929766 0.08814833770069115 0
1651943933912 0.07401363547095444 0
1651943938205 0.0926590680471895 0
1651943942346 0.09774941742513601 0
1651943946432 0.08544844657850444 0
1651943950624 0.10879609272561899 0
1651943954773 0.08733147100246617 0
1651943958993 0.07863089763583 0
1651943963066 0.07750635296821785 0
1651943967280 0.10213696322271938 0
1651943971433 0.07735180398998308 0
1651943975601 0.10596303401724057 0
1651943979803 0.07792071396697121 0
1651943983991 0.0967992181860151 0
1651943988123 0.0772331953153042 0
1651943992287 0.0614115645878949 0
1651943997507 0.44944258473714194 0
1651944001760 0.35536500806808474 0
1651944006343 0.2747579333305359 0
1651944010707 0.21907692510286966 0
1651944015008 0.2214285536448161 0
1651944019204 0.18483632855415344 0
1651944023325 0.17530515216191608 0
1651944027668 0.14723848859469096 0
1651944032023 0.16248105241457622 0
1651944036398 0.1373400902847449 0
1651944040589 0.13411331932942072 0
1651944044816 0.12225055430134138 0
1651944049217 0.11302808175285657 0
1651944053534 0.11010970519185066 0
1651944057943 0.14384695075054962 0
1651944062127 0.11740361764232318 0
1651944066366 0.08357095073709886 0
1651944070656 0.09842143458425999 0
1651944075087 0.09031700417101383 0
1651944079428 0.09208500157793363 0
1651944083762 0.09757374074260394 0
1651944088001 0.10787879993120829 0
1651944092352 0.12313890324135622 0
1651944096673 0.08673507389028867 0
1651944101112 0.0931615087489287 0
1651944105328 0.09924738924751679 0
1651944109545 0.10776553394744794 0
1651944113903 0.10399544015129407 0
1651944118415 0.07626873919516802 0
1651944122707 0.10950428945794702 0
