1651943588029 0.7532 0
1651943590453 0.8764 0
1651943592849 0.8976 0
1651943595215 0.9288 0
1651943597592 0.9336 0
1651943599997 0.9524 0
1651943602476 0.9416 0
1651943604979 0.9604 0
1651943607434 0.9508 0
1651943609823 0.9668 0
1651943612273 0.9432 0
1651943614700 0.9788 0
1651943617137 0.9748 0
1651943619559 0.9756 0
1651943621963 0.9744 0
1651943624445 0.926 0
1651943626871 0.9648 0
1651943629339 0.9852 0
1651943631811 0.9768 0
1651943634217 0.9848 0
1651943636699 0.9808 0
1651943639133 0.9828 0
1651943641545 0.9796 0
1651943644021 0.9868 0
1651943646489 0.9804 0
1651943648910 0.9812 0
1651943651316 0.9788 0
1651943653759 0.988 0
1651943656212 0.9756 0
1651943658589 0.976 0
1651943661731 0.7558 0
1651943664663 0.8412 0
1651943667488 0.8692 0
1651943670352 0.9016 0
1651943673264 0.9122 0
1651943676019 0.9276 0
1651943678904 0.9306 0
1651943681688 0.9402 0
1651943684520 0.9386 0
1651943687464 0.945 0
1651943690325 0.948 0
1651943693173 0.9492 0
1651943696057 0.9568 0
1651943698998 0.9554 0
1651943701969 0.9558 0
1651943704915 0.9636 0
1651943707673 0.967 0
1651943710511 0.9688 0
1651943713452 0.9618 0
1651943716367 0.9692 0
1651943719348 0.9664 0
1651943722280 0.9678 0
1651943725183 0.9724 0
1651943728069 0.9634 0
1651943730979 0.9706 0
1651943733933 0.9706 0
1651943736766 0.9674 0
1651943739729 0.9596 0
1651943742646 0.9812 0
1651943745523 0.9766 0
1651943749963 0.8224 0
1651943753908 0.8848 0
1651943757806 0.8981333333333333 0
1651943761950 0.9072 0
1651943766000 0.918 0
1651943769983 0.9344 0
1651943774106 0.9314666666666667 0
1651943778120 0.9430666666666667 0
1651943782177 0.9441333333333334 0
1651943786316 0.948 0
1651943790257 0.9501333333333334 0
1651943794165 0.9513333333333334 0
1651943798250 0.9533333333333334 0
1651943802182 0.9553333333333334 0
1651943806202 0.9594666666666667 0
1651943810175 0.9597333333333333 0
1651943814085 0.9593333333333334 0
1651943818178 0.9642666666666667 0
1651943822138 0.9678666666666667 0
1651943826213 0.9645333333333334 0
1651943830119 0.9626666666666667 0
1651943834070 0.9657333333333333 0
1651943837963 0.9618666666666666 0
1651943841962 0.9645333333333334 0
1651943845993 0.9642666666666667 0
1651943850045 0.9641333333333333 0
1651943854089 0.9664 0
1651943858127 0.9674666666666667 0
1651943862034 0.9701333333333333 0
1651943866128 0.9661333333333333 0
1651943870978 0.8891704454521205 0
1651943875162 0.9313150173379567 0
1651943879452 0.9473192851427047 0
1651943883759 0.9398506268338224 0
1651943887931 0.9517204587890103 0
1651943892168 0.9646572419311816 0
1651943896306 0.9582555348092825 0
1651943900450 0.9653240864230461 0
1651943904667 0.9678580954921312 0
1651943908980 0.973459589223793 0
1651943913089 0.9697252600693518 0
1651943917206 0.9557215257401974 0
1651943921271 0.965457455321419 0
1651943925475 0.9601226993865031 0
1651943929745 0.9726593758335557 0
1651943933892 0.976126967191251 0
1651943938187 0.9689250466791144 0
1651943942338 0.9663910376100293 0
1651943946422 0.9697252600693518 0
1651943950605 0.9623899706588424 0
1651943954752 0.9698586289677247 0
1651943958975 0.9738596959189117 0
1651943963044 0.9746599093091491 0
1651943967261 0.9674579887970125 0
1651943971412 0.9746599093091491 0
1651943975593 0.9665244065084022 0
1651943979785 0.9717257935449454 0
1651943983969 0.9685249399839957 0
1651943988100 0.9749266471058949 0
1651943992265 0.9783942384635903 0
1651943997488 0.8278666666666666 0
1651944001739 0.8730666666666667 0
1651944006323 0.9048 0
1651944010686 0.9274666666666667 0
1651944014987 0.926 0
1651944019194 0.9406666666666667 0
1651944023306 0.9394666666666667 0
1651944027659 0.9496 0
1651944032003 0.9450666666666667 0
1651944036376 0.9529333333333333 0
1651944040581 0.9549333333333333 0
1651944044808 0.9586666666666667 0
1651944049198 0.9612 0
1651944053522 0.9614666666666667 0
1651944057923 0.9506666666666667 0
1651944062106 0.9598666666666666 0
1651944066346 0.9714666666666667 0
1651944070636 0.9652 0
1651944075063 0.9704 0
1651944079407 0.9669333333333333 0
1651944083742 0.9657333333333333 0
1651944087992 0.9657333333333333 0
1651944092333 0.9574666666666667 0
1651944096650 0.9705333333333334 0
1651944101104 0.9693333333333334 0
1651944105308 0.9686666666666667 0
1651944109523 0.9638666666666666 0
1651944113883 0.9650666666666666 0
1651944118393 0.9748 0
1651944122686 0.9628 0
