1651840084677 0.5976 0
1651840087745 0.7768 0
1651840090791 0.8112 0
1651840093907 0.8468 0
1651840096964 0.8512 0
1651840100124 0.8988 0
1651840103219 0.9 0
1651840106438 0.9236 0
1651840109614 0.9056 0
1651840112708 0.9356 0
1651840115869 0.9364 0
1651840118935 0.9464 0
1651840122124 0.958 0
1651840125077 0.9424 0
1651840128070 0.9528 0
1651840131200 0.9272 0
1651840134243 0.9584 0
1651840137508 0.9564 0
1651840140498 0.9752 0
1651840143682 0.9716 0
1651840146792 0.9548 0
1651840149905 0.976 0
1651840152889 0.9772 0
1651840155990 0.9752 0
1651840159047 0.9876 0
1651840162095 0.9772 0
1651840165212 0.9836 0
1651840168385 0.976 0
1651840171516 0.978 0
1651840174600 0.984 0
1651840177659 0.9788 0
1651840180792 0.9684 0
1651840183831 0.9856 0
1651840186903 0.9832 0
1651840189982 0.9788 0
1651840193051 0.9784 0
1651840196048 0.9792 0
1651840199190 0.9936 0
1651840202223 0.9804 0
1651840205335 0.986 0
1651840208382 0.976 0
1651840211559 0.9672 0
1651840214584 0.9788 0
1651840217712 0.9844 0
1651840220711 0.976 0
1651840223851 0.976 0
1651840226951 0.9916 0
1651840229988 0.9864 0
1651840233100 0.9824 0
1651840236183 0.9892 0
1651840241301 0.7382 0
1651840241966 0.0 0
1651840242644 0.0 0
1651840243309 0.0 0
1651840243936 0.0 0
1651840244607 0.0 0
1651840245253 0.0 0
1651840245888 0.0 0
1651840246533 0.0 0
1651840247268 0.0 0
1651840247972 0.0 0
1651840248674 0.0 0
1651840249322 0.0 0
1651840249961 0.0 0
1651840250639 0.0 0
1651840251295 0.0 0
1651840251938 0.0 0
1651840252602 0.0 0
1651840253245 0.0 0
1651840253891 0.0 0
1651840254601 0.0 0
1651840255263 0.0 0
1651840255936 0.0 0
1651840256584 0.0 0
1651840257261 0.0 0
1651840257911 0.0 0
1651840258551 0.0 0
1651840259183 0.0 0
1651840259806 0.0 0
1651840260444 0.0 0
1651840261072 0.0 0
1651840261739 0.0 0
1651840262399 0.0 0
1651840263065 0.0 0
1651840263724 0.0 0
1651840264382 0.0 0
1651840265039 0.0 0
1651840265687 0.0 0
1651840266323 0.0 0
1651840266968 0.0 0
1651840267619 0.0 0
1651840268238 0.0 0
1651840268937 0.0 0
1651840269619 0.0 0
1651840270308 0.0 0
1651840270954 0.0 0
1651840271602 0.0 0
1651840272269 0.0 0
1651840272919 0.0 0
1651840273544 0.0 0
1651840280816 0.7037333333333333 0
1651840281476 0.0 0
1651840282115 0.0 0
1651840282773 0.0 0
1651840283445 0.0 0
1651840284124 0.0 0
1651840284778 0.0 0
1651840285416 0.0 0
1651840286048 0.0 0
1651840286697 0.0 0
1651840287365 0.0 0
1651840288014 0.0 0
1651840288652 0.0 0
1651840289315 0.0 0
1651840290017 0.0 0
1651840290668 0.0 0
1651840291342 0.0 0
1651840291996 0.0 0
1651840292634 0.0 0
1651840293273 0.0 0
1651840293926 0.0 0
1651840294590 0.0 0
1651840295219 0.0 0
1651840295866 0.0 0
1651840296537 0.0 0
1651840297221 0.0 0
1651840297892 0.0 0
1651840298532 0.0 0
1651840299194 0.0 0
1651840299873 0.0 0
1651840300525 0.0 0
1651840301170 0.0 0
1651840301815 0.0 0
1651840302453 0.0 0
1651840303113 0.0 0
1651840303777 0.0 0
1651840304415 0.0 0
1651840305097 0.0 0
1651840305748 0.0 0
1651840306414 0.0 0
1651840307070 0.0 0
1651840307708 0.0 0
1651840308332 0.0 0
1651840308968 0.0 0
1651840309608 0.0 0
1651840310227 0.0 0
1651840310980 0.0 0
1651840311628 0.0 0
1651840312264 0.0 0
1651840312920 0.0 0
1651840320859 0.7457988797012537 0
1651840321595 0.0 0
1651840322240 0.0 0
1651840322891 0.0 0
1651840323525 0.0 0
1651840324168 0.0 0
1651840324803 0.0 0
1651840325441 0.0 0
1651840326088 0.0 0
1651840326738 0.0 0
1651840327365 0.0 0
1651840328048 0.0 0
1651840328748 0.0 0
1651840329428 0.0 0
1651840330070 0.0 0
1651840330724 0.0 0
1651840331376 0.0 0
1651840332016 0.0 0
1651840332658 0.0 0
1651840333295 0.0 0
1651840333946 0.0 0
1651840334591 0.0 0
1651840335237 0.0 0
1651840335908 0.0 0
1651840336565 0.0 0
1651840337227 0.0 0
1651840337895 0.0 0
1651840338528 0.0 0
1651840339176 0.0 0
1651840339845 0.0 0
1651840340517 0.0 0
1651840341185 0.0 0
1651840341837 0.0 0
1651840342475 0.0 0
1651840343104 0.0 0
1651840343807 0.0 0
1651840344463 0.0 0
1651840345130 0.0 0
1651840345754 0.0 0
1651840346400 0.0 0
1651840347050 0.0 0
1651840347708 0.0 0
1651840348348 0.0 0
1651840348978 0.0 0
1651840349628 0.0 0
1651840350260 0.0 0
1651840350884 0.0 0
1651840351505 0.0 0
1651840352210 0.0 0
1651840352871 0.0 0
1651840360784 0.6845333333333333 0
1651840361436 0.0 0
1651840362087 0.0 0
1651840362754 0.0 0
1651840363415 0.0 0
1651840364070 0.0 0
1651840364732 0.0 0
1651840365364 0.0 0
1651840365984 0.0 0
1651840366635 0.0 0
1651840367292 0.0 0
1651840367977 0.0 0
1651840368633 0.0 0
1651840369290 0.0 0
1651840369959 0.0 0
1651840370612 0.0 0
1651840371250 0.0 0
1651840371892 0.0 0
1651840372531 0.0 0
1651840373182 0.0 0
1651840373854 0.0 0
1651840374502 0.0 0
1651840375192 0.0 0
1651840375857 0.0 0
1651840376542 0.0 0
1651840377199 0.0 0
1651840377876 0.0 0
1651840378527 0.0 0
1651840379197 0.0 0
1651840379862 0.0 0
1651840380514 0.0 0
1651840381165 0.0 0
1651840381824 0.0 0
1651840382504 0.0 0
1651840383228 0.0 0
1651840383892 0.0 0
1651840384550 0.0 0
1651840385190 0.0 0
1651840385832 0.0 0
1651840386477 0.0 0
1651840387128 0.0 0
1651840387768 0.0 0
1651840388414 0.0 0
1651840389040 0.0 0
1651840389675 0.0 0
1651840390316 0.0 0
1651840391012 0.0 0
1651840391670 0.0 0
1651840392347 0.0 0
1651840392994 0.0 0
