1651851168695 0.5924 0
1651851171925 0.7756 0
1651851175234 0.8116 0
1651851178536 0.8288 0
1651851181884 0.876 0
1651851185133 0.8888 0
1651851188442 0.9052 0
1651851191773 0.9116 0
1651851195085 0.9068 0
1651851198376 0.9432 0
1651851205476 0.5208 0
1651851211889 0.6696 0
1651851218343 0.7492 0
1651851224896 0.7732 0
1651851231371 0.8332 0
1651851237835 0.8272 0
1651851244308 0.8556 0
1651851250745 0.8536 0
1651851257228 0.91 0
1651851263823 0.9036 0
1651851271124 0.544 0
1651851277648 0.7056 0
1651851284225 0.7412 0
1651851290792 0.7844 0
1651851297374 0.8092 0
1651851303856 0.8468 0
1651851310571 0.8564 0
1651851317183 0.8748 0
1651851323675 0.8876 0
1651851330176 0.9172 0
1651851337841 0.7324 0
1651851344470 0.8668 0
1651851350929 0.8876 0
1651851357484 0.9156 0
1651851364014 0.926 0
1651851370740 0.9492 0
1651851377311 0.9564 0
1651851383856 0.9636 0
1651851390440 0.9684 0
1651851397052 0.966 0
1651851404910 0.4924 0
1651851411493 0.668 0
1651851418200 0.7292 0
1651851424880 0.788 0
1651851431593 0.8236 0
1651851438236 0.8568 0
1651851444795 0.878 0
1651851451524 0.8968 0
1651851458183 0.9072 0
1651851464876 0.9148 0
