1652817115458 2.021870123004913 0
1652817129275 1.67080747423172 0
1652817143174 1.4737151436328888 0
1652817156722 1.335565751171112 0
1652817170304 1.2005783719062806 0
1652817184765 1.7666014000892638 0
1652817194236 1.3313350509166717 0
1652817203574 1.130195578813553 0
1652817213033 0.9852736106157303 0
1652817222436 0.8592685274243355 0
1652817241895 1.9113883135795593 0
1652817251446 1.5161926078796386 0
1652817260983 1.3239920388698578 0
1652817270437 1.1704331496953964 0
1652817279671 1.0750252661943436 0
1652817304606 1.7700274939537048 0
1652817314269 1.371648754119873 0
1652817323945 1.1961327767372132 0
1652817333596 1.0844444450378419 0
1652817343312 0.98806598290205 0
1652817373331 1.9501742672920228 0
1652817382741 1.5339817764282226 0
1652817392304 1.3426496797561644 0
1652817401848 1.188459994339943 0
1652817411256 1.0890678629398345 0
