1652817115446 0.3044 0
1652817129262 0.4346 0
1652817143162 0.5106 0
1652817156710 0.5586 0
1652817170290 0.6082 0
1652817184753 0.4006 0
1652817194222 0.5536 0
1652817203560 0.6304 0
1652817213022 0.678 0
1652817222426 0.7132 0
1652817241883 0.3326 0
1652817251432 0.4916 0
1652817260971 0.564 0
1652817270426 0.6094 0
1652817279656 0.6472 0
1652817304596 0.3652 0
1652817314254 0.5276 0
1652817323935 0.5954 0
1652817333579 0.6356 0
1652817343300 0.661 0
1652817373319 0.3076 0
1652817382729 0.477 0
1652817392294 0.5482 0
1652817401836 0.6072 0
1652817411245 0.635 0
