1652779101693 0.1758 0
1652779106083 0.3022 0
1652779110389 0.3942 0
1652779114760 0.4502 0
1652779119191 0.5082 0
1652779123640 0.5484 0
1652779128092 0.5934 0
1652779132697 0.6318 0
1652779137144 0.675 0
1652779141562 0.7104 0
1652779147478 0.277 0
1652779152972 0.5022 0
1652779158504 0.6 0
1652779163609 0.6676 0
1652779169060 0.7112 0
1652779174576 0.7368 0
1652779180003 0.7762 0
1652779185750 0.8036 0
1652779191194 0.8268 0
1652779196598 0.8486 0
1652779202689 0.2964 0
1652779208194 0.449 0
1652779213749 0.548 0
1652779219151 0.6262 0
1652779224770 0.6602 0
1652779230251 0.7112 0
1652779235782 0.738 0
1652779241262 0.7578 0
1652779246785 0.7976 0
1652779252248 0.817 0
1652779258757 0.3664 0
1652779264257 0.56 0
1652779269732 0.6358 0
1652779275295 0.6926 0
1652779280745 0.7352 0
1652779286193 0.7782 0
1652779291676 0.8132 0
1652779297121 0.831 0
1652779302503 0.8568 0
1652779307946 0.863 0
1652779314695 0.3582 0
1652779320251 0.5094 0
1652779325865 0.575 0
1652779331337 0.6294 0
1652779336780 0.6742 0
1652779342292 0.7146 0
1652779347846 0.7486 0
1652779353465 0.777 0
1652779358991 0.7998 0
1652779364552 0.8202 0
