1652076848729 0.2688708475296696 0
1652076872673 0.13420651952015858 0
1652076896908 0.09260274069054673 0
1652076921416 0.07358561336696148 0
1652076946037 0.058933859648710736 0
1652076970213 0.049263146983863165 0
1652076994551 0.04140720157579053 0
1652077019433 0.036766868685830074 0
1652077044467 0.03224677398119044 0
1652077068533 0.027186075985392865 0
1652077099622 0.23630101072169268 0
1652077127326 0.09651811995500556 0
1652077154608 0.06678548734466044 0
1652077181626 0.0456916753191071 0
1652077208632 0.04026265441218678 0
1652077236439 0.033091392720788 0
1652077263763 0.03021835643192037 0
1652077290417 0.022889007101016334 0
1652077318002 0.025076718210711932 0
1652077345510 0.023484887372403264 0
1652077379631 0.22545085682135363 0
1652077407354 0.08897961135191414 0
1652077434682 0.05678863858362803 0
1652077461878 0.042062817666364404 0
1652077489427 0.03695042867764401 0
1652077516995 0.026720191358499085 0
1652077544500 0.026028611412696325 0
1652077572414 0.02234783020617548 0
1652077600335 0.022996492951787795 0
1652077627991 0.019080778152279133 0
1652077666491 0.2234974372142179 0
1652077694525 0.08723049378284763 0
1652077722391 0.0548900450058406 0
1652077750470 0.04219737372471539 0
1652077778296 0.03179618922156671 0
1652077805987 0.027662595105585292 0
1652077833440 0.026697691328428717 0
1652077861291 0.022134634623186943 0
1652077889067 0.021737968879515762 0
1652077917118 0.01960111564224924 0
1652077960228 0.2200584805351037 0
1652077988832 0.08413356605195083 0
1652078017145 0.04810451116501712 0
1652078045847 0.038381383228416624 0
1652078073887 0.02862228146085444 0
1652078101908 0.02564579134975614 0
1652078129662 0.023278263954291695 0
1652078157998 0.022777122297183646 0
1652078186724 0.018410348429667423 0
1652078215210 0.01945280634742902 0
