1652076848710 0.9195 0
1652076872654 0.9600833333333333 0
1652076896900 0.9716 0
1652076921398 0.9781833333333333 0
1652076946015 0.9817666666666667 0
1652076970196 0.9845333333333334 0
1652076994530 0.9871166666666666 0
1652077019416 0.9888 0
1652077044448 0.9899666666666667 0
1652077068511 0.9915666666666667 0
1652077099600 0.9299538461538461 0
1652077127306 0.9710769230769231 0
1652077154589 0.9793076923076923 0
1652077181605 0.9859076923076923 0
1652077208610 0.9872 0
1652077236432 0.9895538461538461 0
1652077263745 0.9901538461538462 0
1652077290397 0.9926461538461538 0
1652077317983 0.9919538461538462 0
1652077345489 0.9926307692307692 0
1652077379623 0.9317230769230769 0
1652077407333 0.9732615384615385 0
1652077434663 0.9823384615384615 0
1652077461856 0.9871692307692308 0
1652077489408 0.9885846153846154 0
1652077516975 0.9908769230769231 0
1652077544492 0.9916461538461538 0
1652077572392 0.9931384615384615 0
1652077600316 0.9926923076923077 0
1652077627983 0.9937076923076923 0
1652077666470 0.9332440998184559 0
1652077694503 0.9732607157143297 0
1652077722372 0.9836302655466322 0
1652077750452 0.9871072956090957 0
1652077778277 0.990245853718576 0
1652077805965 0.9909227976245423 0
1652077833420 0.9913535801101573 0
1652077861271 0.9929228591648974 0
1652077889050 0.9928151635434936 0
1652077917099 0.9935844179820917 0
1652077960216 0.9344769230769231 0
1652077988813 0.9750923076923077 0
1652078017126 0.9849384615384615 0
1652078045830 0.9882923076923077 0
1652078073870 0.9907230769230769 0
1652078101890 0.9913076923076923 0
1652078129641 0.9928769230769231 0
1652078157977 0.9928461538461538 0
1652078186701 0.9942461538461539 0
1652078215189 0.9941076923076924 0
