1644423100456 0.2208 0
1644423101935 0.3432 0
1644423103385 0.3952 0
1644423104863 0.4052 0
1644423106342 0.42 0
1644423107808 0.4592 0
1644423109275 0.4828 0
1644423110741 0.524 0
1644423112224 0.5656 0
1644423114092 0.5924 0
1644423115788 0.3556 0
1644423117339 0.448 0
1644423118860 0.5488 0
1644423120459 0.6308 0
1644423121987 0.6656 0
1644423123510 0.7124 0
1644423125097 0.7312 0
1644423126621 0.75 0
1644423128194 0.7552 0
1644423129748 0.7672 0
1644423131634 0.3596 0
1644423133241 0.4836 0
1644423134822 0.554 0
1644423136424 0.5832 0
1644423138017 0.5952 0
1644423139603 0.63 0
1644423141178 0.6468 0
1644423142791 0.668 0
1644423144374 0.6872 0
1644423145999 0.7084 0
