1652326559277 0.1282 0
1652326564483 0.1934 0
1652326569606 0.2218 0
1652326574605 0.254 0
1652326579765 0.2864 0
1652326589346 0.2421 0
1652326598263 0.2868 0
1652326607274 0.3443 0
1652326615954 0.3764 0
1652326624979 0.4195 0
1652326638731 0.3446 0
1652326651755 0.4102 0
1652326664932 0.4296 0
1652326678241 0.45993333333333336 0
1652326691620 0.47786666666666666 0
1652326710308 0.442 0
1652326727831 0.4819 0
1652326745480 0.4994 0
1652326763274 0.51505 0
1652326780894 0.53365 0
1652326804685 0.48304 0
1652326827198 0.51144 0
1652326849629 0.52668 0
1652326872280 0.54012 0
1652326894668 0.55164 0
