1653445295337 0.7230875508050124 0
1653445345115 0.5483391822596391 0
1653445394553 0.5074855099350214 0
1653445443149 0.48528055000007153 0
1653445492401 0.4648656885986527 0
1653445541467 0.441263244180878 0
1653445590862 0.422965666081508 0
1653445640251 0.4042489856635531 0
1653445688831 0.39748408164431653 0
1653445737467 0.39225862496718766 0
1653445786466 0.37968783590570093 0
1653445835783 0.36863541594818233 0
1653445884494 0.3737774333998561 0
1653445934202 0.3564151173445086 0
1653445983663 0.3687940870684882 0
1653446033234 0.36223803411833944 0
1653446082230 0.3589395176095267 0
1653446131746 0.36163621762320397 0
1653446180704 0.35049969931058583 0
1653446229805 0.3510485093553861 0
1653446278814 0.3577497746815284 0
1653446327945 0.35174992151384554 0
1653446376873 0.3495829306267202 0
1653446425856 0.3440486868739128 0
1653446475667 0.3463505082642039 0
1653446524086 0.349590069612364 0
1653446572971 0.34400704372475543 0
1653446622866 0.3512576126029094 0
1653446672491 0.34805149652659895 0
1653446722120 0.34949130775282783 0
1653446828055 0.6509183864399791 0
1653446927512 0.5507740142203867 0
1653447028898 0.5363943919306 0
1653447129319 0.5359761571412285 0
1653447229929 0.5352412728793919 0
1653447330099 0.5243356599703431 0
1653447431405 0.5220650656823069 0
1653447532080 0.519872262104104 0
1653447632839 0.5311540125208596 0
1653447733026 0.5194124284784 0
1653447834791 0.5214085364677012 0
1653447937665 0.5116888996889194 0
1653448037543 0.5210804630555212 0
1653448138454 0.5156714283545812 0
1653448239139 0.5190865731070439 0
1653448340180 0.5150646511989335 0
1653448441870 0.5135260282322764 0
1653448542808 0.5109946895097692 0
1653448643206 0.511915868194898 0
1653448744268 0.5211893946205576 0
1653448844844 0.512623519808054 0
1653448946356 0.5213585245822867 0
1653449046794 0.5146007377259433 0
1653449148262 0.5229845102332532 0
1653449248776 0.5221996456255515 0
1653449350078 0.5202569579020142 0
1653449450705 0.5187674083792915 0
1653449551457 0.5226076085579892 0
1653449653145 0.5171178068793069 0
1653449754390 0.5177770771885911 0
1653449920395 0.7418847686562273 0
1653450075908 0.6632438580840826 0
1653450232495 0.6640712194826868 0
1653450387930 0.6539178611957365 0
1653450542962 0.6452113701914748 0
1653450701222 0.6449720649585956 0
1653450856057 0.6460631669753127 0
1653451012419 0.641761717187696 0
1653451167626 0.6444171019004451 0
1653451324320 0.6441535554471943 0
1653451481979 0.6437059384796354 0
1653451637692 0.6457464800980356 0
1653451794421 0.6424963117066357 0
1653451950272 0.6381613462017642 0
1653452106775 0.6322668275692397 0
1653452261464 0.6455488774740034 0
1653452418346 0.6437843220601479 0
1653452575496 0.6386778537584675 0
1653452731809 0.6381607412363092 0
1653452887839 0.6443564503318734 0
1653453043542 0.6337189219105575 0
1653453198588 0.6392780388444662 0
1653453354664 0.6314787923730082 0
1653453510542 0.6364540292857421 0
1653453666821 0.6370302189133233 0
1653453822515 0.6463525693179832 0
1653453977514 0.6394189533160792 0
1653454133721 0.6396064576923847 0
1653454290592 0.6368743435074886 0
1653454446000 0.6348012440472841 0
1653454673709 0.8290174461178481 0
1653454888476 0.7682303238846362 0
1653455102367 0.7633807284670572 0
1653455314712 0.7592399631725003 0
1653455529579 0.7676980675367018 0
1653455743112 0.7610327718883753 0
1653455958519 0.7524916183839242 0
1653456172511 0.7588414881557226 0
1653456387617 0.7575243600377192 0
1653456601083 0.7591487770922482 0
1653456814938 0.754249538992097 0
1653457030577 0.758829639259105 0
1653457246041 0.7468775231768687 0
1653457458178 0.7616710329331458 0
1653457673528 0.7511951177937289 0
1653457885633 0.7565553983688355 0
1653458100797 0.7561055223648747 0
1653458315500 0.7511017272666096 0
1653458529709 0.756527521827072 0
1653458743914 0.7526392135704557 0
1653458958098 0.7541076918594539 0
1653459173712 0.7529597853835672 0
1653459388970 0.7453029937319458 0
1653459601999 0.7523787118203938 0
1653459816070 0.7481008623590072 0
1653460029543 0.7430283649116755 0
1653460243614 0.7524453925932447 0
1653460458246 0.7492577379266421 0
1653460672777 0.7460829534154385 0
1653460886626 0.7515529404141009 0
1653461178448 0.8980523192779223 0
1653461454222 0.8679817095541954 0
1653461728576 0.8529410741468271 0
1653462003100 0.8552748359471559 0
1653462278728 0.8565327722396453 0
1653462553569 0.8578789552660783 0
1653462827713 0.8562100438582897 0
1653463103425 0.8526411334486802 0
1653463379174 0.8549880612617731 0
1653463653812 0.8509781000598272 0
1653463927761 0.8562669951158762 0
1653464203646 0.8460302148463329 0
1653464477668 0.8519135707966486 0
1653464751815 0.8532040642511844 0
1653465027875 0.8551311405199766 0
1653465302943 0.8530286202540001 0
1653465578664 0.8433353815158208 0
1653465853205 0.845637372589906 0
1653466129745 0.8493095251431068 0
1653466404715 0.856584532422622 0
1653466678937 0.8453826109260321 0
1653466952501 0.8496941794365644 0
1653467228595 0.8520478046147029 0
1653467502330 0.851419223133723 0
1653467775531 0.853166789676547 0
1653468051376 0.8500541193405787 0
1653468326814 0.8483111149728298 0
1653468605052 0.848242083722353 0
1653468882903 0.8467978572034836 0
1653469159228 0.8573430755746364 0
