1651984881313 0.3042 0
1651984884638 0.4338 0
1651984887982 0.5042 0
1651984891307 0.5544 0
1651984894663 0.6078 0
1651984898063 0.643 0
1651984901388 0.6856 0
1651984904735 0.7156 0
1651984908071 0.7296 0
1651984911393 0.7696 0
1651984916698 0.551 0
1651984921665 0.6468 0
1651984926798 0.6852 0
1651984931906 0.7183 0
1651984936962 0.7522 0
1651984942035 0.7651 0
1651984947165 0.7957 0
1651984952197 0.8055 0
1651984957293 0.8273 0
1651984962052 0.8364 0
1651984967789 0.5978 0
1651984973050 0.6712 0
1651984978294 0.7246 0
1651984983375 0.7392 0
1651984988387 0.7795 0
1651984993256 0.8 0
1651984998316 0.8195 0
1651985003536 0.8388 0
1651985008721 0.8479 0
1651985013873 0.8579 0
1651985019902 0.6639327865573115 0
1651985025183 0.7329465893178636 0
1651985030312 0.7741548309661932 0
1651985035623 0.7984596919383877 0
1651985040965 0.8277655531106222 0
1651985046183 0.8583716743348669 0
1651985051500 0.8528705741148229 0
1651985056852 0.864372874574915 0
1651985062043 0.8765753150630126 0
1651985067287 0.8920784156831366 0
1651985073613 0.655 0
1651985079105 0.72 0
1651985084544 0.7492 0
1651985090022 0.7724 0
1651985095432 0.7951 0
1651985100852 0.816 0
1651985106264 0.829 0
1651985111707 0.8597 0
1651985117198 0.8686 0
1651985122625 0.8739 0
