1652008949290 0.7927333333333333 0
1652008973638 0.85595 0
1652008997574 0.8726333333333334 0
1652009021256 0.8793666666666666 0
1652009045191 0.8881666666666667 0
1652009069219 0.8938666666666667 0
1652009093366 0.8972 0
1652009117767 0.8995333333333333 0
1652009142438 0.9019666666666667 0
1652009165940 0.9053 0
1652009190185 0.9056333333333333 0
1652009214219 0.9072 0
1652009239071 0.9071666666666667 0
1652009263313 0.9075333333333333 0
1652009287201 0.90925 0
1652009311411 0.90925 0
1652009335852 0.9097 0
1652009359632 0.9106833333333333 0
1652009383586 0.9114333333333333 0
1652009407781 0.91 0
1652009432103 0.9106 0
1652009455826 0.9126333333333333 0
1652009480187 0.9123833333333333 0
1652009503902 0.9111833333333333 0
1652009528262 0.9129333333333334 0
1652009552823 0.9138 0
1652009576854 0.9130333333333334 0
1652009601148 0.9151333333333334 0
1652009625779 0.9142166666666667 0
1652009650488 0.9154666666666667 0
1652009681458 0.8271384615384615 0
1652009708815 0.8696923076923077 0
1652009736129 0.8740615384615384 0
1652009763065 0.878523076923077 0
1652009790214 0.8830769230769231 0
1652009817185 0.8843230769230769 0
1652009844043 0.8813230769230769 0
1652009871763 0.8877846153846154 0
1652009899127 0.8877846153846154 0
1652009926152 0.8863538461538462 0
1652009953472 0.8874461538461539 0
1652009980762 0.888523076923077 0
1652010008055 0.8870615384615385 0
1652010035010 0.8885692307692308 0
1652010062205 0.8887846153846154 0
1652010089382 0.8898153846153846 0
1652010116339 0.8893076923076924 0
1652010143910 0.890676923076923 0
1652010171111 0.890523076923077 0
1652010198400 0.893676923076923 0
1652010225731 0.8893230769230769 0
1652010252933 0.8910615384615385 0
1652010280051 0.8938307692307692 0
1652010307462 0.8910461538461538 0
1652010334727 0.8920307692307692 0
1652010362215 0.8942769230769231 0
1652010389716 0.8922461538461538 0
1652010417227 0.8925846153846154 0
1652010444178 0.8933076923076924 0
1652010471406 0.8920615384615385 0
