1652637001694 2.2401640672683714 0
1652637007217 2.0391313541412353 0
1652637012792 1.9374377716064453 0
1652637018327 1.8490769582748412 0
1652637023697 1.7578414154052735 0
1652637029135 1.694432890510559 0
1652637034512 1.640057795715332 0
1652637040071 1.5920469848632812 0
1652637045275 1.4981126724243163 0
1652637050778 1.4398917514801026 0
1652637056481 1.375040869140625 0
1652637061956 1.3378228557586669 0
1652637067368 1.2805749431610107 0
1652637072898 1.205107664489746 0
1652637078217 1.168078915786743 0
1652637083666 1.103299230659008 0
1652637089103 1.0317964557647705 0
1652637094346 0.9935607543945313 0
1652637099756 0.9143550130844116 0
1652637105193 0.8686419414520263 0
1652637110636 0.81315008020401 0
1652637116090 0.7813591138839722 0
1652637121575 0.7121312770843505 0
1652637127119 0.6646256064891816 0
1652637132779 0.6332299870491028 0
1652637138308 0.5629532859802246 0
1652637143689 0.5589941055774689 0
1652637149092 0.508094343137741 0
1652637154372 0.5108371438026428 0
1652637159891 0.4429345093488693 0
1652637169147 1.8804889492034913 0
1652637178035 1.5623036890029907 0
1652637186877 1.352220517730713 0
1652637195903 1.234945046043396 0
1652637204608 1.1177405738830566 0
1652637213666 0.9999033811569213 0
1652637222658 0.9055653196334839 0
1652637231564 0.8129806015014649 0
1652637240327 0.7274406494140625 0
1652637249327 0.6424669036865235 0
1652637258445 0.575836334657669 0
1652637267196 0.5272176761627198 0
1652637276316 0.446650957775116 0
1652637285211 0.41667450332641603 0
1652637293922 0.3512825903654099 0
1652637302850 0.33983350994586947 0
1652637311897 0.3146721705913544 0
1652637320808 0.28619217710494993 0
1652637329726 0.2469023718804121 0
1652637338688 0.21848349285125732 0
1652637347572 0.19920806609988212 0
1652637356448 0.20230558087825776 0
1652637365482 0.20960944517850877 0
1652637374485 0.18390351413488387 0
1652637383550 0.1948127891778946 0
1652637392617 0.18451936230659485 0
1652637401600 0.1563594402104616 0
1652637410450 0.14011183941066266 0
1652637419372 0.12310716366469861 0
1652637428379 0.15249562967717648 0
1652637439592 1.9063240699768067 0
1652637449865 1.4892720804214477 0
1652637460222 1.3368066947937012 0
1652637470411 1.2015122135162353 0
1652637480675 1.0819637931823731 0
1652637490929 0.9962048288345337 0
1652637501097 0.8799968556404114 0
1652637511189 0.7887313489913941 0
1652637521512 0.6748757899284363 0
1652637531673 0.6266627215385437 0
1652637542027 0.5782475342750549 0
1652637552039 0.5030224766254425 0
1652637562336 0.43179053173065185 0
1652637572566 0.3881928450345993 0
1652637582714 0.3692278292655945 0
1652637592692 0.3592147907018661 0
1652637602842 0.2781302893161774 0
1652637612853 0.2910620186805725 0
1652637622875 0.23263897047042847 0
1652637633064 0.21957297925949096 0
1652637643288 0.23437407677173613 0
1652637653547 0.23044718356132507 0
1652637663871 0.21691466958522795 0
1652637674165 0.21458988423347472 0
1652637684360 0.19944675389528274 0
1652637694450 0.17280999950170517 0
1652637704646 0.14316855370998383 0
1652637714763 0.1356024417877197 0
1652637725094 0.12327270824015141 0
1652637735433 0.14929226806461812 0
1652637748371 1.6974955795288087 0
1652637760111 1.3223761079788208 0
1652637771727 1.1404428266525268 0
1652637783479 1.0142860740661621 0
1652637795228 0.9292525356292725 0
1652637806846 0.8112769187927246 0
1652637818372 0.749337636756897 0
1652637830107 0.6141383602142334 0
1652637841543 0.5856712943553924 0
1652637853200 0.4940390770673752 0
1652637865057 0.4186454293727875 0
1652637876717 0.39063299217224123 0
1652637888695 0.3257367257118225 0
1652637900271 0.31985222816467285 0
1652637912019 0.2995829040169716 0
1652637923578 0.2562582005739212 0
1652637935151 0.23965852472782134 0
1652637946684 0.2303921124458313 0
1652637958275 0.2188839126110077 0
1652637969722 0.18410165976285933 0
1652637981449 0.18943214447498322 0
1652637993112 0.17897492889165878 0
1652638004841 0.15011590957045556 0
1652638016375 0.1528312510371208 0
1652638027943 0.14718940210938453 0
1652638039613 0.13223135472536088 0
1652638051401 0.13339535919427872 0
1652638062952 0.135145484149456 0
1652638074715 0.11361091122031212 0
1652638086538 0.12700621329396963 0
1652638102089 1.8571894786834717 0
1652638115297 1.5293201057434083 0
1652638128525 1.4167090843200683 0
1652638141407 1.269777348136902 0
1652638154455 1.150297837638855 0
1652638167672 1.0321037519454956 0
1652638180982 0.9329447066307068 0
1652638194192 0.8395891850471496 0
1652638207140 0.7643367050170898 0
1652638220036 0.6886663194656372 0
1652638233493 0.593190937614441 0
1652638246545 0.5230462768554688 0
1652638259372 0.4594316101074219 0
1652638272191 0.4554024823665619 0
1652638285173 0.3486809105396271 0
1652638298574 0.3314775937318802 0
1652638311575 0.2649880437970161 0
1652638324525 0.2915470086574554 0
1652638337766 0.2657079537153244 0
1652638350868 0.25749564009904863 0
1652638363871 0.23281724954247474 0
1652638376919 0.19705608294010163 0
1652638390201 0.22303404396772383 0
1652638403155 0.19930436787605285 0
1652638416051 0.17327060058116914 0
1652638429309 0.18139627609252928 0
1652638442584 0.16294425486326217 0
1652638455965 0.1605218745201826 0
1652638469186 0.1715108539894223 0
1652638482238 0.13618333245515823 0
