1654501867549 0.8928636391196265 0
1654501882439 0.9772024495240405 0
1654501896858 0.9853271084702601 0
1654501911371 0.9845388952889105 0
1654501925587 0.9910871278724307 0
1654501940198 0.9913296550051537 0
1654501954397 0.989146910810647 0
1654501969263 0.991269023221973 0
1654501983767 0.9944218759473716 0
1654501998499 0.9918753410537804 0
1654502018034 0.9423937654678531 0
1654502032789 0.9852035174556368 0
1654502047807 0.9888894739613501 0
1654502062742 0.9909957348217576 0
1654502077805 0.9926280869885735 0
1654502092996 0.9906797956926965 0
1654502107759 0.9917855826444105 0
1654502123363 0.9909957348217576 0
1654502138651 0.9930493391606551 0
1654502153951 0.994155126112369 0
1654502177314 0.9627250710750763 0
1654502192243 0.989944192903022 0
1654502207602 0.9933136780035801 0
1654502223046 0.9954196061914289 0
1654502238342 0.9903653785405918 0
1654502253578 0.9939981046646309 0
1654502269119 0.9929451405707065 0
1654502284990 0.9950510687585553 0
1654502300490 0.996419922080657 0
1654502315883 0.9939454564599347 0
1654502344047 0.9411238085207225 0
1654502359526 0.981199641897941 0
1654502374671 0.9875190899994734 0
1654502390312 0.9905734899152141 0
1654502405447 0.9884670072147033 0
1654502420510 0.990362841645163 0
1654502435990 0.9921006898730844 0
1654502451030 0.9934699036284165 0
1654502466495 0.9931539312233398 0
1654502481976 0.9914687450629311 0
1654502514026 0.9681904360648831 0
1654502529516 0.9892563724457553 0
1654502544919 0.9936275542447862 0
1654502560375 0.9933642300400253 0
1654502575897 0.99299557615336 0
1654502591757 0.9961028017695387 0
1654502607047 0.994733515904782 0
1654502623115 0.99589214240573 0
1654502639071 0.996787444701917 0
1654502654641 0.9939962081314514 0
