1651912425277 1.4180455761909485 0
1651912428764 0.9922248498916626 0
1651912432220 0.7828660543441772 0
1651912435671 0.6833854306221008 0
1651912439155 0.6183299184322357 0
1651912442686 0.5587065988302231 0
1651912446163 0.5317011178970337 0
1651912449741 0.6607203617095947 0
1651912453319 0.45954045495390894 0
1651912456749 0.38013337898254396 0
1651912460360 0.3672328533887863 0
1651912463961 0.32670201144218447 0
1651912467607 0.32265855766534807 0
1651912471416 0.2677026642918587 0
1651912475259 0.24407293753623963 0
1651912478858 0.23021699822843075 0
1651912482562 0.2076184065103531 0
1651912486291 0.24854814240336418 0
1651912490035 0.1779633765220642 0
1651912493915 0.1608607877969742 0
1651912497615 0.33569557407498357 0
1651912501324 0.16504504234492778 0
1651912505087 0.1346266494959593 0
1651912508885 0.14788082476370037 0
1651912512652 0.11625303663015366 0
1651912516334 0.08604920684248209 0
1651912520081 0.11647435275316238 0
1651912523891 0.11586615702062845 0
1651912527632 0.10617362957596779 0
1651912531353 0.12320735712647438 0
1651912535125 0.0952073444634676 0
1651912538809 0.1395160406332463 0
1651912542608 0.08098676859140397 0
1651912546339 0.07340130093693734 0
1651912549924 0.10489666638970375 0
1651912553559 0.13425775488317013 0
1651912557282 0.03453309298940003 0
1651912561135 0.060907609393820165 0
1651912564944 0.05198226727135479 0
1651912568681 0.05758442910942249 0
1651912572362 0.09082931255102157 0
1651912576167 0.08757825734615327 0
1651912579699 0.11754855430535972 0
1651912583414 0.07698234553784132 0
1651912587024 0.06700593216647394 0
1651912590737 0.0793078866675496 0
1651912594580 0.06532103518396616 0
1651912598279 0.043793603964708744 0
1651912601895 0.07923300000671298 0
1651912605632 0.0731561198647134 0
1651912611215 1.2156444898605347 0
1651912616475 0.8729342098236084 0
1651912621659 0.7259897937774659 0
1651912626931 0.6142211505889893 0
1651912632230 0.5669753613471985 0
1651912637387 0.4463570483207703 0
1651912642785 0.41979866852760317 0
1651912648069 0.3418318902015686 0
1651912653432 0.30568146092295645 0
1651912658834 0.2655073551297188 0
1651912664104 0.2168904311656952 0
1651912669524 0.22788494111299515 0
1651912674967 0.1901017295062542 0
1651912680563 0.19912317262887955 0
1651912686027 0.16233995772898197 0
1651912691504 0.12734958891868592 0
1651912696845 0.14252819788455964 0
1651912702142 0.1534305872440338 0
1651912707591 0.1395020706381649 0
1651912713113 0.10675577123165131 0
1651912718543 0.07955303682982921 0
1651912723816 0.09253966452628375 0
1651912729296 0.10848378653116524 0
1651912734972 0.10372751607298851 0
1651912740392 0.07035064927339554 0
1651912745780 0.1526982357546687 0
1651912751112 0.08818441899344324 0
1651912756502 0.08812086147069931 0
1651912761941 0.0772621787071228 0
1651912767353 0.07136062952801585 0
1651912772679 0.06810157260596753 0
1651912778221 0.06917995553910733 0
1651912783698 0.09308045499715954 0
1651912789085 0.05630352762043476 0
1651912794495 0.05625978518556803 0
1651912799791 0.06173440295699984 0
1651912805165 0.04891364679923281 0
1651912810516 0.062733621346578 0
1651912815827 0.0571917851338163 0
1651912821212 0.04837878248952329 0
1651912826410 0.06261623518206179 0
1651912831647 0.04263034810647368 0
1651912836965 0.16825160350799562 0
1651912842270 0.1161977336525917 0
1651912847617 0.052548470106720924 0
1651912852784 0.05033776285101194 0
1651912858080 0.06682218306884169 0
1651912863303 0.0814444207072258 0
1651912868714 0.06253641898594797 0
1651912873958 0.04618056492656469 0
1651912880476 1.0365314859390258 0
1651912886319 0.6941157787322998 0
1651912892159 0.6129448683023453 0
1651912898024 0.47794331679344176 0
1651912904025 0.44878826475143435 0
1651912910033 0.3504962681531906 0
1651912915971 0.3018260311126709 0
1651912921857 0.3133540400326252 0
1651912927732 0.22471965506076813 0
1651912933641 0.19983460240364076 0
1651912939591 0.17740292241573333 0
1651912945615 0.13087980320751666 0
1651912951616 0.12128941695764661 0
1651912957529 0.1494231965303421 0
1651912963388 0.14939377558678388 0
1651912969388 0.08893941630721092 0
1651912975285 0.13787296255230905 0
1651912981213 0.07256311819553375 0
1651912987148 0.11817234168052673 0
1651912992984 0.09514797905683517 0
1651912998841 0.08045267432332039 0
1651913004527 0.0709975949704647 0
1651913010712 0.07984557227939368 0
1651913016563 0.06157346232831478 0
1651913022569 0.08915687886700034 0
1651913028521 0.08013271026015281 0
1651913034619 0.07275615823715925 0
1651913040667 0.052435073471069335 0
1651913046659 0.07247204018607735 0
1651913052658 0.04872888998091221 0
1651913058594 0.03807661343067884 0
1651913064621 0.05726046584770084 0
1651913070601 0.04839404074847698 0
1651913076367 0.03293457608893514 0
1651913082265 0.050026367454411226 0
1651913088231 0.07957212880551814 0
1651913094042 0.15214158296138047 0
1651913099879 0.07892674320936204 0
1651913106197 0.07747377958372235 0
1651913112165 0.04451036779810674 0
1651913118272 0.044795300076156855 0
1651913124310 0.019874844784289598 0
1651913130155 0.03343949152961723 0
1651913136050 0.0366520248606801 0
1651913142026 0.03160994620961137 0
1651913147825 0.056920743078086526 0
1651913153699 0.030873433040082453 0
1651913159744 0.02644734054080327 0
1651913165614 0.04654369011223316 0
1651913171766 0.06326613230966031 0
1651913179482 0.9140334539413452 0
1651913185884 0.47696927318572996 0
1651913192476 0.41960253677368164 0
1651913199168 0.303664903524518 0
1651913205819 0.25669289787113664 0
1651913212540 0.24495640391111373 0
1651913219184 0.1713341905593872 0
1651913225822 0.1982384996533394 0
1651913232561 0.14884570128004998 0
1651913239172 0.11390797165632248 0
1651913245912 0.14105730077028275 0
1651913252608 0.16459344104379414 0
1651913259172 0.08335974061340094 0
1651913265880 0.07747085206359625 0
1651913272399 0.07092549263238906 0
1651913278917 0.05905048464825377 0
1651913285641 0.06960826882347465 0
1651913292382 0.0656412185460329 0
1651913299161 0.05622702270410955 0
1651913305906 0.06539691992960871 0
1651913312519 0.05870234565734863 0
1651913319148 0.047815247966349124 0
1651913325962 0.04339425134025514 0
1651913332711 0.04432092662602663 0
1651913339385 0.053111925707757475 0
1651913345987 0.042885180095396935 0
1651913352637 0.03822989102602005 0
1651913359214 0.04415146067421883 0
1651913365850 0.03656329016239615 0
1651913372630 0.04783681796565652 0
1651913379658 0.044922802668623626 0
1651913386401 0.030183968561911023 0
1651913393261 0.03875209177099168 0
1651913399920 0.04839560999684036 0
1651913406667 0.03841386824175715 0
1651913413518 0.035346878995373844 0
1651913420135 0.03890893927887082 0
1651913426779 0.12730506143271922 0
1651913433685 0.06970943848490715 0
1651913440320 0.05583488202491426 0
1651913447092 0.033523015794716775 0
1651913453951 0.02081396199077717 0
1651913460660 0.024702406418230384 0
1651913467404 0.014600509567034896 0
1651913474002 0.0171261110817577 0
1651913480749 0.026414804556965828 0
1651913487406 0.018633729044533358 0
1651913494222 0.03935289496816695 0
1651913500940 0.028643856929242612 0
1651913507903 0.06647551082968711 0
1651913517172 0.7670613122940063 0
1651913524445 0.47035379228591917 0
1651913532018 0.3269850140571594 0
1651913539547 0.34956209646463393 0
1651913546984 0.24675672268867493 0
1651913554253 0.22088818442821503 0
1651913561668 0.1660660374045372 0
1651913569018 0.1213553694644943 0
1651913576517 0.11166729533672333 0
1651913583936 0.1292510371685028 0
1651913591610 0.12485399661287665 0
1651913599124 0.09518607195531949 0
1651913606673 0.09071788723468781 0
1651913614480 0.14322246825695037 0
1651913621869 0.09493665417209268 0
1651913629356 0.075587643223349 0
1651913636975 0.06643865250051022 0
1651913644362 0.04287928249612451 0
1651913652049 0.03810854258090258 0
1651913659587 0.053459953451529145 0
1651913666889 0.052709459714940746 0
1651913674516 0.048356432166323064 0
1651913681876 0.03633238819390535 0
1651913689267 0.03530518303569406 0
1651913696882 0.03452029945733957 0
1651913704612 0.043194281782070174 0
1651913712126 0.042539207842946056 0
1651913719669 0.055154505574703215 0
1651913727150 0.0359415505703073 0
1651913734490 0.036890631717443466 0
1651913741704 0.03010539820790291 0
1651913749307 0.05313036195673049 0
1651913756809 0.03751303924024105 0
1651913764212 0.045760329985199494 0
1651913771847 0.028218137088697404 0
1651913779306 0.041364925541728735 0
1651913786451 0.03472427310347557 0
1651913793895 0.05613896271362901 0
1651913801409 0.045560942002409135 0
1651913808770 0.033375418066605926 0
1651913816145 0.1020995564006269 0
1651913823592 0.07251796323247253 0
1651913831322 0.06376491999924183 0
1651913838842 0.04024678162485361 0
1651913846249 0.01549742622077465 0
1651913853736 0.045528391292691234 0
1651913861244 0.02000611420534551 0
1651913868639 0.018452319858924603 0
1651913876320 0.021801851025223733 0
1651913883698 0.01673167147822678 0
1651913894474 0.8530179754257202 0
1651913902618 0.5331393304407597 0
1651913910864 0.4000620143890381 0
1651913918802 0.37460715354084967 0
1651913927081 0.2849967526912689 0
1651913935329 0.2501983185470104 0
1651913943518 0.21780467338562012 0
1651913951774 0.1870063493847847 0
1651913960094 0.1821360587954521 0
1651913968160 0.14331075918674469 0
1651913976619 0.1526301408469677 0
1651913984920 0.10101156995892524 0
1651913993303 0.148160114467144 0
1651914001419 0.15837835559248925 0
1651914009507 0.08131930541396142 0
1651914017648 0.08766285086870193 0
1651914025816 0.09807910997876898 0
1651914033978 0.05868294811993837 0
1651914042076 0.06791304337978363 0
1651914050204 0.08178479966968298 0
1651914058393 0.04913690867722034 0
1651914066763 0.0533185677498579 0
1651914075004 0.0386609777957201 0
1651914083280 0.034123054403066636 0
1651914091618 0.06561920804935507 0
1651914099632 0.04957252881899476 0
1651914107806 0.036594402045779864 0
1651914115989 0.054784246064722535 0
1651914124183 0.033747340272367 0
1651914132393 0.030979034709418193 0
1651914140656 0.06628882640816737 0
1651914148964 0.0517709626801312 0
1651914157146 0.03964073591530323 0
1651914165190 0.04193083621710539 0
1651914173351 0.034886679225158874 0
1651914181432 0.060026949542062356 0
1651914189599 0.06244160811901093 0
1651914197852 0.038158754393458366 0
1651914205872 0.037335851462185383 0
1651914214174 0.023119473379291593 0
1651914222360 0.02231911522131413 0
1651914230325 0.02764802905973047 0
1651914238498 0.023454675231291914 0
1651914246764 0.03730044882167131 0
1651914255056 0.06626161406293031 0
1651914263233 0.06929642593339086 0
1651914271524 0.07349246763007686 0
1651914279618 0.07138514266200363 0
1651914287808 0.04900388509780169 0
1651914295981 0.02983459441550076 0
1651914308221 1.1922867933273316 0
1651914317008 0.8639129906654358 0
1651914325915 0.7126466659545898 0
1651914334944 0.6890603468418122 0
1651914343554 0.5501179661750794 0
1651914352530 0.4785292209804058 0
1651914361481 0.44017620334625246 0
1651914370376 0.36228140611648557 0
1651914379541 0.38211444394588473 0
1651914388550 0.25812522180080416 0
1651914397496 0.23348772200345994 0
1651914406304 0.1944267878770828 0
1651914415232 0.18636547451019286 0
1651914424165 0.1610687850281596 0
1651914433103 0.1725827552676201 0
1651914442052 0.16624596247673035 0
1651914451026 0.1313795480489731 0
1651914459949 0.21225432948097586 0
1651914469060 0.09897343273162842 0
1651914478049 0.12662125390172005 0
1651914486945 0.13932506703287362 0
1651914495943 0.07027064429074525 0
1651914504644 0.07940214440226555 0
1651914513553 0.05596238213777542 0
1651914522319 0.07165506224632263 0
1651914531261 0.09663789310920984 0
1651914540301 0.07995116804540157 0
1651914549029 0.08536618173494935 0
1651914557907 0.08290574345588685 0
1651914566845 0.1174406962396577 0
1651914575775 0.07426780674159526 0
1651914584662 0.07947494297027588 0
1651914593363 0.10778267359137535 0
1651914602249 0.049243851475557314 0
1651914611164 0.0418673450127244 0
1651914620003 0.041981374243786555 0
1651914628824 0.06647352003091946 0
1651914637504 0.06021591662168503 0
1651914646587 0.061707283893297424 0
1651914655528 0.0505007833044976 0
1651914664447 0.0545045114479959 0
1651914673312 0.05866249363680836 0
1651914682258 0.05476786777647212 0
1651914691250 0.082686548396945 0
1651914700126 0.05119352297112346 0
1651914709159 0.05770147586911917 0
1651914718174 0.061889470939338206 0
1651914727060 0.0769941743709147 0
1651914736184 0.05493664112240076 0
1651914745060 0.033346979365497825 0
1651914759340 1.2259117603302 0
1651914769063 0.9182682027816772 0
1651914778950 0.728689637184143 0
1651914788626 0.6168996503829957 0
1651914798168 0.5680094165802002 0
1651914807916 0.46944648613929746 0
1651914817453 0.39161512755155564 0
1651914827139 0.32774588047266007 0
1651914836894 0.31721893949508667 0
1651914846659 0.2863417290687561 0
1651914856227 0.3021222977638245 0
1651914865892 0.2335898558139801 0
1651914875685 0.23987879159450531 0
1651914885140 0.15033833607956767 0
1651914894845 0.1265684244632721 0
1651914904434 0.17237517043054104 0
1651914914274 0.14679668207466604 0
1651914923829 0.13783320051953196 0
1651914933391 0.10188997228145599 0
1651914943093 0.14152310358583928 0
1651914952680 0.09441044914722442 0
1651914962405 0.09189460471570492 0
1651914971925 0.0816331724524498 0
1651914981716 0.16141924726963044 0
1651914991461 0.09728311423002742 0
1651915001044 0.07079983561038972 0
1651915010656 0.1298766154408455 0
1651915020401 0.09117510999143123 0
1651915030081 0.0667189163569361 0
1651915039799 0.04934884993433952 0
1651915049523 0.0764167389266193 0
1651915059149 0.06057508246898651 0
1651915068637 0.053538839320559056 0
1651915078300 0.05881546638011932 0
1651915087946 0.07396761705195531 0
1651915097612 0.0727035994052887 0
1651915107080 0.02787704438958317 0
1651915116684 0.0588273179192096 0
1651915126233 0.04934503006711602 0
1651915135723 0.05761387814320624 0
1651915145284 0.07176013905107975 0
1651915154717 0.13788479927033187 0
1651915164468 0.10269230317603796 0
1651915174060 0.10024419104456901 0
1651915183729 0.06182482167929411 0
1651915193468 0.03693054893799126 0
1651915203059 0.054497751731495375 0
1651915212824 0.03674188387095928 0
1651915222550 0.026480153465457262 0
1651915232127 0.0317112523091957 0
1651915248117 1.0471462070465087 0
1651915258633 0.6208072577476501 0
1651915269034 0.5036443427085876 0
1651915279469 0.40898106713294985 0
1651915289965 0.3509765281677246 0
1651915300367 0.318810888338089 0
1651915310654 0.2600543400764465 0
1651915321030 0.2147610179901123 0
1651915331392 0.17802564151883124 0
1651915341739 0.1639388644695282 0
1651915352255 0.1641729770421982 0
1651915362631 0.1689627249225974 0
1651915372938 0.10433094727993011 0
1651915383311 0.11692144941091537 0
1651915393552 0.0786080533262575 0
1651915404154 0.07358882497251033 0
1651915414630 0.08903826126605273 0
1651915424957 0.06937587815746665 0
1651915435395 0.05794006513245404 0
1651915445690 0.06251478403806686 0
1651915456206 0.04375124545693398 0
1651915466648 0.0499130160421133 0
1651915477019 0.048337189358472823 0
1651915487193 0.07707588796485215 0
1651915497883 0.09257765305489302 0
1651915508382 0.0640222868911922 0
1651915518885 0.05931786462366581 0
1651915529165 0.05101080022156239 0
1651915539504 0.08523558476840844 0
1651915549899 0.04460372699285508 0
1651915560250 0.039507215520739554 0
1651915570796 0.061263131834752856 0
1651915581151 0.04609030699506402 0
1651915591440 0.05653796960420441 0
1651915601875 0.03027808123775758 0
1651915612332 0.02730840037614107 0
1651915622938 0.050145726781338454 0
1651915633288 0.06081475863914238 0
1651915643880 0.04116503706667572 0
1651915654184 0.05193672152459621 0
1651915664660 0.04574759513400495 0
1651915674967 0.024228802272188477 0
1651915685150 0.025988157103955745 0
1651915695444 0.020663504255050792 0
1651915705724 0.06312587988171726 0
1651915715993 0.03964224448949098 0
1651915726599 0.10712961643636226 0
1651915736940 0.05673432785719633 0
1651915747244 0.058946492230892183 0
1651915757662 0.05674740085061639 0
1651915775895 1.1806186344146727 0
1651915786903 0.8823770811080932 0
1651915798309 0.7800761638641357 0
1651915809545 0.6989730858325959 0
1651915820695 0.5736731587409973 0
1651915831960 0.5252632822990417 0
1651915842750 0.48447093849182127 0
1651915853787 0.4541759443283081 0
1651915864796 0.3662611534118652 0
1651915875907 0.33372783262729644 0
1651915886931 0.29496938800811767 0
1651915898105 0.27252462627887725 0
1651915909385 0.225597408080101 0
1651915920526 0.1708651195526123 0
1651915931712 0.16520628612041474 0
1651915942765 0.1888735654681921 0
1651915954216 0.15461530530452727 0
1651915965216 0.1787685168147087 0
1651915976275 0.1194966965943575 0
1651915987373 0.10015844727754593 0
1651915998424 0.10583913366794587 0
1651916009519 0.14215540400743484 0
1651916020660 0.1064456828713417 0
1651916031961 0.09044278336167336 0
1651916043270 0.08341346438527107 0
1651916054355 0.08331869232654572 0
1651916065668 0.06952187657058238 0
1651916076945 0.09701373488903045 0
1651916087964 0.07096179741481319 0
1651916099141 0.07865413652062415 0
1651916110106 0.07877677883803845 0
1651916121156 0.05841986699104309 0
1651916132349 0.06296482585258782 0
1651916143715 0.06703582235053182 0
1651916154749 0.0578754917755723 0
1651916165895 0.06127782427668572 0
1651916176948 0.1226050946354866 0
1651916188041 0.09815229963778983 0
1651916199179 0.0794334433697164 0
1651916210244 0.058864122346602384 0
1651916221247 0.06307623203052208 0
1651916232458 0.04111389733463293 0
1651916243364 0.051214232717454435 0
1651916254514 0.06374516854789108 0
1651916265667 0.047429197270423176 0
1651916276944 0.04778426470682025 0
1651916288349 0.048255558651685716 0
1651916299338 0.10196607079803943 0
1651916310435 0.06902587803900243 0
1651916321514 0.08129877264089883 0
1651916341569 1.0042201097488404 0
1651916353345 0.6939183235168457 0
1651916365220 0.6394669938087464 0
1651916376937 0.4864590277791023 0
1651916388873 0.39137507510185243 0
1651916400767 0.3932831473350525 0
1651916412586 0.3405630531311035 0
1651916424410 0.29872769057750703 0
1651916436181 0.23758188831806182 0
1651916448099 0.21534617705345155 0
1651916459975 0.1815762303829193 0
1651916471888 0.18902036414146423 0
1651916483697 0.1456594572544098 0
1651916495541 0.13329717802852392 0
1651916507115 0.12204895972013474 0
1651916519044 0.1412914459071122 0
1651916530743 0.10011680226922036 0
1651916542549 0.12649807142019273 0
1651916554663 0.07989874228239059 0
1651916566581 0.07992563706040383 0
1651916578620 0.08985383352637291 0
1651916590611 0.08635342834293842 0
1651916602439 0.05457125761173665 0
1651916614216 0.06517774118706585 0
1651916626245 0.09455345215126872 0
1651916638190 0.08670377143397927 0
1651916650012 0.07719071150692179 0
1651916661814 0.0486876377615612 0
1651916673713 0.0635711482245475 0
1651916685269 0.05736978786475956 0
1651916696841 0.0630769333165139 0
1651916708638 0.06244180199727416 0
1651916720515 0.04507225034085568 0
1651916732313 0.06869615912456066 0
1651916744374 0.05546895761783817 0
1651916756255 0.047811138716118876 0
1651916768065 0.039401030215926586 0
1651916779847 0.0489712943281047 0
1651916791704 0.04723498571160017 0
1651916803545 0.03158317856993526 0
1651916815488 0.028927033702284097 0
1651916827437 0.09868236315920949 0
1651916839353 0.04510523760020733 0
1651916851167 0.04533442876338959 0
1651916863019 0.038999631252232936 0
1651916874964 0.03218618395552039 0
1651916886809 0.04406748967655003 0
1651916898762 0.04477372795343399 0
1651916910707 0.03811638373285532 0
1651916922813 0.03541900784643367 0
1651916945563 1.0972257593154908 0
1651916958290 0.7284255117416382 0
1651916971151 0.663006770670414 0
1651916983919 0.5210554604649543 0
1651916996696 0.4764785369873047 0
1651917009342 0.3866072832107544 0
1651917022111 0.4097140226840973 0
1651917034988 0.29494872014522555 0
1651917047755 0.2003159990310669 0
1651917060487 0.2713378263950348 0
1651917072831 0.1949232067465782 0
1651917085741 0.18218151798248292 0
1651917098327 0.22381018505096437 0
1651917110920 0.21462805800437929 0
1651917123437 0.1368143018245697 0
1651917136312 0.11152347265295684 0
1651917148909 0.10477805834114552 0
1651917161672 0.11498044221401214 0
1651917174220 0.09495358417443932 0
1651917186835 0.1215693814277649 0
1651917199431 0.0927105000630021 0
1651917212272 0.05764060274660587 0
1651917225060 0.07009674604013562 0
1651917237698 0.06759582634009421 0
1651917250214 0.08463167810291052 0
1651917262922 0.0526547493500635 0
1651917275407 0.06739773901998997 0
1651917288267 0.08380448746085167 0
1651917301036 0.07393472585231066 0
1651917313695 0.06944815662088805 0
1651917326314 0.04663707859190181 0
1651917338918 0.035258442630805076 0
1651917351725 0.030391955380886793 0
1651917364365 0.057281846465729175 0
1651917377014 0.06501632340848446 0
1651917389546 0.05906792369261384 0
1651917402346 0.05808705424483924 0
1651917415141 0.06874278207868338 0
1651917427615 0.07772050105631352 0
1651917440245 0.06274511048346758 0
1651917452885 0.03919148248285055 0
1651917465483 0.06657594900280238 0
1651917478143 0.048556006076023915 0
1651917490761 0.04370142600666441 0
1651917503158 0.049860784438624975 0
1651917515637 0.05921851537525654 0
1651917528324 0.1549555544704199 0
1651917540986 0.05341237395256758 0
1651917553499 0.043193498860299585 0
1651917566182 0.03838033818379045 0
1651917591088 0.8644653982162476 0
1651917604666 0.6358192985057831 0
1651917618105 0.5268845660209656 0
1651917631447 0.4614331640720367 0
1651917644651 0.38773964762687685 0
1651917658030 0.3451155787408352 0
1651917671384 0.29873428750038145 0
1651917684738 0.28455113759040834 0
1651917698038 0.2373679455757141 0
1651917711295 0.20041669788360594 0
1651917724540 0.151137214458175 0
1651917737826 0.11394265520125628 0
1651917751246 0.11183701829761267 0
1651917764624 0.10519460834488273 0
1651917777987 0.08268674575090408 0
1651917791476 0.18198921895995737 0
1651917804944 0.13358694498529658 0
1651917818222 0.0763194505110383 0
1651917831543 0.07196866720691324 0
1651917844893 0.09184601266384125 0
1651917858514 0.09102141212224961 0
1651917871911 0.06702479645907879 0
1651917885468 0.051070942575857044 0
1651917899032 0.06084527179002762 0
1651917912488 0.059510784578323365 0
1651917926095 0.06203818640736863 0
1651917939413 0.044561919552087784 0
1651917952755 0.08675831494927407 0
1651917966059 0.07285620206464082 0
1651917979432 0.04049153218269348 0
1651917992718 0.03174583985209465 0
1651918006255 0.031047859274595975 0
1651918019636 0.05570394419161603 0
1651918032862 0.04308983851233497 0
1651918046334 0.05697142404948827 0
1651918059620 0.03664225432127714 0
1651918073157 0.03570044118613005 0
1651918086335 0.04121185074150562 0
1651918099753 0.07113121369034052 0
1651918113075 0.050875702393054965 0
1651918126300 0.022994880145206117 0
1651918139608 0.03774166505442699 0
1651918153029 0.040331247890740635 0
1651918166897 0.03456786524747731 0
1651918180271 0.03307941118133022 0
1651918193413 0.04332596942959353 0
1651918206945 0.040393897499889135 0
1651918220219 0.03220724171508919 0
1651918233699 0.032895676812995225 0
1651918247120 0.03388885664846748 0
1651918274854 0.7376495298147202 0
1651918289000 0.4391295838356018 0
1651918302978 0.36375777530670167 0
1651918317183 0.2935447684288025 0
1651918331260 0.23384577271938323 0
1651918345346 0.19193988299369813 0
1651918359365 0.16021915471293033 0
1651918373475 0.1521882773697376 0
1651918387550 0.11429106746166945 0
1651918401594 0.1208826487660408 0
1651918415679 0.1087016076207161 0
1651918429731 0.10306733272075654 0
1651918443740 0.16343221433162688 0
1651918458049 0.0848093118429184 0
1651918471871 0.1025560939192772 0
1651918485937 0.0979499914124608 0
1651918499794 0.039603912573307753 0
1651918513919 0.06423966286331415 0
1651918528006 0.05077165396492928 0
1651918542162 0.05374203592836857 0
1651918556319 0.04866365909874439 0
1651918570209 0.054633829407021405 0
1651918584322 0.030206284168176355 0
1651918598422 0.05203778339950368 0
1651918612711 0.04186911342591047 0
1651918626721 0.04409815443400294 0
1651918640763 0.030576190036977643 0
1651918654957 0.021941234029328915 0
1651918668936 0.028551632331311704 0
1651918683364 0.027688363827951253 0
1651918697239 0.0346246886359062 0
1651918711452 0.02530269666723907 0
1651918725706 0.025210796845704316 0
1651918739790 0.015829251420107538 0
1651918753856 0.040327945558167995 0
1651918768065 0.032907622133195404 0
1651918782010 0.028787333460641093 0
1651918796088 0.048437655740091574 0
1651918810057 0.031749853194877505 0
1651918824101 0.03765435461290181 0
1651918838196 0.04267646232694387 0
1651918852238 0.03860403584260493 0
1651918866370 0.02770873702818062 0
1651918880310 0.026544839164987205 0
1651918894529 0.016034560079628137 0
1651918908754 0.02814325322075165 0
1651918922873 0.05242082480415702 0
1651918937046 0.02720431995615363 0
1651918951020 0.019631909742869904 0
1651918965410 0.022489154903776943 0
1651918995926 0.9059113716125489 0
1651919010786 0.6364516315460205 0
1651919025940 0.5435878316879272 0
1651919040758 0.44112035648822784 0
1651919055469 0.37023072556257247 0
1651919070081 0.2872324227809906 0
1651919085031 0.2824963605642319 0
1651919099899 0.2785832498550415 0
1651919114670 0.2680609670639038 0
1651919129317 0.189164197409153 0
1651919144124 0.15313800827264787 0
1651919159072 0.1495703102171421 0
1651919174164 0.14703346281051635 0
1651919189015 0.13024653772711753 0
1651919203895 0.08834805541634559 0
1651919218742 0.11496240639984608 0
1651919233566 0.11631796604990959 0
1651919248260 0.10448000155091286 0
1651919262960 0.07009877910912037 0
1651919277719 0.06503726581335068 0
1651919292615 0.10422419278174638 0
1651919307619 0.06505134955197572 0
1651919322473 0.07427822882533074 0
1651919337151 0.06707437139078974 0
1651919351761 0.0781570245936513 0
1651919366370 0.07122914069890976 0
1651919381110 0.06412010285556316 0
1651919395891 0.06065639226581552 0
1651919410655 0.05284115077374736 0
1651919425406 0.06433714087158442 0
1651919440104 0.048420514497160914 0
1651919455096 0.041415743984282015 0
1651919469980 0.03114338483287902 0
1651919484836 0.059287603332847355 0
1651919499623 0.04677293852493167 0
1651919514584 0.06533242462128401 0
1651919529413 0.09193508251905441 0
1651919544194 0.05333220795318484 0
1651919559222 0.043654152124002574 0
1651919574268 0.031223498423025013 0
1651919589329 0.03666289405673742 0
1651919604361 0.047993348850705664 0
1651919619304 0.02500810854351148 0
1651919634212 0.044349319167414795 0
1651919649090 0.04152475041714497 0
1651919663822 0.044066830385103825 0
1651919678408 0.044121274230629205 0
1651919693307 0.02978899344690144 0
1651919708263 0.04459321115044877 0
1651919722891 0.048393902101367715 0
1651919756295 1.0634535017013549 0
1651919772156 0.7272703886032105 0
1651919787770 0.637665230178833 0
1651919803362 0.5483793531417847 0
1651919818871 0.46107131633758547 0
1651919834715 0.48984949629306795 0
1651919850239 0.3483017262458801 0
1651919865600 0.32323819789886477 0
1651919881148 0.27288375725746156 0
1651919896821 0.3179268455982208 0
1651919912447 0.18199253199845553 0
1651919927929 0.17285192245841027 0
1651919943358 0.1656758043885231 0
1651919958885 0.12772875020504 0
1651919974367 0.10537729408740998 0
1651919989870 0.10662025618553161 0
1651920005516 0.11853503439128399 0
1651920021055 0.11644141516536474 0
1651920036671 0.1073073083281517 0
1651920052266 0.14317682188749314 0
1651920067738 0.15171236221790313 0
1651920083286 0.12644990678206086 0
1651920098863 0.08545978844165802 0
1651920114626 0.10821428062915801 0
1651920130376 0.067071960952878 0
1651920146117 0.06687378326072357 0
1651920161952 0.06561552022695541 0
1651920177669 0.0383567275762558 0
1651920193191 0.09324022145122289 0
1651920208643 0.05930937432646751 0
1651920224285 0.04930740296244621 0
1651920239889 0.06040817514359951 0
1651920255408 0.0638484988618875 0
1651920271105 0.05227051001489162 0
1651920286898 0.04151994506120682 0
1651920302621 0.056680917039932686 0
1651920317999 0.04759885226339102 0
1651920333499 0.12474034045040608 0
1651920348965 0.056072093576192854 0
1651920364418 0.04617376562943682 0
1651920379946 0.04553141044676304 0
1651920395520 0.058318446470797064 0
1651920411230 0.11512177764046937 0
1651920426808 0.04524482961222529 0
1651920442387 0.04738810811561998 0
1651920458024 0.05248886984921992 0
1651920473556 0.07906377179228584 0
1651920488899 0.03971103686783463 0
1651920504317 0.026224912889301778 0
1651920519765 0.027032263165526094 0
1651920556446 0.8897844929695129 0
1651920572672 0.5325857290744781 0
1651920588936 0.4293010200023651 0
1651920605148 0.33209892253875734 0
1651920621720 0.27198051414489743 0
1651920637904 0.28810923917293546 0
1651920654209 0.19229870326519014 0
1651920670497 0.195506274831295 0
1651920687159 0.1573055024385452 0
1651920703607 0.129334046292305 0
1651920720021 0.21287434675693512 0
1651920736325 0.12977125156819821 0
1651920752508 0.08256120642721652 0
1651920768705 0.08923607334792615 0
1651920785198 0.09666397331953049 0
1651920801390 0.10559293954521418 0
1651920817692 0.0811247034907341 0
1651920834042 0.0573465431641438 0
1651920850354 0.06316957428455353 0
1651920866512 0.06036838749898597 0
1651920882900 0.05349474366605282 0
1651920899313 0.06273576990962028 0
1651920915737 0.04521501542255282 0
1651920931895 0.040186362148821354 0
1651920948205 0.02755801857076585 0
1651920964416 0.04208642071696813 0
1651920980787 0.05425705562460062 0
1651920997132 0.05722778960615397 0
1651921013452 0.03940562142655253 0
1651921029795 0.04164365280866623 0
1651921045853 0.0405087962102145 0
1651921062138 0.05758513342961669 0
1651921078395 0.027053345488384367 0
1651921094803 0.0379768579185009 0
1651921111058 0.06545306611508131 0
1651921127369 0.04864901982694864 0
1651921143510 0.03474142454098328 0
1651921159953 0.02995174020000559 0
1651921176358 0.03615459173452109 0
1651921192803 0.04438321342302952 0
1651921209115 0.040015580229833723 0
1651921225493 0.031675494328141214 0
1651921241867 0.019477866990209442 0
1651921258247 0.018500458449311554 0
1651921274716 0.040487345810979604 0
1651921291198 0.04302692202143371 0
1651921307329 0.03486930985897779 0
1651921323311 0.032456202625809234 0
1651921339386 0.03495885562449694 0
1651921355684 0.04297285923175514 0
1651921395493 0.9143673091888428 0
1651921412493 0.613056658744812 0
1651921429381 0.5293732447624206 0
1651921446513 0.398614098072052 0
1651921463496 0.4198507918357849 0
1651921480422 0.3312894711256027 0
1651921497520 0.26171315295696257 0
1651921514611 0.22397199207246304 0
1651921531655 0.1716334853231907 0
1651921548747 0.1768984752357006 0
1651921565922 0.14301655907034874 0
1651921582758 0.12562299213409422 0
1651921599728 0.11287456963062287 0
1651921616748 0.10470648776292801 0
1651921633725 0.11876140357255936 0
1651921650848 0.10340636101961136 0
1651921667635 0.09762337839342654 0
1651921684684 0.06580442716777325 0
1651921701532 0.07561758419126272 0
1651921718494 0.09853283690810204 0
1651921735520 0.17214439870514908 0
1651921752463 0.06823637672960758 0
1651921769574 0.055801876121759415 0
1651921786335 0.032899451024085286 0
1651921803705 0.02844226879189373 0
1651921820866 0.03913944044224918 0
1651921837809 0.060712099292874334 0
1651921854943 0.041288879157975314 0
1651921872100 0.06396301931738853 0
1651921889270 0.04464613235089928 0
1651921906211 0.03894080047938624 0
1651921923322 0.03503338173031807 0
1651921940376 0.046054296148568395 0
1651921957478 0.07988511164328084 0
1651921974303 0.0677574423007667 0
1651921991487 0.026204774057865143 0
1651922008569 0.031128643681667744 0
1651922025391 0.03558363893330097 0
1651922042713 0.058518687836825845 0
1651922059986 0.05879937737584114 0
1651922077098 0.04499952511265874 0
1651922094133 0.030579088773578407 0
1651922111280 0.024173107660748063 0
1651922128402 0.03624989790410036 0
1651922145629 0.02308827512944117 0
1651922162862 0.028223542221434764 0
1651922179797 0.03459386815261096 0
1651922196990 0.05428138646781445 0
1651922213948 0.03990104731433094 0
1651922231087 0.020857326416671276 0
1651922274209 1.1078376908302308 0
1651922291960 0.7975588565826416 0
1651922309960 0.7201395812034607 0
1651922327769 0.5725395848035812 0
1651922345559 0.484442180763185 0
1651922363483 0.46873267422914505 0
1651922381321 0.39360129470825195 0
1651922398972 0.3849907353401184 0
1651922416856 0.3292993271827698 0
1651922434634 0.31688009358644487 0
1651922452639 0.24300564558506013 0
1651922470499 0.19256027700304984 0
1651922488082 0.20763990178108216 0
1651922505777 0.16387228552997113 0
1651922523458 0.14263703939914704 0
1651922541422 0.1380023075580597 0
1651922559366 0.11415837881565094 0
1651922577330 0.09669147101715207 0
1651922595053 0.12589113024547696 0
1651922613007 0.09857369284629822 0
1651922630918 0.11356941572427749 0
1651922648746 0.14153459351062775 0
1651922666737 0.07568408340513706 0
1651922684481 0.07542663927078247 0
1651922702293 0.09612134425686672 0
1651922719991 0.0562229417681694 0
1651922737818 0.11950742103531957 0
1651922755735 0.07503289477601648 0
1651922773788 0.06009492115974426 0
1651922791686 0.1364032337016426 0
1651922809387 0.06335810935226618 0
1651922827257 0.044861415783455594 0
1651922844973 0.02943921217918396 0
1651922862811 0.03368937504738569 0
1651922880850 0.05769148712903261 0
1651922898668 0.08146896597594022 0
1651922916675 0.06994530502539129 0
1651922934636 0.06886502755135297 0
1651922952527 0.04645216005462571 0
1651922970711 0.0538028723180294 0
1651922988989 0.05984031134014949 0
1651923007039 0.047427366119489306 0
1651923025071 0.048811498981714246 0
1651923043061 0.043812123088166115 0
1651923060869 0.02913488639742136 0
1651923078833 0.04377483920678497 0
1651923096802 0.0403237072378397 0
1651923114809 0.06051021497455658 0
1651923132714 0.04536102948114276 0
1651923150684 0.047014574400824495 0
1651923197294 0.7242211995124817 0
1651923216046 0.4502435383796692 0
1651923234925 0.3778185832977295 0
1651923253436 0.24660289147496223 0
1651923271946 0.250893057012558 0
1651923290689 0.28146347420215606 0
1651923309342 0.13655899084210396 0
1651923328088 0.14680662253797055 0
1651923346541 0.12454189234972 0
1651923365172 0.07999089304804802 0
1651923383815 0.08954526599645615 0
1651923402502 0.06503574843406677 0
1651923421016 0.11307902677059174 0
1651923439645 0.108888434445858 0
1651923458106 0.08304841601848602 0
1651923476734 0.08845398508906364 0
1651923495283 0.06695410764217377 0
1651923514080 0.05951464788587764 0
1651923532699 0.022320243606530128 0
1651923551168 0.0382056813839823 0
1651923569929 0.03753196750478819 0
1651923588500 0.03479833045229316 0
1651923607267 0.0506044299274683 0
1651923625829 0.04653790152455913 0
1651923644592 0.03995456185415387 0
1651923663226 0.03701681404337287 0
1651923681753 0.06553028532713652 0
1651923700578 0.03445418371707201 0
1651923719086 0.05335444702021778 0
1651923737633 0.1543569243617356 0
1651923756363 0.04387654601477552 0
1651923774891 0.029804648002586327 0
1651923793385 0.014960376345179976 0
1651923811990 0.023939689044468106 0
1651923830469 0.022811619377194437 0
1651923849178 0.030312956783728442 0
1651923867753 0.029297827597334982 0
1651923886292 0.03271046411279822 0
1651923904668 0.0323811681592837 0
1651923922984 0.01659410823213402 0
1651923941787 0.010478511230531149 0
1651923960535 0.01699469973941159 0
1651923978979 0.017663479372859 0
1651923997689 0.04213219472328201 0
1651924016219 0.04696066182726063 0
1651924034691 0.024175492316205055 0
1651924053244 0.015929273029835895 0
1651924071994 0.037863282096292826 0
1651924090500 0.02485440863787662 0
1651924108978 0.022809682227407757 0
