1651912425266 0.4036 0
1651912428751 0.622 0
1651912432210 0.7072 0
1651912435659 0.7456 0
1651912439143 0.7692 0
1651912442672 0.8048 0
1651912446152 0.806 0
1651912449727 0.7688 0
1651912453311 0.8356 0
1651912456737 0.8596 0
1651912460353 0.8648 0
1651912463954 0.8884 0
1651912467598 0.8864 0
1651912471405 0.908 0
1651912475242 0.9072 0
1651912478849 0.92 0
1651912482549 0.9248 0
1651912486280 0.9132 0
1651912490024 0.9384 0
1651912493907 0.9476 0
1651912497605 0.8808 0
1651912501314 0.9416 0
1651912505077 0.9528 0
1651912508872 0.9476 0
1651912512642 0.9556 0
1651912516322 0.9704 0
1651912520073 0.9568 0
1651912523879 0.9592 0
1651912527617 0.9608 0
1651912531346 0.958 0
1651912535117 0.9652 0
1651912538799 0.948 0
1651912542600 0.9732 0
1651912546329 0.9772 0
1651912549911 0.9596 0
1651912553545 0.9556 0
1651912557267 0.9884 0
1651912561119 0.9796 0
1651912564928 0.9828 0
1651912568670 0.98 0
1651912572350 0.9724 0
1651912576160 0.9716 0
1651912579686 0.96 0
1651912583403 0.9744 0
1651912587012 0.9744 0
1651912590716 0.9748 0
1651912594567 0.9792 0
1651912598268 0.988 0
1651912601885 0.9744 0
1651912605618 0.9768 0
1651912611207 0.528 0
1651912616463 0.672 0
1651912621645 0.734 0
1651912626923 0.7736 0
1651912632219 0.8 0
1651912637375 0.8396 0
1651912642775 0.8568 0
1651912648049 0.8804 0
1651912653421 0.8928 0
1651912658816 0.9068 0
1651912664093 0.9236 0
1651912669512 0.9156 0
1651912674954 0.9312 0
1651912680550 0.9276 0
1651912686014 0.9416 0
1651912691493 0.9592 0
1651912696832 0.9516 0
1651912702134 0.9512 0
1651912707580 0.952 0
1651912713097 0.9596 0
1651912718534 0.9724 0
1651912723808 0.9672 0
1651912729285 0.9612 0
1651912734961 0.964 0
1651912740381 0.978 0
1651912745772 0.948 0
1651912751104 0.9688 0
1651912756490 0.9676 0
1651912761933 0.972 0
1651912767341 0.9796 0
1651912772671 0.9772 0
1651912778213 0.978 0
1651912783686 0.9668 0
1651912789074 0.9808 0
1651912794482 0.9808 0
1651912799774 0.978 0
1651912805152 0.9824 0
1651912810507 0.98 0
1651912815820 0.9836 0
1651912821202 0.984 0
1651912826400 0.9804 0
1651912831638 0.9844 0
1651912836958 0.952 0
1651912842259 0.9624 0
1651912847605 0.9816 0
1651912852775 0.984 0
1651912858069 0.9784 0
1651912863295 0.9752 0
1651912868706 0.9784 0
1651912873947 0.9852 0
1651912880465 0.6088 0
1651912886307 0.7316 0
1651912892149 0.7672 0
1651912898016 0.8284 0
1651912904012 0.84 0
1651912910016 0.8728 0
1651912915963 0.8892 0
1651912921842 0.8908 0
1651912927724 0.9188 0
1651912933627 0.9284 0
1651912939579 0.9396 0
1651912945608 0.9564 0
1651912951602 0.9616 0
1651912957519 0.9512 0
1651912963375 0.9456 0
1651912969370 0.972 0
1651912975274 0.9492 0
1651912981197 0.9716 0
1651912987136 0.9564 0
1651912992975 0.962 0
1651912998831 0.9712 0
1651913004513 0.978 0
1651913010699 0.9732 0
1651913016550 0.9792 0
1651913022553 0.9676 0
1651913028513 0.9716 0
1651913034607 0.974 0
1651913040656 0.9808 0
1651913046652 0.972 0
1651913052647 0.9844 0
1651913058579 0.9876 0
1651913064608 0.9796 0
1651913070592 0.9844 0
1651913076355 0.9876 0
1651913082252 0.9812 0
1651913088217 0.9684 0
1651913094030 0.9556 0
1651913099868 0.97 0
1651913106186 0.974 0
1651913112152 0.9848 0
1651913118260 0.9848 0
1651913124298 0.9932 0
1651913130142 0.986 0
1651913136036 0.9872 0
1651913142019 0.988 0
1651913147813 0.9816 0
1651913153682 0.9876 0
1651913159733 0.9916 0
1651913165605 0.982 0
1651913171754 0.9792 0
1651913179474 0.658 0
1651913185872 0.8352 0
1651913192463 0.8588 0
1651913199154 0.8916 0
1651913205804 0.9116 0
1651913212528 0.9176 0
1651913219173 0.9416 0
1651913225812 0.9312 0
1651913232548 0.9464 0
1651913239157 0.9516 0
1651913245898 0.9516 0
1651913252594 0.9388 0
1651913259156 0.9736 0
1651913265861 0.9696 0
1651913272388 0.9764 0
1651913278909 0.9788 0
1651913285623 0.978 0
1651913292373 0.9768 0
1651913299149 0.9816 0
1651913305895 0.9772 0
1651913312506 0.9796 0
1651913319126 0.9836 0
1651913325948 0.9856 0
1651913332703 0.9868 0
1651913339375 0.9808 0
1651913345975 0.9848 0
1651913352625 0.9868 0
1651913359196 0.986 0
1651913365839 0.9884 0
1651913372622 0.984 0
1651913379634 0.9864 0
1651913386388 0.9888 0
1651913393240 0.9868 0
1651913399908 0.9804 0
1651913406658 0.9872 0
1651913413507 0.9884 0
1651913420109 0.9872 0
1651913426770 0.9596 0
1651913433673 0.9756 0
1651913440306 0.982 0
1651913447081 0.9876 0
1651913453938 0.9924 0
1651913460652 0.9908 0
1651913467391 0.9964 0
1651913473989 0.9948 0
1651913480736 0.9912 0
1651913487398 0.9908 0
1651913494207 0.988 0
1651913500929 0.9884 0
1651913507891 0.9744 0
1651913517161 0.7048 0
1651913524430 0.838 0
1651913532006 0.8812 0
1651913539537 0.8696 0
1651913546968 0.9112 0
1651913554235 0.9244 0
1651913561658 0.9468 0
1651913569009 0.9576 0
1651913576507 0.9608 0
1651913583926 0.9536 0
1651913591587 0.9568 0
1651913599112 0.9664 0
1651913606657 0.9724 0
1651913614471 0.9544 0
1651913621851 0.9692 0
1651913629347 0.9716 0
1651913636966 0.976 0
1651913644352 0.9864 0
1651913652040 0.9868 0
1651913659575 0.9824 0
1651913666878 0.9836 0
1651913674495 0.9836 0
1651913681866 0.9872 0
1651913689257 0.9888 0
1651913696857 0.988 0
1651913704601 0.9848 0
1651913712117 0.982 0
1651913719654 0.9812 0
1651913727141 0.9896 0
1651913734479 0.9888 0
1651913741694 0.9872 0
1651913749294 0.9764 0
1651913756793 0.986 0
1651913764197 0.984 0
1651913771832 0.9888 0
1651913779293 0.9864 0
1651913786434 0.9892 0
1651913793881 0.9804 0
1651913801399 0.9844 0
1651913808749 0.9864 0
1651913816129 0.9676 0
1651913823570 0.9788 0
1651913831312 0.9788 0
1651913838818 0.9848 0
1651913846240 0.9948 0
1651913853727 0.9856 0
1651913861230 0.9948 0
1651913868626 0.9948 0
1651913876306 0.9924 0
1651913883686 0.994 0
1651913894459 0.6816 0
1651913902607 0.8088 0
1651913910853 0.8612 0
1651913918785 0.8612 0
1651913927069 0.8988 0
1651913935318 0.9188 0
1651913943509 0.9276 0
1651913951761 0.9356 0
1651913960079 0.9392 0
1651913968148 0.9524 0
1651913976604 0.946 0
1651913984910 0.9664 0
1651913993288 0.95 0
1651914001406 0.9484 0
1651914009485 0.9768 0
1651914017640 0.9704 0
1651914025804 0.9668 0
1651914033968 0.98 0
1651914042060 0.9776 0
1651914050192 0.9704 0
1651914058381 0.9836 0
1651914066750 0.9808 0
1651914074995 0.9884 0
1651914083268 0.9892 0
1651914091604 0.9776 0
1651914099617 0.9844 0
1651914107794 0.9892 0
1651914115976 0.9828 0
1651914124171 0.9908 0
1651914132382 0.9896 0
1651914140643 0.9768 0
1651914148952 0.9804 0
1651914157136 0.9892 0
1651914165179 0.9876 0
1651914173339 0.9884 0
1651914181418 0.9768 0
1651914189583 0.9792 0
1651914197838 0.988 0
1651914205847 0.9876 0
1651914214162 0.9928 0
1651914222348 0.9924 0
1651914230308 0.9924 0
1651914238486 0.994 0
1651914246754 0.984 0
1651914255038 0.9756 0
1651914263221 0.9784 0
1651914271507 0.976 0
1651914279605 0.9796 0
1651914287797 0.9836 0
1651914295969 0.9892 0
1651914308211 0.5172 0
1651914316996 0.6596 0
1651914325905 0.7236 0
1651914334931 0.7264 0
1651914343542 0.7964 0
1651914352513 0.8196 0
1651914361470 0.838 0
1651914370356 0.8708 0
1651914379529 0.86 0
1651914388538 0.9048 0
1651914397484 0.9176 0
1651914406289 0.9344 0
1651914415217 0.9272 0
1651914424154 0.946 0
1651914433088 0.9388 0
1651914442032 0.9428 0
1651914451010 0.956 0
1651914459940 0.924 0
1651914469048 0.9648 0
1651914478031 0.956 0
1651914486931 0.9536 0
1651914495932 0.976 0
1651914504633 0.972 0
1651914513528 0.9832 0
1651914522308 0.9724 0
1651914531251 0.9668 0
1651914540286 0.97 0
1651914549013 0.9696 0
1651914557887 0.9704 0
1651914566833 0.9652 0
1651914575764 0.972 0
1651914584646 0.9712 0
1651914593346 0.962 0
1651914602239 0.986 0
1651914611153 0.9848 0
1651914619989 0.9856 0
1651914628812 0.9756 0
1651914637494 0.9792 0
1651914646574 0.9788 0
1651914655518 0.9816 0
1651914664431 0.9804 0
1651914673300 0.982 0
1651914682241 0.9804 0
1651914691237 0.9756 0
1651914700113 0.9796 0
1651914709147 0.9776 0
1651914718161 0.978 0
1651914727047 0.9732 0
1651914736169 0.9792 0
1651914745040 0.9876 0
1651914759327 0.524 0
1651914769051 0.6428 0
1651914778938 0.7328 0
1651914788613 0.7796 0
1651914798158 0.7952 0
1651914807902 0.8384 0
1651914817440 0.8644 0
1651914827126 0.8876 0
1651914836884 0.8908 0
1651914846645 0.8908 0
1651914856217 0.8964 0
1651914865879 0.9192 0
1651914875668 0.9124 0
1651914885111 0.9432 0
1651914894832 0.9596 0
1651914904422 0.9368 0
1651914914262 0.9516 0
1651914923815 0.9524 0
1651914933369 0.9632 0
1651914943079 0.9436 0
1651914952667 0.9696 0
1651914962394 0.9684 0
1651914971913 0.97 0
1651914981706 0.9452 0
1651914991442 0.9692 0
1651915001025 0.972 0
1651915010638 0.954 0
1651915020388 0.9672 0
1651915030070 0.9768 0
1651915039783 0.984 0
1651915049510 0.9764 0
1651915059138 0.9796 0
1651915068627 0.9812 0
1651915078288 0.98 0
1651915087933 0.9728 0
1651915097602 0.978 0
1651915107067 0.9912 0
1651915116670 0.9824 0
1651915126217 0.9852 0
1651915135711 0.9824 0
1651915145272 0.9748 0
1651915154706 0.9544 0
1651915164451 0.9644 0
1651915174037 0.9684 0
1651915183714 0.9792 0
1651915193457 0.9856 0
1651915203046 0.9784 0
1651915212808 0.9856 0
1651915222538 0.9912 0
1651915232112 0.9896 0
1651915248105 0.6192 0
1651915258621 0.7732 0
1651915269021 0.8192 0
1651915279457 0.8524 0
1651915289951 0.878 0
1651915300355 0.8864 0
1651915310644 0.908 0
1651915321017 0.9236 0
1651915331380 0.9372 0
1651915341727 0.9408 0
1651915352242 0.9436 0
1651915362616 0.9416 0
1651915372927 0.9628 0
1651915383298 0.962 0
1651915393539 0.9744 0
1651915404134 0.9772 0
1651915414618 0.9664 0
1651915424945 0.9788 0
1651915435382 0.9808 0
1651915445677 0.9788 0
1651915456193 0.986 0
1651915466637 0.9832 0
1651915477001 0.9828 0
1651915487172 0.9736 0
1651915497864 0.962 0
1651915508361 0.9784 0
1651915518864 0.9804 0
1651915529153 0.9844 0
1651915539489 0.974 0
1651915549887 0.9872 0
1651915560237 0.9876 0
1651915570784 0.9764 0
1651915581140 0.984 0
1651915591427 0.9828 0
1651915601862 0.9908 0
1651915612318 0.9912 0
1651915622923 0.9828 0
1651915633277 0.978 0
1651915643862 0.9836 0
1651915654172 0.9816 0
1651915664648 0.9836 0
1651915674951 0.9924 0
1651915685128 0.9908 0
1651915695420 0.9932 0
1651915705711 0.9788 0
1651915715980 0.9852 0
1651915726586 0.9616 0
1651915736928 0.982 0
1651915747231 0.98 0
1651915757644 0.982 0
1651915775875 0.5448 0
1651915786892 0.6496 0
1651915798297 0.7076 0
1651915809531 0.73 0
1651915820680 0.7872 0
1651915831947 0.8036 0
1651915842735 0.8188 0
1651915853764 0.8392 0
1651915864782 0.8612 0
1651915875891 0.8864 0
1651915886920 0.8964 0
1651915898083 0.908 0
1651915909364 0.92 0
1651915920507 0.9388 0
1651915931699 0.9432 0
1651915942752 0.9364 0
1651915954203 0.9396 0
1651915965205 0.9356 0
1651915976262 0.9552 0
1651915987362 0.9608 0
1651915998413 0.966 0
1651916009502 0.9504 0
1651916020647 0.964 0
1651916031940 0.968 0
1651916043256 0.9684 0
1651916054340 0.9704 0
1651916065657 0.9752 0
1651916076932 0.9648 0
1651916087953 0.9764 0
1651916099121 0.9736 0
1651916110093 0.9708 0
1651916121145 0.9796 0
1651916132337 0.9788 0
1651916143702 0.9752 0
1651916154735 0.9792 0
1651916165874 0.9768 0
1651916176925 0.9616 0
1651916188028 0.9664 0
1651916199164 0.9736 0
1651916210231 0.9812 0
1651916221232 0.9776 0
1651916232441 0.9856 0
1651916243349 0.9836 0
1651916254501 0.9784 0
1651916265649 0.982 0
1651916276933 0.9852 0
1651916288328 0.982 0
1651916299326 0.966 0
1651916310414 0.976 0
1651916321495 0.9672 0
1651916341542 0.622 0
1651916353334 0.7388 0
1651916365208 0.7676 0
1651916376924 0.8276 0
1651916388860 0.8512 0
1651916400754 0.8592 0
1651916412570 0.868 0
1651916424398 0.8892 0
1651916436161 0.922 0
1651916448085 0.9244 0
1651916459962 0.938 0
1651916471874 0.934 0
1651916483683 0.9464 0
1651916495529 0.952 0
1651916507102 0.9616 0
1651916519025 0.9492 0
1651916530732 0.9684 0
1651916542527 0.9512 0
1651916554651 0.9752 0
1651916566562 0.972 0
1651916578597 0.9668 0
1651916590588 0.9716 0
1651916602427 0.982 0
1651916614202 0.9768 0
1651916626231 0.9656 0
1651916638178 0.9692 0
1651916649999 0.9744 0
1651916661801 0.9856 0
1651916673701 0.9784 0
1651916685246 0.9812 0
1651916696829 0.9776 0
1651916708624 0.9748 0
1651916720502 0.9868 0
1651916732294 0.9744 0
1651916744361 0.9812 0
1651916756235 0.9852 0
1651916768053 0.9868 0
1651916779834 0.9816 0
1651916791677 0.9832 0
1651916803532 0.9904 0
1651916815464 0.99 0
1651916827422 0.9692 0
1651916839329 0.982 0
1651916851147 0.9844 0
1651916863007 0.9876 0
1651916874951 0.9904 0
1651916886797 0.984 0
1651916898749 0.9864 0
1651916910686 0.9868 0
1651916922794 0.988 0
1651916945550 0.566 0
1651916958278 0.728 0
1651916971135 0.766 0
1651916983905 0.818 0
1651916996683 0.8296 0
1651917009328 0.8648 0
1651917022098 0.8444 0
1651917034975 0.894 0
1651917047743 0.9272 0
1651917060473 0.9024 0
1651917072819 0.9292 0
1651917085721 0.9396 0
1651917098314 0.9252 0
1651917110905 0.926 0
1651917123423 0.9528 0
1651917136299 0.9628 0
1651917148895 0.9692 0
1651917161637 0.9584 0
1651917174202 0.9636 0
1651917186806 0.9552 0
1651917199419 0.9648 0
1651917212256 0.9808 0
1651917225040 0.9744 0
1651917237685 0.976 0
1651917250201 0.9688 0
1651917262909 0.984 0
1651917275392 0.9788 0
1651917288254 0.9724 0
1651917301023 0.972 0
1651917313681 0.9792 0
1651917326295 0.9832 0
1651917338906 0.9904 0
1651917351707 0.988 0
1651917364352 0.9792 0
1651917377002 0.9768 0
1651917389529 0.984 0
1651917402333 0.9812 0
1651917415128 0.9744 0
1651917427587 0.9772 0
1651917440233 0.9764 0
1651917452870 0.986 0
1651917465467 0.9748 0
1651917478123 0.9824 0
1651917490748 0.9856 0
1651917503145 0.9804 0
1651917515622 0.9812 0
1651917528311 0.946 0
1651917540960 0.984 0
1651917553487 0.9856 0
1651917566168 0.9888 0
1651917591076 0.6684 0
1651917604654 0.766 0
1651917618090 0.7968 0
1651917631434 0.8264 0
1651917644628 0.8588 0
1651917658009 0.87 0
1651917671368 0.9028 0
1651917684725 0.8936 0
1651917698026 0.9164 0
1651917711275 0.928 0
1651917724527 0.9464 0
1651917737813 0.9636 0
1651917751220 0.9604 0
1651917764610 0.964 0
1651917777967 0.9704 0
1651917791445 0.9336 0
1651917804931 0.9532 0
1651917818203 0.9752 0
1651917831530 0.9748 0
1651917844880 0.97 0
1651917858494 0.972 0
1651917871898 0.9748 0
1651917885451 0.9828 0
1651917899016 0.98 0
1651917912474 0.9764 0
1651917926081 0.9776 0
1651917939399 0.9852 0
1651917952742 0.9716 0
1651917966046 0.974 0
1651917979420 0.9864 0
1651917992705 0.9876 0
1651918006242 0.9884 0
1651918019623 0.9804 0
1651918032841 0.9824 0
1651918046312 0.9808 0
1651918059607 0.988 0
1651918073142 0.9892 0
1651918086322 0.9848 0
1651918099740 0.974 0
1651918113060 0.9816 0
1651918126287 0.9912 0
1651918139594 0.9848 0
1651918153010 0.9892 0
1651918166883 0.9876 0
1651918180250 0.9912 0
1651918193399 0.9852 0
1651918206926 0.986 0
1651918220205 0.9888 0
1651918233685 0.9908 0
1651918247106 0.9884 0
1651918274832 0.7312 0
1651918288984 0.8408 0
1651918302950 0.8712 0
1651918317168 0.8884 0
1651918331245 0.9092 0
1651918345330 0.9348 0
1651918359345 0.94 0
1651918373458 0.9452 0
1651918387536 0.9632 0
1651918401580 0.9552 0
1651918415655 0.9624 0
1651918429717 0.9664 0
1651918443721 0.944 0
1651918458032 0.9724 0
1651918471853 0.9676 0
1651918485919 0.9672 0
1651918499778 0.9848 0
1651918513905 0.9716 0
1651918527985 0.9812 0
1651918542147 0.9788 0
1651918556294 0.982 0
1651918570195 0.9836 0
1651918584303 0.99 0
1651918598404 0.9848 0
1651918612697 0.9852 0
1651918626706 0.9864 0
1651918640749 0.9912 0
1651918654944 0.9928 0
1651918668916 0.9908 0
1651918683342 0.9896 0
1651918697221 0.9876 0
1651918711434 0.9908 0
1651918725677 0.9936 0
1651918739775 0.996 0
1651918753842 0.9872 0
1651918768051 0.9864 0
1651918781995 0.9908 0
1651918796074 0.9848 0
1651918810043 0.9896 0
1651918824087 0.986 0
1651918838180 0.9844 0
1651918852220 0.986 0
1651918866349 0.9904 0
1651918880297 0.9928 0
1651918894501 0.9956 0
1651918908741 0.992 0
1651918922859 0.984 0
1651918937032 0.9908 0
1651918951001 0.9936 0
1651918965387 0.9908 0
1651918995911 0.6532 0
1651919010771 0.7412 0
1651919025926 0.7912 0
1651919040743 0.8356 0
1651919055455 0.8676 0
1651919070062 0.8948 0
1651919085014 0.8992 0
1651919099885 0.8932 0
1651919114653 0.9044 0
1651919129303 0.9336 0
1651919144110 0.9508 0
1651919159053 0.9472 0
1651919174150 0.9452 0
1651919189001 0.9556 0
1651919203869 0.9672 0
1651919218726 0.9592 0
1651919233552 0.9576 0
1651919248243 0.9628 0
1651919262932 0.978 0
1651919277704 0.9772 0
1651919292599 0.9648 0
1651919307603 0.976 0
1651919322455 0.9732 0
1651919337136 0.9788 0
1651919351747 0.972 0
1651919366354 0.9724 0
1651919381096 0.9772 0
1651919395877 0.9768 0
1651919410633 0.9824 0
1651919425392 0.9776 0
1651919440084 0.9836 0
1651919455072 0.986 0
1651919469956 0.9888 0
1651919484822 0.9792 0
1651919499609 0.9852 0
1651919514570 0.9752 0
1651919529399 0.9664 0
1651919544167 0.9804 0
1651919559205 0.986 0
1651919574254 0.9896 0
1651919589308 0.9884 0
1651919604335 0.9832 0
1651919619282 0.9924 0
1651919634195 0.9848 0
1651919649074 0.9852 0
1651919663805 0.9864 0
1651919678382 0.984 0
1651919693292 0.9908 0
1651919708241 0.9868 0
1651919722877 0.9836 0
1651919756280 0.588 0
1651919772132 0.7308 0
1651919787747 0.7576 0
1651919803343 0.8056 0
1651919818851 0.8436 0
1651919834700 0.8188 0
1651919850218 0.876 0
1651919865586 0.8752 0
1651919881129 0.8992 0
1651919896806 0.892 0
1651919912432 0.9408 0
1651919927914 0.9432 0
1651919943344 0.944 0
1651919958868 0.9512 0
1651919974347 0.9644 0
1651919989855 0.96 0
1651920005499 0.9604 0
1651920021036 0.9588 0
1651920036644 0.9604 0
1651920052251 0.9496 0
1651920067719 0.946 0
1651920083257 0.9536 0
1651920098834 0.9692 0
1651920114612 0.9596 0
1651920130360 0.98 0
1651920146103 0.978 0
1651920161937 0.9804 0
1651920177654 0.9872 0
1651920193177 0.97 0
1651920208621 0.9772 0
1651920224261 0.9824 0
1651920239874 0.9796 0
1651920255394 0.976 0
1651920271084 0.9824 0
1651920286884 0.9848 0
1651920302606 0.98 0
1651920317976 0.9812 0
1651920333484 0.9604 0
1651920348936 0.9808 0
1651920364402 0.984 0
1651920379932 0.9852 0
1651920395505 0.9788 0
1651920411215 0.9624 0
1651920426785 0.9848 0
1651920442371 0.9832 0
1651920458002 0.9844 0
1651920473541 0.9756 0
1651920488873 0.9884 0
1651920504293 0.9896 0
1651920519750 0.9892 0
1651920556418 0.6688 0
1651920572657 0.8064 0
1651920588906 0.842 0
1651920605131 0.8856 0
1651920621693 0.9004 0
1651920637889 0.8936 0
1651920654193 0.9332 0
1651920670469 0.9252 0
1651920687144 0.9436 0
1651920703591 0.956 0
1651920720006 0.9252 0
1651920736309 0.9548 0
1651920752493 0.9712 0
1651920768682 0.9704 0
1651920785183 0.9684 0
1651920801374 0.9612 0
1651920817677 0.9712 0
1651920834013 0.9804 0
1651920850338 0.978 0
1651920866497 0.9788 0
1651920882881 0.9812 0
1651920899287 0.9824 0
1651920915722 0.9836 0
1651920931872 0.9856 0
1651920948180 0.9916 0
1651920964401 0.9864 0
1651920980771 0.9804 0
1651920997118 0.978 0
1651921013434 0.986 0
1651921029771 0.9872 0
1651921045838 0.988 0
1651921062123 0.9796 0
1651921078374 0.9908 0
1651921094787 0.986 0
1651921111043 0.9764 0
1651921127346 0.9848 0
1651921143491 0.9888 0
1651921159938 0.9892 0
1651921176343 0.9876 0
1651921192788 0.9828 0
1651921209099 0.9848 0
1651921225478 0.99 0
1651921241851 0.9936 0
1651921258224 0.994 0
1651921274695 0.9848 0
1651921291183 0.9848 0
1651921307306 0.9876 0
1651921323290 0.9892 0
1651921339369 0.9876 0
1651921355661 0.9852 0
1651921395475 0.6456 0
1651921412469 0.7684 0
1651921429359 0.802 0
1651921446497 0.866 0
1651921463477 0.8568 0
1651921480406 0.8832 0
1651921497504 0.908 0
1651921514596 0.924 0
1651921531637 0.942 0
1651921548730 0.936 0
1651921565906 0.9508 0
1651921582742 0.9596 0
1651921599713 0.9592 0
1651921616730 0.9644 0
1651921633709 0.9624 0
1651921650831 0.9664 0
1651921667620 0.962 0
1651921684669 0.9788 0
1651921701517 0.972 0
1651921718472 0.966 0
1651921735505 0.9372 0
1651921752446 0.9776 0
1651921769558 0.982 0
1651921786318 0.9868 0
1651921803690 0.9904 0
1651921820850 0.9864 0
1651921837784 0.9764 0
1651921854920 0.9876 0
1651921872076 0.9788 0
1651921889254 0.982 0
1651921906194 0.988 0
1651921923306 0.9876 0
1651921940356 0.9832 0
1651921957461 0.9704 0
1651921974283 0.9752 0
1651921991472 0.992 0
1651922008551 0.9908 0
1651922025374 0.9852 0
1651922042693 0.9808 0
1651922059966 0.9788 0
1651922077082 0.9856 0
1651922094114 0.99 0
1651922111259 0.9932 0
1651922128374 0.9872 0
1651922145613 0.992 0
1651922162846 0.9904 0
1651922179769 0.988 0
1651922196974 0.9824 0
1651922213932 0.9876 0
1651922231071 0.9932 0
1651922274182 0.5616 0
1651922291941 0.6996 0
1651922309943 0.7312 0
1651922327745 0.7856 0
1651922345531 0.82 0
1651922363457 0.8304 0
1651922381305 0.8628 0
1651922398953 0.8592 0
1651922416839 0.8824 0
1651922434618 0.8928 0
1651922452621 0.91 0
1651922470483 0.934 0
1651922488062 0.9276 0
1651922505748 0.9412 0
1651922523442 0.946 0
1651922541402 0.9496 0
1651922559330 0.9612 0
1651922577314 0.9688 0
1651922595027 0.9524 0
1651922612990 0.9648 0
1651922630902 0.9588 0
1651922648729 0.95 0
1651922666719 0.9752 0
1651922684464 0.9748 0
1651922702276 0.9672 0
1651922719975 0.982 0
1651922737800 0.9576 0
1651922755718 0.976 0
1651922773761 0.9804 0
1651922791670 0.9564 0
1651922809370 0.98 0
1651922827241 0.9864 0
1651922844957 0.9916 0
1651922862792 0.9892 0
1651922880829 0.9812 0
1651922898641 0.9724 0
1651922916658 0.9756 0
1651922934619 0.9748 0
1651922952510 0.9832 0
1651922970695 0.9808 0
1651922988973 0.9788 0
1651923007022 0.982 0
1651923025054 0.9852 0
1651923043045 0.9832 0
1651923060852 0.9896 0
1651923078817 0.9856 0
1651923096785 0.9868 0
1651923114793 0.9812 0
1651923132688 0.9856 0
1651923150668 0.9868 0
1651923197277 0.726 0
1651923216028 0.8336 0
1651923234895 0.8616 0
1651923253418 0.918 0
1651923271930 0.9108 0
1651923290669 0.9004 0
1651923309326 0.9536 0
1651923328071 0.946 0
1651923346521 0.9564 0
1651923365152 0.972 0
1651923383796 0.9668 0
1651923402475 0.98 0
1651923420999 0.9592 0
1651923439617 0.9628 0
1651923458089 0.9724 0
1651923476717 0.9688 0
1651923495266 0.9776 0
1651923514064 0.98 0
1651923532675 0.9948 0
1651923551152 0.9884 0
1651923569899 0.988 0
1651923588483 0.9884 0
1651923607247 0.984 0
1651923625812 0.9824 0
1651923644575 0.9856 0
1651923663200 0.9864 0
1651923681736 0.9792 0
1651923700554 0.99 0
1651923719069 0.98 0
1651923737616 0.9548 0
1651923756331 0.9856 0
1651923774874 0.9892 0
1651923793368 0.996 0
1651923811971 0.99 0
1651923830447 0.9932 0
1651923849153 0.9892 0
1651923867730 0.9908 0
1651923886272 0.9888 0
1651923904651 0.9888 0
1651923922966 0.9936 0
1651923941771 0.9956 0
1651923960518 0.9956 0
1651923978962 0.9924 0
1651923997672 0.9872 0
1651924016197 0.9848 0
1651924034674 0.9912 0
1651924053227 0.9944 0
1651924071968 0.9896 0
1651924090483 0.9948 0
1651924108943 0.9936 0
