1653196180847 2.3186092407226564 0
1653196185116 2.2801042297363283 0
1653196189363 2.2202447212219236 0
1653196193679 2.1617442306518555 0
1653196198146 2.112508160400391 0
1653196202507 2.0732470462799073 0
1653196206882 2.0226263343811035 0
1653196211363 1.9786176998138427 0
1653196215748 1.9229011901855468 0
1653196220074 1.8753441179275512 0
1653196225639 2.2454032119750975 0
1653196230962 2.074860309410095 0
1653196236393 1.9640348041534423 0
1653196241581 1.8820564418792725 0
1653196246829 1.8135184913635254 0
1653196252004 1.731581125640869 0
1653196257359 1.6606626811981202 0
1653196262601 1.588149061203003 0
1653196267889 1.5287700021743775 0
1653196273240 1.4545827842712402 0
1653196279381 2.244426865386963 0
1653196284715 2.053524146080017 0
1653196289982 1.8928842777252197 0
1653196295369 1.791268113708496 0
1653196300592 1.7101445686340333 0
1653196305892 1.6312592700958253 0
1653196311181 1.563669972229004 0
1653196316461 1.503041911506653 0
1653196321652 1.4257326543807984 0
1653196326936 1.3621832668304443 0
1653196333175 2.14638278465271 0
1653196338462 1.8755799476623536 0
1653196343765 1.6909466346740722 0
1653196348938 1.557252699279785 0
1653196354231 1.4409090873718262 0
1653196359552 1.3493048473358153 0
1653196364897 1.2700974367141724 0
1653196370055 1.2065594628334047 0
1653196375289 1.1361359024047852 0
1653196380622 1.0574630790710449 0
1653196387306 2.1133989078521727 0
1653196392628 1.8239344898223877 0
1653196397871 1.7118253486633301 0
1653196403362 1.639478636932373 0
1653196408655 1.5788650270462037 0
1653196413935 1.5027682716369628 0
1653196419334 1.4530236483573913 0
1653196424703 1.4016683389663696 0
1653196429972 1.3515809894561768 0
1653196435333 1.3025723266601563 0
