1641821422357 0.2397334701061249 0
1641821432271 0.10892768427729607 0
1641821442391 0.07712672030230364 0
1641821452902 0.056011365160842735 0
1641821463313 0.0432545528161029 0
1641821473067 0.03905758706852794 0
1641821483264 0.03503046416689952 0
1641821493674 0.02761057020140191 0
1641821503960 0.029842458005994558 0
1641821513735 0.021434178515461585 0
1641821523702 0.021566226521879433 0
1641821533664 0.02348976353202015 0
1641821543720 0.016790162383640807 0
1641821553728 0.01761170367295854 0
1641821563990 0.01730486114171023 0
1641821573988 0.01569006651919335 0
1641821584091 0.012362320539774372 0
1641821594530 0.012687772167598208 0
1641821605105 0.01338613680008178 0
1641821615251 0.010734754349539678 0
1641821629533 0.2344220876177152 0
1641821639410 0.10045128918190797 0
1641821649414 0.07129763150711854 0
1641821659442 0.052158425056437654 0
1641821670103 0.043609087763230005 0
1641821680430 0.035419205197195214 0
1641821690554 0.03177584805699686 0
1641821700666 0.030566570926085116 0
1641821710773 0.02272672339826822 0
1641821720926 0.022849632313847543 0
1641821730656 0.02082294035628438 0
1641821741379 0.021095235849544407 0
1641821751428 0.018186724517246088 0
1641821762140 0.017000485958562545 0
1641821772277 0.014912639324987927 0
1641821782169 0.014631064490050388 0
1641821792285 0.0146454690277266 0
1641821802323 0.01241818206468597 0
1641821812596 0.012089242978580297 0
1641821822421 0.01099390344719092 0
1641821839830 0.24038653150399525 0
1641821849620 0.10678671129544576 0
1641821860026 0.06847039918899536 0
1641821869638 0.05459835278093815 0
1641821880577 0.044272475418945155 0
1641821890334 0.03708631199734906 0
1641821900426 0.03039094605743885 0
1641821910688 0.028628440595045684 0
1641821921252 0.02619048856049776 0
1641821931063 0.022925655243297417 0
1641821941194 0.023755625322833658 0
1641821951774 0.018689284753923615 0
1641821961695 0.01942091700639576 0
1641821972223 0.014450011476812264 0
1641821982323 0.014434390557650476 0
1641821992708 0.018370609210121135 0
1641822002376 0.014947092111369905 0
1641822012056 0.012011315567791461 0
1641822022341 0.009968156884789156 0
1641822032968 0.015739913136558606 0
1641822055432 0.23800138188203177 0
1641822065717 0.10226310604612032 0
1641822075520 0.06984308786789577 0
1641822086622 0.05458708774149418 0
1641822096624 0.043159787920117376 0
1641822106374 0.038210062602162365 0
1641822116513 0.032054588173454 0
1641822126202 0.027812179406980674 0
1641822135931 0.024958092401425044 0
1641822145856 0.022444279411062598 0
1641822156261 0.02246247700775663 0
1641822166429 0.01793261797549203 0
1641822176286 0.015479388452041894 0
1641822186106 0.02032061275417606 0
1641822196538 0.014716439213727912 0
1641822206647 0.01249007781452189 0
1641822216400 0.017296835758909584 0
1641822226814 0.010881688239673773 0
1641822236915 0.014053809682931752 0
1641822247159 0.010672148866439237 0
1641822273975 0.22838047908147177 0
1641822283870 0.10144636942744255 0
1641822293987 0.0680834651341041 0
1641822303858 0.052426192922890184 0
1641822314077 0.04245387972344955 0
1641822323957 0.036695979807525876 0
1641822333878 0.03129989805084964 0
1641822343774 0.02662905792972694 0
1641822353723 0.023798931109905243 0
1641822363820 0.020854636910061043 0
1641822374779 0.021742831628676504 0
1641822384830 0.016311747419430565 0
1641822394633 0.022661308179795742 0
1641822404885 0.017320536289736628 0
1641822415225 0.015369905237449953 0
1641822425259 0.015267655737589423 0
1641822435677 0.014171713760091612 0
1641822445990 0.00929139071200043 0
1641822456456 0.011862616911064834 0
1641822466279 0.011998393002928546 0
1641822498198 0.235948444545269 0
1641822508626 0.10543110821644465 0
1641822518362 0.07354182193279267 0
1641822528960 0.048686205562949184 0
1641822538912 0.0448975734308362 0
1641822549287 0.03643810422134896 0
1641822559499 0.030540052831421294 0
1641822569681 0.028484999513626097 0
1641822580016 0.02734460206416746 0
1641822590150 0.022348222096357496 0
1641822600434 0.022664049481600522 0
1641822610236 0.019002523802779614 0
1641822620395 0.017624335236940535 0
1641822630588 0.01706631873647372 0
1641822640579 0.013783285161697616 0
1641822651800 0.01734362409301102 0
1641822661514 0.013402850901754573 0
1641822671096 0.01588292326359078 0
1641822681346 0.010946645203077544 0
1641822691294 0.009620705485157668 0
1641822724698 0.23708489164908728 0
1641822734954 0.10347120213508607 0
1641822745577 0.07152952564458052 0
1641822756274 0.05539036791870992 0
1641822766103 0.04634161608070135 0
1641822776002 0.036166040831555925 0
1641822786126 0.03345489061549306 0
1641822797274 0.029674878213120003 0
1641822807479 0.024970844373852014 0
1641822818005 0.024173602181300522 0
1641822829324 0.02076259184591472 0
1641822840107 0.020182884539167088 0
1641822850274 0.019187515287753195 0
1641822860838 0.0184909037027508 0
1641822871515 0.013203544617071747 0
1641822881130 0.015937066600595913 0
1641822893138 0.014799085861444473 0
1641822904446 0.013098001703883831 0
1641822914221 0.013301325990787398 0
1641822924705 0.008978673772688489 0
1641822960927 0.2300457788467407 0
1641822971617 0.10058147747119268 0
1641822982182 0.06895013284385204 0
1641822992300 0.05383917774657408 0
1641823002843 0.04410085383728147 0
1641823013304 0.03692156759724021 0
1641823023581 0.029653085674345492 0
1641823033463 0.02820407598875463 0
1641823043576 0.025616860027362902 0
1641823053612 0.023609434175491332 0
1641823063487 0.02211006986554712 0
1641823074941 0.018763688463158904 0
1641823085136 0.01686413033530116 0
1641823095302 0.01744974643954386 0
1641823105271 0.015181766367827853 0
1641823115118 0.013196660521316031 0
1641823125376 0.012201638267127175 0
1641823135649 0.014182795862263689 0
1641823146320 0.012621732884148756 0
1641823156140 0.010368568658696798 0
1641823196063 0.23048332810401917 0
1641823206030 0.10281782294511795 0
1641823216276 0.06813095447222392 0
1641823225969 0.050743791145582993 0
1641823236329 0.04500770916988452 0
1641823246108 0.03306174042051037 0
1641823255964 0.033545482631524404 0
1641823266261 0.027596207964917022 0
1641823276777 0.025513132089935244 0
1641823287308 0.026654783834392827 0
1641823297665 0.018288605860589693 0
1641823307933 0.019077937638076643 0
1641823317645 0.018055824271403252 0
1641823327595 0.01647044370776663 0
1641823337411 0.01823078697777043 0
1641823347433 0.011449761945521459 0
1641823357819 0.013819244967245807 0
1641823367559 0.01397125568188106 0
1641823377766 0.012016180418152361 0
1641823387806 0.011319512942153961 0
1641823434624 0.23188268950780233 0
1641823444855 0.10534496613144874 0
1641823455212 0.0722491162776947 0
1641823465309 0.05134640694583456 0
1641823475282 0.045489470662673316 0
1641823485440 0.0368850026289622 0
1641823495366 0.03024761964480082 0
1641823505209 0.027042236212827267 0
1641823515243 0.025782920506224036 0
1641823525142 0.024431726999456685 0
1641823535238 0.02067514322269708 0
1641823545378 0.01654721523032834 0
1641823555196 0.023666456912178547 0
1641823565962 0.015481352096858124 0
1641823576039 0.012446962406183593 0
1641823585644 0.011461060923865686 0
1641823595808 0.017414484924202164 0
1641823605842 0.011790649953569906 0
1641823615749 0.015478001449443399 0
1641823625493 0.00936658495410035 0
1641823674308 0.23972223189671835 0
1641823684500 0.1047683679630359 0
1641823694595 0.07023049622575442 0
1641823705314 0.05535991049855948 0
1641823715273 0.041358862101535006 0
1641823725122 0.03827382218142351 0
1641823734971 0.030157028521349032 0
1641823745095 0.02918989397411545 0
1641823755313 0.02534677789056053 0
1641823765757 0.025677197835966944 0
1641823776188 0.017985773999243976 0
1641823786493 0.021257580205301444 0
1641823796214 0.015200698819973817 0
1641823806118 0.016807265333955487 0
1641823816305 0.017372782798452925 0
1641823826220 0.01481295956831115 0
1641823836104 0.014917818024273341 0
1641823846466 0.01091187867798532 0
1641823857247 0.01234987295656465 0
1641823867456 0.014769889312485854 0
1641823926648 0.23074987496534982 0
1641823939644 0.10637319461107254 0
1641823952991 0.06860242507855098 0
1641823966772 0.05531542012741168 0
1641823976675 0.04314170284320911 0
1641823986803 0.038100375794122614 0
1641823997630 0.031030322909230988 0
1641824007617 0.028207710730905333 0
1641824017562 0.02502350711375475 0
1641824027718 0.02368214704791705 0
1641824037648 0.019763165892815838 0
1641824047316 0.023302445291727782 0
1641824058081 0.01842992102817322 0
1641824068141 0.014147625778879349 0
1641824078095 0.014717657748733957 0
1641824087863 0.017191854408662766 0
1641824098065 0.010732240525198479 0
1641824108467 0.014513815286258856 0
1641824118666 0.012219831719901413 0
1641824128408 0.011054617829589794 0
1641824188119 0.23159198712110518 0
1641824198151 0.09993393186529477 0
1641824208362 0.0672405633320411 0
1641824218414 0.05211304944703976 0
1641824228457 0.04029697285840909 0
1641824238488 0.03455194433058301 0
1641824248366 0.032684838162114226 0
1641824258055 0.025610706037158766 0
1641824268109 0.026472890761494637 0
1641824278304 0.022214448566858967 0
1641824288268 0.021290670942763486 0
1641824298447 0.019985873577184975 0
1641824309225 0.015872345575566094 0
1641824319519 0.019903791988641024 0
1641824329454 0.014343718636532625 0
1641824339518 0.013692768779676408 0
1641824349995 0.014310131087992341 0
1641824360552 0.01255182936148097 0
1641824370880 0.010984053941676394 0
1641824381750 0.01136845949984466 0
1641824442109 0.23368850606679917 0
1641824452716 0.10355239698290825 0
1641824462703 0.06970344336132209 0
1641824472252 0.052523302292823794 0
1641824482930 0.042144085457921025 0
1641824495184 0.03680792576695482 0
1641824506685 0.030482361215601366 0
1641824516598 0.028416478785003224 0
1641824527760 0.024946916259949405 0
1641824537708 0.02369282812339564 0
1641824547610 0.018301346339595813 0
1641824557807 0.019033746187978734 0
1641824568386 0.020085114069220922 0
1641824578109 0.016602484738019604 0
1641824588113 0.014371872891113162 0
1641824598035 0.015790819041896612 0
1641824610696 0.014861569032942255 0
1641824620439 0.010151909438008443 0
1641824630370 0.011911789073375985 0
1641824640556 0.013378588060770805 0
1641824707073 0.23731266202529272 0
1641824717592 0.10167997366587321 0
1641824728042 0.06798572500546773 0
1641824738285 0.058190587576230364 0
1641824748650 0.041326669135689734 0
1641824758490 0.0389983765160044 0
1641824768788 0.03284905095572273 0
1641824779264 0.02835570176951587 0
1641824789400 0.02632820240817964 0
1641824799657 0.023449849232658745 0
1641824810424 0.023283810211966436 0
1641824820350 0.017493296109574535 0
1641824830366 0.01779934836231793 0
1641824840125 0.019526450125686823 0
1641824850189 0.014772998188218723 0
1641824860613 0.013441515374012912 0
1641824870744 0.013919741228750596 0
1641824880680 0.015020024684273327 0
1641824890786 0.010423788124478112 0
1641824900636 0.013559344216110185 0
1641824965215 0.23313519558906556 0
1641824975243 0.1040530068953832 0
1641824985019 0.06834933771590392 0
1641824994789 0.05269674922525883 0
1641825004704 0.042030395134041706 0
1641825014856 0.036782564157247545 0
1641825025183 0.03357288792009155 0
1641825035034 0.025094854912534357 0
1641825045346 0.025274322235956787 0
1641825055088 0.02246675100730111 0
1641825064800 0.02099937341225644 0
1641825074590 0.01907951323762536 0
1641825085024 0.017882310326754428 0
1641825095623 0.015337868603194754 0
1641825105158 0.017451136323281873 0
1641825115007 0.013448421786166728 0
1641825124974 0.015583770780389507 0
1641825135280 0.010150892600642206 0
1641825145002 0.012047143949149176 0
1641825155191 0.011193577409318338 0
1641825227838 0.22974678099155427 0
1641825237689 0.10212009463707605 0
1641825247810 0.0702691277295351 0
1641825258353 0.05456232315401236 0
1641825268640 0.04529532069911559 0
1641825278585 0.036418039585401615 0
1641825288676 0.031258273234218356 0
1641825299703 0.027964509876817464 0
1641825309950 0.026097034618010124 0
1641825320188 0.021641837818920612 0
1641825330157 0.021570081676356493 0
1641825340083 0.02018469492957617 0
1641825350234 0.01663153073778376 0
1641825360430 0.018888042569036284 0
1641825370359 0.01763195443271349 0
1641825380779 0.01066841718913056 0
1641825390559 0.01294358291857255 0
1641825401228 0.015705650572230417 0
1641825411182 0.01249355087649698 0
1641825421152 0.012462069447307537 0
1641825494929 0.23486796805063884 0
1641825505464 0.1003844002832969 0
1641825515642 0.06908403191467126 0
1641825525988 0.0562655322663486 0
1641825535734 0.042745796206593516 0
1641825545615 0.03374700741916895 0
1641825555577 0.035976220856358605 0
1641825565808 0.028129114205390215 0
1641825575789 0.023084375092511374 0
1641825586131 0.021422931663133204 0
1641825596108 0.020395368498315414 0
1641825606076 0.021908088110511502 0
1641825616117 0.015649687759423006 0
1641825625780 0.01713087526100377 0
1641825636008 0.0156798756373891 0
1641825646507 0.01410951379276812 0
1641825656759 0.012464182849011074 0
1641825666625 0.013325219300078848 0
1641825676917 0.01208900890929314 0
1641825686611 0.013402639172117536 0
1641825765152 0.23913452261288962 0
1641825775007 0.10109950911998748 0
1641825785301 0.06874472765823206 0
1641825795433 0.05423577531973521 0
1641825805895 0.04474627733950814 0
1641825816341 0.033724054197967056 0
1641825825980 0.033644721729060016 0
1641825836491 0.028776281312232217 0
1641825846671 0.025228783026585978 0
1641825857046 0.019353068983430664 0
1641825867737 0.022192849088149766 0
1641825878051 0.020098894446653623 0
1641825888336 0.01659939411605398 0
1641825898381 0.016065182956059774 0
1641825908364 0.015975680045690388 0
1641825918197 0.014070602758135646 0
1641825928272 0.01591553966170177 0
1641825938181 0.01132327635763213 0
1641825948881 0.013708514798494676 0
1641825958502 0.009212435072520748 0
1641826040241 0.23659998931884765 0
1641826050465 0.10595644801656405 0
1641826060983 0.06955738035341104 0
1641826070965 0.056075055333475274 0
1641826081892 0.04283862371072173 0
1641826092005 0.03740573563165963 0
1641826101748 0.03181191939376295 0
1641826113818 0.029048496720132728 0
1641826123578 0.02749982969267294 0
1641826133968 0.021044023621998108 0
1641826144711 0.021722258023545146 0
1641826155712 0.01925282862683137 0
1641826165685 0.01770205384735018 0
1641826177500 0.017658452195394785 0
1641826187853 0.015325732756964862 0
1641826198095 0.014366329285129905 0
1641826208418 0.014237347026836747 0
1641826219521 0.015543394546071067 0
1641826230199 0.010728768534213305 0
1641826240338 0.012328821357075746 0
1641826327623 0.23803556365172068 0
1641826337491 0.09952948377927144 0
1641826347462 0.06743619029621284 0
1641826357261 0.05408821515838305 0
1641826366897 0.04334159619410833 0
1641826376694 0.03712731807331244 0
1641826387210 0.0314247092174987 0
1641826396861 0.028411171292265256 0
1641826407175 0.02488632764344414 0
1641826416853 0.025455577827369173 0
1641826426475 0.019137904632029433 0
1641826436470 0.02174751259740442 0
1641826446544 0.018510182650946082 0
1641826456497 0.01391388454598685 0
1641826466568 0.01708324072929099 0
1641826476387 0.014697267926111817 0
1641826487120 0.013162839183925341 0
1641826497488 0.012393427077044423 0
1641826507509 0.01231215572200405 0
1641826517441 0.0155408245705689 0
1641826608668 0.23296131137212117 0
1641826618959 0.10466730856498083 0
1641826628941 0.07240734835962455 0
1641826639078 0.0544535329307119 0
1641826648917 0.042052752922972045 0
1641826658973 0.036564414947976666 0
1641826669092 0.034674418076624476 0
1641826679399 0.02416293698946635 0
1641826689392 0.03141814595547815 0
1641826699320 0.023589611382534105 0
1641826709033 0.018633698309523362 0
1641826719270 0.021537874566142756 0
1641826729024 0.016501916545815766 0
1641826738986 0.017129322947872182 0
1641826749255 0.01645986049249768 0
1641826759180 0.014689494355705877 0
1641826769001 0.011431784098750602 0
1641826778653 0.014617201562474171 0
1641826788882 0.012384598982225483 0
1641826798820 0.011550484170857817 0
1641826897070 0.23296057547728222 0
1641826906961 0.10551442404588064 0
1641826917030 0.0692957314401865 0
1641826926802 0.05419540517727534 0
1641826936879 0.042346030090252555 0
1641826946679 0.038346303380529086 0
1641826956789 0.03217634109829863 0
1641826967584 0.030351795663684608 0
1641826977363 0.025121829953851798 0
1641826987227 0.02240346267806987 0
1641826997034 0.02455033064627399 0
1641827007225 0.020529417697278163 0
1641827017649 0.016082498988322914 0
1641827027627 0.016257891616566728 0
1641827037619 0.017325713915967694 0
1641827047875 0.015439837930661936 0
1641827057672 0.011756874025038755 0
1641827067531 0.015227389874231691 0
1641827077619 0.011446297819105288 0
1641827087551 0.013808567709568889 0
1641827184343 0.23602339891195298 0
1641827194167 0.10582649038434029 0
1641827204145 0.07181046833793323 0
1641827214053 0.05425322372515996 0
1641827223971 0.044508371363580226 0
1641827233548 0.03842673399125536 0
1641827243427 0.03504929475759466 0
1641827253451 0.025693318212280672 0
1641827264014 0.02460203765841822 0
1641827274137 0.02470128577053547 0
1641827284629 0.02131019872613251 0
1641827294670 0.0205184779759186 0
1641827304714 0.01979890919222186 0
1641827314834 0.01630401947228238 0
1641827324916 0.015029429691315939 0
1641827334855 0.013858482457417994 0
1641827345120 0.011993740222160704 0
1641827355371 0.014750249937999373 0
1641827365974 0.01384862123945107 0
1641827376538 0.00972891485740741 0
1641827474780 0.23511211881637573 0
1641827485163 0.10759183463056882 0
1641827495314 0.06946999868849914 0
1641827505323 0.05639102213233709 0
1641827515400 0.041422195473313335 0
1641827525119 0.038454084514826535 0
1641827534961 0.03141748975589871 0
1641827545161 0.031013096987704436 0
1641827555831 0.02467851905276378 0
1641827565898 0.02325213981444637 0
1641827576444 0.02177087840785583 0
1641827586271 0.01932960976436734 0
1641827596110 0.018275595741532744 0
1641827606199 0.01594237587520232 0
1641827616121 0.01788793632859985 0
1641827626230 0.013558349160834525 0
1641827636828 0.013941300138148168 0
1641827646660 0.012018897316092625 0
1641827656885 0.01283907904922186 0
1641827666796 0.013738855086360127 0
1641827771586 0.2356649629632632 0
1641827781316 0.10256003335316975 0
1641827791195 0.07238000572224458 0
1641827800914 0.0509865086744229 0
1641827811065 0.04324688277766108 0
1641827820967 0.0394098567917943 0
1641827831344 0.03145326429829001 0
1641827841318 0.029399516091495752 0
1641827852125 0.022917493767167132 0
1641827862716 0.02680942212169369 0
1641827872757 0.02043651824761182 0
1641827882683 0.018349694244004785 0
1641827893890 0.019598988986574112 0
1641827905240 0.014808290034563592 0
1641827915968 0.01635615563566486 0
1641827925992 0.015284097958635539 0
1641827936996 0.014458432321281483 0
1641827947257 0.01187736546266824 0
1641827957453 0.013087657478048156 0
1641827967798 0.01107413919782266 0
1641828073067 0.23466843854586283 0
1641828083529 0.10202947481274605 0
1641828095063 0.06865341009497643 0
1641828105294 0.05294647588680188 0
1641828116167 0.044090410511692366 0
1641828127169 0.034446376120547455 0
1641828136851 0.03267626315827171 0
1641828147137 0.027436113051200906 0
1641828158115 0.02425701926207791 0
1641828168033 0.02446032005933424 0
1641828178349 0.021114424710720777 0
1641828188441 0.0196160128450642 0
1641828198518 0.01699818372319763 0
1641828208384 0.01583483268332978 0
1641828218117 0.01576927757637265 0
1641828228008 0.01518985584868739 0
1641828238189 0.013057679165690205 0
1641828249273 0.014572087020178636 0
1641828259854 0.011242069166060537 0
1641828270007 0.011207183839939535 0
1641828380593 0.23218635142246882 0
1641828390791 0.10201598560412725 0
1641828401146 0.06744225590030352 0
1641828410908 0.053010415452718736 0
1641828420656 0.04598630491346121 0
1641828430562 0.03513063659369946 0
1641828440802 0.03159560202707847 0
1641828450764 0.02367994858076175 0
1641828461320 0.026595833468437195 0
1641828471709 0.0245352714009583 0
1641828482084 0.019804800383560358 0
1641828491792 0.019346127567564448 0
1641828501675 0.018127238933369517 0
1641828511527 0.01695128915645182 0
1641828521302 0.01506554151220868 0
1641828531662 0.014488563757467394 0
1641828542182 0.012386831687918553 0
1641828552237 0.011595933664597881 0
1641828562441 0.013704062974390883 0
1641828572224 0.011351943999404708 0
1641828693708 0.23339076291720073 0
1641828703505 0.10083173640370369 0
1641828713280 0.07086239157120387 0
1641828723075 0.0498783925190568 0
1641828732785 0.045085666277507944 0
1641828743239 0.035497493971263366 0
1641828752859 0.03294996021936337 0
1641828763616 0.026724525617683927 0
1641828773284 0.02599888243942211 0
1641828782998 0.020256191528526445 0
1641828793281 0.02314024137829741 0
1641828803046 0.01937729386202991 0
1641828813381 0.017167978355661036 0
1641828823496 0.01811564337188999 0
1641828833559 0.01686501352475025 0
1641828843671 0.014207983398375411 0
1641828853415 0.012661744180414826 0
1641828863300 0.015198601297599574 0
1641828873195 0.0086491087146181 0
1641828883407 0.013173602052871138 0
1641829005953 0.23766867947975795 0
1641829015603 0.10316471156477929 0
1641829025845 0.0694264860684673 0
1641829035755 0.0526630393743515 0
1641829045767 0.04501660346239805 0
1641829055655 0.03512123044629892 0
1641829066187 0.029517941369488834 0
1641829076329 0.028540536994859575 0
1641829086174 0.02703172122252484 0
1641829096026 0.021841235534846782 0
1641829106367 0.02105745500655224 0
1641829116444 0.017978238972152272 0
1641829126607 0.018820816844701767 0
1641829136121 0.016212045342475175 0
1641829146563 0.014664349514773736 0
1641829156624 0.01554035118802761 0
1641829166587 0.013466863161418588 0
1641829176749 0.012960985808602225 0
1641829186660 0.00982872491707094 0
1641829196464 0.014240024692906687 0
1641829317985 0.23513767925898235 0
1641829327668 0.10013607784907023 0
1641829338101 0.06872787940353155 0
1641829348378 0.052036125570038956 0
1641829358555 0.042755960517625015 0
1641829368965 0.03694018008882801 0
1641829379192 0.03243725851401687 0
1641829389214 0.02877215595804155 0
1641829399143 0.025930032695954043 0
1641829409032 0.022929010993490616 0
1641829418883 0.01951705863562723 0
1641829429031 0.02052583721416692 0
1641829438990 0.020085577713511885 0
1641829449272 0.014900859458713481 0
1641829459339 0.016211932227512202 0
1641829469046 0.013279723902077725 0
1641829478991 0.012933724636553475 0
1641829489145 0.015419629703120639 0
1641829499380 0.008496761505949932 0
1641829509106 0.013885919224548463 0
1641829635474 0.23039301906426748 0
1641829645956 0.10268621500730514 0
1641829656081 0.07161930470863978 0
1641829665906 0.05373883991986513 0
1641829675969 0.04359377331609527 0
1641829687404 0.037724992497762046 0
1641829698614 0.02758471220781406 0
1641829709937 0.02930353517954548 0
1641829720743 0.027877967528502145 0
1641829731101 0.022682062476873398 0
1641829742084 0.020628118954536815 0
1641829752197 0.020923298291365307 0
1641829763037 0.01694963958353425 0
1641829772732 0.016237356893221536 0
1641829782645 0.017013220823121566 0
1641829795928 0.014969434774698068 0
1641829805792 0.013728676881548017 0
1641829816111 0.012145531429102024 0
1641829826971 0.010658307084472228 0
1641829837935 0.01344425225132145 0
1641829965811 0.23509937325318656 0
1641829975847 0.10203853592872619 0
1641829986112 0.06704183515012264 0
1641829996264 0.05435084167122841 0
1641830006228 0.04012977488636971 0
1641830016149 0.037403119878967606 0
1641830026199 0.033619746083021165 0
1641830036721 0.02626836809422821 0
1641830047007 0.02626258511207998 0
1641830057198 0.024609593232472738 0
1641830067245 0.018553598385800917 0
1641830077897 0.022015837153668207 0
1641830087874 0.017087988734214257 0
1641830098072 0.014035171193086232 0
1641830108281 0.01627977209901437 0
1641830118502 0.014780811357016985 0
1641830128534 0.015790905485395343 0
1641830138893 0.012979113957254837 0
1641830149164 0.01212867157291621 0
1641830158898 0.011812637711836335 0
1641830294564 0.23459816388686497 0
1641830305087 0.10424411664406459 0
1641830314734 0.07260874528388182 0
1641830325215 0.05717680401454369 0
1641830335940 0.042487336973349256 0
1641830345583 0.038643798104425274 0
1641830355302 0.03267948522431155 0
1641830365349 0.029999709609771767 0
1641830375701 0.020340998687036337 0
1641830386180 0.023294666532985866 0
1641830396404 0.023942185829952358 0
1641830406801 0.019896849268240233 0
1641830419355 0.02102905682493001 0
1641830433076 0.016924163749689858 0
1641830446860 0.014049633803047861 0
1641830457996 0.016642999874707312 0
1641830467890 0.012711379348362485 0
1641830477652 0.012950649640988559 0
1641830488300 0.01143451387558598 0
1641830498467 0.014724734983127563 0
1641830639592 0.23446515570481619 0
1641830649725 0.10378925790389379 0
1641830659378 0.07174846868515014 0
1641830669160 0.05074378197838863 0
1641830679141 0.04540203938682874 0
1641830689398 0.034289699849983056 0
1641830699601 0.033470681079352894 0
1641830709744 0.027670613028605778 0
1641830719818 0.023615820077434183 0
1641830730005 0.022265341867754855 0
1641830740093 0.02364113101462523 0
1641830750662 0.020777715469400087 0
1641830760266 0.016446508473716676 0
1641830770388 0.015373304907372222 0
1641830780010 0.01874325610473752 0
1641830790010 0.013817598592552046 0
1641830799989 0.012005346652772277 0
1641830810442 0.01416936407716324 0
1641830820440 0.011977370652121802 0
1641830830539 0.012866502951799582 0
1641830974295 0.23422258620262146 0
1641830984569 0.10497745400269826 0
1641830994761 0.07061836444536845 0
1641831004568 0.05349456642866135 0
1641831014397 0.04559858478258053 0
1641831024379 0.03954813797697425 0
1641831034734 0.029401927522569895 0
1641831044940 0.027375647942597666 0
1641831054733 0.026745937740926942 0
1641831064731 0.02426642028602461 0
1641831075190 0.01921852922302981 0
1641831085322 0.020621573494374754 0
1641831095310 0.017139690982736648 0
1641831105504 0.015749093745214243 0
1641831115744 0.017013067808599833 0
1641831125963 0.015059768250553558 0
1641831136463 0.011630992906292279 0
1641831146634 0.014976830867460619 0
1641831156496 0.012300715210583683 0
1641831166212 0.011617130864722033 0
1641831313822 0.2303114275376002 0
1641831324213 0.10009166904687881 0
1641831334479 0.06902810768932104 0
1641831344586 0.053572599199414254 0
1641831354833 0.041276261658469836 0
1641831364981 0.037462323935826616 0
1641831375357 0.031146041573956607 0
1641831385739 0.027346466328886647 0
1641831395759 0.02409712160093089 0
1641831405474 0.023802941956495245 0
1641831415391 0.022970163340307773 0
1641831425860 0.0187125134492293 0
1641831436391 0.01878809908184533 0
1641831446263 0.016054229693176846 0
1641831456517 0.014706263723752151 0
1641831466913 0.013440279620730628 0
1641831477705 0.014691009785374626 0
1641831487693 0.012613534971543898 0
1641831497640 0.012431478008783112 0
1641831507775 0.010029133252597725 0
1641831654241 0.23157834298610688 0
1641831665188 0.10543540456295013 0
1641831676918 0.06774333356519541 0
1641831688052 0.051573020955671865 0
1641831698491 0.0432549383888642 0
1641831713202 0.034279609888295336 0
1641831723354 0.03519126824984948 0
1641831734551 0.028152175608401497 0
1641831744821 0.0267084870411704 0
1641831756658 0.022925771568591397 0
1641831767149 0.02040947916417693 0
1641831776934 0.02096078837054471 0
1641831787178 0.01967704798169434 0
1641831797196 0.01554541292420278 0
1641831806833 0.015952716044460732 0
1641831816774 0.015492191552479441 0
1641831826656 0.012907944059961787 0
1641831836880 0.015795890019771955 0
1641831846554 0.012036922279714297 0
1641831856729 0.010116257268718133 0
1641832013750 0.23256195815404257 0
1641832024686 0.10441071955959003 0
1641832035491 0.07538213959932327 0
1641832045589 0.05414636299212774 0
1641832055999 0.044201630597313246 0
1641832066472 0.03727660479098559 0
1641832077282 0.033518077584107714 0
1641832087722 0.027278265732402603 0
1641832098898 0.02443078071946899 0
1641832108693 0.02435025278342267 0
1641832119580 0.022144244627033672 0
1641832130236 0.019735342458604525 0
1641832141110 0.019519947314448654 0
1641832151504 0.01703796120795111 0
1641832161611 0.01515995841746529 0
1641832172259 0.0147285721640413 0
1641832183287 0.013257339064124971 0
1641832194280 0.013231759453502794 0
1641832204617 0.012723031146017213 0
1641832214719 0.012819699807589253 0
1641832382848 0.23703445109526317 0
1641832394621 0.10355013771851858 0
1641832404918 0.06945309100548426 0
1641832415097 0.050794808279102044 0
1641832425639 0.046577304911861815 0
1641832435536 0.03478654042383035 0
1641832445733 0.0346923510649552 0
1641832456723 0.028111903204520543 0
1641832466586 0.02541707894379894 0
1641832477275 0.024954866488774617 0
1641832487436 0.023191338406627376 0
1641832497934 0.016628328901715575 0
1641832508212 0.018813664664017658 0
1641832518423 0.01705724095162004 0
1641832528657 0.014959675388038158 0
1641832539653 0.013741004829031105 0
1641832549310 0.015103138359387716 0
1641832560121 0.009472088226334502 0
1641832570313 0.013673161610992005 0
1641832580479 0.014183533931523561 0
1641832755229 0.23662198569774628 0
1641832765128 0.10377894562681517 0
1641832776610 0.07166916715999444 0
1641832787111 0.053510534035166105 0
1641832797068 0.04581840548167626 0
1641832807247 0.038564581090211866 0
1641832818537 0.03402489722842972 0
1641832829700 0.026653419484198092 0
1641832839607 0.023255951176273326 0
1641832849919 0.02619726725028207 0
1641832860475 0.02053224323329826 0
1641832870675 0.019536791657221813 0
1641832880771 0.016346119382729132 0
1641832891826 0.016861171529628335 0
1641832902167 0.015688829164144893 0
1641832912770 0.015933099610327434 0
1641832923857 0.013189257329733422 0
1641832933683 0.012038946700794622 0
1641832943919 0.012531921525641034 0
1641832954125 0.011115802161954343 0
1641833117073 0.23075471787452698 0
1641833127195 0.1002124118189017 0
1641833137264 0.07068571376701197 0
1641833148294 0.04908154600958029 0
1641833158566 0.046783379218975706 0
1641833168648 0.03587732330212991 0
1641833178656 0.032481010637183984 0
1641833189182 0.028311660596107444 0
1641833199589 0.02512740456511577 0
1641833209936 0.024601125597953796 0
1641833220133 0.022909815562019747 0
1641833230451 0.018488780290074648 0
1641833240284 0.019472870080421367 0
1641833251346 0.015118505576563378 0
1641833261255 0.015771247707493604 0
1641833271097 0.014599479144159705 0
1641833282381 0.013842079541351025 0
1641833292348 0.012507836255462219 0
1641833302786 0.011317600171687082 0
1641833312826 0.010711184572397421 0
1641833479484 0.24410099750359854 0
1641833489904 0.10804734326601029 0
1641833500993 0.07087916399041812 0
1641833511994 0.05641045705278715 0
1641833522239 0.04387542439500491 0
1641833532251 0.03551232882713278 0
1641833543336 0.033827000356465575 0
1641833554039 0.030473642114301522 0
1641833564060 0.026791027536367376 0
1641833574073 0.026479630908494194 0
1641833585538 0.02049005408398807 0
1641833595272 0.019089727693703026 0
1641833605255 0.020301571514923126 0
1641833615898 0.016655309869535267 0
1641833626879 0.017759024316010376 0
1641833636811 0.012566498738783412 0
1641833646708 0.015577178667423626 0
1641833657084 0.013324898842116817 0
1641833666936 0.011262827192697052 0
1641833676989 0.00928213444016874 0
1641833855082 0.2390463129123052 0
1641833865002 0.10370106823444367 0
1641833875189 0.07143974403043588 0
1641833885672 0.055758803908030195 0
1641833896974 0.04149529310142001 0
1641833906939 0.03981339085598787 0
1641833919329 0.030658331708113353 0
1641833929693 0.029624944901218017 0
1641833939452 0.025532383790115517 0
1641833949374 0.025786063782249888 0
1641833959941 0.021101099225878717 0
1641833970620 0.018694313772457342 0
1641833981642 0.018371957608374456 0
1641833991491 0.017379536195658147 0
1641834002170 0.015627936737363537 0
1641834012655 0.014898691045461843 0
1641834022722 0.011565801216692975 0
1641834032701 0.01617542902144293 0
1641834042714 0.010944189664845665 0
1641834053086 0.013718699368167048 0
1641834232868 0.23554390251636506 0
1641834242641 0.10163645130793253 0
1641834253199 0.07012929172813892 0
1641834264042 0.05505715144127608 0
1641834275591 0.04093858456686139 0
1641834285565 0.039851783573627474 0
1641834295228 0.031197242300212383 0
1641834306235 0.027680042152355113 0
1641834317141 0.025781572237734994 0
1641834327274 0.02556182878576219 0
1641834338239 0.021240831808311243 0
1641834348600 0.01750726685523987 0
1641834359403 0.019503823911057164 0
1641834369787 0.014354328000886986 0
1641834379491 0.017899746128264813 0
1641834389618 0.014057584889046848 0
1641834400437 0.015915985118380438 0
1641834410154 0.01248911573405688 0
1641834421112 0.012345531029316287 0
1641834431178 0.01176441341371586 0
1641834608525 0.23512799455722172 0
1641834619618 0.10633431585629781 0
1641834630247 0.07272638124326865 0
1641834640023 0.052051296024521194 0
1641834649933 0.045028145956496395 0
1641834659907 0.03668351167341073 0
1641834669803 0.0323290574097385 0
1641834680730 0.02833962582324942 0
1641834691076 0.02396834263963004 0
1641834701272 0.02571920963153243 0
1641834711291 0.01815626595069965 0
1641834721249 0.02300078163755437 0
1641834731110 0.019634189140455175 0
1641834741252 0.016768883430336914 0
1641834753242 0.017717524373562384 0
1641834763289 0.014852715475360552 0
1641834773882 0.01230575002146264 0
1641834783687 0.012194988850286852 0
1641834793608 0.013818468396986524 0
1641834804912 0.01225988440552416 0
1641834993051 0.23994216692447662 0
1641835003929 0.10888597793579101 0
1641835013892 0.07183135431607564 0
1641835024401 0.05538597350120544 0
1641835034697 0.04455795645440618 0
1641835044728 0.038877152880777914 0
1641835055989 0.03408964052560429 0
1641835066268 0.02884832354684671 0
1641835075950 0.028296948542942603 0
1641835086665 0.020036778134666384 0
1641835098046 0.02050656904069086 0
1641835108710 0.02278104046949496 0
1641835119293 0.01738657704287519 0
1641835130085 0.01764670060109347 0
1641835139868 0.014014443798394253 0
1641835151369 0.015648989235982298 0
1641835161978 0.0159219931345433 0
1641835172976 0.012197109053547804 0
1641835182806 0.013821407041450342 0
1641835192810 0.009250383310640852 0
1641835377968 0.23060979268948237 0
1641835388059 0.10215151165127755 0
1641835397910 0.0702885371943315 0
1641835407945 0.05464927447537581 0
1641835418235 0.043931052888929845 0
1641835428257 0.03508668295244376 0
1641835439666 0.03482537627741694 0
1641835450024 0.027472593366727232 0
1641835459797 0.026139093705887597 0
1641835470723 0.022473225043279428 0
1641835480764 0.02566668310624858 0
1641835490327 0.014819144985669603 0
1641835500251 0.016107288575855395 0
1641835510466 0.019476658319806057 0
1641835520448 0.015046504728247721 0
1641835531363 0.014034814064359913 0
1641835541494 0.01312773143122128 0
1641835551401 0.011678160410475296 0
1641835562541 0.0125038298327631 0
1641835573163 0.013646510568509499 0
1641835763280 0.2358331189552943 0
1641835773623 0.10267624478737514 0
1641835784854 0.06992647992968559 0
1641835795526 0.05528339236651858 0
1641835805120 0.04612641932864984 0
1641835815340 0.03543574313583473 0
1641835826056 0.032689415592203536 0
1641835836653 0.030045142280807097 0
1641835847964 0.023611298440831402 0
1641835857822 0.023937936086083453 0
1641835867964 0.021056637063995003 0
1641835878146 0.020493323766315977 0
1641835887950 0.019218150517406562 0
1641835898041 0.0163751667183203 0
1641835908237 0.014436956502497196 0
1641835919829 0.013525296420588468 0
1641835929849 0.014786196020804346 0
1641835939613 0.012905455216187208 0
1641835951392 0.011686914014692108 0
1641835962549 0.011879190540655206 0
1641836165094 0.2338947028398514 0
1641836175713 0.10468240087429682 0
1641836185610 0.07124705873330434 0
1641836196663 0.05304533246854941 0
1641836207269 0.04452816661298275 0
1641836218930 0.03984972643181681 0
1641836230060 0.03234008605169753 0
1641836240435 0.0318659114031742 0
1641836251391 0.02351812825432668 0
1641836262505 0.024753832982232174 0
1641836272648 0.02292757680869351 0
1641836282653 0.01952666400388504 0
1641836293249 0.018710144006305683 0
1641836304726 0.01840874765639504 0
1641836315391 0.01637203808842848 0
1641836326357 0.013966803635563702 0
1641836336364 0.013476485784103473 0
1641836347313 0.012692231047774354 0
1641836357087 0.012129489086164782 0
1641836367665 0.01321263504512608 0
