1654590681867 1.2440413891101834 0
1654590731791 0.6652780876619794 0
1654590781759 0.46176338926448274 0
1654590832006 0.41190374803927615 0
1654590882000 0.39770417918012885 0
1654590932897 0.36407427622840727 0
1654590985528 0.2991549777117636 0
1654591037834 0.34296660535527657 0
1654591087501 0.32642213431662603 0
1654591137131 0.32851348546935727 0
1654591186851 0.2991957324106676 0
1654591236521 0.2761138466186313 0
1654591286196 0.2824899296185979 0
1654591335918 0.3112917179193779 0
1654591385591 0.28060699223623675 0
1654591435375 0.23861649290894626 0
1654591485055 0.2124060880874347 0
1654591534794 0.20354660099170904 0
1654591584460 0.20948224541641 0
1654591634162 0.23566460282013443 0
1654591683922 0.20702501933824977 0
1654591733623 0.1715835938597762 0
1654591783361 0.2009289891979172 0
1654591833204 0.26474349771490263 0
1654591883093 0.17885674957669573 0
1654591933149 0.18648812645718316 0
1654591982972 0.1954150691560469 0
1654592032718 0.18785668048981227 0
1654592082869 0.19802157573297124 0
1654592132791 0.19705701566171466 0
1654592183210 0.20786153290964893 0
1654592233244 0.20004211666585026 0
1654592283558 0.1729135618442965 0
1654592333524 0.22021580724146034 0
1654592383742 0.21875972741683608 0
1654592433920 0.16250521252502675 0
1654592484727 0.1900881419627675 0
1654592538531 0.1793271459716772 0
1654592591730 0.17901321838877587 0
1654592641921 0.1800995753034902 0
1654592691670 0.1999751214031353 0
1654592743262 0.1706541652664093 0
1654592796329 0.18408428785606124 0
1654592848178 0.16803464166176205 0
1654592898025 0.2003366149818972 0
1654592947844 0.19802821686499614 0
1654592997817 0.1847096040374202 0
1654593047666 0.20328410073368522 0
1654593097488 0.16274077205001186 0
1654593147329 0.19235777989578073 0
1654593257029 0.47215697759405056 0
1654593355835 0.3429431195989551 0
1654593454337 0.3061701442534477 0
1654593553448 0.28969225718402836 0
1654593652336 0.3131382326593678 0
1654593751576 0.25148877193516544 0
1654593854319 0.2737239920516123 0
1654593964905 0.2607092350450749 0
1654594064108 0.2747144338232335 0
1654594162973 0.2805857220427441 0
1654594262443 0.2667360222221221 0
1654594361493 0.27841522764036924 0
1654594461361 0.2492029540792601 0
1654594589253 0.2496613194068079 0
1654594693350 0.2498893508090828 0
1654594791427 0.24180485403301655 0
1654594889781 0.25987865306683683 0
1654594988365 0.23801512489709284 0
1654595086718 0.24525779305248882 0
1654595185092 0.22727285875268408 0
1654595283690 0.2377822244124342 0
1654595382495 0.24817097359750848 0
1654595481146 0.24670467443317862 0
1654595579771 0.23272919090964594 0
1654595678464 0.2748838242193878 0
1654595777118 0.21173173307933377 0
1654595875677 0.23932465586597618 0
1654595974557 0.23308854731689327 0
1654596073557 0.25547151350800923 0
1654596172406 0.23610088677430607 0
1654596273489 0.23645208908653592 0
1654596376277 0.2662197257138101 0
1654596475286 0.24269508351923108 0
1654596574431 0.22735037155331478 0
1654596673617 0.22873440852016932 0
1654596779798 0.2502462622531575 0
1654596904680 0.24476924252124227 0
1654597003894 0.22415789596677926 0
1654597102106 0.2402288558614616 0
1654597201032 0.23770284534481914 0
1654597299198 0.22450910189147003 0
1654597397673 0.23441197437276237 0
1654597496098 0.23792270976388677 0
1654597594768 0.23785622710498286 0
1654597693447 0.23325578901526414 0
1654597795676 0.2466169264788843 0
1654597894088 0.23723691526218516 0
1654597992110 0.21845451548149827 0
1654598090137 0.22334534815213752 0
1654598188711 0.2439522817234522 0
1654598361495 0.37839001667415095 0
1654598513439 0.3235006073354335 0
1654598664589 0.31027070492351827 0
1654598821766 0.3194290317849943 0
1654598975988 0.30116137517092123 0
1654599134896 0.29752548732269707 0
1654599282369 0.2878949283658157 0
1654599429811 0.28903770635884124 0
1654599576996 0.2927452456046088 0
1654599724917 0.28604820477897264 0
1654599872923 0.28341139821555 0
1654600020369 0.2945678318711444 0
1654600167649 0.29301026007804665 0
1654600315362 0.2927546774357662 0
1654600463329 0.28157024917955953 0
1654600616534 0.2790389685168993 0
1654600769329 0.28682508694095404 0
1654600923091 0.28005014869013356 0
1654601079377 0.278021648608601 0
1654601249755 0.2982109386559802 0
1654601413269 0.28426106911949717 0
1654601560801 0.28071748206001995 0
1654601709218 0.30345008057245154 0
1654601856876 0.2720814268917319 0
1654602004737 0.28836583477087346 0
1654602152688 0.28623736443813386 0
1654602300502 0.28209822846806887 0
1654602448051 0.28646263241804926 0
1654602595357 0.2701685386895275 0
1654602744244 0.29669522429424566 0
1654602893322 0.2781688881060483 0
1654603043853 0.28589114180270137 0
1654603218086 0.28700425792464396 0
1654603382476 0.29881767148501426 0
1654603539061 0.27847734015392667 0
1654603685836 0.27010436905509955 0
1654603833409 0.27261030624924304 0
1654603981304 0.2882459529933719 0
1654604129063 0.276705476651941 0
1654604277386 0.28230876545146966 0
1654604425177 0.2839835304000987 0
1654604573675 0.27883738766273886 0
1654604721961 0.2690945671167288 0
1654604870459 0.27733812861910184 0
1654605029165 0.2752277121404944 0
1654605178752 0.2618991863787005 0
1654605327493 0.2536744244595156 0
1654605486604 0.2864667536913168 0
1654605652760 0.285829716793185 0
1654605825251 0.26792331741961134 0
1654606056605 0.4996443802301991 0
1654606252512 0.46104014290100503 0
1654606448164 0.4334500865744693 0
1654606644519 0.4277398671014964 0
1654606840291 0.4135110871751144 0
1654607035695 0.41216855980239026 0
1654607231812 0.41510534915158703 0
1654607427563 0.39241570515344437 0
1654607623815 0.4112561585963506 0
1654607819574 0.3831107410761069 0
1654608015433 0.3777559143602902 0
1654608211477 0.43084465966338803 0
1654608407384 0.40119638205909114 0
1654608603586 0.3986502072656188 0
1654608800794 0.3991894618534193 0
1654608998179 0.4023472412031712 0
1654609195742 0.38594609942750724 0
1654609394356 0.401190182206848 0
1654609592792 0.4093162921051649 0
1654609790933 0.3746295743086539 0
1654609988629 0.4103966238679197 0
1654610187213 0.3891884050121485 0
1654610391556 0.36076713782356135 0
1654610596300 0.38740780932425356 0
1654610814151 0.4002865203029426 0
1654611011056 0.3783754442503128 0
1654611209002 0.3994305157853711 0
1654611407925 0.3715382805801989 0
1654611607524 0.3949692879872712 0
1654611808154 0.3842068215854251 0
1654612005970 0.39256837168119335 0
1654612208865 0.37885740034940885 0
1654612408420 0.3864768466125228 0
1654612649588 0.38073466378059706 0
1654612847382 0.3820954731472646 0
1654613044328 0.38077543394193064 0
1654613241387 0.37600759290594254 0
1654613440248 0.3583694508041949 0
1654613639033 0.37085864617209857 0
1654613841328 0.3914410542166337 0
1654614038318 0.37734174182385083 0
1654614235454 0.38112878601312195 0
1654614432864 0.3776528293167729 0
1654614632074 0.38654547078257573 0
1654614842224 0.3660220309100113 0
1654615054966 0.3745300461597544 0
1654615251686 0.37366280695300375 0
1654615447948 0.38152302078766737 0
1654615644742 0.3687473097088761 0
1654615841588 0.372266580346857 0
1654616139455 0.47084803086629334 0
1654616387485 0.44129128138275125 0
1654616637243 0.40838312638118074 0
1654616885852 0.4298131210279315 0
1654617138192 0.42108083752022707 0
1654617388681 0.4153498421505634 0
1654617637482 0.42276701294026214 0
1654617887120 0.4227141695511562 0
1654618136313 0.41275909936366917 0
1654618386487 0.4140772257407543 0
1654618636550 0.4086989759758902 0
1654618888843 0.4035729287206502 0
1654619156887 0.40910228272481447 0
1654619427920 0.41684088926515483 0
1654619681689 0.4086178282105109 0
1654619931529 0.416434364539779 0
1654620181806 0.40005697410160096 0
1654620432317 0.423209844130173 0
1654620682806 0.4116501171579016 0
1654620933334 0.41021602606803664 0
1654621183973 0.41256918000350823 0
1654621434707 0.40809464336091805 0
1654621685439 0.4091163060759891 0
1654621936007 0.42234132253577816 0
1654622189524 0.40924677630719997 0
1654622442242 0.40707163475939984 0
1654622745925 0.40926157093573545 0
1654622994876 0.40192505937110135 0
1654623243368 0.42218904138031377 0
1654623491989 0.4024730250817665 0
1654623739890 0.41189088122967094 0
1654623987554 0.41223530996281554 0
1654624235768 0.40852287758177536 0
1654624484059 0.4074244685887384 0
1654624732356 0.4040706535311369 0
1654624982950 0.40051798813163936 0
1654625233475 0.4053937806303743 0
1654625482641 0.4066265819928951 0
1654625731772 0.40168203668585917 0
1654625983059 0.39413236939698687 0
1654626238489 0.39808753062006363 0
1654626533570 0.39987238649197737 0
1654626782199 0.3937264926091127 0
1654627030219 0.407590512474622 0
1654627278536 0.41341685535328554 0
1654627527573 0.3880781610579472 0
1654627780878 0.4145401721103514 0
1654628028350 0.3941381219793008 0
1654628276281 0.404819689112051 0
1654628524065 0.4098146396832877 0
