1652647853359 0.1824 0
1652647858924 0.27 0
1652647864430 0.3274 0
1652647869826 0.3698 0
1652647875540 0.4038 0
1652647884673 0.3098 0
1652647893631 0.4046 0
1652647902601 0.4664 0
1652647911417 0.5398 0
1652647920413 0.5598 0
1652647931383 0.2878 0
1652647941514 0.4254 0
1652647951685 0.486 0
1652647961897 0.5292 0
1652647972000 0.563 0
1652647984941 0.364 0
1652647996502 0.4846 0
1652648008182 0.5444 0
1652648019773 0.584 0
1652648031342 0.6188 0
1652648046619 0.3386 0
1652648059839 0.4326 0
1652648073083 0.4654 0
1652648086303 0.5232 0
1652648099754 0.5498 0
