1651918810887 1.3828786197662353 0
1651918814019 0.9149838890075683 0
1651918817214 0.6361752303123475 0
1651918820333 0.4757530823469162 0
1651918823476 0.3640308672428131 0
1651918827441 1.4357382455825807 0
1651918830994 1.1142432956695556 0
1651918834583 0.8840612375259399 0
1651918838235 0.7144767100334167 0
1651918841868 0.5925012324333191 0
1651918845990 1.507350696372986 0
1651918849700 1.1821578121185303 0
1651918853340 0.9269348979949951 0
1651918856960 0.7510167467117309 0
1651918860621 0.6451846065521241 0
1651918864962 1.2937884590148925 0
1651918868573 0.7361740439414978 0
1651918872116 0.48939020519256593 0
1651918875862 0.36130955123901365 0
1651918879539 0.3055507791876793 0
1651918884122 1.5098571088790893 0
1651918887754 1.2605802463531495 0
1651918891344 1.0646642370224 0
1651918895023 0.886650939655304 0
1651918898579 0.7487181259155273 0
