1644248228068 0.9151 0
1644248243627 0.9654333333333334 0
1644248259159 0.9762333333333333 0
1644248274897 0.9828666666666667 0
1644248290716 0.9866666666666667 0
1644248328222 0.9617209302325581 0
1644248360957 0.9847984496124031 0
1644248393952 0.9881162790697674 0
1644248426893 0.9912790697674418 0
1644248459892 0.9927054263565891 0
1644248521234 0.9753383838383839 0
1644248573908 0.9903434343434343 0
1644248626303 0.9921111111111112 0
1644248678501 0.9945151515151515 0
1644248730910 0.9947020202020203 0
