1654304656307 1.177337375305467 0
1654304671115 0.4604516757882213 0
1654304686407 0.2595812266989878 0
1654304701399 0.18226794996492815 0
1654304716047 0.18343663557809176 0
1654304731194 0.19295145024386873 0
1654304746181 0.16210906212621004 0
1654304761317 0.1547485456837469 0
1654304776131 0.1836641971392884 0
1654304790993 0.11660527018559841 0
1654304805687 0.16916832325599532 0
1654304820623 0.13029401314366829 0
1654304835626 0.1404960099311815 0
1654304850784 0.15575104358803876 0
1654304865579 0.13625304759007212 0
1654304880317 0.13598959918168937 0
1654304895585 0.1077323870030378 0
1654304910565 0.11320629208417371 0
1654304925641 0.13073654992269126 0
1654304940695 0.11678405305769467 0
1654304958053 0.1560000784124454 0
1654304973080 0.09288868369365401 0
1654304987665 0.10280115611265207 0
1654305002393 0.11517166233018561 0
1654305017336 0.129835574414907 0
1654305032028 0.06963265939295661 0
1654305047028 0.11714439191485045 0
1654305061577 0.1242375079921107 0
1654305076177 0.10238756129713945 0
1654305090840 0.07521810179743904 0
1654305144571 0.33926171497921015 0
1654305182555 0.13465816846809361 0
1654305220194 0.0885034181095389 0
1654305257808 0.12049249482097027 0
1654305295522 0.10214438541995727 0
1654305333691 0.1299640297133015 0
1654305371438 0.10928103915936467 0
1654305409325 0.1012493432285551 0
1654305446877 0.09033578308870675 0
1654305484022 0.10194937037837103 0
1654305521825 0.09428365051254124 0
1654305559665 0.1137890207024457 0
1654305597940 0.05444703650290422 0
1654305635712 0.114884264608392 0
1654305673556 0.09345818343364182 0
1654305711366 0.09490564456887986 0
1654305749207 0.0817404133366551 0
1654305787039 0.06373268557406118 0
1654305825034 0.08622239522251655 0
1654305862838 0.09797870618655588 0
1654305900603 0.10382037693019411 0
1654305938532 0.09118447531030296 0
1654305976133 0.061089821251100115 0
1654306013945 0.08972285365836825 0
1654306052204 0.07769892267121772 0
1654306090045 0.10756146967869998 0
1654306127803 0.10539986567021004 0
1654306165665 0.05102075433690245 0
1654306203430 0.09963513566056692 0
1654306241001 0.0662617893833803 0
1654306310336 0.24279667779337896 0
1654306347579 0.09229305155739699 0
1654306384740 0.10532182731681594 0
1654306421952 0.07821439489644556 0
1654306459281 0.08754391908684647 0
1654306496614 0.10646133512490337 0
1654306533859 0.0451580152264768 0
1654306570942 0.0906285252979169 0
1654306608190 0.06380242431186736 0
1654306645439 0.08962453897813265 0
1654306682787 0.05953727483096364 0
1654306720102 0.07815549052465313 0
1654306757128 0.10260072681012257 0
1654306794874 0.10485592096879488 0
1654306832478 0.05254646929550725 0
1654306869782 0.06875869552178246 0
1654306907195 0.06301160930446395 0
1654306944425 0.09015960787741066 0
1654306981722 0.04219455539583682 0
1654307019005 0.07923924751346915 0
1654307056187 0.059098198509932955 0
1654307093647 0.0700553037280354 0
1654307130954 0.045467763178109764 0
1654307168330 0.08828162977953978 0
1654307205542 0.06359914031995725 0
1654307242828 0.066723343322557 0
1654307280141 0.05425616179779576 0
1654307317118 0.07187934557798199 0
1654307354448 0.06766881349699805 0
1654307391882 0.08894949395966913 0
1654307476170 0.48157261835197707 0
1654307513156 0.2107811081284751 0
1654307550147 0.1707787118244435 0
1654307587173 0.1484379832578056 0
1654307624047 0.14737260565109486 0
1654307661347 0.13716308925427348 0
1654307698185 0.12964445928023619 0
1654307735123 0.1287628806453834 0
1654307772094 0.10903134765348786 0
1654307808951 0.14688931568737523 0
1654307846101 0.11194435929072757 0
1654307882938 0.13078102954281262 0
1654307919978 0.12506304483502026 0
1654307957037 0.07929645093340594 0
1654307994086 0.11482250662032191 0
1654308031022 0.11713154590358073 0
1654308068252 0.12375160366951173 0
1654308105293 0.08676751149816307 0
1654308142192 0.12498132802109625 0
1654308179349 0.11318324827551325 0
1654308216024 0.1225882122129805 0
1654308252871 0.10067640554597655 0
1654308289854 0.13978726032678365 0
1654308326885 0.09123706167567727 0
1654308363731 0.09420122602954895 0
1654308400668 0.07950075371465133 0
1654308437664 0.12548312893594418 0
1654308474513 0.0988677167468217 0
1654308511470 0.11254295200976498 0
1654308549084 0.07608373927416517 0
1654308649128 0.2108701310217225 0
1654308686192 0.0745772182982699 0
1654308723426 0.047513380013485935 0
1654308760800 0.06330624244369766 0
1654308798484 0.07975354389246396 0
1654308836135 0.07043643113611349 0
1654308873496 0.05869664626074561 0
1654308910596 0.08671664431654179 0
1654308948407 0.03216061583406653 0
1654308985308 0.08422403636251236 0
1654309022442 0.052261659880663086 0
1654309059371 0.1026752846296885 0
1654309097112 0.02420160054834952 0
1654309134743 0.0651039236141061 0
1654309172117 0.11119665850826402 0
1654309209550 0.052935751735084115 0
1654309246665 0.0708904063046233 0
1654309284565 0.0368213597700027 0
1654309321775 0.09479494761590437 0
1654309359408 0.04045108486288259 0
1654309396945 0.047714273841368504 0
1654309433818 0.08350687513929986 0
1654309470726 0.04233115377333253 0
1654309508833 0.06870352098973208 0
1654309546754 0.05206742576809552 0
1654309583768 0.05641088953206944 0
1654309620968 0.07207018002611834 0
1654309658214 0.08618053373964647 0
1654309695722 0.036026515897887135 0
1654309733472 0.09536086505365056 0
