1644609233522 0.1028 0
1644609235018 0.1564 0
1644609236469 0.2022 0
1644609237904 0.2326 0
1644609239340 0.285 0
1644609240833 0.3354 0
1644609242316 0.3522 0
1644609243760 0.369 0
1644609245218 0.3852 0
1644609246710 0.402 0
1644609248191 0.4222 0
1644609249735 0.4412 0
1644609251229 0.4448 0
1644609252686 0.4742 0
1644609254126 0.4876 0
1644609255574 0.4974 0
1644609257024 0.5086 0
1644609258523 0.5132 0
1644609259982 0.5244 0
1644609261455 0.5294 0
1644609263424 0.2134 0
1644609265147 0.31 0
1644609266773 0.336 0
1644609268416 0.353 0
1644609270103 0.3592 0
1644609271756 0.3736 0
1644609273369 0.3708 0
1644609274998 0.3934 0
1644609276681 0.3942 0
1644609278345 0.3972 0
1644609279980 0.408 0
1644609281634 0.4204 0
1644609283285 0.4188 0
1644609284902 0.4224 0
1644609286573 0.44 0
1644609288248 0.4416 0
1644609289890 0.4546 0
1644609291539 0.4532 0
1644609293251 0.4566 0
1644609294882 0.4724 0
1644609297075 0.1782 0
1644609298837 0.2664 0
1644609300554 0.3202 0
1644609302263 0.3558 0
1644609303972 0.3794 0
1644609305673 0.3928 0
1644609307419 0.4084 0
1644609309136 0.4144 0
1644609310801 0.4276 0
1644609312477 0.4382 0
1644609314195 0.449 0
1644609315959 0.4622 0
1644609317754 0.471 0
1644609319455 0.4792 0
1644609321149 0.4898 0
1644609322878 0.5014 0
1644609324663 0.5004 0
1644609326415 0.519 0
1644609328170 0.5278 0
1644609329877 0.5358 0
1644609332336 0.1772 0
1644609334065 0.3032 0
1644609335924 0.3722 0
1644609337733 0.4152 0
1644609339501 0.4562 0
1644609341277 0.4766 0
1644609343020 0.4922 0
1644609344823 0.5018 0
1644609346616 0.5154 0
1644609348406 0.5316 0
1644609350250 0.5386 0
1644609351970 0.5462 0
1644609353795 0.5578 0
1644609355580 0.5686 0
1644609357396 0.5794 0
1644609359141 0.58 0
1644609360968 0.5888 0
1644609362756 0.5982 0
1644609364588 0.606 0
1644609366442 0.6298 0
1644609369386 0.1958 0
1644609371308 0.3056 0
1644609373175 0.3282 0
1644609375065 0.3482 0
1644609376893 0.3666 0
1644609378702 0.3786 0
1644609380536 0.389 0
1644609382400 0.403 0
1644609384239 0.4138 0
1644609386112 0.43 0
1644609388026 0.4386 0
1644609389916 0.4564 0
1644609391771 0.4664 0
1644609393598 0.4722 0
1644609395506 0.4828 0
1644609397391 0.4906 0
1644609399235 0.5054 0
1644609401088 0.5114 0
1644609402934 0.5278 0
1644609404757 0.5396 0
1644609407974 0.1644 0
1644609409961 0.2506 0
1644609411895 0.2942 0
1644609413797 0.3524 0
1644609415750 0.379 0
1644609417683 0.3964 0
1644609419630 0.4062 0
1644609421527 0.418 0
1644609423482 0.4294 0
1644609425427 0.4332 0
1644609427391 0.4426 0
1644609429357 0.461 0
1644609431315 0.4678 0
1644609433237 0.4822 0
1644609435199 0.4888 0
1644609437169 0.5038 0
1644609439114 0.5154 0
1644609441041 0.53 0
1644609443026 0.5346 0
1644609444965 0.5452 0
1644609448521 0.1684 0
1644609450558 0.256 0
1644609452635 0.337 0
1644609454571 0.3772 0
1644609456547 0.421 0
1644609458578 0.4496 0
1644609460573 0.4628 0
1644609462607 0.4664 0
1644609464644 0.484 0
1644609466639 0.4958 0
1644609468604 0.5012 0
1644609470595 0.5166 0
1644609472548 0.5376 0
1644609474616 0.5348 0
1644609476615 0.5458 0
1644609478576 0.5562 0
1644609480575 0.5628 0
1644609482602 0.563 0
1644609484670 0.5882 0
1644609486689 0.5788 0
1644609490630 0.2414 0
1644609492749 0.3114 0
1644609494795 0.358 0
1644609496878 0.3786 0
1644609498968 0.3928 0
1644609501026 0.4064 0
1644609503163 0.4244 0
1644609505327 0.4102 0
1644609507451 0.4268 0
1644609509638 0.4294 0
1644609511748 0.443 0
1644609513927 0.4544 0
1644609516174 0.4522 0
1644609518329 0.4708 0
1644609520463 0.4798 0
1644609522591 0.4908 0
1644609524736 0.4998 0
1644609526909 0.5038 0
1644609529154 0.5204 0
1644609531337 0.534 0
1644609536002 0.1678 0
1644609538296 0.2724 0
1644609540595 0.3444 0
1644609542884 0.3668 0
1644609545267 0.399 0
1644609547572 0.3978 0
1644609549856 0.4156 0
1644609552078 0.423 0
1644609554341 0.4306 0
1644609556616 0.4342 0
1644609558967 0.4518 0
1644609561207 0.4578 0
1644609563497 0.4594 0
1644609565750 0.4762 0
1644609568029 0.4858 0
1644609570292 0.4878 0
1644609572547 0.4966 0
1644609574833 0.5086 0
1644609577068 0.5272 0
1644609579347 0.5236 0
1644609584378 0.209 0
1644609586912 0.3102 0
1644609589707 0.3526 0
1644609592105 0.3768 0
1644609594497 0.391 0
1644609596965 0.3922 0
1644609599315 0.4114 0
1644609601678 0.4268 0
1644609604051 0.428 0
1644609606439 0.447 0
1644609608878 0.455 0
1644609611226 0.466 0
1644609613654 0.471 0
1644609616050 0.476 0
1644609618409 0.4966 0
1644609620909 0.4916 0
1644609623300 0.5044 0
1644609625637 0.5004 0
1644609627947 0.5192 0
1644609630227 0.5358 0
1644609635631 0.226 0
1644609638073 0.3256 0
1644609640488 0.3664 0
1644609642961 0.3846 0
1644609645403 0.4024 0
1644609647896 0.414 0
1644609650344 0.4304 0
1644609652782 0.4278 0
1644609655258 0.4444 0
1644609657687 0.4556 0
1644609660097 0.4556 0
1644609662494 0.4668 0
1644609664902 0.4718 0
1644609667312 0.4704 0
1644609669721 0.4892 0
1644609672109 0.4932 0
1644609674557 0.4988 0
1644609676981 0.4922 0
1644609679364 0.5118 0
1644609681817 0.5322 0
1644609687517 0.1694 0
1644609690043 0.2414 0
1644609692542 0.2694 0
1644609695088 0.284 0
1644609697587 0.31 0
1644609700110 0.3174 0
1644609702636 0.337 0
1644609705155 0.3478 0
1644609707680 0.3556 0
1644609710198 0.3554 0
1644609712694 0.3748 0
1644609715242 0.3896 0
1644609717745 0.3928 0
1644609720279 0.395 0
1644609722825 0.408 0
1644609725356 0.4246 0
1644609727819 0.4356 0
1644609730285 0.445 0
1644609732754 0.4614 0
1644609735300 0.47 0
1644609741555 0.2014 0
1644609744098 0.2672 0
1644609746776 0.3328 0
1644609749395 0.3628 0
1644609751980 0.3824 0
1644609754525 0.3932 0
1644609757106 0.403 0
1644609759821 0.423 0
1644609762386 0.4328 0
1644609764993 0.4308 0
1644609767625 0.4396 0
1644609770297 0.4548 0
1644609772941 0.466 0
1644609775540 0.4618 0
1644609778161 0.48 0
1644609780786 0.4866 0
1644609783360 0.4966 0
1644609786016 0.5142 0
1644609788654 0.5118 0
1644609791249 0.5224 0
1644609798025 0.2468 0
1644609800713 0.3142 0
1644609803340 0.3474 0
1644609805998 0.3606 0
1644609808641 0.3762 0
1644609811342 0.3906 0
1644609814083 0.4028 0
1644609816825 0.4046 0
1644609819484 0.4286 0
1644609822262 0.428 0
1644609825005 0.44 0
1644609827749 0.4522 0
1644609830507 0.463 0
1644609833209 0.4802 0
1644609835971 0.4756 0
1644609838715 0.4978 0
1644609841420 0.4998 0
1644609844122 0.5184 0
1644609846765 0.5324 0
1644609849426 0.5278 0
1644609856562 0.1948 0
1644609859359 0.344 0
1644609862179 0.401 0
1644609864961 0.4422 0
1644609867806 0.4672 0
1644609870735 0.4692 0
1644609873555 0.496 0
1644609876384 0.5132 0
1644609879241 0.5176 0
1644609882065 0.5356 0
1644609884754 0.5542 0
1644609887509 0.5432 0
1644609890301 0.5548 0
1644609893107 0.5588 0
1644609895906 0.5784 0
1644609898713 0.5912 0
1644609901463 0.6062 0
1644609904344 0.601 0
1644609907272 0.6252 0
1644609910040 0.6254 0
1644609917633 0.2192 0
1644609920523 0.3504 0
1644609923494 0.402 0
1644609926441 0.4138 0
1644609929302 0.424 0
1644609932176 0.4432 0
1644609935012 0.4652 0
1644609937974 0.478 0
1644609940849 0.4862 0
1644609943703 0.4974 0
1644609946611 0.4942 0
1644609949565 0.5168 0
1644609952472 0.5298 0
1644609955352 0.5466 0
1644609958238 0.5584 0
1644609961082 0.5536 0
1644609963969 0.5476 0
1644609966854 0.593 0
1644609969809 0.6086 0
1644609972682 0.5976 0
1644609980616 0.197 0
1644609983663 0.3582 0
1644609986651 0.4152 0
1644609989714 0.4346 0
1644609992719 0.452 0
1644609995712 0.4774 0
1644609998689 0.485 0
1644610001760 0.4844 0
1644610004784 0.5068 0
1644610007733 0.5166 0
1644610010856 0.5306 0
1644610013992 0.5452 0
1644610017086 0.5486 0
1644610020135 0.5592 0
1644610023138 0.572 0
1644610026279 0.5842 0
1644610029193 0.5908 0
1644610032262 0.6016 0
1644610035292 0.6236 0
1644610038319 0.6272 0
1644610046942 0.2172 0
1644610050075 0.3226 0
1644610053142 0.3622 0
1644610056364 0.3926 0
1644610059538 0.4188 0
1644610062659 0.4352 0
1644610065855 0.4556 0
1644610068993 0.4604 0
1644610072112 0.4764 0
1644610075190 0.4994 0
1644610078311 0.5088 0
1644610081424 0.5256 0
1644610084675 0.5344 0
1644610087829 0.5418 0
1644610090968 0.5738 0
1644610094074 0.5708 0
1644610097226 0.6012 0
1644610100361 0.6122 0
1644610103559 0.6098 0
1644610106691 0.6542 0
1644610115803 0.2512 0
1644610119011 0.348 0
1644610122195 0.4012 0
1644610125410 0.4274 0
1644610128554 0.4518 0
1644610131811 0.463 0
1644610135041 0.4726 0
1644610138257 0.4834 0
1644610141492 0.4958 0
1644610144699 0.5092 0
1644610147974 0.5116 0
1644610151180 0.5254 0
1644610154460 0.5364 0
1644610157789 0.5508 0
1644610161098 0.5316 0
1644610164253 0.5576 0
1644610167559 0.569 0
1644610170767 0.5902 0
1644610174144 0.5916 0
1644610177481 0.586 0
1644610187138 0.221 0
1644610190461 0.29 0
1644610193884 0.334 0
1644610197162 0.357 0
1644610200568 0.3834 0
1644610203934 0.3938 0
1644610207330 0.4034 0
1644610210675 0.4232 0
1644610214007 0.4274 0
1644610217397 0.4312 0
1644610220722 0.4398 0
1644610224103 0.451 0
1644610227505 0.4644 0
1644610230826 0.4676 0
1644610234206 0.4772 0
1644610237504 0.4944 0
1644610240863 0.4984 0
1644610244206 0.489 0
1644610247556 0.5132 0
1644610250908 0.5398 0
