1652146531974 0.452 0
1652146534477 0.6168 0
1652146536933 0.7016 0
1652146539420 0.7492 0
1652146541864 0.7812 0
1652146544328 0.8148 0
1652146546768 0.8216 0
1652146549227 0.828 0
1652146551697 0.8264 0
1652146554130 0.8572 0
1652146556579 0.8612 0
1652146559039 0.8552 0
1652146561470 0.8316 0
1652146563910 0.8844 0
1652146566318 0.8604 0
1652146568749 0.8168 0
1652146571175 0.8664 0
1652146573640 0.892 0
1652146576116 0.898 0
1652146578590 0.9156 0
1652146581032 0.8896 0
1652146583518 0.8964 0
1652146585973 0.9312 0
1652146588433 0.9128 0
1652146590826 0.9048 0
1652146593302 0.9116 0
1652146595724 0.8952 0
1652146598168 0.9128 0
1652146600576 0.9028 0
1652146602972 0.906 0
1652146606145 0.6256 0
1652146609054 0.6886 0
1652146611918 0.7248 0
1652146614864 0.7568 0
1652146617821 0.763 0
1652146620712 0.7798 0
1652146623656 0.7932 0
1652146626550 0.7926 0
1652146629476 0.7986 0
1652146632361 0.823 0
1652146635303 0.81 0
1652146638222 0.8198 0
1652146641054 0.8364 0
1652146643917 0.8402 0
1652146646832 0.8356 0
1652146649648 0.8544 0
1652146652459 0.8442 0
1652146655357 0.8554 0
1652146658375 0.8624 0
1652146661119 0.8666 0
1652146663913 0.8542 0
1652146666818 0.8674 0
1652146669755 0.8646 0
1652146672604 0.8674 0
1652146675486 0.8664 0
1652146678342 0.885 0
1652146681275 0.8786 0
1652146684221 0.8852 0
1652146687108 0.8854 0
1652146690038 0.8744 0
1652146694534 0.7118666666666666 0
1652146698579 0.7613333333333333 0
1652146702720 0.7769333333333334 0
1652146706647 0.7964 0
1652146710638 0.7894666666666666 0
1652146714751 0.7916 0
1652146718950 0.7965333333333333 0
1652146723078 0.8257333333333333 0
1652146726996 0.818 0
1652146731084 0.8208 0
1652146735057 0.8254666666666667 0
1652146739189 0.8389333333333333 0
1652146743312 0.8189333333333333 0
1652146747373 0.8282666666666667 0
1652146751325 0.8292 0
1652146755404 0.8396 0
1652146759398 0.8357333333333333 0
1652146763497 0.8282666666666667 0
1652146767506 0.85 0
1652146771534 0.846 0
1652146775532 0.8654666666666667 0
1652146779697 0.8436 0
1652146783882 0.8702666666666666 0
1652146787724 0.8558666666666667 0
1652146791553 0.8541333333333333 0
1652146795550 0.8589333333333333 0
1652146799738 0.8621333333333333 0
1652146803843 0.8710666666666667 0
1652146807983 0.8544 0
1652146812184 0.852 0
1652146816981 0.7638036809815951 0
1652146821377 0.8126166977860763 0
1652146825638 0.8278207522005868 0
1652146829926 0.8414243798346226 0
1652146834101 0.8240864230461457 0
1652146838380 0.8523606295012003 0
1652146842616 0.8495598826353694 0
1652146846824 0.8476927180581488 0
1652146851127 0.850093358228861 0
1652146855512 0.8498266204321152 0
1652146859804 0.8662309949319819 0
1652146863888 0.8480928247532675 0
1652146868174 0.8578287543344892 0
1652146872348 0.8643638303547613 0
1652146876488 0.8502267271272339 0
1652146880821 0.8639637236596426 0
1652146885039 0.8639637236596426 0
1652146889288 0.8740997599359829 0
1652146893584 0.8678314217124566 0
1652146897857 0.8723659642571352 0
1652146902128 0.8731661776473726 0
1652146906260 0.8694318484929314 0
1652146910524 0.8747666044278474 0
1652146914688 0.8732995465457455 0
1652146918767 0.8755668178180849 0
1652146923110 0.885969591891171 0
1652146927465 0.8809015737530008 0
1652146931577 0.8831688450253401 0
1652146935823 0.8730328087489997 0
1652146940030 0.8775673512936784 0
1652146945205 0.7385333333333334 0
1652146949485 0.7596 0
1652146953696 0.7672 0
1652146958013 0.7885333333333333 0
1652146962366 0.7824 0
1652146966572 0.8082666666666667 0
1652146970719 0.8052 0
1652146975137 0.8265333333333333 0
1652146979416 0.8062666666666667 0
1652146983686 0.8050666666666667 0
1652146988040 0.8054666666666667 0
1652146992325 0.8361333333333333 0
1652146996460 0.8385333333333334 0
1652147000734 0.8370666666666666 0
1652147004930 0.8173333333333334 0
1652147009389 0.8166666666666667 0
1652147013762 0.8321333333333333 0
1652147018132 0.8489333333333333 0
1652147022517 0.8442666666666667 0
1652147026821 0.8489333333333333 0
1652147031155 0.8433333333333334 0
1652147035676 0.848 0
1652147040197 0.8584 0
1652147044550 0.8616 0
1652147048766 0.8486666666666667 0
1652147053223 0.8474666666666667 0
1652147057309 0.8465333333333334 0
1652147061622 0.8588 0
1652147065908 0.8569333333333333 0
1652147070146 0.86 0
