1643931025636 0.9055666666666666 0
1643931090826 0.9503666666666667 0
1643931156894 0.9636666666666667 0
1643931222485 0.9719833333333333 0
1643931288262 0.97695 0
1643932078827 0.9209666666666667 0
1643932864573 0.9635833333333333 0
1643933645102 0.9735333333333334 0
1643934427485 0.9783166666666666 0
1643935210704 0.9826333333333334 0
1643935993165 0.9231833333333334 0
1643936767580 0.9650666666666666 0
1643937543120 0.9739166666666667 0
1643938319123 0.9796833333333334 0
1643939091540 0.9823333333333333 0
