1654764306195 0.6352998241678288 0
1654764319582 0.9414296974474019 0
1654764332980 0.9832049960589341 0
1654764346177 0.9906627053901655 0
1654764359275 0.9961195658764325 0
1654764372474 0.9989086279027466 0
1654764385984 0.9987873643363852 0
1654764398985 0.9995755775177348 0
1654764412060 0.999272418601831 0
1654764425424 1.0 0
1654764446192 0.9020677945546055 0
1654764462751 0.9928445818931538 0
1654764479546 0.9967861257655691 0
1654764496116 0.9958765387180887 0
1654764512561 0.9967861257655691 0
1654764529183 0.9995148869080104 0
1654764545868 0.9999393608635013 0
1654764562318 0.9975137954035534 0
1654764579228 0.9999393608635013 0
1654764596042 1.0 0
1654764621281 0.9327028010185522 0
1654764637720 0.994725354674427 0
1654764654547 0.9969685946404753 0
1654764671310 0.9965441978901419 0
1654764687942 0.9999393718928095 0
1654764704703 1.0 0
1654764721307 1.0 0
1654764738252 0.9998181156784285 0
1654764754630 0.999878743785619 0
1654764771261 1.0 0
1654764801600 0.8719830200121286 0
1654764818314 0.9806549423893268 0
1654764835192 0.9915100060642814 0
1654764852036 0.9953305033353548 0
1654764868851 0.9937537901758642 0
1654764885236 0.9966646452395391 0
1654764901803 0.9995148574893875 0
1654764918209 1.0 0
1654764934683 0.9999393571861734 0
1654764950993 1.0 0
1654764984416 0.9471737020863659 0
1654765000905 0.9984837457544881 0
1654765017585 0.9992115477923338 0
1654765034249 1.0 0
1654765051201 1.0 0
1654765067792 0.9999393498301795 0
1654765084432 1.0 0
1654765101095 1.0 0
1654765117781 1.0 0
1654765134583 0.9995754488112567 0
