1654574963576 0.773851976862911 0
1654574972356 0.19886280171573614 0
1654574981293 0.1056700840412591 0
1654574990377 0.06916734337874915 0
1654574999246 0.06400510714126413 0
1654575007753 0.041051812621744566 0
1654575016730 0.04795468374671817 0
1654575025769 0.04257124953004912 0
1654575034528 0.04118093957459667 0
1654575042844 0.028941414810181143 0
1654575064565 0.3076585330783384 0
1654575083063 0.080893508718118 0
1654575101965 0.04555026411940277 0
1654575120624 0.031582348395017446 0
1654575139037 0.02960562633504272 0
1654575157409 0.03201476650991763 0
1654575176212 0.02462257492008486 0
1654575194975 0.02089074205775583 0
1654575213424 0.018339420738264854 0
1654575232364 0.01479251565532246 0
1654575261878 0.21392332901175926 0
1654575284283 0.049978725679102 0
1654575306408 0.03132190043507572 0
1654575328842 0.02195486305369463 0
1654575351048 0.0278923459173426 0
1654575373199 0.012169736449272335 0
1654575395568 0.016436410650934683 0
1654575418040 0.019000851784600876 0
1654575440579 0.014940850742291805 0
1654575462590 0.011539849103617226 0
1654575500091 0.38057955499939516 0
1654575525920 0.10073840042758053 0
1654575551695 0.06897128086510013 0
1654575577735 0.041446481860740354 0
1654575603272 0.04298993015012056 0
1654575628873 0.0298847388399888 0
1654575654190 0.030312836348864756 0
1654575679511 0.031281093717086775 0
1654575705168 0.0239504855077289 0
1654575731094 0.015549444521483222 0
1654575779088 0.21483122002754101 0
1654575809138 0.04674269504334971 0
1654575839458 0.026647166268697002 0
1654575869305 0.0227612764698148 0
1654575898926 0.015215887101003635 0
1654575928021 0.008470267876987844 0
1654575958221 0.025755839388764905 0
1654575987485 0.010635193474095406 0
1654576016799 0.010860305802274947 0
1654576046712 0.010712642508498717 0
