1654292938031 1.0752597756551465 0
1654292952610 0.3946535867758993 0
1654292967241 0.226997523637066 0
1654292981999 0.1877187516438421 0
1654292996819 0.20214056881773806 0
1654293052186 0.36569527800796203 0
1654293091723 0.17390962101231766 0
1654293133046 0.17317983440984341 0
1654293173109 0.12653279539551665 0
1654293213572 0.17702776016364782 0
1654293285843 0.2830622996825499 0
1654293326431 0.15655170022136763 0
1654293366737 0.09542177969029025 0
1654293406851 0.1106419106500739 0
1654293447624 0.14778082988045538 0
1654293535099 0.5206142458466055 0
1654293575157 0.2549319339301629 0
1654293615473 0.2086635195801239 0
1654293656266 0.18573393759895465 0
1654293696996 0.18515634820850205 0
1654293799301 0.2361797603065928 0
1654293840184 0.09714176853512227 0
1654293881161 0.11346976685186116 0
1654293922263 0.09716612552038886 0
1654293963540 0.11923055968603724 0
