1653076783340 2.238399439620972 0
1653076788258 2.050298289489746 0
1653076793332 1.945000940322876 0
1653076798387 1.8287251575469972 0
1653076803452 1.739534188079834 0
1653076811770 1.984795491027832 0
1653076819903 1.7217609155654907 0
1653076828374 1.570683974647522 0
1653076836726 1.4396479991912843 0
1653076844922 1.3107418308258056 0
1653076854597 2.0214982343673706 0
1653076863520 1.694771418952942 0
1653076872579 1.5715562801361085 0
1653076881642 1.416296732711792 0
1653076890520 1.3144484569549562 0
1653076902532 1.834475283241272 0
1653076912843 1.508902557182312 0
1653076922981 1.3456260778427125 0
1653076933424 1.2298303171157836 0
1653076943818 1.126254490852356 0
1653076957093 1.9414263849258422 0
1653076969030 1.66273470287323 0
1653076981178 1.5604512784957887 0
1653076993000 1.4218701564788818 0
1653077005030 1.3225820751190185 0
