1645573423545 0.126 0
1645573431618 0.2144 0
1645573439885 0.2968 0
1645573448230 0.3646 0
1645573456535 0.4244 0
1645573464881 0.4768 0
1645573473115 0.5362 0
1645573481301 0.5824 0
1645573489534 0.639 0
1645573497777 0.6818 0
1645573516480 0.2182 0
1645573526101 0.3694 0
1645573535629 0.4248 0
1645573545294 0.4642 0
1645573554802 0.4978 0
1645573564538 0.5198 0
1645573574267 0.55 0
1645573583808 0.5716 0
1645573593567 0.5866 0
1645573603185 0.6104 0
1645573623254 0.241 0
1645573634146 0.3694 0
1645573644764 0.4206 0
1645573655385 0.4478 0
1645573665787 0.4684 0
1645573676322 0.4924 0
1645573687225 0.5032 0
1645573697644 0.5182 0
1645573708227 0.5312 0
1645573718601 0.5332 0
