1652511123117 2.4721039451599123 0
1652511128467 2.265175687789917 0
1652511133581 2.211825609588623 0
1652511138774 2.1297996000289916 0
1652511144000 2.0958218887329103 0
1652511149162 2.055493063735962 0
1652511154616 1.9670411508560182 0
1652511159827 1.9985911239624023 0
1652511165031 1.9738474685668945 0
1652511170128 1.8592805702209472 0
1652511175323 1.8457538875579833 0
1652511180754 1.801706545639038 0
1652511185925 1.8044604084014892 0
1652511191062 1.7887990339279174 0
1652511196253 1.6994397876739502 0
1652511201206 1.7152152801513671 0
1652511206259 1.6528674333572388 0
1652511211535 1.6575060676574707 0
1652511216917 1.6263924686431885 0
1652511222175 1.59546786775589 0
1652511227314 1.5608956148147584 0
1652511232421 1.6018598121643066 0
1652511237667 1.5385396326065064 0
1652511242869 1.518871189212799 0
1652511248117 1.4902297117233276 0
1652511253355 1.4529734964370729 0
1652511258627 1.4078291955947877 0
1652511263768 1.3751379713058471 0
1652511268998 1.4078312200546266 0
1652511274087 1.3822131486415863 0
1652511279435 1.4503367851257325 0
1652511284542 1.299638875389099 0
1652511289836 1.228876212310791 0
1652511294817 1.2683692804336548 0
1652511300055 1.2894871402740478 0
1652511305308 1.2470128604888917 0
1652511310380 1.1723251693725585 0
1652511315468 1.136324703025818 0
1652511320591 1.1034590082168578 0
1652511325815 1.0567096715927125 0
1652511331032 1.0316384562492371 0
1652511336097 1.121260220527649 0
1652511341264 1.0180529312133788 0
1652511346419 1.0414298484802247 0
1652511351721 0.9406937148094178 0
1652511357021 0.9277222398757935 0
1652511362071 0.9255563422203064 0
1652511367325 0.9314746231079102 0
1652511372550 0.864963631439209 0
1652511377794 0.8834783792495727 0
1652511390880 2.1052161636352538 0
1652511403628 1.632433469581604 0
1652511416551 1.475235019683838 0
1652511429152 1.3364449897766113 0
1652511442343 1.2270726181030274 0
1652511455176 1.1953128269195556 0
1652511468192 1.2091121078491212 0
1652511481357 1.1083722557067872 0
1652511494348 1.0251783354759216 0
1652511507524 1.0003975193977357 0
1652511520758 1.011172519016266 0
1652511534064 1.0086408266067506 0
1652511547316 0.9698105901241303 0
1652511560443 0.9177896850585937 0
1652511573608 0.9058616555213929 0
1652511586648 0.876181584072113 0
1652511599622 0.8201647761821746 0
1652511612692 0.8528540519714356 0
1652511625723 0.7767400196075439 0
1652511638673 0.7525382509231567 0
1652511651785 0.7758665590286254 0
1652511665072 0.6972641178131104 0
1652511678285 0.6351449431419373 0
1652511691740 0.7466931838989258 0
1652511705082 0.6967780714988708 0
1652511718081 0.7218546379089356 0
1652511731226 0.5866717352390289 0
1652511744345 0.6330583014965058 0
1652511757509 0.5689735532402992 0
1652511770630 0.5942052054405212 0
1652511783859 0.5932433347225189 0
1652511797173 0.5806014558792114 0
1652511810363 0.5712762944698334 0
1652511823543 0.608378381729126 0
1652511836776 0.5945664846420288 0
1652511849851 0.575409408903122 0
1652511863005 0.6281910227775573 0
1652511876110 0.4226626821517944 0
1652511888940 0.4772132304191589 0
1652511902203 0.591185027885437 0
1652511915332 0.4553260292991996 0
1652511928496 0.4520798034667969 0
1652511941573 0.5351550154685975 0
1652511954657 0.5363629477739335 0
1652511967631 0.40643623955249786 0
1652511980637 0.49897861161231993 0
1652511993820 0.6134584496498108 0
1652512006987 0.446360759973526 0
1652512020047 0.4206422293573618 0
1652512033270 0.48159990208148956 0
1652512047641 2.1417913343429564 0
1652512060799 1.6254434938430786 0
1652512074062 1.489392555618286 0
1652512087347 1.3468002319335937 0
1652512100427 1.268215362930298 0
1652512113613 1.2399805833816528 0
1652512127021 1.1476177000045777 0
1652512140284 1.1036894265174866 0
1652512153610 1.0710576152801514 0
1652512166717 1.0399151298522948 0
1652512179824 1.0149412786483765 0
1652512193191 1.0052486492156982 0
1652512206466 0.9538272867202758 0
1652512219770 0.9085801842689514 0
1652512233096 0.873754915523529 0
1652512246243 0.8176552385807038 0
1652512259622 0.8045819291114807 0
1652512273050 0.8652999773025513 0
1652512286308 0.8257104208946228 0
1652512299453 0.7795356236457824 0
1652512312852 0.7613436315536499 0
1652512326099 0.7095985522270203 0
1652512339331 0.7639838002324104 0
1652512352703 0.7026484424591064 0
1652512365953 0.7105660746574401 0
1652512378936 0.6982979980945587 0
1652512392304 0.6401992307305336 0
1652512405662 0.6283876672506332 0
1652512419073 0.5844569238424301 0
1652512432441 0.6204146374702454 0
1652512445599 0.6438101973056793 0
1652512458881 0.5450772842884064 0
1652512472165 0.5868518852710723 0
1652512485497 0.5711898371696472 0
1652512498908 0.5290750481128693 0
1652512512012 0.6140513232231141 0
1652512525260 0.5549805688858033 0
1652512538666 0.43949531579017637 0
1652512552127 0.4601525542020798 0
1652512565395 0.5112247978210449 0
1652512578778 0.5334764152050019 0
1652512591868 0.4808266786813736 0
1652512605232 0.51163405585289 0
1652512618589 0.549901552772522 0
1652512631801 0.39448590128421784 0
1652512645119 0.4192723372220993 0
1652512658433 0.48219726281166075 0
1652512671856 0.5075290343761444 0
1652512685144 0.4302705381989479 0
1652512698389 0.40299289169311525 0
1652512713221 1.7476834867477418 0
1652512726596 1.2943121923446654 0
1652512739947 1.0922150863647462 0
1652512753344 1.0826359582901002 0
1652512766774 0.9177534482955932 0
1652512780062 0.871696070098877 0
1652512793182 0.8794854088783264 0
1652512806539 0.8036591153144836 0
1652512819850 0.7568562739372253 0
1652512833299 0.6936989271640778 0
1652512846546 0.7143761660575867 0
1652512859981 0.6206185262918472 0
1652512873425 0.6531699199676514 0
1652512886823 0.7154816232681275 0
1652512900344 0.5941238140106201 0
1652512913526 0.5829412051320076 0
1652512926796 0.5345479343891144 0
1652512940181 0.4925295651555061 0
1652512953530 0.5388449181556701 0
1652512966978 0.5716063286781311 0
1652512980239 0.5696059197425842 0
1652512993538 0.4797463840007782 0
1652513006814 0.49348853604793547 0
1652513019999 0.4848511808395386 0
1652513033401 0.4683364523887634 0
1652513046875 0.43493541537523267 0
1652513060182 0.4477559273719788 0
1652513073603 0.4681579985141754 0
1652513086863 0.4349301942586899 0
1652513100311 0.4891514687657356 0
1652513113735 0.4627204143762588 0
1652513127192 0.35679349298477175 0
1652513140551 0.5000328312873841 0
1652513153734 0.4337569720506668 0
1652513167083 0.4044475873231888 0
1652513180394 0.4386359336018562 0
1652513193811 0.452685845541954 0
1652513207275 0.33337090253829954 0
1652513220738 0.3276228202879429 0
1652513234355 0.4408872394800186 0
1652513247721 0.313572145986557 0
1652513261105 0.37831214477047326 0
1652513274548 0.33577102125287056 0
1652513287936 0.37829235231876374 0
1652513301324 0.4527248029410839 0
1652513314707 0.33806647478342056 0
1652513328017 0.42501786621809007 0
1652513341536 0.4271770364999771 0
1652513354869 0.41994961650371554 0
1652513368231 0.5172722701311111 0
1652513383461 1.9644546936035157 0
1652513396993 1.4876434923171997 0
1652513410515 1.3685703647613525 0
1652513423863 1.2957323566436767 0
1652513437318 1.2319704540252685 0
1652513450916 1.1004783802032472 0
1652513464489 1.074402362537384 0
1652513478018 0.9647738916397095 0
1652513491430 1.0103377523422241 0
1652513504989 0.9563513007164002 0
1652513518425 0.9476958490371704 0
1652513531944 0.8434168110847473 0
1652513545593 0.8177587686538696 0
1652513559252 0.7906505172729492 0
1652513572687 0.8151423995494842 0
1652513586275 0.7415853476524353 0
1652513599729 0.701702718424797 0
1652513613191 0.7384400356292724 0
1652513626608 0.6786927055358887 0
1652513639935 0.6386788098335267 0
1652513653674 0.5923970618247986 0
1652513667224 0.6671844958782196 0
1652513680597 0.6045374769687653 0
1652513694156 0.6116608974456788 0
1652513707636 0.5560966383934021 0
1652513721084 0.6713621119022369 0
1652513734612 0.622624261379242 0
1652513748092 0.5421376550644637 0
1652513761633 0.6303012842178345 0
1652513775128 0.5097722115755081 0
1652513788699 0.47985842113494875 0
1652513802159 0.5565872417926788 0
1652513815605 0.5016498261928558 0
1652513828960 0.43920414361953736 0
1652513842603 0.4936281767129898 0
1652513856193 0.5004063220024109 0
1652513869710 0.4740377547502518 0
1652513883365 0.3591832794189453 0
1652513896901 0.49583362760543825 0
1652513910549 0.4958476543426514 0
1652513924111 0.5697648257732392 0
1652513937614 0.5408418130874634 0
1652513951178 0.4167634072065353 0
1652513964707 0.4979858993947506 0
1652513978215 0.4895635179936886 0
1652513991732 0.3539047355547547 0
1652514005244 0.3978464962512255 0
1652514018867 0.4441393571138382 0
1652514032276 0.4342594956994057 0
1652514045818 0.45219220205545424 0
