1651675259304 0.4096 0
1651675261931 0.6072 0
1651675264782 0.6992 0
1651675267692 0.7416 0
1651675270540 0.7776 0
1651675273445 0.8176 0
1651675276238 0.8228 0
1651675278996 0.8064 0
1651675281862 0.8632 0
1651675284726 0.8232 0
1651675287511 0.8712 0
1651675290403 0.878 0
1651675293122 0.8964 0
1651675295970 0.8812 0
1651675298794 0.8848 0
1651675301691 0.9188 0
1651675304527 0.9128 0
1651675307468 0.8804 0
1651675310138 0.91 0
1651675312893 0.9236 0
1651675315663 0.9416 0
1651675318528 0.938 0
1651675321345 0.9084 0
1651675324174 0.94 0
1651675326930 0.952 0
1651675329709 0.9616 0
1651675332473 0.9604 0
1651675335222 0.942 0
1651675338002 0.9 0
1651675340749 0.92 0
1651675345995 0.6326 0
1651675351062 0.7242 0
1651675356010 0.7542 0
1651675360837 0.7938 0
1651675365789 0.8102 0
1651675370619 0.8272 0
1651675375643 0.8364 0
1651675380557 0.8662 0
1651675385399 0.854 0
1651675390304 0.8748 0
1651675395186 0.8854 0
1651675400083 0.8812 0
1651675405202 0.8844 0
1651675410211 0.8956 0
1651675415422 0.9078 0
1651675420472 0.9176 0
1651675425440 0.9084 0
1651675430506 0.9136 0
1651675435560 0.9186 0
1651675440588 0.907 0
1651675445497 0.9292 0
1651675450425 0.9382 0
1651675455448 0.9276 0
1651675460350 0.926 0
1651675465165 0.945 0
1651675469987 0.9346 0
1651675474920 0.9176 0
1651675479833 0.933 0
1651675484956 0.9446 0
1651675489883 0.9422 0
1651675497451 0.7509333333333333 0
1651675504776 0.8022666666666667 0
1651675511880 0.8266666666666667 0
1651675518911 0.8294666666666667 0
1651675526032 0.8385333333333334 0
1651675532866 0.8488 0
1651675540108 0.8674666666666667 0
1651675547351 0.8754666666666666 0
1651675554464 0.8814666666666666 0
1651675561714 0.8910666666666667 0
1651675569124 0.8952 0
1651675576220 0.8849333333333333 0
1651675583411 0.8853333333333333 0
1651675590585 0.8938666666666667 0
1651675597794 0.9142666666666667 0
1651675604937 0.9017333333333334 0
1651675611802 0.9024 0
1651675618847 0.9178666666666667 0
1651675625849 0.9212 0
1651675632801 0.9236 0
1651675639874 0.9236 0
1651675647011 0.9230666666666667 0
1651675654317 0.9336 0
1651675661474 0.9238666666666666 0
1651675668535 0.9186666666666666 0
1651675675625 0.9350666666666667 0
1651675682725 0.9353333333333333 0
1651675689736 0.9374666666666667 0
1651675696726 0.9376 0
1651675703824 0.9408 0
1651675713934 0.8484 0
1651675723284 0.8877 0
1651675732946 0.8956 0
1651675742826 0.9129 0
1651675752339 0.8979 0
1651675761976 0.9093 0
1651675771582 0.9219 0
1651675781338 0.9204 0
1651675790974 0.9262 0
1651675800212 0.9248 0
1651675809907 0.92 0
1651675819724 0.9295 0
1651675829483 0.9275 0
1651675839002 0.9323 0
1651675848367 0.9342 0
1651675857995 0.9344 0
1651675867722 0.9404 0
1651675877091 0.9424 0
1651675886508 0.9396 0
1651675896092 0.9477 0
1651675905375 0.9405 0
1651675914691 0.9363 0
1651675924190 0.9489 0
1651675933543 0.9418 0
1651675943188 0.9495 0
1651675952648 0.9391 0
1651675962197 0.9447 0
1651675971717 0.947 0
1651675981013 0.9487 0
1651675990616 0.9514 0
1651676003673 0.83328 0
1651676015721 0.86192 0
1651676027745 0.86128 0
1651676039781 0.87816 0
1651676051948 0.88528 0
1651676064192 0.88 0
1651676076156 0.88848 0
1651676088422 0.89368 0
1651676100706 0.89752 0
1651676112543 0.9052 0
1651676124526 0.89952 0
1651676136746 0.91192 0
1651676148758 0.90296 0
1651676160787 0.91264 0
1651676172691 0.91088 0
1651676184695 0.91144 0
1651676196538 0.91408 0
1651676208625 0.9136 0
1651676220648 0.92864 0
1651676232794 0.9252 0
1651676244796 0.92208 0
1651676256938 0.93144 0
1651676268905 0.93024 0
1651676281092 0.93456 0
1651676293165 0.92 0
1651676305341 0.93512 0
1651676317158 0.92864 0
1651676329063 0.93536 0
1651676341268 0.93656 0
1651676353097 0.93632 0
