1652340680323 1.6127143831253052 0
1652340688437 1.0728981046676636 0
1652340696617 0.9539271104335785 0
1652340704757 0.9061900061488152 0
1652340712905 0.8872182013303042 0
1652340722185 1.768906960296631 0
1652340728037 1.641129733657837 0
1652340733677 1.4914547172546386 0
1652340739464 1.4427780544281006 0
1652340745072 1.4342311084747315 0
1652340757836 1.7697905857086182 0
1652340763505 1.5815530042648316 0
1652340769088 1.567026015472412 0
1652340774781 1.5339119316101075 0
1652340780387 1.4383618549346924 0
1652340796956 1.457208213043213 0
1652340802717 1.1700449003219604 0
1652340808370 0.9841921331882477 0
1652340814077 1.0058235308408736 0
1652340819699 0.9570298064231872 0
1652340839592 1.8353285213470458 0
1652340845239 1.6776545656204223 0
1652340850927 1.6852298509597778 0
1652340856583 1.5691579584121704 0
1652340862249 1.484955892753601 0
