1644592009885 0.1128 0
1644592012272 0.2846 0
1644592014591 0.3384 0
1644592016943 0.444 0
1644592019299 0.4984 0
1644592021677 0.4936 0
1644592024038 0.5468 0
1644592026382 0.5688 0
1644592028710 0.5806 0
1644592031014 0.618 0
1644592033354 0.6328 0
1644592035665 0.6514 0
1644592037971 0.6814 0
1644592040292 0.6968 0
1644592042671 0.7152 0
1644592045082 0.735 0
1644592047386 0.7492 0
1644592049771 0.7656 0
1644592052142 0.7736 0
1644592054462 0.8 0
1644592057658 0.074 0
1644592060561 0.2324 0
1644592063567 0.3282 0
1644592066716 0.3782 0
1644592069841 0.4102 0
1644592072944 0.4354 0
1644592075976 0.444 0
1644592078898 0.4688 0
1644592082025 0.4952 0
1644592085036 0.509 0
1644592088113 0.5386 0
1644592091224 0.557 0
1644592094150 0.569 0
1644592097163 0.5864 0
1644592100316 0.6074 0
1644592103335 0.6308 0
1644592106285 0.6376 0
1644592109262 0.6602 0
1644592112307 0.6792 0
1644592115351 0.6986 0
1644592118936 0.0572 0
1644592122011 0.2486 0
1644592125069 0.3632 0
1644592128127 0.422 0
1644592131238 0.4628 0
1644592134276 0.5054 0
1644592137416 0.527 0
1644592140528 0.5384 0
1644592143475 0.573 0
1644592146492 0.5908 0
1644592149528 0.6104 0
1644592152604 0.6344 0
1644592155776 0.6608 0
1644592158856 0.6706 0
1644592161917 0.6896 0
1644592164912 0.7066 0
1644592168003 0.732 0
1644592171077 0.7456 0
1644592174142 0.7622 0
1644592177110 0.7808 0
