1653421202521 0.6984730589548747 0
1653421251046 0.5513576235026121 0
1653421300134 0.5149682915002107 0
1653421348874 0.47882072812716164 0
1653421397904 0.47315355437994006 0
1653421446855 0.4309929271986087 0
1653421495951 0.4203113846262296 0
1653421545385 0.4067980965251724 0
1653421594610 0.38936823714425167 0
1653421643915 0.3980708827299376 0
1653421749192 0.6521120655745268 0
1653421850073 0.5712722016225259 0
1653421950207 0.5561004778712988 0
1653422051419 0.552518941553558 0
1653422153047 0.5457103948180875 0
1653422254446 0.5370852984217306 0
1653422355579 0.5449261615368227 0
1653422456232 0.5427379447795451 0
1653422557886 0.5309639330933491 0
1653422658803 0.5322315191720923 0
1653422824149 0.7375546671715048 0
1653422980864 0.6786852593537834 0
1653423135291 0.672500966155529 0
1653423291436 0.6714471880530317 0
1653423448021 0.6718019041104449 0
1653423603756 0.6659593984521097 0
1653423760037 0.6581238525656362 0
1653423915693 0.6571087080981997 0
1653424073641 0.6580118979208999 0
1653424229553 0.6602278696131375 0
1653424455801 0.8321984723525743 0
1653424669308 0.789717832741638 0
1653424883065 0.7765714124937853 0
1653425095795 0.779407413593183 0
1653425310194 0.7711129880232116 0
1653425525257 0.774443946662421 0
1653425736772 0.7865055433754499 0
1653425950803 0.7712593912887077 0
1653426164914 0.7786820574703316 0
1653426377773 0.76808043497925 0
1653426669729 0.9276227031632265 0
1653426942490 0.8890099208507936 0
1653427217645 0.8789736465241512 0
1653427492388 0.8778006061389049 0
1653427768171 0.8736829885268211 0
1653428041086 0.8771726392956575 0
1653428317765 0.8735304300385713 0
1653428591626 0.869038040964206 0
1653428868001 0.8771799409568309 0
1653429145779 0.8678056586027145 0
