1654225714231 0.3020092077724483 0
1654225728090 0.08888426085751426 0
1654225742255 0.04962736084251012 0
1654225756723 0.06630391549426995 0
1654225770861 0.04165439696859742 0
1654225800802 0.18228926915318586 0
1654225816195 0.08119388754098006 0
1654225831348 0.07287347245223544 0
1654225846287 0.04645474375400236 0
1654225861639 0.06393970873978967 0
1654225908237 0.1291282584154648 0
1654225923600 0.055515699963321764 0
1654225938691 0.056731767457447214 0
1654225953875 0.05668957219952015 0
1654225968885 0.0571446847226948 0
1654226029550 0.22235929675938187 0
1654226044802 0.09839795221734443 0
1654226060007 0.08498566959468594 0
1654226075289 0.08205834303797312 0
1654226090743 0.0735184841475562 0
1654226166236 0.12180381887836635 0
1654226181562 0.0663885635453113 0
1654226197143 0.054351978607611914 0
1654226212621 0.057497362517941075 0
1654226228343 0.0662415263486837 0
