1644430516276 1.6090182773590087 0
1644430517729 1.6083664375305176 0
1644430519127 1.607696583175659 0
1644430520530 1.6071319177627563 0
1644430521947 1.6063756023406983 0
1644430523609 1.6064111688613891 0
1644430525064 1.602766365814209 0
1644430526560 1.598213289642334 0
1644430528062 1.5939341199874877 0
1644430529554 1.589182857322693 0
1644430531448 1.6076910062789918 0
1644430533012 1.6056389982223511 0
1644430534549 1.603212233543396 0
1644430536141 1.601005892944336 0
1644430537614 1.5985526163101196 0
