1665390821273 0.4321527293383093 0
1665390850472 0.26328387009542725 0
1665390879648 0.21592619480625172 0
1665390909430 0.17737908138944106 0
1665390938670 0.14580283452867396 0
1665390967897 0.12431926922133651 0
1665390996906 0.10341033777293358 0
1665391025728 0.08518411552235945 0
1665391054199 0.07508356629375644 0
1665391083542 0.06483687943390128 0
1665391112871 0.059126042889094656 0
1665391142086 0.0528811717503984 0
1665391171137 0.04626484956249424 0
1665391200445 0.04423668036285564 0
1665391230053 0.04061568130271687 0
1665391259940 0.03910793574856881 0
1665391289877 0.033350186966498344 0
1665391318880 0.03433002159308689 0
1665391348474 0.030096914513691942 0
1665391377483 0.029218541643437443 0
1665391406659 0.027435028133077154 0
1665391435687 0.028232461063541874 0
1665391464875 0.026653161158506064 0
1665391494380 0.02204073610264867 0
1665391524211 0.025498382796122168 0
1665391553160 0.023138505611544742 0
1665391582032 0.021576934367213474 0
1665391611151 0.020391723922111388 0
1665391640172 0.022010017522612366 0
1665391669326 0.021056101189496385 0
1665391699360 0.02033506099935627 0
1665391728697 0.019303621557458 0
1665391757824 0.017788112985604648 0
1665391787283 0.01912592911734694 0
1665391816465 0.01787466124780691 0
1665391845710 0.016742078592856768 0
1665391874552 0.018232860598267068 0
1665391904243 0.017924236317801906 0
1665391933370 0.018252245499287167 0
1665391962542 0.015840764203126984 0
1665391991897 0.017454514228476888 0
1665392021165 0.015609214327748859 0
1665392050401 0.01689304717374723 0
1665392079666 0.016493667981034764 0
1665392108598 0.01653086927512359 0
1665392137827 0.016024423348732338 0
1665392167304 0.015968487513782926 0
1665392196211 0.014460402104743978 0
1665392225473 0.01678317472814926 0
1665392254822 0.015270918012661032 0
1665392353079 1.4074448677825928 0
1665392443965 0.9335594061660767 0
1665392534577 0.7745576421260834 0
1665392624771 0.6706073917675018 0
1665392715013 0.5935998682594299 0
1665392805973 0.5315848360824585 0
1665392896768 0.4747734384870529 0
1665392988099 0.4283056640815735 0
1665393079014 0.3934254520916939 0
1665393173679 0.35290834994792936 0
1665393268250 0.32003255788564683 0
1665393360050 0.2984278901076317 0
1665393450605 0.2605137273681164 0
1665393540708 0.2442290677845478 0
1665393630305 0.2175462557554245 0
1665393722111 0.20707363928914072 0
1665393812055 0.19373640254199506 0
1665393901910 0.17922998245954513 0
1665393992305 0.17360718199074268 0
1665394082661 0.15707200291842222 0
1665394172776 0.15606595854192973 0
1665394263044 0.14236457760497928 0
1665394353240 0.13727402938723565 0
1665394445922 0.12890714951194823 0
1665394536968 0.13113998025670648 0
1665394629299 0.11729558635160327 0
1665394723110 0.11372173476874828 0
1665394814890 0.1139478251117468 0
1665394907056 0.11062966118872165 0
1665394999356 0.10379060478493571 0
1665395089155 0.10328442263305188 0
1665395180177 0.10163153462260961 0
1665395272578 0.09599623634748161 0
1665395365096 0.09754908011242747 0
1665395456410 0.08952725974068046 0
1665395547244 0.09779986409761011 0
1665395637863 0.09117979281164705 0
1665395729351 0.09161876636721193 0
1665395823607 0.08694795292519034 0
1665395925817 0.08534798985540867 0
1665396026325 0.08148154934108258 0
1665396127969 0.08454321269527078 0
1665396229413 0.07906771096982061 0
1665396331141 0.08431476947925985 0
1665396432623 0.08011474695384502 0
1665396535710 0.07779727791978046 0
1665396637476 0.07708053076808341 0
1665396739225 0.07568718874463812 0
1665396841564 0.07605551578626037 0
1665396941145 0.0701890595511347 0
1665397073782 0.10139103099054968 0
1665397185305 0.02775582424917569 0
1665397294191 0.02087720394698748 0
1665397402920 0.017517248840036335 0
1665397511332 0.015188024236696462 0
1665397619592 0.014203556320628074 0
1665397728006 0.014174195672371813 0
1665397836854 0.01231247540205659 0
1665397945417 0.010680888321702756 0
1665398053847 0.012522101894859224 0
1665398162084 0.009947104411374311 0
1665398270337 0.009189318981524653 0
1665398378785 0.009498805970415802 0
1665398487332 0.009870226125656335 0
1665398596146 0.010316743104797205 0
1665398705155 0.008326946464575304 0
1665398813773 0.008942601475556634 0
1665398922328 0.008134704904285172 0
1665399031101 0.009291474465758074 0
1665399139849 0.008418013041864954 0
1665399248340 0.006178982349118329 0
1665399356863 0.009163716767740698 0
1665399465285 0.00947603407031129 0
1665399573643 0.0072912304850452836 0
1665399682472 0.006397153882647884 0
1665399790797 0.00895364040927525 0
1665399899673 0.00775581225660729 0
1665400008252 0.009089955872410549 0
1665400116954 0.006261213290637291 0
1665400225402 0.007591644347460897 0
1665400333917 0.008833331077580563 0
1665400442533 0.005735417458837644 0
1665400551265 0.006984721426526569 0
1665400659709 0.006798136814751888 0
1665400768327 0.00792846105732921 0
1665400876472 0.007809079967440387 0
1665400984823 0.005324516433766924 0
1665401093295 0.006069149649706196 0
1665401201674 0.00576434737358583 0
1665401309744 0.007372131472063423 0
1665401417980 0.004702216965769579 0
1665401526428 0.008303267644218067 0
1665401635146 0.005434190732671717 0
1665401743779 0.005890648714249983 0
1665401852266 0.007790243999512434 0
1665401960824 0.0052482512235604495 0
1665402069370 0.0030596418387465445 0
1665402177440 0.008493780970042523 0
1665402285431 0.0038266636813913163 0
1665402393755 0.007981295935310695 0
1665402517795 0.3634783568153779 0
1665402627739 0.22146669808526834 0
1665402737727 0.17881166649609803 0
1665402847729 0.1464014278255403 0
1665402957647 0.12114562452211976 0
1665403067792 0.09444283503952126 0
1665403177817 0.07841005716143797 0
1665403287365 0.06471621335029291 0
1665403397321 0.05581605683999757 0
1665403507305 0.04666256700847298 0
1665403617075 0.0400682272677271 0
1665403727213 0.034225928136225166 0
1665403837213 0.03682611688174463 0
1665403947384 0.03191481623664343 0
1665404057223 0.029225826896734846 0
1665404167330 0.025924965455780814 0
1665404277353 0.0281351156470036 0
1665404387696 0.024323670044890604 0
1665404497873 0.024598112758982462 0
1665404608026 0.023336639447811953 0
1665404717299 0.021179142177579827 0
1665404827047 0.022573454233218944 0
1665404936747 0.02301415837546762 0
1665405050257 0.019937018585817715 0
1665405163897 0.020063614339795217 0
1665405274692 0.02044410368615378 0
1665405386943 0.019609500759667328 0
1665405500237 0.019900294452294232 0
1665405611705 0.019740259664142407 0
1665405724561 0.015403286580128527 0
1665405836733 0.019114672685930662 0
1665405947132 0.019875372779491834 0
1665406057952 0.017764946741704868 0
1665406168324 0.01871220084455399 0
1665406278733 0.01788225797838677 0
1665406389392 0.015685430035850975 0
1665406499698 0.018161697781960355 0
1665406609306 0.01706870775359233 0
1665406719648 0.013272211123230288 0
1665406831667 0.017805057539832282 0
1665406941098 0.01634087938934481 0
1665407050913 0.014306570130730748 0
1665407160861 0.013821691742470162 0
1665407271151 0.014660165555313385 0
1665407380783 0.015794631747979536 0
1665407490956 0.013949506966139415 0
1665407601706 0.019535331731509238 0
1665407712327 0.015456836039467937 0
1665407823071 0.014525958885356037 0
1665407935370 0.013858348886593649 0
1665408734549 0.2934473702281748 0
1665409514852 0.21624942926093196 0
1665410296708 0.18882608135528767 0
1665411080499 0.16763777472926095 0
1665411862975 0.15002077760083984 0
1665412643125 0.1349673942456065 0
1665413425989 0.12059259049039231 0
1665414215640 0.10866725485507588 0
1665415010059 0.09903615070768154 0
1665415808773 0.08972542743249286 0
1665416616614 0.08406967145038713 0
1665417399053 0.07787299405556382 0
1665418189782 0.07271958111222727 0
1665419012820 0.0700919414185063 0
1665419814450 0.06681159133238038 0
1665420605698 0.06402778057382069 0
1665421382224 0.06212189738873433 0
1665422158527 0.05928514452333788 0
1665422935330 0.05787560351317283 0
1665423711503 0.05674269812108407 0
1665424487482 0.055575349336444764 0
1665425263995 0.05458060989948824 0
1665426040842 0.05295973718004516 0
1665426817418 0.05230015136277542 0
1665427593368 0.05137707591650475 0
1665428370412 0.05124716462380293 0
1665429146697 0.05079745675474037 0
1665429923097 0.049194778859841866 0
1665430700455 0.048415801966704065 0
1665431476820 0.047995685528143935 0
1665432252523 0.0478731003003792 0
1665433027730 0.047018032791335734 0
1665433804188 0.047296856118418544 0
1665434580215 0.04643416616489627 0
1665435355686 0.04611388021579428 0
1665436132368 0.04638202404419507 0
1665436910119 0.04573661144208691 0
1665437686519 0.0452406946769223 0
1665438462590 0.04488165683327291 0
1665439239530 0.04473205114242342 0
1665440016480 0.04426550136910961 0
1665440792620 0.04420003752120491 0
1665441574882 0.04301049258841415 0
1665442355574 0.04334471051521157 0
1665443136567 0.04329508462211217 0
1665443916018 0.04299170179760647 0
1665444696545 0.04267220414427336 0
1665445476634 0.04264586299237724 0
1665446257738 0.04246639509620883 0
1665447037681 0.042483325069966625 0
