1645551849443 1.6070540386199952 0
1645551850948 1.60047828540802 0
1645551852456 1.5901727941513062 0
1645551853978 1.5712655216217042 0
1645551855469 1.5315616415023803 0
1645551857534 1.589817036819458 0
1645551859354 1.521170803451538 0
1645551861198 1.3939230800628661 0
1645551862990 1.2099606030464172 0
1645551864806 1.0306032342910767 0
1645551867346 1.5754411403656006 0
1645551869403 1.4844074142456054 0
1645551871458 1.3562966302871704 0
1645551873506 1.2311944347381591 0
1645551875575 1.1212459337234497 0
