1642019729306 0.7743608210881551 0
1642019741935 0.23068373158772787 0
1642019754669 0.12498107264041901 0
1642019767305 0.06496008984645207 0
1642019779945 0.036093270194530486 0
1642019792530 0.025280111346642178 0
1642019805127 0.015290083589404821 0
1642019817777 0.011783811869720618 0
1642019830352 0.011113538869718711 0
1642019842944 0.011294871487965187 0
1642019855630 0.01268518258308371 0
1642019868287 0.00904934019918243 0
1642019880988 0.009774675449108084 0
1642019893675 0.007743870974332094 0
1642019906334 0.009490688291440407 0
1642019919056 0.008322750133524338 0
1642019931739 0.006396161218484243 0
1642019944382 0.006712961406633258 0
1642019957049 0.005898096555036803 0
1642019969765 0.006189331446246555 0
1642019990337 0.8038464204152426 0
1642020000504 0.24533715159893035 0
1642020010664 0.13778958920637766 0
1642020020732 0.07524099984963735 0
1642020030804 0.041960431543986 0
1642020040879 0.024042795757452648 0
1642020050971 0.01749230591704448 0
1642020061120 0.01954681824495395 0
1642020071235 0.013612407692025106 0
1642020081401 0.01266607586791118 0
1642020091505 0.010464105992515882 0
1642020101651 0.011484637930244207 0
1642020111823 0.0089714505041639 0
1642020121975 0.0076836932400862375 0
1642020132140 0.00832118905770282 0
1642020142263 0.00850287763401866 0
1642020152481 0.0074135554494336245 0
1642020162577 0.006139528254171213 0
1642020172656 0.00512423438463981 0
1642020182802 0.006758314149267972 0
1642020213889 0.8027883299032847 0
1642020224061 0.24706782824198406 0
1642020234225 0.1377346035997073 0
1642020244376 0.0735429834763209 0
1642020254560 0.03828181789517403 0
1642020264729 0.02182210080375274 0
1642020274970 0.01971418868750334 0
1642020285122 0.017173374482492607 0
1642020295290 0.016159755262732507 0
1642020305507 0.012024212476362785 0
1642020315711 0.009897981424257159 0
1642020325955 0.0076180477712924285 0
1642020336085 0.009928189193209012 0
1642020346197 0.010365439843634765 0
1642020356310 0.006925088150426745 0
1642020366535 0.008943030556539694 0
1642020376706 0.0065504470866173505 0
1642020386906 0.008591036567216118 0
1642020397043 0.008889313056568305 0
1642020407244 0.005880139389323692 0
1642020449300 0.8132902561028799 0
1642020459933 0.2586103763739268 0
1642020470442 0.15128762475649515 0
1642020481048 0.08602402347326278 0
1642020491584 0.04873143197496732 0
1642020502213 0.026713039113084477 0
1642020512768 0.01733850232164065 0
1642020523269 0.021047618949910005 0
1642020533876 0.01405533943027258 0
1642020544453 0.013410836042712131 0
1642020555038 0.014870141765475273 0
1642020565565 0.010944895729919274 0
1642020576167 0.009583504349490006 0
1642020586798 0.00789554398742815 0
1642020597297 0.009254506311938167 0
1642020607879 0.009405608060738693 0
1642020618419 0.009354816448688507 0
1642020628930 0.006841489594181379 0
1642020639495 0.008111251491618654 0
1642020650009 0.006499144136781494 0
1642020704056 0.8360206496238709 0
1642020715176 0.2758323853810628 0
1642020726194 0.16232010056972504 0
1642020737214 0.09438408490419388 0
1642020748310 0.054659512721498806 0
1642020759367 0.03729899349013965 0
1642020770258 0.02503034425675869 0
1642020781273 0.019193426381548247 0
1642020792272 0.019806259029110273 0
1642020803275 0.01661150818367799 0
1642020814349 0.01601322671175003 0
1642020825369 0.011950411623095472 0
1642020836380 0.012445416052080691 0
1642020847335 0.009114885652810335 0
1642020858324 0.009172840507825216 0
1642020869326 0.00970912652934591 0
1642020880325 0.010917827515304089 0
1642020891367 0.008150919415056706 0
1642020902425 0.008066464027389884 0
1642020913480 0.007986028617310027 0
1642020978251 0.8004647628466288 0
1642020988385 0.24759721926053366 0
1642020998523 0.13717283953825632 0
1642021008629 0.07157956532239913 0
1642021018782 0.038488018203775086 0
1642021028969 0.02620364148914814 0
1642021039116 0.016505271854499976 0
1642021049306 0.01726795594568054 0
1642021059513 0.012966906523952881 0
1642021069553 0.012485942769547304 0
1642021079711 0.012841121626645326 0
1642021089889 0.01248424765393138 0
1642021099984 0.009171048730115096 0
1642021110172 0.010341824773699045 0
1642021120365 0.00578886821133395 0
1642021130580 0.006975905177121361 0
1642021140764 0.00568809858430177 0
1642021150957 0.008498470398038626 0
1642021161062 0.007840024893606702 0
1642021171177 0.0064946434855461125 0
1642021248068 0.8710018518447876 0
1642021259495 0.2982553341627121 0
1642021270959 0.17961682553291322 0
1642021282420 0.1068102543314298 0
1642021293872 0.058866327130794524 0
1642021305319 0.03744586959481239 0
1642021316863 0.03034088088373343 0
1642021328338 0.020406939888000488 0
1642021339702 0.018877885620792706 0
1642021351176 0.020971961636841296 0
1642021362582 0.014222770310938358 0
1642021373995 0.013238640735298395 0
1642021385456 0.015414659202098847 0
1642021396908 0.01201470065737764 0
1642021408312 0.008580471683914462 0
1642021419721 0.011172778137524923 0
1642021431168 0.01327381947201987 0
1642021442601 0.00793969596028328 0
1642021454054 0.008292138981819153 0
1642021465502 0.007696950260611872 0
1642021553027 0.7953696984450023 0
1642021563513 0.25744612416426343 0
1642021574062 0.14924733432928722 0
1642021584631 0.08338985769748687 0
1642021595167 0.04466946017642816 0
1642021605681 0.02729476739366849 0
1642021616326 0.022715768522024154 0
1642021626889 0.01830503272910913 0
1642021637453 0.01598381410042445 0
1642021647985 0.01437293396939834 0
1642021658552 0.014238267499953508 0
1642021669078 0.009791850776225328 0
1642021679606 0.008310929580405354 0
1642021690129 0.014264312194908658 0
1642021700653 0.008124756097917756 0
1642021711145 0.007867263720432918 0
1642021721742 0.007885398129249613 0
1642021732330 0.007230685973726213 0
1642021742856 0.006007396039677163 0
1642021753350 0.007453944542631507 0
1642021851879 0.8210538028717042 0
1642021862785 0.2836852054357529 0
1642021873802 0.17055726648171743 0
1642021884745 0.0986265415350596 0
1642021895712 0.053788698114951454 0
1642021906728 0.03415214325785637 0
1642021917733 0.02519199957847595 0
1642021928674 0.02167024550139904 0
1642021939688 0.015566728748381138 0
1642021950741 0.01630900716309746 0
1642021961780 0.01483885211199522 0
1642021972800 0.011117659594491125 0
1642021983796 0.01342022401218613 0
1642021994759 0.010396526643758019 0
1642022005778 0.01144671957095464 0
1642022016691 0.01076115890579919 0
1642022027674 0.009358733605779707 0
1642022038632 0.0075481676256905 0
1642022049646 0.008202697755023837 0
1642022060699 0.009240920696531733 0
1642022170130 0.7996060198783874 0
1642022180255 0.2456954612414042 0
1642022190395 0.1354567216714223 0
1642022200611 0.07162270895242691 0
1642022210720 0.04159741552670797 0
1642022220876 0.023628301687041917 0
1642022232998 0.01669655737032493 0
1642022245550 0.012781702962021033 0
1642022256897 0.01736667914489905 0
1642022268848 0.012683224375049273 0
1642022280198 0.010957756977279982 0
1642022291649 0.009145616326729456 0
1642022307614 0.009773144811019301 0
1642022323375 0.00956148026821514 0
1642022339271 0.007302716638272007 0
1642022354870 0.00761856468928357 0
1642022371062 0.006958940423155824 0
1642022387157 0.007801374934737881 0
1642022401920 0.005845341103523969 0
1642022411938 0.008100813841136794 0
1642022533988 0.87482559299469 0
1642022545428 0.30605054314136504 0
1642022556842 0.18852657273610432 0
1642022568254 0.11148154904047648 0
1642022579701 0.06383031442761421 0
1642022591140 0.041765936492880185 0
1642022602558 0.02884988499979178 0
1642022613968 0.02572984761844079 0
1642022625399 0.021221606602768103 0
1642022636852 0.020438106913367907 0
1642022648349 0.01726034577737252 0
1642022659815 0.01586410514861345 0
1642022671235 0.012371111957728862 0
1642022682686 0.01394494450899462 0
1642022694156 0.00870887953992933 0
1642022705552 0.009847652280454835 0
1642022717030 0.011151619608948627 0
1642022728438 0.011326434687400858 0
1642022739884 0.007929003655165434 0
1642022751330 0.0076055980552608765 0
1642022884239 0.8112047448476155 0
1642022894824 0.2593057481765747 0
1642022905411 0.14917470134894054 0
1642022915935 0.08376670045653979 0
1642022926480 0.04581947379112244 0
1642022936996 0.028409391901890436 0
1642022947561 0.024679732634375492 0
1642022958120 0.015055215728282929 0
1642022968636 0.017441435803721348 0
1642022979262 0.015914594004551568 0
1642022989863 0.012882719607154529 0
1642023000401 0.011763946601003408 0
1642023010991 0.010986527799318234 0
1642023021583 0.010783639277517796 0
1642023032091 0.0094363009215643 0
1642023042649 0.007572099454080065 0
1642023053229 0.007813068156565229 0
1642023063782 0.005427517124513785 0
1642023074318 0.009664919099087517 0
1642023084833 0.007020949461311102 0
1642023229591 0.8713584252516429 0
1642023241488 0.3174424647728602 0
1642023253288 0.19641562083562214 0
1642023265131 0.1172149162888527 0
1642023276940 0.07009326824148496 0
1642023288717 0.04465801171660423 0
1642023300586 0.031184789232412975 0
1642023312451 0.02556198039377729 0
1642023324292 0.02060989691466093 0
1642023336135 0.02127809553494056 0
1642023347979 0.014672515288243692 0
1642023359865 0.015215119323382775 0
1642023371780 0.015046780233333508 0
1642023383532 0.013913254692653814 0
1642023395370 0.010767827782779932 0
1642023407119 0.014289240154375632 0
1642023419035 0.00939835909344256 0
1642023430923 0.01103807401806116 0
1642023442798 0.010256268696362774 0
1642023454672 0.008264454215268294 0
1642023613438 0.8811144975026448 0
1642023625186 0.3172327748775482 0
1642023636999 0.19797656726042429 0
1642023648875 0.11717060092290242 0
1642023660731 0.06856305893659592 0
1642023672545 0.04080026417622964 0
1642023684411 0.026594571561614672 0
1642023696206 0.028566466366748016 0
1642023708111 0.026929064761598905 0
1642023719985 0.016082157548765342 0
1642023731759 0.012846371727933487 0
1642023743619 0.016721659565220277 0
1642023755465 0.012877200269202391 0
1642023767309 0.014836315035074949 0
1642023779245 0.01050575297648708 0
1642023791080 0.010717889719456435 0
1642023802832 0.013599295335635543 0
1642023814599 0.0088896491539975 0
1642023826403 0.009127332967395584 0
1642023838223 0.010441166906431317 0
1642024008197 0.8501087317943573 0
1642024019666 0.2988583244800568 0
1642024031171 0.18174385013977687 0
1642024042681 0.10366675021251043 0
1642024054173 0.057788331248362856 0
1642024065577 0.03864815414746602 0
1642024077036 0.026454263535141943 0
1642024088424 0.02382854205965996 0
1642024099849 0.020355730137228967 0
1642024111255 0.016439486290017763 0
1642024122706 0.01393260990207394 0
1642024134171 0.019086251973112422 0
1642024145577 0.013314902008076508 0
1642024157076 0.01085790222970148 0
1642024168549 0.008388164953887462 0
1642024180007 0.010597256389260292 0
1642024191413 0.011997829342012604 0
1642024202972 0.008100663060694933 0
1642024214437 0.011060039211685458 0
1642024225909 0.00879251582728078 0
1642024407201 0.8311056180636088 0
1642024418308 0.28159944982528684 0
1642024429351 0.1666803811788559 0
1642024440310 0.09449443018039068 0
1642024451377 0.05423255049983661 0
1642024462376 0.03418253730336825 0
1642024473430 0.024911702623963358 0
1642024484475 0.022755580473442873 0
1642024495607 0.020100026050706703 0
1642024506686 0.014307832509030899 0
1642024517698 0.014014706864953042 0
1642024528740 0.013470973013465603 0
1642024539740 0.011644980072975158 0
1642024550693 0.012236875906089942 0
1642024561712 0.008315307785818973 0
1642024572661 0.010959062227172156 0
1642024583750 0.009247962667047978 0
1642024594764 0.009287358064949512 0
1642024605806 0.0074992863405495885 0
1642024616833 0.007446873534160355 0
1642024810490 0.860136826578776 0
1642024822321 0.30468213483492534 0
1642024834170 0.1898284317334493 0
1642024845959 0.11705293866793315 0
1642024857796 0.0674276085337003 0
1642024869713 0.041277047246694565 0
1642024881544 0.030055963388085364 0
1642024893380 0.024997109821935495 0
1642024905177 0.019498303605119387 0
1642024917011 0.022589680175483226 0
1642024928772 0.015811758130540452 0
1642024940670 0.013884605787942808 0
1642024952491 0.012754573140914242 0
1642024964277 0.011665481461087862 0
1642024976170 0.014284852419793605 0
1642024988029 0.011604113045334817 0
1642024999872 0.009068137355521321 0
1642025011717 0.008033797767385841 0
1642025023585 0.010417884182805816 0
1642025035429 0.00986682431542625 0
1642025241839 0.8761028565247854 0
1642025253663 0.31449257508913675 0
1642025265541 0.19637470592260362 0
1642025277408 0.11778233767350514 0
1642025289287 0.06905560581088066 0
1642025301218 0.04163680003086726 0
1642025313034 0.031107711708545684 0
1642025324900 0.024605043060084184 0
1642025336774 0.021619269918898742 0
1642025348648 0.015528716137011846 0
1642025360460 0.019591883981227874 0
1642025372282 0.011566100735465686 0
1642025384117 0.014029937061170736 0
1642025395950 0.01472191824366649 0
1642025407759 0.010579990718637904 0
1642025419630 0.012637132621804874 0
1642025431518 0.00816269556755821 0
1642025443303 0.00981187972885867 0
1642025455086 0.011517671510328849 0
1642025466957 0.008016347472183407 0
1642025685294 0.8553402704238892 0
1642025696764 0.30241977949142457 0
1642025708157 0.18333817096153895 0
1642025719603 0.1107146910627683 0
1642025731119 0.06142324676116308 0
1642025742532 0.04062484815915426 0
1642025753957 0.027258644111951193 0
1642025765379 0.024382635284463564 0
1642025776811 0.019296064115067322 0
1642025788264 0.01819370122154554 0
1642025799654 0.016006658270955085 0
1642025811160 0.015134023744861285 0
1642025822580 0.01433479562898477 0
1642025833991 0.01286001861145099 0
1642025845466 0.009225985774273674 0
1642025856868 0.012243178852895895 0
1642025868371 0.010086676115418474 0
1642025879810 0.009501235031088193 0
1642025891303 0.007296763695031404 0
1642025902822 0.009163424017404517 0
1642026134898 0.8811640335083007 0
1642026147205 0.32649350328445437 0
1642026159538 0.2070783356030782 0
1642026171844 0.12534500237107277 0
1642026184165 0.07297373014688492 0
1642026196488 0.04501210068265597 0
1642026208703 0.031669339751203854 0
1642026220940 0.026197756152848403 0
1642026233239 0.021016753184547026 0
1642026245517 0.019774683776994546 0
1642026257733 0.01977565730214119 0
1642026270098 0.010869159029175839 0
1642026282339 0.014397189808885257 0
1642026294599 0.016172182355821133 0
1642026306873 0.014976589092363914 0
1642026319116 0.011361717143654823 0
1642026331371 0.012861112972100576 0
1642026343588 0.01234964088673393 0
1642026355936 0.008182230563958486 0
1642026368168 0.008859077652419606 0
1642026614664 0.8885501978238424 0
1642026626933 0.335331449508667 0
1642026639146 0.21384781586329143 0
1642026651459 0.13598111751476924 0
1642026663786 0.07941249396006267 0
1642026675977 0.04987966203292211 0
1642026688216 0.033151211869716646 0
1642026700438 0.029167993771036467 0
1642026712774 0.027260627498229346 0
1642026725075 0.019569125851243735 0
1642026737487 0.014525323676566284 0
1642026749722 0.01864781492203474 0
1642026762084 0.018336331469317277 0
1642026774349 0.00907738419075807 0
1642026786588 0.012387344398349523 0
1642026798925 0.01576917861799399 0
1642026811141 0.007276953436558446 0
1642026823424 0.011714871877804399 0
1642026835815 0.011429764600594838 0
1642026848118 0.011722988620400429 0
1642027106969 0.8686930654843649 0
1642027118495 0.30186254402796425 0
1642027129963 0.1856801417986552 0
1642027141462 0.10842982324759165 0
1642027152954 0.06167068051894506 0
1642027164381 0.03875847493906816 0
1642027175797 0.028727939231693745 0
1642027187224 0.021445222036043803 0
1642027198649 0.02034785097638766 0
1642027210080 0.019171806669731936 0
1642027221571 0.015743058240413665 0
1642027233103 0.013542641505102317 0
1642027244534 0.012926640607664982 0
1642027256001 0.013089425832529863 0
1642027267455 0.007163348827883601 0
1642027278956 0.013710577943796912 0
1642027290382 0.009307182036464414 0
1642027301764 0.011757315481329958 0
1642027313230 0.009292443489159146 0
1642027324643 0.009321909104908505 0
1642027595252 0.8370474597930908 0
1642027606760 0.28668349142074584 0
1642027618120 0.17358181946277618 0
1642027629600 0.10466674567858378 0
1642027641093 0.05808836598197619 0
1642027652504 0.03519099499583244 0
1642027663961 0.02764995386103789 0
1642027675425 0.02464774372478326 0
1642027686907 0.01990976555943489 0
1642027698305 0.014076558329164981 0
1642027709769 0.01813195657581091 0
1642027721258 0.01359565583243966 0
1642027732707 0.013703955998023352 0
1642027744220 0.008848159048830469 0
1642027755652 0.012044143882145484 0
1642027767162 0.011015254475921393 0
1642027778620 0.00955386697674791 0
1642027790084 0.008005385437731941 0
1642027801583 0.008788996381126344 0
1642027813083 0.009805871152629455 0
1642028094441 0.8521130509694417 0
1642028105879 0.29898179233868916 0
1642028117320 0.18495979705651602 0
1642028128755 0.10839151051839192 0
1642028140252 0.06170274943709374 0
1642028151756 0.03798486242294311 0
1642028163223 0.03353955533603827 0
1642028174775 0.02217469220459461 0
1642028186337 0.020312789358446996 0
1642028197732 0.019673505028585593 0
1642028209150 0.01330032597531875 0
1642028220665 0.015566177867352963 0
1642028232167 0.01210276741484801 0
1642028243629 0.010658897061397632 0
1642028255190 0.011569142995029688 0
1642028266696 0.010357358415052295 0
1642028278196 0.00977899003798763 0
1642028289722 0.011025492003560067 0
1642028301191 0.008493449936062098 0
1642028312750 0.009946963037053743 0
1642028609096 0.8899369268576304 0
1642028621437 0.32727477723757425 0
1642028633813 0.20858926130930583 0
1642028646162 0.1277266599535942 0
1642028658409 0.07496001696189245 0
1642028670746 0.047830245657761894 0
1642028683116 0.030796181576450667 0
1642028695471 0.030971163603663445 0
1642028707699 0.023036480857928594 0
1642028720033 0.020391261385132867 0
1642028732414 0.015425760461886723 0
1642028744781 0.013681608419120311 0
1642028757059 0.016750241316854955 0
1642028769273 0.015589822701116402 0
1642028781488 0.01298698521827658 0
1642028793845 0.010854334636901816 0
1642028806079 0.013767215009282033 0
1642028818491 0.011401490572715799 0
1642028830911 0.010674725964168708 0
1642028843297 0.010540880944704015 0
1642029150807 0.9336312291145324 0
1642029163486 0.3507085197289785 0
1642029176188 0.22572609632809956 0
1642029188886 0.13874631096919376 0
1642029201582 0.088219236266613 0
1642029214296 0.0519943832407395 0
1642029227047 0.036965817481279376 0
1642029239801 0.02816791021724542 0
1642029252569 0.024520315994819006 0
1642029265348 0.025065630966424942 0
1642029278074 0.02161603142718474 0
1642029290827 0.017546175066381692 0
1642029303556 0.012831725870072842 0
1642029316245 0.015004338639974595 0
1642029329033 0.0154810375670592 0
1642029341732 0.011575001093248527 0
1642029354464 0.011033320552855731 0
1642029367251 0.01236005351965626 0
1642029379953 0.01081842324199776 0
1642029392769 0.012090679613749187 0
1642029712277 0.8355378989537557 0
1642029723337 0.2821848880847295 0
1642029734429 0.16677875314553578 0
1642029745506 0.09669863574902217 0
1642029756513 0.05247274715205034 0
1642029767597 0.03224620083570481 0
1642029778634 0.025234922150770823 0
1642029789739 0.022101190346479414 0
1642029800826 0.016922574438154696 0
1642029811912 0.014802379811058442 0
1642029822955 0.014121369117498398 0
1642029833982 0.010676514656096698 0
1642029845056 0.010045301999648412 0
1642029856084 0.0143347884212931 0
1642029867117 0.010355683904886245 0
1642029878239 0.008304243595898151 0
1642029889293 0.008768271298892795 0
1642029900336 0.008431676886354883 0
1642029911374 0.009128737743198872 0
1642029922451 0.007018410926746825 0
1642030255289 0.8459042632579803 0
1642030266757 0.29708675416310626 0
1642030278187 0.1784125139872233 0
1642030289601 0.10448496674895287 0
1642030301041 0.060254851961135864 0
1642030312533 0.04136741771697998 0
1642030324098 0.028264041298627852 0
1642030335576 0.025869279450178147 0
1642030347108 0.018968557402988275 0
1642030358606 0.017520118055244286 0
1642030370090 0.013256935399770737 0
1642030381569 0.017457645698388417 0
1642030393063 0.012781081323201458 0
1642030404562 0.01119213550624748 0
1642030416056 0.008677952474231521 0
1642030427582 0.011166867742935816 0
1642030439095 0.01279411332073311 0
1642030450615 0.009368385192131002 0
1642030462063 0.009316153277332585 0
1642030473620 0.007579685988277197 0
1642030820296 0.8513940824985504 0
1642030831703 0.2934105129400889 0
1642030843193 0.17469221847057342 0
1642030854657 0.10125678627490997 0
1642030866103 0.0594549384444952 0
1642030877563 0.0387487375775973 0
1642030889128 0.024835044972101847 0
1642030900577 0.02264365013986826 0
1642030911979 0.016781422645847 0
1642030923468 0.0219705989147226 0
1642030934923 0.015116608266284068 0
1642030946453 0.015904507942746084 0
1642030957875 0.013266126864527663 0
1642030969341 0.010831048670659463 0
1642030980787 0.01283213657538096 0
1642030992296 0.00793108525549372 0
1642031003815 0.010625031234820684 0
1642031015325 0.009131942884003123 0
1642031026836 0.007535378589729468 0
1642031038278 0.009487131423378984 0
1642031395452 0.9087221301555634 0
1642031408205 0.3455679902235667 0
1642031420944 0.22431864635944365 0
1642031433659 0.1400774700164795 0
1642031446428 0.08651050060788791 0
1642031459169 0.050361825158198675 0
1642031471981 0.033295875267187754 0
1642031484755 0.02768302933871746 0
1642031497484 0.02258919927626848 0
1642031510215 0.025897191732128462 0
1642031523005 0.019126520085583132 0
1642031535811 0.019626074293752512 0
1642031548594 0.015199475614478191 0
1642031561385 0.014090824531391263 0
1642031574212 0.016979630881299574 0
1642031586938 0.011413104970008135 0
1642031599643 0.009271350705126922 0
1642031612385 0.012645206021269163 0
1642031625199 0.010355134289587538 0
1642031638036 0.01133721668397387 0
1642032011865 0.9052488950252533 0
1642032024562 0.3341245756626129 0
1642032037421 0.21435251631736754 0
1642032050206 0.13530126083691915 0
1642032063045 0.08054734727342923 0
1642032075857 0.04800911370913188 0
1642032088672 0.03541404204964638 0
1642032101433 0.03217025334934394 0
1642032114238 0.027064010352392993 0
1642032126987 0.020906016924977303 0
1642032139738 0.017378408492108186 0
1642032152482 0.01649538178878526 0
1642032165224 0.013853732699155807 0
1642032177952 0.01665068761880199 0
1642032190801 0.015402539040893316 0
1642032203570 0.010916903614004454 0
1642032216326 0.011330668735255798 0
1642032229076 0.009677831035107375 0
1642032241845 0.010487850697214404 0
1642032254587 0.009040249779075384 0
1642032642324 0.8559659869511922 0
1642032655606 0.30028898828824363 0
1642032671752 0.1877306603193283 0
1642032689592 0.11189254828294118 0
1642032701529 0.06625133280754089 0
1642032713446 0.04059080997208754 0
1642032725444 0.028825197214881578 0
1642032737316 0.018170630057652792 0
1642032749198 0.024627754597862563 0
1642032761085 0.01764245038330555 0
1642032772984 0.015588270147144794 0
1642032784898 0.015919551257044078 0
1642032796788 0.014972088192900022 0
1642032808721 0.01200146650734047 0
1642032820581 0.008531696072717507 0
1642032832459 0.009657283691316843 0
1642032844337 0.01218920960550507 0
1642032856281 0.011099205890546242 0
1642032868200 0.010710214721535643 0
1642032880105 0.00784104360366861 0
1642033279446 0.8237286142190298 0
1642033290468 0.28061975334485373 0
1642033301419 0.1671627976814906 0
1642033312462 0.09357998771270117 0
1642033323551 0.0526631135225296 0
1642033334612 0.033111754088600474 0
1642033345632 0.027238819797833762 0
1642033356701 0.02086194771726926 0
1642033367767 0.017516453685611486 0
1642033378825 0.011015791245053213 0
1642033389925 0.014057318886369467 0
1642033401050 0.010884699602052569 0
1642033412184 0.012272289108981689 0
1642033423074 0.01059795038625598 0
1642033434175 0.01317510347912709 0
1642033445263 0.008239495238040885 0
1642033456280 0.011366506108641624 0
1642033467319 0.005619504422818621 0
1642033478361 0.010537548793790241 0
1642033489356 0.008604538976525267 0
1642033901424 0.8945602385203043 0
1642033914294 0.33899578285217286 0
1642033927127 0.21782474757830303 0
1642033939878 0.13100798999468485 0
1642033952657 0.0792710982978344 0
1642033965510 0.05147769779165586 0
1642033978366 0.03788846834897995 0
1642033991205 0.02982581783533096 0
1642034004003 0.022677244531114898 0
1642034016753 0.023288347990314165 0
1642034029478 0.018792066112409037 0
1642034042290 0.016294479168206453 0
1642034055139 0.016728987118105092 0
1642034067944 0.015695275457948445 0
1642034080747 0.012959744792928298 0
1642034093619 0.00972460346048077 0
1642034106467 0.013362259355870387 0
1642034119265 0.011717382468779881 0
1642034132084 0.010000353963300585 0
1642034144936 0.010770688817029198 0
1642034572629 0.9094285186608633 0
1642034585382 0.3455903680642446 0
1642034598213 0.22554374635219573 0
1642034610994 0.1399898472070694 0
1642034623812 0.08364153876304627 0
1642034636655 0.05595855164726575 0
1642034649457 0.03963582361340523 0
1642034662195 0.029513538069526356 0
1642034675009 0.02391605085134506 0
1642034687828 0.023982005915045738 0
1642034700644 0.02026763991912206 0
1642034713383 0.019511026503145696 0
1642034726264 0.015723706418524185 0
1642034738992 0.017227173316975434 0
1642034751871 0.014267882600178321 0
1642034764707 0.014286249520753821 0
1642034777568 0.011282883035391569 0
1642034790373 0.011930935054024061 0
1642034803165 0.012130900235225757 0
1642034815964 0.01148996054995805 0
1642035255011 0.8760748636086781 0
1642035267335 0.32190415229797364 0
1642035279736 0.20279459420839946 0
1642035292119 0.12649425683816273 0
1642035304497 0.06996041288375854 0
1642035316841 0.04203160399993261 0
1642035329208 0.03502041647632917 0
1642035341606 0.026134980670611065 0
1642035353969 0.02207948045382897 0
1642035366421 0.021890492438773314 0
1642035378817 0.015211708983282248 0
1642035391067 0.015177620613078277 0
1642035403406 0.012618447652210792 0
1642035415677 0.015063648867110412 0
1642035428041 0.014352826056381067 0
1642035440439 0.009311148403584957 0
1642035452859 0.011739302188654741 0
1642035465217 0.010179801924278338 0
1642035477547 0.009419836197669307 0
1642035489991 0.008498766069859266 0
1642035943506 0.8997627106666565 0
1642035956261 0.3391142095168432 0
1642035969134 0.21541540450255076 0
1642035982018 0.1340013776620229 0
1642035994780 0.08306290422677994 0
1642036007560 0.05278236307700475 0
1642036020424 0.03708626625835895 0
1642036033186 0.02916994672815005 0
1642036046058 0.025465627393126487 0
1642036058909 0.019542779550453027 0
1642036071773 0.01990603764007489 0
1642036084526 0.017767125868300596 0
1642036097338 0.015451068017135064 0
1642036110146 0.015962560531497003 0
1642036122976 0.01435085141013066 0
1642036135772 0.01175567846323053 0
1642036148612 0.010105360368142526 0
1642036161493 0.009760554518178106 0
1642036174295 0.010801877864822746 0
1642036187082 0.01182167257964611 0
1642036653252 0.9056679229736329 0
1642036665593 0.32869381504058837 0
1642036677893 0.20713294556935627 0
1642036690184 0.1275989126642545 0
1642036702538 0.07648048818111419 0
1642036714965 0.04422218628525734 0
1642036727260 0.032237761896848675 0
1642036739670 0.030630898051460582 0
1642036751996 0.023612958771487075 0
1642036764465 0.022049107037981353 0
1642036776870 0.01895334633241097 0
1642036789327 0.014562784505883853 0
1642036801771 0.014198629728953043 0
1642036814106 0.015037927413731814 0
1642036826443 0.014746779260784387 0
1642036838819 0.009161258335535724 0
1642036851257 0.012466324139634768 0
1642036863578 0.011672275646403432 0
1642036876041 0.011183789633462827 0
1642036888421 0.00908461477321883 0
1642037370670 0.9127745633602142 0
1642037383485 0.336814741508166 0
1642037396276 0.2151998661438624 0
1642037409081 0.13487408245603244 0
1642037421837 0.07880245150526365 0
1642037434602 0.04850901148716609 0
1642037447467 0.03633099654018879 0
1642037460202 0.022725058881441752 0
1642037473036 0.02570464203308026 0
1642037485926 0.02505553505172332 0
1642037498694 0.01936649971206983 0
1642037511519 0.018641582176089286 0
1642037524312 0.01597140989601612 0
1642037537068 0.013804106754561266 0
1642037549838 0.015316486073782047 0
1642037562711 0.012778051935881376 0
1642037575424 0.012672257398317257 0
1642037588164 0.011470901245127122 0
1642037600923 0.012221807986373703 0
1642037613775 0.0074957772160569825 0
1642038105955 0.900487101427714 0
1642038118631 0.3456503415584564 0
1642038131456 0.22627720696131387 0
1642038144288 0.14571411352157593 0
1642038157143 0.0861802228252093 0
1642038169833 0.0544756512482961 0
1642038182649 0.04293818536053101 0
1642038195445 0.027614526920517284 0
1642038208159 0.031111032524704933 0
1642038220968 0.02202894591987133 0
1642038233840 0.0181512125402689 0
1642038246642 0.01678719315379858 0
1642038259381 0.01748608801141381 0
1642038272298 0.012061632664253315 0
1642038285102 0.017260318628450233 0
1642038297946 0.014543336282422145 0
1642038310805 0.013396485029160977 0
1642038323633 0.01048432962410152 0
1642038336541 0.010547287148237229 0
1642038349387 0.011748403351878127 0
1642038856493 0.9095985667705536 0
1642038868878 0.33405151864687604 0
1642038881277 0.2118858418862025 0
1642038893642 0.12765320496161778 0
1642038906080 0.072281493328015 0
1642038918489 0.04966654470860958 0
1642038930854 0.030410367263356844 0
1642038943211 0.028458744313319524 0
1642038955652 0.026899028041710456 0
1642038968049 0.01805454519838095 0
1642038980500 0.018409739352514345 0
1642038992868 0.018714143536736567 0
1642039005253 0.017267307481666407 0
1642039017627 0.015915384572496017 0
1642039030130 0.011271162391205628 0
1642039042530 0.012089187531297405 0
1642039054964 0.012454022877663375 0
1642039067272 0.012115244242548942 0
1642039079690 0.00991328761378924 0
1642039092090 0.010439842165758212 0
1642039614560 0.9279952606201172 0
1642039627359 0.35413907907803854 0
1642039640123 0.22772908084392549 0
1642039652882 0.1418480643630028 0
1642039665699 0.08288480855226517 0
1642039678559 0.05005798522830009 0
1642039691404 0.03830796697338422 0
1642039704242 0.028554420091708502 0
1642039717068 0.025946108069022495 0
1642039729818 0.019864692573746047 0
1642039742607 0.01831486288855473 0
1642039755408 0.021429065808653832 0
1642039768226 0.01585688916866978 0
1642039781112 0.01440508905077974 0
1642039793902 0.014608159197370211 0
1642039806720 0.011502640556544066 0
1642039819541 0.011728449966510138 0
1642039832370 0.012597454039131602 0
1642039845096 0.012030357796202103 0
1642039857907 0.007688422196730971 0
1642040390869 0.9365353194554646 0
1642040403716 0.35457573955853783 0
1642040416551 0.23065957035223644 0
1642040429442 0.14606288414796192 0
1642040442129 0.08745130643844605 0
1642040454871 0.056213506652911506 0
1642040467647 0.037436062481005984 0
1642040480422 0.02920528377890587 0
1642040493279 0.024574394546449184 0
1642040506054 0.01939065938219428 0
1642040518828 0.01970611585030953 0
1642040531598 0.01655337161446611 0
1642040544427 0.0182090700690945 0
1642040557236 0.015126127122590939 0
1642040570012 0.014338451731204986 0
1642040582770 0.012841982859869799 0
1642040595581 0.01251470704327027 0
1642040608391 0.013703184162452817 0
1642040621176 0.01031705167554319 0
1642040634021 0.009989046842232346 0
1642041183241 0.9422346216837565 0
1642041196419 0.36769011267820995 0
1642041209635 0.24053903914292654 0
1642041222784 0.15500789779822033 0
1642041235921 0.09177556342681249 0
1642041249108 0.06417904172738394 0
1642041262247 0.03938447281718254 0
1642041275462 0.032493304749329883 0
1642041288561 0.03014563044210275 0
1642041301723 0.023373616517086825 0
1642041314840 0.019945592008034387 0
1642041327980 0.021106775199373564 0
1642041341208 0.018264116564393043 0
1642041354386 0.01216151313011845 0
1642041367574 0.018849645983427765 0
1642041380726 0.013994446238378684 0
1642041393853 0.015792899331947167 0
1642041407036 0.01243207136169076 0
1642041420254 0.012857685830816626 0
1642041433440 0.010009330581252774 0
1642041995283 0.932009440724055 0
1642042008442 0.3588535131295522 0
1642042021549 0.23659872907002766 0
1642042034721 0.14567969370683034 0
1642042047881 0.09017292051315308 0
1642042061065 0.05316322976946831 0
1642042074210 0.042852547615766526 0
1642042087402 0.03295102488001188 0
1642042100612 0.024636973160505296 0
1642042113803 0.02259166805247466 0
1642042126954 0.023024405498305957 0
1642042140165 0.018429811717569827 0
1642042153304 0.015427611161271731 0
1642042166459 0.01622034916927417 0
1642042179688 0.01735033886730671 0
1642042192798 0.015248723551134269 0
1642042205946 0.012087722569952409 0
1642042219142 0.012704544473439454 0
1642042232314 0.011254858708754182 0
1642042245479 0.012762215926870704 0
1642042821020 0.8865696491559346 0
1642042832886 0.3077363203525543 0
1642042844714 0.19024327809810637 0
1642042856594 0.11258799857099851 0
1642042868483 0.0647558737039566 0
1642042880351 0.0404771474202474 0
1642042892223 0.03335898583730062 0
1642042904180 0.021982991975049177 0
1642042916004 0.022038408718506496 0
1642042927868 0.014098880555232366 0
1642042939757 0.01879465631991625 0
1642042951655 0.016662539341052374 0
1642042963487 0.01306193510616819 0
1642042975403 0.012604104214347898 0
1642042987353 0.010435270779579878 0
1642042999384 0.014502128617465497 0
1642043011236 0.010398913405525187 0
1642043023220 0.010713481244817377 0
1642043035074 0.01038965480911235 0
1642043046913 0.008438920255936682 0
1642043636306 0.8874962402820588 0
1642043648689 0.33016706906954446 0
1642043661139 0.20679369192123412 0
1642043673489 0.12891769862174987 0
1642043685906 0.07653820004661878 0
1642043698257 0.044576420937975245 0
1642043710667 0.03326922604540984 0
1642043723097 0.027520470182100933 0
1642043735486 0.02088735147813956 0
1642043747855 0.019267849255601564 0
1642043760191 0.01311898766780893 0
1642043772564 0.018155382965753475 0
1642043784931 0.01623787904928128 0
1642043797245 0.014782846442858377 0
1642043809651 0.012794037334124247 0
1642043821975 0.01128331055007875 0
1642043834364 0.011897002659241358 0
1642043846704 0.008975488797947764 0
1642043859102 0.008849560421518982 0
1642043871489 0.0145603757639726 0
1642044474784 0.9164477746486663 0
1642044487639 0.3488863240083059 0
1642044500491 0.2252492779413859 0
1642044513257 0.14226401914755504 0
1642044526131 0.08635837704737981 0
1642044538873 0.056029742040236793 0
1642044551637 0.03358617310325305 0
1642044564369 0.030017680673797925 0
1642044577195 0.023865452452997368 0
1642044590061 0.02420893787990014 0
1642044602997 0.020428419296691817 0
1642044615909 0.01568730017095804 0
1642044628763 0.017242447890589634 0
1642044641591 0.011893382743746041 0
1642044654505 0.015606396048267683 0
1642044667313 0.011961683091024558 0
1642044680132 0.01200589978992939 0
1642044692918 0.0107761561597387 0
1642044705725 0.010621892918894689 0
1642044718496 0.011879307330275575 0
1642045335781 0.9297345344225566 0
1642045348874 0.3537603971640269 0
1642045362007 0.2296923145612081 0
1642045375221 0.14516862014134724 0
1642045388326 0.08993028058012327 0
1642045401551 0.056142488912741345 0
1642045414736 0.042271490599711734 0
1642045427929 0.02788694016337395 0
1642045441113 0.02571999984284242 0
1642045454313 0.028278588778773945 0
1642045467493 0.01759882910947005 0
1642045480700 0.015336850633223851 0
1642045493892 0.018411386168996492 0
1642045507044 0.016268115496511262 0
1642045520158 0.015447935122996569 0
1642045533328 0.014232675896088282 0
1642045546535 0.011287279969702165 0
1642045559670 0.012091717495272557 0
1642045572864 0.01039289538661639 0
1642045585978 0.011862584554279843 0
1642046219342 0.8831638066927592 0
1642046231254 0.31928949723243716 0
1642046243200 0.20309088169733683 0
1642046255097 0.1254697734395663 0
1642046267003 0.07294551803469658 0
1642046278964 0.04651977030833562 0
1642046290956 0.031124002135793367 0
1642046302913 0.028608798346916833 0
1642046314876 0.023245579096426567 0
1642046326834 0.01978844084193309 0
1642046338672 0.016292032608389854 0
1642046350577 0.01384941973661383 0
1642046362522 0.015214790417750677 0
1642046374475 0.013741403067484498 0
1642046386352 0.013273720163355271 0
1642046398232 0.01120870139375329 0
1642046410163 0.010469121730948487 0
1642046422134 0.010468204858899117 0
1642046434143 0.010482051368119817 0
1642046446012 0.010561207445090016 0
