1654415882865 0.749626747852299 0
1654415898721 0.0830665644805885 0
1654415912136 0.023353657613393267 0
1654415925577 0.013388216864022442 0
1654415939080 0.007808811269491144 0
1654415952605 0.006251224822297043 0
1654415965962 0.004700019821545344 0
1654415979456 0.003005345847526764 0
1654415992760 0.0028586643722221953 0
1654416006223 0.0018671781813072723 0
1654416053275 0.39277401084393093 0
1654416068708 0.04004431485142133 0
1654416084534 0.017380427868692185 0
1654416100120 0.01109771282766151 0
1654416115842 0.012094099271359623 0
1654416131872 0.007020200738588127 0
1654416147584 0.005810561737690698 0
1654416163444 0.004856843589429793 0
1654416179117 0.005139801793075345 0
1654416194424 0.004238783331786363 0
1654416247175 0.2795212716117142 0
1654416264406 0.034833984830075354 0
1654416281740 0.01913688463449471 0
1654416299177 0.016511314506090863 0
1654416317031 0.01069099751030194 0
1654416334625 0.00880332563803769 0
1654416352039 0.007181172055880366 0
1654416369829 0.006890880672808371 0
1654416387455 0.006192871442260461 0
1654416405265 0.007031495369292323 0
1654416464170 0.34766105004445647 0
1654416483691 0.07032906555832155 0
1654416503358 0.031278892115363936 0
1654416523120 0.023358927120885536 0
1654416543080 0.017971994209607635 0
1654416563230 0.015387122855358516 0
1654416583017 0.014148414255616302 0
1654416603208 0.01121308970394425 0
1654416622596 0.012458443028537197 0
1654416642369 0.014533268338269251 0
1654416708368 0.29545167147433626 0
1654416730205 0.03959807470505935 0
1654416751813 0.029141788196030142 0
1654416773987 0.0249841278775883 0
1654416795495 0.021089839185545134 0
1654416817464 0.018633897785478748 0
1654416839108 0.0189678125880561 0
1654416860366 0.017681494272055988 0
1654416881633 0.016328001899164838 0
1654416903178 0.01726159159128438 0
