1653594040087 0.8582833333333333 0
1653594088530 0.9293166666666667 0
1653594137741 0.9412333333333334 0
1653594186747 0.94885 0
1653594235306 0.9529666666666666 0
1653594283791 0.9563333333333334 0
1653594332624 0.9610666666666666 0
1653594381466 0.9611166666666666 0
1653594430693 0.96415 0
1653594479587 0.9659666666666666 0
1653594529153 0.9659666666666666 0
1653594577761 0.9688333333333333 0
1653594625989 0.96925 0
1653594674741 0.9689666666666666 0
1653594722784 0.9708666666666667 0
1653594771497 0.9717666666666667 0
1653594820139 0.9716666666666667 0
1653594869020 0.9708833333333333 0
1653594917430 0.9742166666666666 0
1653594966459 0.9739166666666667 0
1653595015520 0.9726333333333333 0
1653595064294 0.9747333333333333 0
1653595112665 0.9763 0
1653595161670 0.9748666666666667 0
1653595210937 0.9753833333333334 0
1653595259124 0.9753833333333334 0
1653595308719 0.9767833333333333 0
1653595356568 0.9759833333333333 0
1653595405836 0.9775166666666667 0
1653595454216 0.9765833333333334 0
1653595503669 0.9776333333333334 0
1653595551861 0.9775333333333334 0
1653595600524 0.9765666666666667 0
1653595649067 0.9783 0
1653595697859 0.9788666666666667 0
1653595746122 0.9783333333333334 0
1653595794774 0.9771833333333333 0
1653595843727 0.9787 0
1653595892858 0.9784166666666667 0
1653595940852 0.97845 0
1653595989253 0.9798333333333333 0
1653596038473 0.9794833333333334 0
1653596087110 0.97855 0
1653596135198 0.9800666666666666 0
1653596183977 0.9803666666666667 0
1653596232586 0.9798833333333333 0
1653596281599 0.9800166666666666 0
1653596329960 0.9789833333333333 0
1653596378809 0.9807833333333333 0
1653596427093 0.9808166666666667 0
1653596532259 0.9191833333333334 0
1653596631578 0.9476083333333334 0
1653596731481 0.9528666666666666 0
1653596831759 0.9553333333333334 0
1653596932145 0.9566 0
1653597032057 0.95885 0
1653597132010 0.9603666666666667 0
1653597231676 0.9616583333333333 0
1653597332155 0.961875 0
1653597431913 0.9636333333333333 0
1653597532206 0.9633 0
1653597632427 0.9637916666666667 0
1653597731851 0.964575 0
1653597830630 0.9642083333333333 0
1653597931058 0.9655666666666667 0
1653598030533 0.9650583333333334 0
1653598130209 0.96585 0
1653598230685 0.966325 0
1653598330492 0.96615 0
1653598429754 0.9670666666666666 0
1653598529511 0.96765 0
1653598628500 0.9666166666666667 0
1653598727802 0.9667833333333333 0
1653598827098 0.9686416666666666 0
1653598927583 0.96745 0
1653599027332 0.9686 0
1653599127706 0.9683333333333334 0
1653599228214 0.9684333333333334 0
1653599327804 0.96805 0
1653599427751 0.9684583333333333 0
1653599526880 0.9692083333333333 0
1653599627006 0.9694833333333334 0
1653599726974 0.9684583333333333 0
1653599826391 0.9682666666666667 0
1653599925972 0.9695916666666666 0
1653600025944 0.9699166666666666 0
1653600125418 0.969575 0
1653600225688 0.9697 0
1653600325012 0.9699833333333333 0
1653600424449 0.970175 0
1653600523684 0.9705416666666666 0
1653600622920 0.9699666666666666 0
1653600721529 0.9699083333333334 0
1653600820032 0.9704416666666666 0
1653600919279 0.9703916666666667 0
1653601018377 0.9711833333333333 0
1653601117707 0.9707916666666667 0
1653601218242 0.9706 0
1653601317857 0.9713916666666667 0
1653601417452 0.9712333333333333 0
1653601580985 0.9279777777777778 0
1653601734810 0.9475277777777777 0
1653601888477 0.9515611111111111 0
1653602041744 0.9534444444444444 0
1653602196413 0.9541722222222222 0
1653602350778 0.9559 0
1653602505347 0.9564444444444444 0
1653602658471 0.9577944444444444 0
1653602812032 0.9569722222222222 0
1653602965332 0.9583166666666667 0
1653603118294 0.9586222222222223 0
1653603272302 0.9591222222222222 0
1653603426346 0.9588222222222222 0
1653603581192 0.9592833333333334 0
1653603734109 0.9600833333333333 0
1653603888345 0.9594777777777778 0
1653604042595 0.9607722222222222 0
1653604195087 0.9602222222222222 0
1653604348963 0.961 0
1653604504984 0.9612 0
1653604658420 0.9604666666666667 0
1653604811867 0.9613666666666667 0
1653604966463 0.9607888888888889 0
1653605120707 0.9613388888888889 0
1653605274544 0.9612444444444445 0
1653605427586 0.96125 0
1653605581892 0.9621444444444445 0
1653605734897 0.9616222222222223 0
1653605889338 0.9625777777777778 0
1653606042988 0.9619277777777778 0
1653606196713 0.962 0
1653606350872 0.9621833333333333 0
1653606505314 0.9629333333333333 0
1653606659862 0.9624166666666667 0
1653606814667 0.9631111111111111 0
1653606968943 0.9622833333333334 0
1653607122268 0.9632722222222222 0
1653607276707 0.9624611111111111 0
1653607431068 0.9625 0
1653607584546 0.9635 0
1653607736851 0.9630722222222222 0
1653607891579 0.9628944444444445 0
1653608045538 0.96345 0
1653608199787 0.9625222222222222 0
1653608353751 0.9630111111111112 0
1653608508874 0.9634388888888888 0
1653608662370 0.9633444444444444 0
1653608816104 0.96325 0
1653608970520 0.9641888888888889 0
1653609123184 0.9634555555555555 0
1653609347175 0.9303666666666667 0
1653609557872 0.9459125 0
1653609769163 0.9478958333333334 0
1653609980549 0.9495083333333333 0
1653610192922 0.9502875 0
1653610403990 0.9512458333333333 0
1653610614531 0.9518708333333333 0
1653610825934 0.952525 0
1653611037260 0.9524458333333333 0
1653611248379 0.9528958333333334 0
1653611460337 0.9533125 0
1653611672019 0.9540333333333333 0
1653611882815 0.9540833333333333 0
1653612094119 0.9547833333333333 0
1653612305897 0.9542666666666667 0
1653612517477 0.9541125 0
1653612728617 0.9556041666666667 0
1653612939180 0.9552833333333334 0
1653613147858 0.9561083333333333 0
1653613358744 0.9560833333333333 0
1653613568407 0.9559833333333333 0
1653613778339 0.9561375 0
1653613988850 0.9554208333333334 0
1653614198791 0.9560125 0
1653614409428 0.9565833333333333 0
1653614620092 0.9561833333333334 0
1653614830658 0.956425 0
1653615042073 0.9563375 0
1653615251777 0.9558125 0
1653615462111 0.9562208333333333 0
1653615673096 0.9569583333333334 0
1653615884188 0.9576958333333333 0
1653616093191 0.956975 0
1653616304643 0.95675 0
1653616515032 0.9570333333333333 0
1653616727232 0.9573416666666666 0
1653616938748 0.9574375 0
1653617150163 0.9578958333333333 0
1653617361928 0.9574833333333334 0
1653617572469 0.9574291666666667 0
1653617781652 0.9573916666666666 0
1653617991936 0.9574166666666667 0
1653618204246 0.9586208333333334 0
1653618414531 0.9580166666666666 0
1653618625896 0.958025 0
1653618837379 0.9579541666666667 0
1653619048320 0.957775 0
1653619259045 0.9586833333333333 0
1653619469234 0.9586416666666666 0
1653619679920 0.9583875 0
1653619969785 0.9302033333333334 0
1653620242111 0.9430366666666666 0
1653620512799 0.9460066666666667 0
1653620782842 0.9462866666666667 0
1653621053060 0.94769 0
1653621323839 0.9484433333333333 0
1653621594003 0.9483733333333333 0
1653621866010 0.9487166666666667 0
1653622137203 0.94965 0
1653622409001 0.9495466666666666 0
1653622679229 0.9498933333333334 0
1653622949251 0.9500066666666667 0
1653623219458 0.95044 0
1653623488942 0.9511066666666667 0
1653623759420 0.9506166666666667 0
1653624030309 0.9514966666666667 0
1653624301086 0.95189 0
1653624572548 0.9514166666666667 0
1653624842751 0.95219 0
1653625113469 0.9517866666666667 0
1653625384394 0.9519933333333334 0
1653625655972 0.9523233333333333 0
1653625926458 0.9524766666666666 0
1653626196334 0.95202 0
1653626468335 0.95195 0
1653626740944 0.9527966666666666 0
1653627012725 0.95235 0
1653627282125 0.9525466666666667 0
1653627552482 0.9526166666666667 0
1653627823998 0.9524933333333333 0
1653628095307 0.9534366666666667 0
1653628367067 0.9528333333333333 0
1653628635797 0.95368 0
1653628906011 0.9532466666666667 0
1653629177691 0.9525633333333333 0
1653629451119 0.9535566666666667 0
1653629720848 0.9537933333333334 0
1653629991787 0.9539166666666666 0
1653630262505 0.9526666666666667 0
1653630534615 0.9533166666666667 0
1653630804777 0.9534733333333333 0
1653631076831 0.9540066666666667 0
1653631347162 0.9543166666666667 0
1653631617159 0.95439 0
1653631889184 0.9540766666666667 0
1653632160700 0.9542733333333333 0
1653632432472 0.9544733333333333 0
1653632703713 0.9545633333333333 0
1653632974417 0.9543733333333333 0
1653633244945 0.9544366666666667 0
