1651844957384 0.526 0
1651844961302 0.7052 0
1651844964992 0.7564 0
1651844968701 0.7972 0
1651844972407 0.8068 0
1651844975993 0.8428 0
1651844979544 0.83 0
1651844983348 0.888 0
1651844987081 0.884 0
1651844990720 0.8972 0
1651844994443 0.9212 0
1651844998027 0.9152 0
1651845001773 0.9224 0
1651845005402 0.9236 0
1651845009234 0.9336 0
1651845012819 0.95 0
1651845016515 0.9344 0
1651845020231 0.9468 0
1651845023772 0.9192 0
1651845027642 0.9472 0
1651845031420 0.964 0
1651845035088 0.9656 0
1651845038867 0.9708 0
1651845042477 0.9608 0
1651845046183 0.966 0
1651845049937 0.9752 0
1651845053858 0.9728 0
1651845057534 0.9772 0
1651845061165 0.9624 0
1651845064643 0.9664 0
1651845068352 0.9724 0
1651845072039 0.9856 0
1651845075745 0.978 0
1651845079509 0.9788 0
1651845083201 0.9748 0
1651845086904 0.9668 0
1651845090695 0.988 0
1651845094295 0.9828 0
1651845098023 0.988 0
1651845101779 0.9848 0
1651845105272 0.9172 0
1651845108937 0.9684 0
1651845112593 0.9776 0
1651845116333 0.9888 0
1651845119932 0.9896 0
1651845123671 0.9916 0
1651845127419 0.9892 0
1651845131183 0.9788 0
1651845134964 0.9836 0
1651845138667 0.9832 0
1651845144425 0.4704 0
1651845149799 0.6292 0
1651845155354 0.704 0
1651845161042 0.7452 0
1651845166678 0.8044 0
1651845172307 0.8544 0
1651845177848 0.8456 0
1651845183299 0.8864 0
1651845188682 0.9116 0
1651845194223 0.9156 0
1651845199735 0.9152 0
1651845205382 0.9176 0
1651845211108 0.9356 0
1651845216673 0.9408 0
1651845222267 0.9616 0
1651845227579 0.9484 0
1651845233124 0.9512 0
1651845238621 0.9424 0
1651845244215 0.9624 0
1651845249736 0.9656 0
1651845255280 0.964 0
1651845260970 0.9676 0
1651845266332 0.9424 0
1651845271637 0.9684 0
1651845277183 0.976 0
1651845282775 0.9752 0
1651845288267 0.9276 0
1651845293770 0.968 0
1651845299178 0.9828 0
1651845304682 0.958 0
1651845310215 0.97 0
1651845315675 0.9724 0
1651845321322 0.9852 0
1651845326885 0.9688 0
1651845332412 0.9796 0
1651845337875 0.9772 0
1651845343467 0.9768 0
1651845348900 0.9764 0
1651845354310 0.9764 0
1651845359762 0.9728 0
1651845365408 0.9812 0
1651845370936 0.98 0
1651845376472 0.9796 0
1651845382140 0.982 0
1651845387731 0.9804 0
1651845392992 0.9864 0
1651845398192 0.9784 0
1651845403846 0.9848 0
1651845409299 0.9748 0
1651845414799 0.9636 0
1651845421735 0.4784 0
1651845427986 0.6352 0
1651845433999 0.7028 0
1651845439940 0.75 0
1651845446193 0.7888 0
1651845452356 0.8136 0
1651845458600 0.86 0
1651845464857 0.8776 0
1651845471102 0.888 0
1651845476967 0.9028 0
1651845483201 0.9192 0
1651845489464 0.9284 0
1651845495768 0.9184 0
1651845502055 0.9088 0
1651845508346 0.9272 0
1651845514561 0.9636 0
1651845520620 0.9504 0
1651845526585 0.9392 0
1651845532985 0.9652 0
1651845539290 0.954 0
1651845545571 0.9592 0
1651845551765 0.964 0
1651845558068 0.9668 0
1651845564007 0.9752 0
1651845569920 0.98 0
1651845576118 0.9728 0
1651845582477 0.9756 0
1651845588660 0.9524 0
1651845594856 0.964 0
1651845601308 0.9792 0
1651845607153 0.98 0
1651845613131 0.974 0
1651845619316 0.9744 0
1651845625360 0.9792 0
1651845631629 0.9784 0
1651845637927 0.9736 0
1651845644373 0.9768 0
1651845650258 0.9868 0
1651845656227 0.9864 0
1651845662325 0.9216 0
1651845668636 0.976 0
1651845675013 0.9852 0
1651845681284 0.9872 0
1651845687520 0.9788 0
1651845693443 0.9808 0
1651845699306 0.9772 0
1651845705220 0.9724 0
1651845711549 0.9784 0
1651845717678 0.9624 0
1651845723978 0.978 0
1651845732279 0.694 0
1651845739264 0.8324 0
1651845745942 0.866 0
1651845752655 0.9012 0
1651845759740 0.9172 0
1651845766677 0.9324 0
1651845773851 0.9392 0
1651845781177 0.9368 0
1651845787759 0.9568 0
1651845794313 0.9632 0
1651845801246 0.966 0
1651845808400 0.9672 0
1651845815407 0.9664 0
1651845822671 0.9744 0
1651845829720 0.974 0
1651845836511 0.9768 0
1651845843192 0.9768 0
1651845850151 0.984 0
1651845857304 0.9832 0
1651845864480 0.9868 0
1651845871398 0.9792 0
1651845878254 0.9852 0
1651845884997 0.9804 0
1651845891762 0.9784 0
1651845898600 0.9788 0
1651845905271 0.9876 0
1651845911947 0.9792 0
1651845918961 0.9868 0
1651845925922 0.9844 0
1651845932682 0.9844 0
1651845939741 0.9808 0
1651845946533 0.9852 0
1651845953259 0.9796 0
1651845959958 0.9792 0
1651845967081 0.9888 0
1651845973752 0.99 0
1651845980517 0.9956 0
1651845987306 0.9916 0
1651845994003 0.9696 0
1651846000772 0.9832 0
1651846007442 0.986 0
1651846014380 0.994 0
1651846021123 0.9908 0
1651846027884 0.9668 0
1651846034621 0.9816 0
1651846041386 0.986 0
1651846048219 0.9952 0
1651846054798 0.9948 0
1651846061599 0.9948 0
1651846068304 0.996 0
1651846077487 0.4676 0
1651846085048 0.6292 0
1651846092506 0.7108 0
1651846099873 0.7396 0
1651846107475 0.7716 0
1651846114923 0.8324 0
1651846122476 0.8464 0
1651846129914 0.8504 0
1651846137459 0.8804 0
1651846145093 0.9108 0
1651846152607 0.9124 0
1651846160357 0.9136 0
1651846167896 0.9176 0
1651846175445 0.9372 0
1651846182876 0.9476 0
1651846190298 0.9444 0
1651846197752 0.9548 0
1651846205442 0.9392 0
1651846213033 0.9584 0
1651846220620 0.9652 0
1651846228062 0.9672 0
1651846235559 0.9704 0
1651846242964 0.9696 0
1651846250572 0.9528 0
1651846258073 0.9696 0
1651846265715 0.9708 0
1651846273304 0.97 0
1651846280921 0.9692 0
1651846288459 0.9528 0
1651846296147 0.9804 0
1651846303745 0.9592 0
1651846311273 0.9584 0
1651846318725 0.966 0
1651846326437 0.98 0
1651846333941 0.9752 0
1651846341726 0.9724 0
1651846349209 0.9764 0
1651846356839 0.9292 0
1651846364466 0.9756 0
1651846372076 0.9828 0
1651846379747 0.986 0
1651846387297 0.99 0
1651846394972 0.982 0
1651846402661 0.9816 0
1651846410202 0.968 0
1651846417802 0.9792 0
1651846425292 0.9812 0
1651846432744 0.9632 0
1651846440369 0.9804 0
1651846448078 0.9868 0
