1651333497101 1.2588555795669556 0
1651333501287 0.7461288196563721 0
1651333505286 0.5042377079248428 0
1651333509307 0.35095984132289887 0
1651333513475 0.24323267698287965 0
1651333517498 0.17203392723798752 0
1651333521630 0.11862092275619507 0
1651333525731 0.09471614351570606 0
1651333529842 0.06778900892138481 0
1651333533873 0.04461742278635502 0
1651333537946 0.030213762395083905 0
1651333541984 0.039335877737402915 0
1651333545887 0.038485881008207795 0
1651333549851 0.027645946425944565 0
1651333553853 0.022853610006719826 0
1651333557915 0.03777448251917958 0
1651333561985 0.01865048833414912 0
1651333565998 0.028367926305532455 0
1651333570087 0.038388762802258135 0
1651333574246 0.03702081514559686 0
1651333578282 0.018476045086979868 0
1651333582360 0.010984688429534435 0
1651333586334 0.019462345822528003 0
1651333590396 0.017899910632520916 0
1651333594443 0.022482655739970506 0
1651333598491 0.025033199118636548 0
1651333602590 0.016329587407410143 0
1651333606667 0.0050256254579871895 0
1651333610734 0.016787142851296812 0
1651333614812 0.0196665751805529 0
1651333621176 1.4468148525238038 0
1651333624667 1.0510116588592529 0
1651333628166 0.763530689573288 0
1651333631619 0.5849823186397552 0
1651333635051 0.4283207157611847 0
1651333638543 0.3119124907255173 0
1651333642059 0.22767375204563142 0
1651333645561 0.15039923489093782 0
1651333648978 0.12521340525746347 0
1651333652429 0.0830733876824379 0
1651333655809 0.07289204104840756 0
1651333659281 0.0725325998544693 0
1651333662774 0.06583588823676109 0
1651333666282 0.04473454035967588 0
1651333669763 0.0461643091738224 0
1651333673180 0.03938798541128635 0
1651333676645 0.050427925497293476 0
1651333680084 0.025697350705415012 0
1651333683579 0.017718331241607665 0
1651333687101 0.044514117795974015 0
1651333690568 0.04721579737961292 0
1651333694043 0.05813869046792388 0
1651333697504 0.022968883495032788 0
1651333700949 0.028351626457646488 0
1651333704479 0.02919841130077839 0
1651333707947 0.03598400461934507 0
1651333711397 0.024205838593095542 0
1651333714823 0.03376621651481837 0
1651333718319 0.018982908613607286 0
1651333721751 0.034999923257902264 0
1651333730987 1.064933868265152 0
1651333734395 0.47409372115135195 0
1651333737871 0.27500111863017085 0
1651333741347 0.1970851012289524 0
1651333744818 0.1332926228880882 0
1651333748266 0.08666973100006581 0
1651333751747 0.06468298647105694 0
1651333755212 0.0446570636421442 0
1651333758721 0.032475297959148886 0
1651333762201 0.035402997140586374 0
1651333765702 0.019868574680387975 0
1651333769198 0.03294356034770608 0
1651333772698 0.03871842636838555 0
1651333776214 0.02782087400481105 0
1651333779688 0.008100604029372335 0
1651333783118 0.008626113413088023 0
1651333786584 0.013457060356065632 0
1651333790079 0.009877953381463885 0
1651333793594 0.027048850576020775 0
1651333797079 0.0318286341920495 0
1651333800543 0.01687065212763846 0
1651333803898 0.0063734868863597515 0
1651333807329 0.003358307536505163 0
1651333810813 0.003245281067676842 0
1651333814346 0.007984188445936888 0
1651333817817 0.010956331055052579 0
1651333821295 0.01829553323034197 0
1651333824735 0.009733701670542359 0
1651333828203 0.00830373317617923 0
1651333831652 0.04038257148321718 0
1651333843888 1.3247584924697875 0
1651333847462 0.8876982261657714 0
1651333851054 0.6348662648200989 0
1651333854598 0.48720491893291473 0
1651333858205 0.34420093750953673 0
1651333861745 0.2559723751544952 0
1651333865248 0.18715606996417045 0
1651333868802 0.14476231681108476 0
1651333872389 0.11198355494737625 0
1651333875947 0.08112983939945698 0
1651333879552 0.0654709843993187 0
1651333883143 0.06005028856396675 0
1651333886709 0.06574758103787899 0
1651333890229 0.05166287061870098 0
1651333893790 0.057636500222980974 0
1651333897367 0.024535776839405297 0
1651333900960 0.02720898891687393 0
1651333904525 0.03335907607749104 0
1651333908032 0.038008150918781756 0
1651333911618 0.02917582909092307 0
1651333915146 0.03599510195106268 0
1651333918741 0.0289241602063179 0
1651333922313 0.05305259980596602 0
1651333925859 0.024451077360659837 0
1651333929427 0.028709709087759255 0
1651333933048 0.02802496990337968 0
1651333936626 0.014449907833337784 0
1651333940133 0.017668463267758488 0
1651333943694 0.03297012427784503 0
1651333947266 0.030453614905662833 0
1651333962511 1.0600056168556213 0
1651333966075 0.5366180450439453 0
1651333969729 0.3553638396501541 0
1651333973354 0.2339355405807495 0
1651333976938 0.16506531041264533 0
1651333980505 0.1404097371697426 0
1651333984034 0.09689398272484541 0
1651333987561 0.052412920939922336 0
1651333991084 0.055428158290684225 0
1651333994610 0.036607293990254405 0
1651333998167 0.03063999670445919 0
1651334001766 0.0404756119735539 0
1651334005298 0.02462051376476884 0
1651334008923 0.030111691872030496 0
1651334012521 0.030789353572763502 0
1651334016139 0.015380174884200097 0
1651334019732 0.01332758225798607 0
1651334023312 0.013272640735283494 0
1651334026895 0.016762765255197883 0
1651334030505 0.011936731114983558 0
1651334034093 0.03235141534097493 0
1651334037680 0.029082246997393667 0
1651334041233 0.030199330696091056 0
1651334044812 0.01978769567757845 0
1651334048404 0.016670996770542117 0
1651334051968 0.014817197575420141 0
1651334055549 0.007698165577556938 0
1651334059064 0.010651680287253112 0
1651334062656 0.02398250955156982 0
1651334066148 0.007937991871405392 0
1651334084438 1.1541417584419251 0
1651334087906 0.6991549814224243 0
1651334091424 0.4918191927909851 0
1651334095013 0.3583895454406738 0
1651334098547 0.2429600221991539 0
1651334101983 0.17259535693526268 0
1651334105506 0.10784486992955208 0
1651334109022 0.10245097534656525 0
1651334112531 0.07262329053580761 0
1651334116040 0.06126800597310066 0
1651334119550 0.047787817560136316 0
1651334123045 0.04242641086280346 0
1651334126545 0.03207137126177549 0
1651334130099 0.029348984529078005 0
1651334133584 0.026357719015330076 0
1651334137214 0.02795659715756774 0
1651334140723 0.027154974972084165 0
1651334144197 0.02446973771713674 0
1651334147659 0.024139092550426722 0
1651334151115 0.02714547822996974 0
1651334154575 0.00923010632880032 0
1651334158092 0.029437585021089764 0
1651334161646 0.029209559564106168 0
1651334165185 0.021163659072853624 0
1651334168697 0.00465572947813198 0
1651334172233 0.026602947267331183 0
1651334175744 0.020727709420397877 0
1651334179222 0.02263795323278755 0
1651334182677 0.015837933348678054 0
1651334186164 0.01904777201618999 0
1651334207446 0.9953526861190796 0
1651334211021 0.505529618859291 0
1651334214649 0.3347903086900711 0
1651334218284 0.2544470330238342 0
1651334221914 0.1710777493059635 0
1651334225553 0.12304384618997574 0
1651334229181 0.09515932555496692 0
1651334232759 0.06889482723921538 0
1651334236365 0.05427884258180857 0
1651334239849 0.040908195915818214 0
1651334243424 0.036395768386125564 0
1651334247027 0.02193054363578558 0
1651334250641 0.04776420080810785 0
1651334254251 0.027805420217663048 0
1651334257782 0.011893465111777187 0
1651334261277 0.03279212039634585 0
1651334264832 0.023074253613874315 0
1651334268426 0.016991670196689665 0
1651334271983 0.011530269572138787 0
1651334275593 0.02570772377885878 0
1651334279157 0.012712595652788877 0
1651334282768 0.014014392223581671 0
1651334286354 0.03198511138986796 0
1651334289848 0.018205809155851602 0
1651334293428 0.018100385269150136 0
1651334296930 0.014730600774474443 0
1651334300465 0.012735924295336008 0
1651334304061 0.010676483727432788 0
1651334307593 0.013213549455907195 0
1651334311148 0.03455688340365887 0
1651334335440 1.3067243333816527 0
1651334339023 0.8559712530136109 0
1651334342632 0.6146596398591995 0
1651334346271 0.44602941393852236 0
1651334349893 0.3249395900249481 0
1651334353494 0.23954970970153808 0
1651334357057 0.17182722114920615 0
1651334360689 0.1289305818617344 0
1651334364202 0.08331028233766556 0
1651334367770 0.08052302515208722 0
1651334371349 0.05382493824958801 0
1651334374946 0.05340240375697613 0
1651334378562 0.047814160454273225 0
1651334382114 0.04417922309488058 0
1651334385681 0.03926317532807588 0
1651334389298 0.037990049197524786 0
1651334392867 0.03106870983541012 0
1651334396492 0.03427623503915966 0
1651334400118 0.024574962900578975 0
1651334403712 0.02974630376920104 0
1651334407274 0.0437412301696837 0
1651334410837 0.026525228894874454 0
1651334414477 0.014469774695299566 0
1651334418053 0.016327360855415463 0
1651334421659 0.019260545632243158 0
1651334425181 0.009594193137809634 0
1651334428755 0.04754963136129081 0
1651334432366 0.02718368897307664 0
1651334435935 0.01854043862633407 0
1651334439482 0.019117915538698436 0
1651334466858 1.086233231639862 0
1651334470424 0.500512814116478 0
1651334473910 0.324692893743515 0
1651334477433 0.2117866704583168 0
1651334480991 0.12469611222743988 0
1651334484520 0.09814944666028023 0
1651334488038 0.06376493519544602 0
1651334491565 0.06163239441215992 0
1651334495093 0.043421613016724585 0
1651334498633 0.02930674769282341 0
1651334502121 0.032604510362446305 0
1651334505643 0.02488706798106432 0
1651334509185 0.03413382979035377 0
1651334512703 0.019526258400827647 0
1651334516256 0.02068798512928188 0
1651334519852 0.01818778115808964 0
1651334523418 0.01709830867163837 0
1651334526946 0.019778514363989235 0
1651334530459 0.007249119402840734 0
1651334533957 0.029296974039450287 0
1651334537480 0.02861171849295497 0
1651334541015 0.015402768248133362 0
1651334544505 0.007562847938016057 0
1651334547952 0.0038843361917883156 0
1651334551448 0.0013210162018425762 0
1651334555015 0.0009638492871075869 0
1651334558503 0.0008541302353143692 0
1651334562002 0.0006571281327400356 0
1651334565523 0.0004883573044091464 0
1651334569095 0.00042089412114582953 0
1651334599868 1.2941960515975952 0
1651334603470 0.8634050892353058 0
1651334607021 0.634711874961853 0
1651334610597 0.4658861679315567 0
1651334614313 0.33028699573278425 0
1651334617940 0.2354577250599861 0
1651334621507 0.169457567435503 0
1651334625113 0.10822920113056898 0
1651334628667 0.09007286957502365 0
1651334632292 0.06918140133619309 0
1651334635887 0.07703598431944847 0
1651334639509 0.05394333956092596 0
1651334643132 0.03952739560455084 0
1651334646756 0.05675602987855673 0
1651334650296 0.033985322817415 0
1651334653969 0.03661084650978446 0
1651334657549 0.045014649928361176 0
1651334661222 0.03516715581193566 0
1651334664820 0.023666351763904095 0
1651334668413 0.0342980366371572 0
1651334672027 0.0201195933945477 0
1651334675647 0.03367782629057765 0
1651334679284 0.023200229639932513 0
1651334682899 0.01601219827271998 0
1651334686485 0.022702167946100235 0
1651334690057 0.018240615402162076 0
1651334693719 0.022983905366621912 0
1651334697291 0.029628376467339696 0
1651334700872 0.03115792807638645 0
1651334704470 0.034111837350577115 0
1651334738287 1.1221048334121704 0
1651334741868 0.570623953294754 0
1651334745463 0.36842172667980194 0
1651334749084 0.24834245431423188 0
1651334752722 0.1835006377696991 0
1651334756335 0.12696795374155045 0
1651334759976 0.09219632393717765 0
1651334763557 0.06456329667568207 0
1651334767189 0.0573693546757102 0
1651334770785 0.03734992588460445 0
1651334774342 0.03541056172773242 0
1651334777967 0.03384515528157354 0
1651334781562 0.035329222374409434 0
1651334785145 0.023665813956409692 0
1651334788761 0.027304330085217952 0
1651334792401 0.024390781955048443 0
1651334796008 0.021174164321646094 0
1651334799654 0.021065460251271723 0
1651334803357 0.022103372963145376 0
1651334806972 0.022012802255898713 0
1651334810576 0.0223981377158314 0
1651334814182 0.04144308048821986 0
1651334817766 0.02508667882606387 0
1651334821371 0.020178117896057664 0
1651334825035 0.002801316925138235 0
1651334828646 0.012048460436519236 0
1651334832282 0.016198405672609807 0
1651334835971 0.022138251636363567 0
1651334839589 0.012635593265388162 0
1651334843234 0.0306950452176854 0
1651334880324 1.1482210381507874 0
1651334883945 0.6178767442703247 0
1651334887535 0.4146636147737503 0
1651334891151 0.28238467532396316 0
1651334894804 0.19222374631166458 0
1651334898426 0.14095789555311203 0
1651334902125 0.10513331232368946 0
1651334905790 0.07932878977656364 0
1651334909413 0.05974013226032257 0
1651334912960 0.050874041536450386 0
1651334916586 0.045545983928442 0
1651334920265 0.03215162283629179 0
1651334923907 0.037071535189449785 0
1651334927567 0.03167981745451689 0
1651334931156 0.032425223353877666 0
1651334934819 0.026686527597904207 0
1651334938473 0.029942763279378413 0
1651334942116 0.021077961647138 0
1651334945710 0.027343443870544434 0
1651334949298 0.008491232701390981 0
1651334952904 0.014264289996027947 0
1651334956585 0.020710994423739613 0
1651334960200 0.029254126787930726 0
1651334963839 0.029104653485678138 0
1651334967553 0.02198183042705059 0
1651334971137 0.007241584712266922 0
1651334974727 0.01288701736247167 0
1651334978305 0.025285333725996315 0
1651334981959 0.021278162598237397 0
1651334985602 0.02392641993360594 0
1651335025645 1.1270081160545349 0
1651335029135 0.5108375707149505 0
1651335032723 0.32443886737823485 0
1651335036247 0.188325641644001 0
1651335039760 0.14792295962870122 0
1651335043262 0.09486754427552223 0
1651335046804 0.07649666697978974 0
1651335050301 0.05718568335175514 0
1651335053950 0.051561331336200236 0
1651335057509 0.045360880768299104 0
1651335061062 0.025939898718893527 0
1651335064638 0.021838857908546925 0
1651335068181 0.013627642507106066 0
1651335071697 0.020723516228049993 0
1651335075264 0.008564400417357683 0
1651335078918 0.0035583462316542865 0
1651335082392 0.007804361021146179 0
1651335085961 0.04028741698898375 0
1651335089553 0.04993508071526885 0
1651335093125 0.01593539633639157 0
1651335096684 0.02335464401729405 0
1651335100245 0.018802122849226 0
1651335103791 0.02292629204764962 0
1651335107351 0.009086481828056275 0
1651335110887 0.011035319294221699 0
1651335114364 0.012854842963442206 0
1651335117969 0.01187089311927557 0
1651335121532 0.005611316245049239 0
1651335125090 0.002547983566857874 0
1651335128633 0.0009372959652915597 0
1651335172124 1.2125355083465577 0
1651335175844 0.7971189618110657 0
1651335179509 0.5835768652439117 0
1651335183189 0.4394164805173874 0
1651335186861 0.3260438388824463 0
1651335190465 0.2321866653263569 0
1651335194138 0.19283414021134376 0
1651335197773 0.1453115463256836 0
1651335201349 0.09204856482446194 0
1651335204964 0.0830382349908352 0
1651335208561 0.07251708292663098 0
1651335212225 0.05880300640314817 0
1651335215919 0.030445462387800215 0
1651335219592 0.0697761550411582 0
1651335223220 0.02871439896225929 0
1651335226797 0.03777336527481675 0
1651335230442 0.05264183565154672 0
1651335234064 0.01922168565765023 0
1651335237666 0.03168943104967475 0
1651335241339 0.04621907946392894 0
1651335244914 0.022123930424824356 0
1651335248590 0.02316865340322256 0
1651335252228 0.02971788964383304 0
1651335255872 0.022257245694100855 0
1651335259530 0.034524077455326915 0
1651335263273 0.03941040800884366 0
1651335266916 0.011058508667722344 0
1651335270508 0.018412645612098277 0
1651335274187 0.0257654750097543 0
1651335277864 0.01473516098447144 0
1651335324501 1.029224977016449 0
1651335328182 0.5719108526706695 0
1651335331802 0.4011104493618011 0
1651335335430 0.27745031687021254 0
1651335339117 0.20577160776257514 0
1651335342754 0.14279529217481612 0
1651335346386 0.10408601323366165 0
1651335350076 0.08797673054337501 0
1651335353726 0.06272614066749811 0
1651335357338 0.05091439748853445 0
1651335360987 0.021468501995503902 0
1651335364652 0.03414492351040244 0
1651335368331 0.02973818564862013 0
1651335371991 0.03321206637695432 0
1651335375646 0.025711553068086503 0
1651335379290 0.022437943093478678 0
1651335382924 0.03457431274466217 0
1651335386558 0.03138147393018007 0
1651335390185 0.030611889052018525 0
1651335393855 0.016491832261532544 0
1651335397527 0.021742448216304184 0
1651335401183 0.018626095596700906 0
1651335404860 0.019733568442985416 0
1651335408549 0.01831110326666385 0
1651335412194 0.013397784744016827 0
1651335415798 0.009659677033312618 0
1651335419399 0.014268289602547885 0
1651335423067 0.0022292580645531415 0
1651335426775 0.02920278365779668 0
1651335430420 0.01736819642651826 0
1651335480389 1.1693100945472716 0
1651335484063 0.7020083816051483 0
1651335487758 0.5119097504377366 0
1651335491349 0.37161686697006224 0
1651335495069 0.24162287190556525 0
1651335498672 0.18411703456640244 0
1651335502315 0.12143744381666184 0
1651335505956 0.09398032770454884 0
1651335509646 0.06908575185239316 0
1651335513263 0.05304539463818073 0
1651335516905 0.050420202198624614 0
1651335520564 0.03714841068983078 0
1651335524251 0.04946673311442137 0
1651335527906 0.028880456894636156 0
1651335531549 0.05478635163605213 0
1651335535215 0.05346936902552843 0
1651335538853 0.018597914971038697 0
1651335542546 0.027790627377480268 0
1651335546245 0.021104822992905975 0
1651335549862 0.028743552008271216 0
1651335553455 0.02234024024233222 0
1651335557099 0.03845838862285018 0
1651335560773 0.012164360672421753 0
1651335564451 0.044342598894611 0
1651335568110 0.008369226725772023 0
1651335571740 0.010521489726565778 0
1651335575436 0.029819650070741773 0
1651335579123 0.022559253265708686 0
1651335582749 0.02546198052149266 0
1651335586445 0.025532807691209018 0
1651335639688 1.3973989625930787 0
1651335643339 1.0103532481193542 0
1651335646971 0.7937914790153503 0
1651335650680 0.6158766703844071 0
1651335654364 0.4913104389667511 0
1651335658075 0.3685435954749584 0
1651335661790 0.25846880022287366 0
1651335665407 0.18888800731897354 0
1651335669085 0.1532905543088913 0
1651335672799 0.11278354582190514 0
1651335676463 0.09743598411977292 0
1651335680162 0.07581619988083839 0
1651335683816 0.07048998903930187 0
1651335687505 0.060215124507248405 0
1651335691145 0.057531145538389686 0
1651335694876 0.04935345955938101 0
1651335698581 0.0473230509057641 0
1651335702269 0.048551271370053294 0
1651335705991 0.048872756315022706 0
1651335709629 0.029589963217452168 0
1651335713361 0.023567376761883498 0
1651335717053 0.05043715407177806 0
1651335720739 0.04404521226882935 0
1651335724455 0.041213830139487984 0
1651335728126 0.02777903615012765 0
1651335731782 0.0193451818831265 0
1651335735459 0.027463739955425264 0
1651335739077 0.03072221672050655 0
1651335742741 0.04720338050574064 0
1651335746401 0.03700750866010785 0
1651335802894 1.2950419109344482 0
1651335806511 0.8385562473297119 0
1651335810157 0.6091600642681122 0
1651335813751 0.44013464031219485 0
1651335817425 0.3276426962375641 0
1651335821119 0.2511992783308029 0
1651335824792 0.1684691983103752 0
1651335828435 0.12063780515789986 0
1651335832104 0.0897682873159647 0
1651335835703 0.07331309008896351 0
1651335839383 0.06435970363616943 0
1651335843040 0.052441236358881 0
1651335846678 0.04921467562168837 0
1651335850344 0.04332663984149694 0
1651335854005 0.04191531013473868 0
1651335857688 0.03173035704493523 0
1651335861375 0.04340066048055887 0
1651335865036 0.03411259280666709 0
1651335868703 0.049393495819717644 0
1651335872423 0.03527112949043512 0
1651335876048 0.03093328786380589 0
1651335879710 0.025486378823406996 0
1651335883461 0.03248960172459483 0
1651335887226 0.01764311254732311 0
1651335890923 0.01425666537899524 0
1651335894586 0.023085066572204233 0
1651335898304 0.04057637395299971 0
1651335902016 0.025828116709180175 0
1651335905748 0.02228400477319956 0
1651335909450 0.03803164712432772 0
1651335969375 1.3850513027191163 0
1651335972973 1.010344606590271 0
1651335976683 0.7806326651573181 0
1651335980292 0.6141395202636719 0
1651335983948 0.44378831968307497 0
1651335987533 0.3613564866900444 0
1651335991240 0.2381756054520607 0
1651335994973 0.16977168737053872 0
1651335998675 0.11700441016554833 0
1651336002373 0.11819729975163937 0
1651336006094 0.07866802498102188 0
1651336009812 0.0589240624666214 0
1651336013423 0.04990373529791832 0
1651336017086 0.04341508662104607 0
1651336020791 0.050759100906550884 0
1651336024464 0.04501946382150054 0
1651336028101 0.03812105983197689 0
1651336031780 0.04267180341333151 0
1651336035507 0.062375463537871836 0
1651336039184 0.04337963176444173 0
1651336042927 0.025410169498622417 0
1651336046655 0.03220938163623214 0
1651336050378 0.017294478627294302 0
1651336054052 0.03522516058981419 0
1651336057789 0.05111265960335731 0
1651336061441 0.03639731739424169 0
1651336065146 0.04350753092654049 0
1651336068824 0.02529953277427703 0
1651336072557 0.025705395713075996 0
1651336076249 0.03599326024726033 0
1651336139410 1.0828619080543518 0
1651336143104 0.5950684531927108 0
1651336146820 0.41341125762462616 0
1651336150557 0.30046339983940124 0
1651336154297 0.2073406042635441 0
1651336157996 0.14495909579098223 0
1651336161691 0.11471072127521038 0
1651336165375 0.09377865310311317 0
1651336169085 0.05595883988589048 0
1651336172777 0.034642483232915404 0
1651336176509 0.043511592304706574 0
1651336180202 0.04433801560401916 0
1651336183842 0.028498551478236912 0
1651336187555 0.038405269538611175 0
1651336191176 0.03756889609917998 0
1651336194802 0.02610957326963544 0
1651336198510 0.028390854738652705 0
1651336202200 0.01688866755440831 0
1651336205830 0.022009271351248028 0
1651336209431 0.007945537323690952 0
1651336213172 0.026152609582431614 0
1651336216850 0.029239833737723528 0
1651336220543 0.01278812668537721 0
1651336224232 0.015173488628305495 0
1651336227874 0.006404662779159844 0
1651336231552 0.030092831279337408 0
1651336235239 0.026032940212264658 0
1651336238952 0.025683312610164283 0
1651336242689 0.014219025610201061 0
1651336246410 0.025566176480147987 0
