1652459040101 0.168 0
1652459045074 0.2838 0
1652459050034 0.3626 0
1652459054987 0.4226 0
1652459059911 0.4708 0
1652459064821 0.5082 0
1652459069715 0.5546 0
1652459074590 0.5914 0
1652459079517 0.619 0
1652459084336 0.6598 0
1652459096593 0.267 0
1652459102251 0.463 0
1652459108235 0.5312 0
1652459113808 0.6008 0
1652459119305 0.6352 0
1652459125016 0.6754 0
1652459130593 0.6924 0
1652459136371 0.712 0
1652459142064 0.742 0
1652459147615 0.7558 0
1652459160708 0.2726 0
1652459167043 0.4294 0
1652459173383 0.4986 0
1652459179398 0.538 0
1652459185902 0.581 0
1652459192101 0.6044 0
1652459198265 0.6294 0
1652459204407 0.6544 0
1652459210542 0.6702 0
1652459216859 0.6772 0
1652459230721 0.3368 0
1652459237509 0.5166 0
1652459244240 0.5818 0
1652459251022 0.6122 0
1652459258072 0.6366 0
1652459264966 0.6536 0
1652459272017 0.6754 0
1652459278922 0.6964 0
1652459285767 0.7106 0
1652459292590 0.723 0
1652459307314 0.3404 0
1652459314684 0.4682 0
1652459321934 0.5096 0
1652459329141 0.5472 0
1652459336527 0.5648 0
1652459343898 0.5848 0
1652459351179 0.6088 0
1652459358587 0.619 0
1652459365883 0.6258 0
1652459373321 0.6406 0
