1652271511992 0.654 0
1652271519733 0.8212 0
1652271527527 0.8576 0
1652271535381 0.88 0
1652271543102 0.9036 0
1652271550841 0.9028 0
1652271558692 0.918 0
1652271566567 0.922 0
1652271574276 0.896 0
1652271581976 0.9164 0
1652271589782 0.936 0
1652271597383 0.94 0
1652271605128 0.9392 0
1652271612804 0.9456 0
1652271620544 0.9392 0
1652271628175 0.9564 0
1652271635864 0.9512 0
1652271643644 0.962 0
1652271651321 0.9596 0
1652271659013 0.9576 0
1652271666677 0.968 0
1652271674467 0.9496 0
1652271682042 0.9628 0
1652271689650 0.9472 0
1652271697366 0.9588 0
1652271705027 0.958 0
1652271712701 0.9716 0
1652271720437 0.9656 0
1652271728122 0.9728 0
1652271735911 0.9584 0
1652271743678 0.968 0
1652271751425 0.968 0
1652271759194 0.972 0
1652271766859 0.9596 0
1652271774405 0.9772 0
1652271782226 0.9748 0
1652271790063 0.9808 0
1652271797819 0.978 0
1652271805503 0.964 0
1652271812877 0.9748 0
1652271820690 0.9708 0
1652271828451 0.9836 0
1652271835945 0.9784 0
1652271843660 0.9772 0
1652271851228 0.98 0
1652271858958 0.9776 0
1652271866666 0.9844 0
1652271874440 0.9796 0
1652271882227 0.974 0
1652271889982 0.9736 0
1652271899103 0.4048 0
1652271904817 0.6228 0
1652271910521 0.6672 0
1652271916257 0.734 0
1652271922002 0.77 0
1652271927724 0.8056 0
1652271933459 0.802 0
1652271939255 0.8048 0
1652271944964 0.8296 0
1652271950701 0.8324 0
1652271956571 0.8596 0
1652271962340 0.8624 0
1652271968083 0.876 0
1652271973903 0.8836 0
1652271979632 0.8984 0
1652271985250 0.892 0
1652271990965 0.8944 0
1652271996713 0.8888 0
1652272002465 0.894 0
1652272008202 0.9252 0
1652272013771 0.9 0
1652272019559 0.9172 0
1652272025286 0.9196 0
1652272031013 0.9228 0
1652272036752 0.9248 0
1652272042490 0.9248 0
1652272048130 0.9312 0
1652272053766 0.9328 0
1652272059483 0.94 0
1652272065219 0.9296 0
1652272070988 0.9344 0
1652272076630 0.9452 0
1652272082314 0.934 0
1652272087957 0.9456 0
1652272093585 0.9352 0
1652272099393 0.9492 0
1652272105108 0.942 0
1652272110872 0.952 0
1652272116595 0.9472 0
1652272122362 0.9492 0
1652272128178 0.9476 0
1652272133917 0.9664 0
1652272139706 0.9484 0
1652272145464 0.9452 0
1652272151277 0.9508 0
1652272157033 0.9588 0
1652272162688 0.9448 0
1652272168404 0.9528 0
1652272174166 0.9692 0
1652272179980 0.962 0
1652272192672 0.3536 0
1652272198484 0.5988 0
1652272204096 0.6856 0
1652272209780 0.7356 0
1652272215454 0.76 0
1652272221194 0.7736 0
1652272226828 0.7832 0
1652272232467 0.8152 0
1652272238267 0.8292 0
1652272243942 0.8276 0
1652272249755 0.8268 0
1652272255525 0.868 0
1652272261245 0.8688 0
1652272266969 0.8712 0
1652272272755 0.8716 0
1652272278532 0.876 0
1652272284181 0.8944 0
1652272289947 0.8888 0
1652272295615 0.878 0
1652272301352 0.8968 0
1652272307064 0.9288 0
1652272312780 0.914 0
1652272318542 0.9008 0
1652272324202 0.8936 0
1652272329802 0.9244 0
1652272335439 0.9368 0
1652272341108 0.9248 0
1652272346881 0.9192 0
1652272352646 0.9328 0
1652272358411 0.9288 0
1652272363992 0.9432 0
1652272369746 0.9288 0
1652272375376 0.9328 0
1652272381197 0.9412 0
1652272386978 0.9484 0
1652272392740 0.9276 0
1652272398456 0.9536 0
1652272404095 0.9428 0
1652272409745 0.9436 0
1652272415404 0.95 0
1652272421041 0.9448 0
1652272426775 0.9472 0
1652272432459 0.946 0
1652272438171 0.9464 0
1652272443978 0.94 0
1652272449802 0.9548 0
1652272455488 0.9556 0
1652272461271 0.9628 0
1652272466886 0.9452 0
1652272472622 0.9412 0
1652272488819 0.5924 0
1652272494421 0.7992 0
1652272499984 0.8232 0
1652272505739 0.8584 0
1652272511484 0.8644 0
1652272517119 0.8968 0
1652272522734 0.8856 0
1652272528460 0.9004 0
1652272534230 0.8988 0
1652272539984 0.9076 0
1652272545672 0.9216 0
1652272551411 0.9292 0
1652272557073 0.9264 0
1652272562660 0.9208 0
1652272568477 0.9148 0
1652272574333 0.936 0
1652272580068 0.9428 0
1652272585749 0.9292 0
1652272591572 0.9568 0
1652272597234 0.9552 0
1652272602921 0.9424 0
1652272608669 0.9472 0
1652272614459 0.95 0
1652272620277 0.9512 0
1652272626001 0.9468 0
1652272631726 0.9536 0
1652272637376 0.9612 0
1652272643037 0.9524 0
1652272648827 0.966 0
1652272654564 0.9556 0
1652272660293 0.974 0
1652272665893 0.9636 0
1652272671657 0.9624 0
1652272677345 0.9752 0
1652272683045 0.962 0
1652272688633 0.9644 0
1652272694346 0.9784 0
1652272700041 0.9676 0
1652272705789 0.9644 0
1652272711502 0.9624 0
1652272717222 0.9736 0
1652272723005 0.9664 0
1652272728824 0.9772 0
1652272734504 0.9752 0
1652272740286 0.9624 0
1652272746003 0.9796 0
1652272751723 0.9704 0
1652272757415 0.9736 0
1652272763251 0.9792 0
1652272769093 0.9792 0
1652272788820 0.3448 0
1652272794519 0.5724 0
1652272800294 0.6356 0
1652272805914 0.6848 0
1652272811645 0.7268 0
1652272817276 0.748 0
1652272822945 0.768 0
1652272828585 0.7884 0
1652272834289 0.8052 0
1652272840017 0.8272 0
1652272845646 0.8304 0
1652272851358 0.8444 0
1652272857230 0.848 0
1652272862951 0.8772 0
1652272868656 0.87 0
1652272874338 0.8704 0
1652272880055 0.8824 0
1652272885895 0.8848 0
1652272891734 0.8904 0
1652272897389 0.8852 0
1652272903095 0.9144 0
1652272908887 0.9264 0
1652272914623 0.9016 0
1652272920397 0.91 0
1652272926126 0.946 0
1652272931830 0.894 0
1652272937626 0.9104 0
1652272943355 0.922 0
1652272949052 0.9332 0
1652272954804 0.9296 0
1652272960534 0.9228 0
1652272966283 0.9264 0
1652272972084 0.9204 0
1652272977733 0.934 0
1652272983616 0.9136 0
1652272989341 0.9532 0
1652272994920 0.9308 0
1652273000640 0.9508 0
1652273006441 0.938 0
1652273012261 0.942 0
1652273017993 0.9392 0
1652273023743 0.9512 0
1652273029423 0.9376 0
1652273035093 0.9412 0
1652273040811 0.9592 0
1652273046466 0.9332 0
1652273052193 0.9508 0
1652273057861 0.9524 0
1652273063655 0.9512 0
1652273069380 0.9588 0
