1645647244376 0.23 0
1645647248929 0.3508 0
1645647253507 0.398 0
1645647258141 0.4442 0
1645647262623 0.4932 0
1645647271987 0.3931 0
1645647280605 0.4958 0
1645647289036 0.5652 0
1645647296993 0.618 0
1645647305244 0.6674 0
1645647318237 0.6027333333333333 0
1645647330633 0.6708 0
1645647342755 0.7171333333333333 0
1645647354447 0.7538 0
1645647366341 0.7913333333333333 0
1645647384872 0.6971 0
1645647401169 0.74375 0
1645647417752 0.7798 0
1645647434857 0.8103 0
1645647452090 0.83785 0
1645647476118 0.74944 0
1645647497792 0.79876 0
1645647519655 0.82312 0
1645647540722 0.84888 0
1645647562435 0.8672 0
1645647591404 0.7982333333333334 0
1645647618659 0.8328 0
1645647645788 0.8549333333333333 0
1645647672948 0.8707666666666667 0
1645647700470 0.8869333333333334 0
1645647734668 0.8152857142857143 0
1645647767558 0.847 0
1645647800673 0.8613428571428572 0
1645647832944 0.8779714285714286 0
1645647865324 0.8892285714285715 0
1645647905850 0.836725 0
1645647944197 0.85975 0
1645647983123 0.8764 0
1645648021685 0.888775 0
1645648059883 0.899775 0
1645648106528 0.8399333333333333 0
1645648151527 0.8653111111111111 0
1645648195683 0.8791333333333333 0
1645648239257 0.8904 0
1645648283901 0.8995555555555556 0
1645648338630 0.85506 0
1645648388672 0.88032 0
1645648438660 0.89244 0
1645648489926 0.90306 0
1645648539277 0.9095 0
1645648597970 0.8659454545454546 0
1645648654278 0.8848545454545454 0
1645648710846 0.8958727272727273 0
1645648766942 0.9051636363636364 0
1645648823804 0.9106181818181818 0
1645648890495 0.8710166666666667 0
1645648951399 0.8862833333333333 0
1645649014202 0.8983166666666667 0
1645649076182 0.9065 0
1645649138755 0.9131833333333333 0
1645649213377 0.8818153846153847 0
1645649282255 0.8971692307692307 0
1645649352078 0.9084 0
1645649423026 0.9142307692307692 0
1645649491768 0.9211538461538461 0
1645649571892 0.8866428571428572 0
1645649644552 0.9019285714285714 0
1645649721922 0.9104142857142857 0
1645649799235 0.9148428571428572 0
1645649875037 0.9233714285714286 0
1645649961670 0.8978533333333333 0
1645650042935 0.9128666666666667 0
1645650123333 0.9211066666666666 0
1645650207874 0.9269733333333333 0
1645650287555 0.9303466666666667 0
1645650379736 0.9058125 0
1645650464080 0.9174125 0
1645650551239 0.9235625 0
1645650642247 0.9286625 0
1645650728866 0.931925 0
1645650825774 0.9078588235294117 0
1645650919798 0.9192 0
1645651014656 0.9241411764705882 0
1645651106026 0.9295882352941176 0
1645651198003 0.9341176470588235 0
1645651307043 0.9054888888888889 0
1645651406357 0.9143666666666667 0
1645651511724 0.9211333333333334 0
1645651611424 0.9242666666666667 0
1645651713188 0.9280666666666667 0
1645651826996 0.9060947368421053 0
1645651937200 0.9194 0
1645652045939 0.922978947368421 0
1645652155860 0.9263157894736842 0
1645652264774 0.930821052631579 0
1645652390100 0.90822 0
1645652505989 0.91875 0
1645652623815 0.92342 0
1645652739780 0.92543 0
1645652854402 0.93034 0
