1654160618622 0.7404353362032378 0
1654160631718 0.9742921239313648 0
1654160644852 0.9946037712969138 0
1654160658110 0.9975140968895895 0
1654160671138 0.9992117868186503 0
1654160729262 0.8547692680856225 0
1654160744700 0.9880540901097569 0
1654160760655 0.9970893214480626 0
1654160776697 0.9984840215875326 0
1654160792727 0.9985446607240313 0
1654160868818 0.9066933430338305 0
1654160886413 0.9901782466351401 0
1654160904225 0.9964835697829514 0
1654160921975 0.9974536194979993 0
1654160940481 0.9979386443555233 0
1654161033740 0.8620982413583991 0
1654161053834 0.9775621588841722 0
1654161074135 0.9913280776228017 0
1654161093343 0.9918738629472408 0
1654161112625 0.9941782898726501 0
1654161222870 0.9070232896652111 0
1654161244921 0.993995633187773 0
1654161266330 0.9968461911693353 0
1654161288018 0.997573993207181 0
1654161309691 0.9986656962639495 0
