1654171167038 1.4497162644442323 0
1654171179926 0.9163441962349561 0
1654171192768 0.471111919397742 0
1654171205780 0.19221862174156312 0
1654171218664 0.08134278538773798 0
1654171231380 0.04188263563784042 0
1654171244340 0.02743499941074945 0
1654171257378 0.016511315253326005 0
1654171270094 0.01165822722007149 0
1654171282843 0.010340843201213262 0
1654171295657 0.006501027993834822 0
1654171308571 0.0067920674019231325 0
1654171321798 0.00542663213481993 0
1654171334855 0.005680738658118996 0
1654171347717 0.004889074816172408 0
1654171361076 0.002774384189220917 0
1654171374161 0.0027706779622790343 0
1654171387048 0.002658123031181519 0
1654171399966 0.003499781416758682 0
1654171412894 0.002770007691760554 0
1654171425902 0.0023430325426762387 0
1654171438768 0.0021723273953074837 0
1654171451735 0.0014719828776413827 0
1654171464614 0.0034851333835618312 0
1654171477395 0.0024135291478357486 0
1654171490109 0.002006341222534984 0
1654171503142 0.0010461475077752477 0
1654171516161 0.0029799752089958173 0
1654171529478 0.0022550422071746156 0
1654171542381 0.0033408486116916947 0
1654171600068 0.6148607194763427 0
1654171615342 0.1374502399725442 0
1654171630606 0.06279057078097373 0
1654171646094 0.040440879008236834 0
1654171661316 0.032174434831596245 0
1654171676138 0.027252987007176266 0
1654171691265 0.026617086669526707 0
1654171706581 0.020340215250647317 0
1654171722086 0.022126716179621295 0
1654171737287 0.017228021621604705 0
1654171753212 0.016198221099151866 0
1654171769014 0.014961135941730116 0
1654171784999 0.016437897023253382 0
1654171803876 0.025519347960583097 0
1654171819837 0.018057446701216184 0
1654171834782 0.017203565602794 0
1654171850179 0.014445455744354286 0
1654171865154 0.017975393224878723 0
1654171880071 0.014196721093267063 0
1654171895208 0.013992416018037428 0
1654171910441 0.013521644809709642 0
1654171925670 0.01561259781260349 0
1654171940653 0.019923864518244867 0
1654171955583 0.013736488766772623 0
1654171970637 0.015385510264680971 0
1654171985870 0.017209041369414216 0
1654172001009 0.015630215286126955 0
1654172015920 0.012059187112889674 0
1654172031140 0.011328766392126564 0
1654172046991 0.016257751295499476 0
1654172122575 0.4774807156960834 0
1654172139679 0.11822311315837739 0
1654172156542 0.08733568326717465 0
1654172173307 0.06560214553572662 0
1654172190248 0.05799494732618043 0
1654172207421 0.058434258816700294 0
1654172224527 0.057151624847285254 0
1654172241931 0.043773895063385235 0
1654172259683 0.04868516530486993 0
1654172276934 0.048403362855920506 0
1654172294216 0.05238439302430292 0
1654172310849 0.05010345785485494 0
1654172327827 0.04387666355595815 0
1654172344701 0.04601731039949572 0
1654172361820 0.0486492163935213 0
1654172378905 0.03731272489508239 0
1654172396363 0.03729187769988558 0
1654172413555 0.0470051446264876 0
1654172430629 0.040924586095046865 0
1654172447737 0.044464109044707704 0
1654172464527 0.04418586424121759 0
1654172481527 0.04325111075102871 0
1654172498626 0.03882185085646685 0
1654172515754 0.032684454739787615 0
1654172532932 0.04166825653763125 0
1654172550287 0.03934846055184955 0
1654172567109 0.03650632814883759 0
1654172584180 0.04267516382182238 0
1654172601264 0.04117794656870624 0
1654172618248 0.03660196160220718 0
1654172711529 0.713341987339058 0
1654172730659 0.28985440020780984 0
1654172750018 0.1947955844075554 0
1654172770096 0.16029412950563604 0
1654172788844 0.14108173294978985 0
1654172807957 0.1199702356171073 0
1654172826771 0.11720375981364849 0
1654172845947 0.1124017148984064 0
1654172864904 0.11754710417197935 0
1654172883719 0.1047447891281257 0
1654172903060 0.10338493785383197 0
1654172921772 0.10252426830185335 0
1654172940953 0.10098245866266867 0
1654172959723 0.10552056517436188 0
1654172978703 0.09507046107489676 0
1654172997707 0.09226940889713474 0
1654173016707 0.09291536652767131 0
1654173036078 0.09019714351167384 0
1654173054957 0.0935378179189073 0
1654173073711 0.09632746311590265 0
1654173092582 0.07827975734065272 0
1654173111276 0.0902147956594617 0
1654173130155 0.07926791371848815 0
1654173148761 0.07501727587675022 0
1654173168031 0.08471743769993414 0
1654173186947 0.07996969901300909 0
1654173205468 0.08986833881724597 0
1654173224730 0.08731883183040352 0
1654173243524 0.08213843215932407 0
1654173262232 0.07760825073487691 0
1654173371286 0.6129385661523589 0
1654173391921 0.17606533180302292 0
1654173412477 0.13950761314707436 0
1654173432945 0.1171260208997664 0
1654173453686 0.12080912953192953 0
1654173474189 0.11050673955595071 0
1654173494480 0.11302724419173427 0
1654173514792 0.11404121413732951 0
1654173535613 0.10501945969521681 0
1654173556022 0.10709358940116992 0
1654173576836 0.09760566325456063 0
1654173597801 0.09748144357066199 0
1654173618890 0.09018956588591145 0
1654173639365 0.08829996047640008 0
1654173659967 0.09264934760658906 0
1654173680432 0.10704205005146357 0
1654173701097 0.09214633773724933 0
1654173721895 0.08745581703689825 0
1654173742532 0.10706583400379391 0
1654173763195 0.08538231750329335 0
1654173783608 0.09045798791692651 0
1654173804607 0.10433721021793815 0
1654173825324 0.08917922218597266 0
1654173845899 0.09169958984458522 0
1654173866393 0.09453169665670348 0
1654173886980 0.07975326796604093 0
1654173907877 0.08342015760246264 0
1654173928922 0.09218983610297568 0
1654173949612 0.09542061625638672 0
1654173970519 0.09103997456960919 0
