1652064470758 0.9166166666666666 0
1652064493950 0.9589166666666666 0
1652064518516 0.9701833333333333 0
1652064543082 0.97685 0
1652064567149 0.9812 0
1652064591038 0.9831166666666666 0
1652064615639 0.9862 0
1652064639996 0.9879 0
1652064664207 0.98905 0
1652064688763 0.99105 0
1652064712752 0.9914666666666667 0
1652064737292 0.99185 0
1652064760728 0.9928 0
1652064784535 0.9929833333333333 0
1652064808280 0.9938833333333333 0
1652064832144 0.9930166666666667 0
1652064856023 0.9942 0
1652064880093 0.9949166666666667 0
1652064904346 0.9946333333333334 0
1652064928575 0.9947 0
1652064953406 0.9953666666666666 0
1652064978165 0.9954833333333334 0
1652065001492 0.9952833333333333 0
1652065025958 0.9953166666666666 0
1652065050044 0.9958 0
1652065074887 0.99575 0
1652065098926 0.9960833333333333 0
1652065123216 0.9956833333333334 0
1652065147562 0.9964666666666666 0
1652065171883 0.9959 0
1652065196334 0.9961833333333333 0
1652065220900 0.9959333333333333 0
1652065245630 0.9971 0
1652065269957 0.9961666666666666 0
1652065293866 0.9965166666666667 0
1652065317796 0.9963666666666666 0
1652065341616 0.9971 0
1652065365554 0.9965666666666667 0
1652065389664 0.997 0
1652065413397 0.9966333333333334 0
1652065437956 0.9968666666666667 0
1652065462102 0.9968166666666667 0
1652065485919 0.9973166666666666 0
1652065509649 0.9969166666666667 0
1652065534846 0.9966 0
1652065559842 0.9971166666666667 0
1652065583628 0.9975833333333334 0
1652065608230 0.9967333333333334 0
1652065632999 0.9971 0
1652065657220 0.9969666666666667 0
1652065688615 0.9267538461538462 0
1652065715286 0.9735692307692307 0
1652065742323 0.9824923076923077 0
1652065769530 0.9865692307692308 0
1652065797331 0.9889076923076923 0
1652065824888 0.9911384615384615 0
1652065852215 0.9917692307692307 0
1652065879725 0.9935384615384616 0
1652065907150 0.9931692307692308 0
1652065934331 0.9939076923076923 0
1652065961446 0.9938923076923077 0
1652065988294 0.9936307692307692 0
1652066015362 0.9949538461538462 0
1652066043015 0.9946461538461538 0
1652066070750 0.9945538461538461 0
1652066098346 0.9946769230769231 0
1652066125926 0.9959230769230769 0
1652066153076 0.9948769230769231 0
1652066180047 0.9952615384615384 0
1652066207261 0.9958307692307692 0
1652066234660 0.9954923076923077 0
1652066262100 0.9948923076923077 0
1652066289674 0.9958153846153847 0
1652066317045 0.9960769230769231 0
1652066344457 0.9955846153846154 0
1652066371985 0.9962615384615384 0
1652066399544 0.9952923076923077 0
1652066426963 0.9961692307692308 0
1652066454055 0.9957076923076923 0
1652066481315 0.9969692307692307 0
1652066508558 0.9960153846153846 0
1652066535384 0.9957384615384616 0
1652066562380 0.9964307692307692 0
1652066589826 0.9959692307692307 0
1652066616959 0.9966153846153846 0
1652066644226 0.9960153846153846 0
1652066671687 0.9969846153846154 0
1652066699052 0.9962 0
1652066726077 0.9960923076923077 0
1652066753137 0.996476923076923 0
1652066780630 0.9968461538461538 0
1652066807930 0.9963538461538461 0
1652066835620 0.9964 0
1652066863275 0.9967538461538461 0
1652066889942 0.9964 0
1652066917311 0.9966615384615385 0
1652066944735 0.9964307692307692 0
1652066972048 0.9968307692307692 0
1652066999434 0.9966923076923077 0
1652067026737 0.9964153846153846 0
1652067061173 0.9278461538461539 0
1652067089355 0.974276923076923 0
1652067116995 0.9832461538461539 0
1652067144959 0.9882153846153846 0
1652067172708 0.9905846153846154 0
1652067200696 0.9919076923076923 0
1652067227783 0.9928153846153847 0
1652067255716 0.9932615384615384 0
1652067283192 0.9944615384615385 0
1652067310598 0.9942307692307693 0
1652067337894 0.995476923076923 0
1652067365056 0.9941076923076924 0
1652067392723 0.9948153846153847 0
1652067420342 0.9956615384615385 0
1652067448348 0.9947538461538461 0
1652067475713 0.9946 0
1652067503441 0.9950153846153846 0
1652067531098 0.9960307692307693 0
1652067559087 0.9951384615384615 0
1652067586394 0.996323076923077 0
1652067614115 0.9956307692307692 0
1652067641012 0.9953692307692308 0
1652067667832 0.9956615384615385 0
1652067695707 0.9963846153846154 0
1652067723375 0.9951384615384615 0
1652067750900 0.9962 0
1652067778578 0.9960153846153846 0
1652067806219 0.9961692307692308 0
1652067833542 0.9962153846153846 0
1652067861121 0.9961230769230769 0
1652067888815 0.9963846153846154 0
1652067916195 0.9958153846153847 0
1652067943760 0.997 0
1652067971499 0.9966461538461538 0
1652067999319 0.996 0
1652068026656 0.9962923076923077 0
1652068054852 0.9969230769230769 0
1652068082563 0.996476923076923 0
1652068110119 0.9966 0
1652068138143 0.9964923076923077 0
1652068165377 0.9968923076923077 0
1652068192902 0.9971230769230769 0
1652068220659 0.9964 0
1652068248616 0.9963846153846154 0
1652068276202 0.9966307692307692 0
1652068303776 0.9963076923076923 0
1652068331356 0.9969538461538462 0
1652068358974 0.9966307692307692 0
1652068386420 0.9968615384615385 0
1652068414047 0.9965384615384615 0
1652068452245 0.9278439336594972 0
1652068480028 0.9740453552416998 0
1652068508019 0.9839687374996153 0
1652068535955 0.9892304378596265 0
1652068563666 0.9904612449613834 0
1652068591708 0.9908458721806824 0
1652068619610 0.9933536416505123 0
1652068647335 0.9936151881596357 0
1652068675252 0.9940921259115665 0
1652068702750 0.9942459767992862 0
1652068730183 0.9944921382196376 0
1652068758123 0.9944305978645497 0
1652068786403 0.9940305855564786 0
1652068814306 0.9951383119480599 0
1652068842474 0.9953075479245516 0
1652068870187 0.9961537278070094 0
1652068898271 0.9954152435459552 0
1652068925984 0.9945382934859535 0
1652068954225 0.9952921628357796 0
1652068982671 0.9957844856764824 0
1652069010521 0.9952767777470076 0
1652069038597 0.99592295147543 0
1652069066465 0.9965383550263085 0
1652069094650 0.9954767839010431 0
1652069122431 0.9958460260315702 0
1652069150652 0.9955690944336749 0
1652069178419 0.9963998892273609 0
1652069206316 0.9953998584571833 0
1652069234080 0.9960306470968338 0
1652069261433 0.9962152681620973 0
1652069288915 0.9960306470968338 0
1652069316650 0.9966614357364842 0
1652069344583 0.996738361180344 0
1652069372287 0.9957998707652543 0
1652069400331 0.9960614172743777 0
1652069428037 0.9965383550263085 0
1652069456038 0.9963998892273609 0
1652069483645 0.9966768208252562 0
1652069511499 0.9966460506477123 0
1652069538999 0.9965845102926244 0
1652069566892 0.9967999015354319 0
1652069594909 0.9966768208252562 0
1652069622742 0.9968152866242038 0
1652069650828 0.9964306594049047 0
1652069678895 0.9964921997599926 0
1652069706736 0.9964614295824487 0
1652069734869 0.9966306655589403 0
1652069762573 0.9969537524231514 0
1652069790140 0.9966306655589403 0
1652069818147 0.9971076033108711 0
1652069861705 0.9287692307692308 0
1652069889865 0.9750307692307693 0
1652069918055 0.9842615384615384 0
1652069946618 0.9892307692307692 0
1652069975106 0.9906307692307692 0
1652070002936 0.9927076923076923 0
1652070030792 0.9927538461538462 0
1652070058438 0.994 0
1652070086966 0.9933846153846154 0
1652070115363 0.9946461538461538 0
1652070143184 0.9951076923076924 0
1652070171391 0.9943538461538461 0
1652070200023 0.9947692307692307 0
1652070228624 0.9953538461538461 0
1652070256959 0.995 0
1652070285629 0.9950769230769231 0
1652070313385 0.9951538461538462 0
1652070341790 0.9948769230769231 0
1652070370016 0.9962461538461539 0
1652070398317 0.9956461538461538 0
1652070426115 0.9956307692307692 0
1652070454533 0.9953076923076923 0
1652070482868 0.9960307692307693 0
1652070511103 0.9963846153846154 0
1652070539545 0.9953692307692308 0
1652070567291 0.9964153846153846 0
1652070596095 0.9960307692307693 0
1652070624716 0.9967846153846154 0
1652070652752 0.9962 0
1652070681343 0.9958307692307692 0
1652070709927 0.996 0
1652070737453 0.996523076923077 0
1652070765838 0.9966 0
1652070794195 0.9964 0
1652070822554 0.9959692307692307 0
1652070851009 0.9965384615384615 0
1652070879210 0.9959076923076923 0
1652070907216 0.9966153846153846 0
1652070935495 0.9967076923076923 0
1652070963546 0.9966461538461538 0
1652070991212 0.9963076923076923 0
1652071019678 0.9964461538461539 0
1652071047777 0.9970615384615384 0
1652071075841 0.9961846153846153 0
1652071104035 0.9969846153846154 0
1652071132394 0.9971846153846153 0
1652071160669 0.9961384615384615 0
1652071188687 0.997 0
1652071216872 0.9969538461538462 0
1652071244664 0.9965384615384615 0
