1653128739602 2.2262014003753663 0
1653128744705 1.9472348735809326 0
1653128749665 1.7228245342254638 0
1653128754682 1.5706292709350587 0
1653128759738 1.4168040180206298 0
1653128764801 1.2963337377548219 0
1653128769938 1.18064050617218 0
1653128775040 1.1084882691383362 0
1653128779894 1.0421837406158447 0
1653128784880 0.9674703702926636 0
1653128789943 0.8743170696735382 0
1653128794957 0.868640683555603 0
1653128800041 0.7927393878936767 0
1653128804986 0.761576612663269 0
1653128810089 0.6745485767364502 0
1653128815156 0.6703624300003052 0
1653128820164 0.622865242099762 0
1653128825290 0.5558894946098327 0
1653128830490 0.5444405675888061 0
1653128835608 0.4727633325576782 0
1653128840672 0.4884287755966186 0
1653128845769 0.44152962732315065 0
1653128850751 0.41354741662740707 0
1653128855852 0.3667898395061493 0
1653128861108 0.3562775030612946 0
1653128866116 0.35336290147304533 0
1653128871038 0.3331904259860516 0
1653128875959 0.29943792214393616 0
1653128880819 0.30514686405062674 0
1653128885978 0.28107393299043176 0
1653128890933 0.2653990294933319 0
1653128895921 0.2560782522916794 0
1653128900959 0.30341571888923646 0
1653128905994 0.2401456621706486 0
1653128911072 0.25388463394641875 0
1653128916090 0.18781008769273758 0
1653128921156 0.19764212245941162 0
1653128926364 0.17148367901444436 0
1653128931540 0.2112112185895443 0
1653128936514 0.18916854472160338 0
1653128941582 0.1921073661327362 0
1653128946645 0.13188047896027566 0
1653128951545 0.1482349120132625 0
1653128956589 0.1858035872220993 0
1653128961731 0.17429596157670021 0
1653128966912 0.12131268854141235 0
1653128971927 0.15102288015186788 0
1653128977002 0.13192192993164062 0
1653128981995 0.1467775186419487 0
1653128987047 0.12338597489595413 0
1653128995783 1.9458536407470703 0
1653129003917 1.5269525058746338 0
1653129012190 1.3708556114196777 0
1653129020208 1.2153989200592041 0
1653129028562 1.1023724298477173 0
1653129036512 0.9948294251441956 0
1653129044779 0.8541650040626526 0
1653129053079 0.7568455424308776 0
1653129061185 0.6637267835855484 0
1653129069248 0.5755943115234375 0
1653129077315 0.573169727230072 0
1653129085304 0.4681717413425446 0
1653129093761 0.4138780277252197 0
1653129101898 0.36151354174613953 0
1653129109967 0.34197028522491457 0
1653129118151 0.31971603364944456 0
1653129126170 0.2873471484541893 0
1653129134339 0.26344738923311234 0
1653129142546 0.2523150306224823 0
1653129150733 0.23981492928266526 0
1653129158997 0.1947593585729599 0
1653129167032 0.18989518070816994 0
1653129175250 0.193866070830822 0
1653129183364 0.18750806000232698 0
1653129191631 0.14710954070091248 0
1653129199843 0.15287648848891258 0
1653129207845 0.16485078119039537 0
1653129215829 0.16693660153150558 0
1653129224232 0.14428056882619858 0
1653129232304 0.14489625786691904 0
1653129240629 0.1465863824903965 0
1653129249044 0.1301837234556675 0
1653129257024 0.14628229679763316 0
1653129265412 0.14463104087114334 0
1653129273677 0.12295194535553455 0
1653129281737 0.11812080577993765 0
1653129290010 0.13491000346541404 0
1653129297900 0.15230370838046073 0
1653129306079 0.10530899806916713 0
1653129314240 0.1144949663259089 0
1653129322607 0.12252294651269913 0
1653129330786 0.1163978109061718 0
1653129339004 0.08339536657184363 0
1653129347314 0.0735944247841835 0
1653129355438 0.11453608530759811 0
1653129363624 0.10388089236617089 0
1653129371738 0.08716840480566025 0
1653129379964 0.07641704333946109 0
1653129388135 0.0911324041262269 0
1653129396543 0.11126969259530306 0
1653129406406 1.6626927293777465 0
1653129415420 1.2647775646209716 0
1653129424416 1.0931033777236938 0
1653129433396 0.9701213561058044 0
1653129442368 0.8180884126424789 0
1653129451298 0.7404763363838196 0
1653129460085 0.6350925167083741 0
1653129468837 0.55712444190979 0
1653129477797 0.5124310683250427 0
1653129486748 0.4506913773536682 0
1653129495792 0.39314259190559386 0
1653129504747 0.3066029637813568 0
1653129513547 0.3226980682849884 0
1653129522513 0.28274681446552274 0
1653129531420 0.24003468735218048 0
1653129540576 0.21251408467292784 0
1653129549460 0.209106493973732 0
1653129558561 0.20361661627292632 0
1653129567430 0.2133485371828079 0
1653129576666 0.17859132765829563 0
1653129585654 0.1496563637405634 0
1653129594716 0.14855624566078185 0
1653129603556 0.1442202207148075 0
1653129612553 0.17416889437437058 0
1653129621444 0.1443618916749954 0
1653129630424 0.12755821040719748 0
1653129639484 0.11557732025980949 0
1653129648537 0.15461967252492906 0
1653129657501 0.11460521367192268 0
1653129666763 0.11137728743851184 0
1653129675689 0.12027312748730183 0
1653129684763 0.12494063099771738 0
1653129693681 0.11889381338506937 0
1653129702715 0.07427023389339447 0
1653129711832 0.09471270392481237 0
1653129720910 0.1263871835410595 0
1653129730005 0.09714507409334183 0
1653129738835 0.10004482439905404 0
1653129747926 0.0902819764316082 0
1653129757314 0.09613548470139503 0
1653129766221 0.10692518502622843 0
1653129775151 0.09075797786712647 0
1653129784060 0.0922318147584796 0
1653129792952 0.08480222971737385 0
1653129802038 0.06870940626449883 0
1653129811210 0.08827653934285044 0
1653129820107 0.10554558810591698 0
1653129829277 0.08670211217664182 0
1653129838296 0.07759247399121523 0
1653129847570 0.06472341090664267 0
1653129859198 1.7460100646972656 0
1653129869587 1.4259750213623046 0
1653129879877 1.2690519584655762 0
1653129890443 1.134676653289795 0
1653129900825 1.042536026620865 0
1653129911324 0.8927483303070068 0
1653129921731 0.798332303905487 0
1653129932657 0.723753391456604 0
1653129943162 0.6248924803256989 0
1653129953584 0.5671212233066559 0
1653129963950 0.48495390820503237 0
1653129974396 0.4071072741746902 0
1653129984719 0.4105759204387665 0
1653129994857 0.32387275328636167 0
1653130005036 0.3054228036880493 0
1653130015420 0.3156922965288162 0
1653130025826 0.24344421412944794 0
1653130036228 0.24615435010194778 0
1653130046865 0.2446922675229609 0
1653130057161 0.19590862560272218 0
1653130067414 0.17061119673252106 0
1653130077822 0.17971043925732375 0
1653130088182 0.18252614591121674 0
1653130098759 0.15017235944867133 0
1653130109120 0.15139167066812514 0
1653130119355 0.17207268565893175 0
1653130129504 0.15914175441861153 0
1653130139802 0.13804938156306742 0
1653130150036 0.14737194874584675 0
1653130160451 0.13553962654173374 0
1653130170701 0.12725404359698295 0
1653130181304 0.11867485617995262 0
1653130191891 0.12571895222067833 0
1653130202299 0.13038905492424965 0
1653130212715 0.11544403315782548 0
1653130223144 0.106095515049994 0
1653130233383 0.09602877588775009 0
1653130243442 0.09041817288398743 0
1653130253977 0.1054855862557888 0
1653130264285 0.11400810432136059 0
1653130274360 0.10121050094366074 0
1653130284729 0.09516685538217426 0
1653130295107 0.11186859310418368 0
1653130305760 0.10930450054705143 0
1653130315894 0.10715470152199269 0
1653130326331 0.09801244003176689 0
1653130336859 0.08457497264444828 0
1653130347097 0.09183855558410287 0
1653130357558 0.07264595798254013 0
1653130367972 0.08780685772821308 0
1653130381785 1.819384494972229 0
1653130393618 1.4158359313964843 0
1653130405344 1.2351504934310913 0
1653130417535 1.077981441783905 0
1653130429655 0.9626356802940369 0
1653130441753 0.8686410001754761 0
1653130453715 0.7812530756950379 0
1653130465670 0.6599339747428894 0
1653130477634 0.5730193652629852 0
1653130489867 0.5229100202560425 0
1653130501939 0.449988518679142 0
1653130513828 0.4233645966529846 0
1653130525677 0.37302800822258 0
1653130537775 0.3473645401954651 0
1653130549966 0.29186123843193057 0
1653130561776 0.2827127977371216 0
1653130573553 0.22234602447748184 0
1653130585545 0.20858209199905395 0
1653130597503 0.22189828979969026 0
1653130609291 0.1924680404186249 0
1653130621510 0.1849223513007164 0
1653130633408 0.18709756568670272 0
1653130645497 0.20137840552330016 0
1653130657363 0.13853864224553109 0
1653130669222 0.14892044734060764 0
1653130680787 0.14821619114279747 0
1653130692863 0.12849984617829321 0
1653130704674 0.18779566143751145 0
1653130716667 0.15289382340982557 0
1653130728499 0.14340984419584274 0
1653130740070 0.1335955362856388 0
1653130752584 0.1110922820687294 0
1653130764815 0.1317360429406166 0
1653130776666 0.10864362111985683 0
1653130788467 0.1214379192352295 0
1653130800369 0.11835506349205971 0
1653130812137 0.11751203051656485 0
1653130823919 0.10106326439976693 0
1653130835846 0.11333464015722275 0
1653130847628 0.09323762652724982 0
1653130859353 0.10185305891931057 0
1653130871294 0.10567192562222481 0
1653130883195 0.0786179043084383 0
1653130895039 0.1093249054685235 0
1653130906747 0.11755814502239227 0
1653130918993 0.08442745467275381 0
1653130930871 0.1106556858330965 0
1653130943122 0.09758309489488602 0
1653130954779 0.12176833088994027 0
1653130966376 0.06871490825414657 0
1653130982404 1.8118025476455688 0
1653130995908 1.4573511228561402 0
1653131009177 1.2919722566604614 0
1653131022667 1.1996030570983887 0
1653131036175 1.059286511182785 0
1653131049420 0.9645329073905945 0
1653131062838 0.8469034801483154 0
1653131076000 0.7628564442634582 0
1653131089519 0.6658582300186158 0
1653131103272 0.5866975652217865 0
1653131116715 0.48149292488098144 0
1653131129978 0.46278818035125735 0
1653131143523 0.40050027054548265 0
1653131157001 0.367353400349617 0
1653131170676 0.35231320304870606 0
1653131183902 0.2825253458440304 0
1653131197201 0.2607679933547974 0
1653131210348 0.27969642515182497 0
1653131223505 0.23304900035113096 0
1653131236998 0.22437529888749122 0
1653131250406 0.22970759377479552 0
1653131263733 0.17691013870239258 0
1653131277052 0.17135204246044158 0
1653131290107 0.17202082920074463 0
1653131303529 0.1680809496164322 0
1653131316895 0.17192665535211563 0
1653131330306 0.19244320284724237 0
1653131343628 0.15485154848694802 0
1653131356964 0.1195776964455843 0
1653131370532 0.14640967417955397 0
1653131384172 0.11392987416386605 0
1653131397701 0.13168730345666407 0
1653131411163 0.13026330778598785 0
1653131424555 0.1460731377184391 0
1653131437808 0.14820396150797605 0
1653131451044 0.11354688732624053 0
1653131464383 0.12912161546349527 0
1653131477904 0.12590056763589383 0
1653131491528 0.11462353965044021 0
1653131504850 0.10992378256917 0
1653131518199 0.10412324390411377 0
1653131531858 0.1069698372527957 0
1653131545070 0.10642457428276539 0
1653131558598 0.09888614031076431 0
1653131572278 0.09982913690134883 0
1653131585806 0.08757200490832329 0
1653131599100 0.11285881002992391 0
1653131612517 0.09000563369095325 0
1653131625844 0.10467703867256642 0
1653131639176 0.08996829814612865 0
1653131657548 1.710495015335083 0
1653131672286 1.363859115791321 0
1653131686904 1.250143772315979 0
1653131701657 1.1064340225219726 0
1653131716410 1.008632638168335 0
1653131731195 0.906917868232727 0
1653131745860 0.7984168319702148 0
1653131760495 0.720826235127449 0
1653131775231 0.6521824431180954 0
1653131789943 0.5303038503646851 0
1653131804423 0.5097298544406891 0
1653131819246 0.45392243232727053 0
1653131833985 0.3719422287464142 0
1653131848514 0.3823897143602371 0
1653131863235 0.31971211533546445 0
1653131877834 0.2892077904701233 0
1653131892344 0.25419081382751463 0
1653131906959 0.2314325152218342 0
1653131921793 0.23634966080188752 0
1653131936834 0.19883329482078552 0
1653131951268 0.20060836864709855 0
1653131965928 0.17747830036878587 0
1653131980561 0.16491174428462982 0
1653131995173 0.18923896340727805 0
1653132009732 0.16635495309233667 0
1653132024187 0.13657812084257603 0
1653132038652 0.13005579740405082 0
1653132053205 0.13759218503832818 0
1653132068115 0.15862538297176362 0
1653132083087 0.16492625467777253 0
1653132097807 0.13879201425611973 0
1653132112446 0.14240680620670318 0
1653132127205 0.11006233151853084 0
1653132141915 0.15016974570155145 0
1653132156525 0.13075102470628916 0
1653132171087 0.10909622385799884 0
1653132186024 0.12781785496026277 0
1653132200902 0.1026682317852974 0
1653132215518 0.10258726358115673 0
1653132230010 0.08231023889482021 0
1653132244586 0.08160099032521248 0
1653132259104 0.12535491984188557 0
1653132273789 0.11127528313100338 0
1653132288716 0.10588493552207946 0
1653132303246 0.09680403999090195 0
1653132317781 0.09024269163310528 0
1653132332277 0.09849987704753876 0
1653132346973 0.09780197903513908 0
1653132361655 0.10740071857571602 0
1653132376161 0.12059781047999858 0
1653132397035 1.7561500783920287 0
1653132413060 1.3396168712615968 0
1653132429030 1.1651264793395997 0
1653132445232 1.0480877183914186 0
1653132461416 0.9212805374145507 0
1653132477536 0.8108951282501221 0
1653132493516 0.6962835401535035 0
1653132509498 0.6803117986679077 0
1653132525417 0.5830398010969162 0
1653132541598 0.4773958992958069 0
1653132557529 0.4459579553604126 0
1653132573527 0.39033366479873655 0
1653132589745 0.3423208829879761 0
1653132605920 0.30081835421323777 0
1653132621893 0.266754168343544 0
1653132637828 0.25951166644096374 0
1653132654056 0.2616968654751778 0
1653132670085 0.20672404663562774 0
1653132686233 0.19731388278007508 0
1653132702336 0.1804094462633133 0
1653132718396 0.16282770141884684 0
1653132734545 0.17032684595584868 0
1653132750519 0.18409013323783874 0
1653132766517 0.14316497129797937 0
1653132782422 0.16342650269269943 0
1653132798342 0.13668439236879348 0
1653132814362 0.13554252182245255 0
1653132830265 0.13757938326597213 0
1653132846241 0.121781599894166 0
1653132862181 0.13226360886096955 0
1653132878153 0.118263608533144 0
1653132894220 0.12446994544267655 0
1653132910159 0.11958594996910542 0
1653132926324 0.0982945801526308 0
1653132942540 0.11549149097800254 0
1653132958466 0.1269784664094448 0
1653132974706 0.10649839887022972 0
1653132990937 0.12409238522350788 0
1653133006875 0.0904676853775978 0
1653133022821 0.10002260887771845 0
1653133038873 0.08211953057348728 0
1653133054934 0.09604648753404617 0
1653133071048 0.11540207182765007 0
1653133087018 0.09496636805739254 0
1653133102970 0.07805785307958722 0
1653133119236 0.05626152623742819 0
1653133135314 0.08094344276189804 0
1653133151729 0.09363667422086 0
1653133167913 0.08503420770317316 0
1653133183993 0.08785791848897934 0
1653133207239 1.8016374340057373 0
1653133224684 1.431634656906128 0
1653133241868 1.2538977352142333 0
1653133259343 1.1217201623916626 0
1653133276666 1.020005027961731 0
1653133293951 0.8977409589767456 0
1653133311141 0.8187418413162232 0
1653133328454 0.7345450159072876 0
1653133345697 0.6416654092311859 0
1653133363175 0.5479786833763123 0
1653133380537 0.5114936945915222 0
1653133398186 0.46525514678955077 0
1653133415818 0.37977781558036805 0
1653133433260 0.319863712978363 0
1653133450725 0.3287763638496399 0
1653133468106 0.27184598088264467 0
1653133485661 0.27888110959529877 0
1653133503152 0.23844790415167808 0
1653133520137 0.228985547208786 0
1653133537324 0.21503368026018144 0
1653133554645 0.21805098592042924 0
1653133571889 0.19830991390943528 0
1653133589359 0.18363463553190232 0
1653133606696 0.19095858775377272 0
1653133624099 0.15693830802440642 0
1653133641275 0.13372514709830285 0
1653133658593 0.18013011296987533 0
1653133676539 0.14419733775258065 0
1653133693725 0.15084037560224534 0
1653133710841 0.14810181403160094 0
1653133728163 0.13063115268945694 0
1653133745455 0.12413907642960548 0
1653133762778 0.12731274185776711 0
1653133780282 0.11054332303404808 0
1653133797812 0.14036940370798112 0
1653133815168 0.11235522426366806 0
1653133832421 0.11362153040468692 0
1653133849570 0.09816390085071325 0
1653133867064 0.09583413370251656 0
1653133884386 0.0914193479001522 0
1653133901495 0.1249295423090458 0
1653133918984 0.11586088792383671 0
1653133936464 0.09329744296967983 0
1653133953793 0.10219269090592861 0
1653133971066 0.10694794664382934 0
1653133988517 0.09135982601344586 0
1653134005708 0.08337227203398943 0
1653134023188 0.08768258586972952 0
1653134040627 0.08816722590178251 0
1653134057802 0.10158081730157137 0
1653134083526 1.4878315702438354 0
1653134102285 1.0806753828048705 0
1653134120663 0.9119895862579346 0
1653134139020 0.7874038712501525 0
1653134157476 0.7096449476242065 0
1653134175870 0.6417867347717285 0
1653134194245 0.5524164613723754 0
1653134212751 0.4763545280456543 0
1653134231452 0.4267662064552307 0
1653134249912 0.3760800487995148 0
1653134268578 0.33575250434875487 0
1653134287085 0.2689003125667572 0
1653134305535 0.28033473477363585 0
1653134324240 0.2363667697429657 0
1653134342612 0.21237286550998688 0
1653134361191 0.2140135933160782 0
1653134379666 0.1784848448753357 0
1653134397925 0.14597010672092436 0
1653134416728 0.16042523061037064 0
1653134435400 0.14159571001529694 0
1653134453828 0.14295445390343667 0
1653134472316 0.114926070150733 0
1653134490798 0.14560044704675673 0
1653134509426 0.12438063195049763 0
1653134528133 0.11726388663034887 0
1653134546827 0.09157633078359068 0
1653134565512 0.09152614628672599 0
1653134584486 0.11957749161422253 0
1653134603688 0.1393953235089779 0
1653134622486 0.10964836074262857 0
1653134641490 0.08302168591022492 0
1653134660292 0.09899625626802444 0
1653134678761 0.100183176843822 0
1653134697483 0.07814443313330412 0
1653134716237 0.08044783313125371 0
1653134734647 0.08469921763390302 0
1653134753346 0.09634932672819123 0
1653134771709 0.0776481929898262 0
1653134790144 0.07180209540426731 0
1653134808572 0.06602806954905391 0
1653134827265 0.05804750685319304 0
1653134845781 0.06734778148680926 0
1653134864279 0.09121806408911944 0
1653134882733 0.08411241576448084 0
1653134901536 0.09069350485652686 0
1653134920212 0.08018743336573243 0
1653134939020 0.07745496291816234 0
1653134957400 0.05356786881908775 0
1653134975830 0.06259795055016876 0
1653134994202 0.05596631104722619 0
1653135023177 1.839259810256958 0
1653135043068 1.43152010345459 0
1653135062975 1.2713965087890624 0
1653135082963 1.1601677709579468 0
1653135103010 1.054377587890625 0
1653135123308 0.9454197645187378 0
1653135143099 0.8639181554317474 0
1653135163019 0.7541913375854492 0
1653135183191 0.6754929966926575 0
1653135203102 0.6023515563011169 0
1653135222732 0.5045874067306518 0
1653135242693 0.45458702125549316 0
1653135263254 0.3893135685682297 0
1653135283342 0.3472188205480576 0
1653135303204 0.32349344441890715 0
1653135323271 0.2848719123363495 0
1653135342996 0.26971424278765915 0
1653135363163 0.2394149067685008 0
1653135383391 0.22505230600833892 0
1653135403443 0.2056868484020233 0
1653135423352 0.17584843654632568 0
1653135443345 0.1837624572634697 0
1653135463440 0.18161373952627183 0
1653135483537 0.1669175708293915 0
1653135503390 0.14941840575933457 0
1653135523301 0.16960630792975426 0
1653135543199 0.16153322100639345 0
1653135563401 0.1514397189617157 0
1653135583508 0.14164455074071886 0
1653135603287 0.1264338451206684 0
1653135623250 0.12122603415846825 0
1653135643160 0.11699826819300652 0
1653135663132 0.14876138716042042 0
1653135683040 0.11449482935741544 0
1653135703157 0.13507030994296074 0
1653135723007 0.1133504311747849 0
1653135743087 0.10613742086440325 0
1653135763086 0.10278410777449608 0
1653135783382 0.09430022828876972 0
1653135803341 0.11803886575102807 0
1653135823456 0.10831867554783821 0
1653135843720 0.10606543801128865 0
1653135863562 0.09119649723172188 0
1653135883603 0.10344135853052139 0
1653135903792 0.08409981952160597 0
1653135923440 0.09727527268826962 0
1653135943565 0.11165631283223629 0
1653135963773 0.08770839478820562 0
1653135983704 0.09289250421971083 0
1653136003692 0.0983853105828166 0
1653136035240 1.7599424940109254 0
1653136056503 1.379747366809845 0
1653136077933 1.2450709613800048 0
1653136099142 1.1140354853630066 0
1653136120251 1.0062885346412658 0
1653136141670 0.9196093727111816 0
1653136162826 0.8100649809837341 0
1653136184044 0.7200251809120178 0
1653136205442 0.6511756327629089 0
1653136226728 0.5370975361824035 0
1653136247936 0.5126365023612977 0
1653136269291 0.42500967977046966 0
1653136290718 0.4020397499799728 0
1653136312181 0.28835456413030625 0
1653136333820 0.30470193619728086 0
1653136355426 0.3133902653694153 0
1653136377251 0.25703983347415926 0
1653136398557 0.20966136478185654 0
1653136419969 0.21297896441221237 0
1653136441380 0.20311193013191223 0
1653136462799 0.22179940595626832 0
1653136484513 0.1889297234773636 0
1653136506087 0.1914772111773491 0
1653136527338 0.1733701163291931 0
1653136548911 0.1408679360985756 0
1653136570879 0.15157692450881005 0
1653136592700 0.15073907414078713 0
1653136614155 0.14522646916508675 0
1653136635495 0.14918329942822456 0
1653136656694 0.12481035558581352 0
1653136678244 0.12653842235207557 0
1653136699660 0.12543553779385985 0
1653136720844 0.09876242359578609 0
1653136742163 0.10534446356892586 0
1653136763526 0.10892701994776725 0
1653136784900 0.10739032239615917 0
1653136806313 0.11696765612512827 0
1653136827559 0.10538798910677433 0
1653136848802 0.1377013062506914 0
1653136870454 0.11705165039300919 0
1653136892143 0.1331747118830681 0
1653136913899 0.15437580795288086 0
1653136935469 0.11896408353149891 0
1653136956663 0.10137257267981768 0
1653136977856 0.08418759729936719 0
1653136999574 0.06533562482781709 0
1653137021280 0.07558247152119875 0
1653137043027 0.06340389309879392 0
1653137064883 0.08348878661468626 0
1653137086465 0.08961798695698381 0
1653137121661 1.616714267730713 0
1653137144937 1.218919352722168 0
1653137168285 1.0571267107009887 0
1653137191434 0.9517339776992798 0
1653137214741 0.8572110870361328 0
1653137238200 0.7427896841049194 0
1653137261170 0.6739778192520142 0
1653137284116 0.5826284675598145 0
1653137307051 0.5153011323928833 0
1653137329688 0.45793719258308413 0
1653137352314 0.4070999875307083 0
1653137375040 0.3656228383302689 0
1653137397630 0.2988403557777405 0
1653137420467 0.30840517172813414 0
1653137442919 0.23997304422855378 0
1653137465712 0.2294049355506897 0
1653137488963 0.22669529070854186 0
1653137511995 0.18835929980278016 0
1653137535243 0.18234321321249009 0
1653137558514 0.18958269612193107 0
1653137581328 0.15282031508684157 0
1653137604225 0.15646061438322068 0
1653137627072 0.13528111727237702 0
1653137649902 0.15087046499252318 0
1653137672493 0.14539311755895615 0
1653137695156 0.12058379110395909 0
1653137717983 0.11156929834112525 0
1653137740731 0.10093068041205407 0
1653137763586 0.12199531104564666 0
1653137786387 0.1324603997051716 0
1653137809092 0.1184131119132042 0
1653137831705 0.09834732992053032 0
1653137854339 0.1293271887436509 0
1653137877046 0.10263521544337273 0
1653137899710 0.0905509326480329 0
1653137922412 0.08361836060285568 0
1653137945164 0.08572964681982995 0
1653137968176 0.09808121174797416 0
1653137991331 0.09737711050584913 0
1653138014542 0.08592464453279972 0
1653138038022 0.08083852642476559 0
1653138061416 0.07663162362091243 0
1653138084468 0.0710881809398532 0
1653138107544 0.08192427821159363 0
1653138130455 0.09599217567294836 0
1653138153472 0.057223369973152874 0
1653138176070 0.057787621108442544 0
1653138198851 0.07821940942816437 0
1653138221500 0.07925350787341595 0
1653138244444 0.0793235909998417 0
1653138282798 1.799800131225586 0
1653138307520 1.3718867723464965 0
1653138332124 1.2161773468017578 0
1653138356131 1.1058983100891113 0
1653138380557 0.9959295945644379 0
1653138405007 0.8860175563812256 0
1653138429425 0.789219762802124 0
1653138453490 0.7156381993293762 0
1653138477724 0.6051737230300903 0
1653138502452 0.5246681694984436 0
1653138527040 0.46034245691299436 0
1653138551196 0.41175852336883545 0
1653138575154 0.37725814304351807 0
1653138599301 0.3636668486595154 0
1653138623124 0.27781060843467714 0
1653138647212 0.2876738214969635 0
1653138671430 0.2242733681321144 0
1653138695489 0.23639816229343413 0
1653138720092 0.2034501356124878 0
1653138744809 0.19296717365980148 0
1653138768943 0.19377983385920525 0
1653138792941 0.1768480042308569 0
1653138817414 0.16066540591716766 0
1653138842067 0.17174020919203759 0
1653138866611 0.15501531674563884 0
1653138891132 0.14555415360927582 0
1653138915420 0.1521897958546877 0
1653138939660 0.14555674839615823 0
1653138963825 0.1230616731107235 0
1653138987876 0.11506471486762165 0
1653139012169 0.1041739959359169 0
1653139036589 0.11233257368206978 0
1653139060599 0.10518151470124722 0
1653139085314 0.13084535915851592 0
1653139110041 0.13529498232603074 0
1653139134196 0.11766921064853668 0
1653139158862 0.10499425052208826 0
1653139183028 0.08875635727792978 0
1653139207391 0.12025472097396851 0
1653139231507 0.10164063350856305 0
1653139255579 0.09053084506988525 0
1653139279713 0.08840978161841631 0
1653139304047 0.08966401341259479 0
1653139328269 0.09814763163924217 0
1653139353183 0.06792097060531378 0
1653139377560 0.10309142079204321 0
1653139401586 0.09940909367799759 0
1653139425713 0.08003938123732805 0
1653139449718 0.13519193623065948 0
1653139474073 0.08292389488052576 0
1653139515743 1.80393836479187 0
1653139541085 1.3597128017425537 0
1653139566424 1.199481986808777 0
1653139592428 1.0899712753295898 0
1653139618315 0.9607142566680908 0
1653139643748 0.8809738027572632 0
1653139669578 0.7739582014083862 0
1653139695118 0.6697393478393555 0
1653139720490 0.5807397749900818 0
1653139746205 0.5344080311775208 0
1653139772133 0.49559988079071043 0
1653139797570 0.40763250217437746 0
1653139823286 0.3610527216911316 0
1653139848713 0.31193219802379607 0
1653139874126 0.29970842139720916 0
1653139899296 0.2513734433889389 0
1653139924513 0.25102409886717797 0
1653139949860 0.2026646174736321 0
1653139975614 0.18967898011207582 0
1653140000908 0.22050399275422097 0
1653140026219 0.2018697653532028 0
1653140052019 0.15764812178611756 0
1653140077929 0.14214521186947823 0
1653140103840 0.16872348140478133 0
1653140129433 0.17642334864139556 0
1653140154982 0.15868505395650864 0
1653140180680 0.13309048968255519 0
1653140205952 0.12196175332665443 0
1653140231810 0.1274886942088604 0
1653140257401 0.11874474709331989 0
1653140283083 0.14154047190248967 0
1653140309048 0.11933681292533875 0
1653140334692 0.10180656442046165 0
1653140360936 0.12482712686806917 0
1653140386564 0.12021836612075568 0
1653140411874 0.10000827355384827 0
1653140437223 0.1099320114955306 0
1653140462675 0.12806765379309654 0
1653140488127 0.12366101027131081 0
1653140513890 0.09003746416419744 0
1653140539270 0.09961096735224127 0
1653140564647 0.07971844346821308 0
1653140590079 0.0980209692955017 0
1653140615544 0.10825506523996592 0
1653140641304 0.09115736658647657 0
1653140667088 0.07475603419318795 0
1653140692585 0.08487743137478829 0
1653140718335 0.09732572428584099 0
1653140743753 0.09347450236603617 0
1653140769566 0.07544853238463402 0
1653140814770 1.7028252618789672 0
1653140841618 1.2965487449645996 0
1653140869111 1.149155837059021 0
1653140895927 1.0631101167678834 0
1653140922695 0.9508561856269836 0
1653140949477 0.8774342878341674 0
1653140976207 0.7737894060134888 0
1653141003068 0.6835437711715698 0
1653141029970 0.6078729258298874 0
1653141056751 0.5482735041618347 0
1653141083425 0.49787900352478026 0
1653141110282 0.4363351098060608 0
1653141137318 0.37462521343231203 0
1653141163987 0.3037396487236023 0
1653141191035 0.29537021203041075 0
1653141218060 0.25942817182540895 0
1653141245265 0.2539824195623398 0
1653141272164 0.21799889705181122 0
1653141299485 0.21601363763809203 0
1653141326948 0.22431276636719705 0
1653141353825 0.19219250897169113 0
1653141380823 0.19948540952205657 0
1653141407672 0.13813312850631773 0
1653141434927 0.13793784090280534 0
1653141462209 0.1343028790473938 0
1653141490054 0.16496508691310882 0
1653141517719 0.15613993385732175 0
1653141544610 0.11667120358347893 0
1653141571251 0.12224175792932511 0
1653141598771 0.10903352828994393 0
1653141625647 0.13589913352131844 0
1653141652476 0.13412200434207916 0
1653141679213 0.14329049080610276 0
1653141706107 0.11254466499984264 0
1653141733005 0.08775627140402793 0
1653141760201 0.08490738049075007 0
1653141787322 0.08831573097407817 0
1653141814531 0.08591337588317692 0
1653141841816 0.08111267902553082 0
1653141868675 0.09075472063720226 0
1653141895572 0.11129935531020164 0
1653141922349 0.08438563343137502 0
1653141949098 0.11394488973915577 0
1653141975732 0.11259212185442448 0
1653142002681 0.08738462452739477 0
1653142029975 0.090730797123909 0
1653142057190 0.08993902305141091 0
1653142084100 0.07467340307757259 0
1653142111005 0.08984586701691151 0
1653142137983 0.1188653360068798 0
1653142186995 1.689742190361023 0
1653142215054 1.3002661924362182 0
1653142243724 1.1710049050331115 0
1653142272079 1.0375767807006835 0
1653142300193 0.9457444276809692 0
1653142329158 0.8494852973937989 0
1653142357475 0.7682811321735382 0
1653142385321 0.682563138961792 0
1653142413259 0.6278164465904236 0
1653142441602 0.5034247239112855 0
1653142469732 0.4966083953857422 0
1653142497744 0.4206943290233612 0
1653142525811 0.36118404507637025 0
1653142553969 0.33543285611867907 0
1653142582057 0.28273654869794845 0
1653142610378 0.2515788657188415 0
1653142638736 0.23568990387916566 0
1653142666842 0.21938610614538193 0
1653142695242 0.18961440575122834 0
1653142724191 0.18251257858276368 0
1653142752905 0.1473339835882187 0
1653142781724 0.18479744300842285 0
1653142810523 0.15798790123462678 0
1653142838947 0.17058951746225356 0
1653142867157 0.130239733338356 0
1653142895542 0.13417188556455076 0
1653142923888 0.12416351507008076 0
1653142952157 0.12875074139535428 0
1653142980725 0.11848812255039812 0
1653143008996 0.08669018033221364 0
1653143037505 0.12259853399395942 0
1653143066188 0.12615939845442772 0
1653143094873 0.10299828529953957 0
1653143122862 0.10343571566566825 0
1653143150962 0.11384546782970428 0
1653143179118 0.10190091947764159 0
1653143207272 0.09427039053142071 0
1653143235766 0.10288240854740142 0
1653143264538 0.10010312519073486 0
1653143292868 0.09680971408076584 0
1653143321131 0.11075165944099426 0
1653143349476 0.08998431745618582 0
1653143377977 0.08146855807006359 0
1653143406668 0.09057560585066676 0
1653143435068 0.09284935600534082 0
1653143463677 0.07199863736331463 0
1653143492045 0.06890877454206347 0
1653143520151 0.08923050223588944 0
1653143548372 0.0854441132389009 0
1653143576564 0.08601746438145637 0
1653143629004 1.6608433275222778 0
1653143658551 1.2512013622283935 0
1653143688427 1.1299294362068175 0
1653143718212 0.9849827777862549 0
1653143748306 0.9013121789932251 0
1653143778215 0.8018311656951904 0
1653143807768 0.7022514101505279 0
1653143837308 0.6358230634212494 0
1653143866902 0.5322141918182373 0
1653143896940 0.49856237876415255 0
1653143926631 0.426621661901474 0
1653143956504 0.3653395360946655 0
1653143986057 0.347619522190094 0
1653144015566 0.30493406467437745 0
1653144045056 0.2618544407606125 0
1653144074508 0.2306882107079029 0
1653144104025 0.23130993313789366 0
1653144134077 0.20779261613488198 0
1653144164048 0.17099804377555847 0
1653144193653 0.1848908184528351 0
1653144223279 0.1981762961626053 0
1653144253364 0.16485511989593507 0
1653144283521 0.12991817009449005 0
1653144313483 0.13365456019639968 0
1653144343200 0.13536818836927414 0
1653144373179 0.12732502789497374 0
1653144403036 0.12056026268154382 0
1653144433135 0.11036806199550629 0
1653144463324 0.11170861842632293 0
1653144493123 0.13695080696344375 0
1653144523763 0.12540001956820487 0
1653144553635 0.10274664761833846 0
1653144583208 0.10083923211097717 0
1653144613330 0.11317815345525742 0
1653144643564 0.10065810141563415 0
1653144673836 0.10257600194141268 0
1653144703923 0.10453896763622761 0
1653144734238 0.09842806143462658 0
1653144763843 0.09680109271407128 0
1653144793593 0.11472580512762069 0
1653144823399 0.09090247981287539 0
1653144853610 0.06620369778573514 0
1653144883411 0.06967115658372641 0
1653144913357 0.07654036802202463 0
1653144943636 0.08648861579895019 0
1653144973355 0.09036698159947991 0
1653145003005 0.0946251962646842 0
1653145032741 0.08244337636679411 0
1653145062633 0.07869629082828761 0
1653145092521 0.09368046543896198 0
1653145149034 1.7265065467834473 0
1653145180350 1.3197552873611451 0
1653145211717 1.188001710319519 0
1653145243125 1.0582034406661986 0
1653145274796 0.9753273404121399 0
1653145306590 0.8911251899719238 0
1653145338413 0.7864917472839356 0
1653145369616 0.7208738538742065 0
1653145401004 0.6258303237915039 0
1653145432208 0.5421822952270507 0
1653145463229 0.5271999722480774 0
1653145494527 0.43571542057991025 0
1653145525503 0.39337471961975096 0
1653145556594 0.32945927453041074 0
1653145588040 0.31432119154930116 0
1653145619444 0.25540800240039824 0
1653145650788 0.2347884156703949 0
1653145682120 0.22526817972660065 0
1653145713145 0.1888613405942917 0
1653145745214 0.16468525681495666 0
1653145776237 0.15652365670204163 0
1653145807375 0.19383864345550536 0
1653145838485 0.1903392990589142 0
1653145869783 0.17555213054418564 0
1653145901109 0.1544677518606186 0
1653145932282 0.13932943240702153 0
1653145963337 0.1296844117410481 0
1653145994514 0.11044862737655639 0
1653146025763 0.11750114197134971 0
1653146057057 0.11383840641081333 0
1653146088318 0.130332186293602 0
1653146119603 0.12073195542097091 0
1653146150666 0.10533539625555277 0
1653146182659 0.1042611931681633 0
1653146214312 0.11668492721021176 0
1653146246131 0.11140265293717384 0
1653146277878 0.11058682237360626 0
1653146309644 0.09872787129431963 0
1653146340936 0.10500571799278259 0
1653146372054 0.1014851607516408 0
1653146403083 0.09218961332570762 0
1653146434462 0.08462716825455427 0
1653146465414 0.0844609900906682 0
1653146497184 0.07525660464167595 0
1653146528408 0.08931233021179213 0
1653146559585 0.08360228115022182 0
1653146590887 0.07531528196185827 0
1653146621939 0.08413696213290095 0
1653146653135 0.06715754647627473 0
1653146684530 0.06145571683347225 0
1653146745743 1.6624915690422057 0
1653146778887 1.2517884967803956 0
1653146811876 1.1100520153045654 0
1653146844917 0.9864639127731323 0
1653146878053 0.8663367959976196 0
1653146911157 0.7865872100830078 0
1653146944364 0.7032087928771973 0
1653146977650 0.6045572491168976 0
1653147010587 0.5284933270454407 0
1653147044012 0.480935973072052 0
1653147077522 0.42789803253412245 0
1653147110681 0.3486321516036987 0
1653147143838 0.32461909012794493 0
1653147177275 0.2669310433149338 0
1653147209969 0.26390346193313596 0
1653147242470 0.26103234617710114 0
1653147275075 0.20972057881355285 0
1653147307982 0.21613883199691772 0
1653147340766 0.17737718414217232 0
1653147373750 0.1654922270178795 0
1653147407188 0.1590550763130188 0
1653147439923 0.18004722207188606 0
1653147472512 0.1482678473353386 0
1653147505395 0.11960336398035287 0
1653147538210 0.1099332034111023 0
1653147571042 0.12369429622888566 0
1653147603848 0.12115529791899025 0
1653147636665 0.128883387863636 0
1653147669175 0.13820484980344772 0
1653147701629 0.11536785398721695 0
1653147734295 0.08269745234251022 0
1653147767162 0.13246368295252323 0
1653147800054 0.10086644983142615 0
1653147833058 0.0986381768591702 0
1653147866371 0.088843527200073 0
1653147899244 0.08357621338665486 0
1653147931909 0.10955128466486931 0
1653147964677 0.11836285115480423 0
1653147997302 0.11059378369748592 0
1653148030299 0.09625546277165413 0
1653148062811 0.07603477415964008 0
1653148095649 0.06948372373580933 0
1653148128347 0.08239555698633194 0
1653148161240 0.08683930183202028 0
1653148194139 0.10142400538828224 0
1653148227211 0.08298742113029585 0
1653148260149 0.0700540656708181 0
1653148292972 0.08600306109711528 0
1653148325545 0.07058060231804848 0
1653148358038 0.05184755259547383 0
