1654542015551 0.6877463166191717 0
1654542024361 0.9337294609834476 0
1654542033169 0.9630752440429273 0
1654542042229 0.9727763293518462 0
1654542050853 0.9819923603953192 0
1654542072623 0.8828451882845189 0
1654542091265 0.9731975016675762 0
1654542110102 0.9847189376023285 0
1654542128446 0.9899339033412164 0
1654542147013 0.9872051421987751 0
1654542176434 0.910816054322784 0
1654542198749 0.9805383775918516 0
1654542220999 0.9878743785619013 0
1654542243262 0.9897538498848066 0
1654542265646 0.9914514368861405 0
1654542303912 0.8575500303214069 0
1654542329614 0.9599151000606428 0
1654542354927 0.9768344451182535 0
1654542380464 0.9798665858095815 0
1654542405563 0.9876288659793815 0
1654542452652 0.9224284327996118 0
1654542481794 0.9821081999029597 0
1654542510606 0.9929645803008248 0
1654542539946 0.9921154779233382 0
1654542569070 0.994784085395439 0
