1651916015119 1.334907258605957 0
1651916018202 0.8143831475257873 0
1651916021198 0.5407177090167999 0
1651916024304 0.38466473637819293 0
1651916027448 0.28193271694183347 0
1651916030635 0.23177152950763702 0
1651916033652 0.17877793235778808 0
1651916036702 0.1495875896990299 0
1651916039951 0.11927852804660798 0
1651916043185 0.09797341454029083 0
1651916046407 0.07824549605250358 0
1651916049533 0.0627687479376793 0
1651916052716 0.05156221627295017 0
1651916055759 0.04760557009279728 0
1651916058812 0.044871820443868636 0
1651916061956 0.03380801150500774 0
1651916065032 0.03473165536373854 0
1651916068251 0.02549779981598258 0
1651916071284 0.023256374472379684 0
1651916074507 0.01714914323836565 0
1651916077548 0.018281828954815865 0
1651916080612 0.014155615878105163 0
1651916083691 0.02065064850896597 0
1651916086939 0.013132418598234653 0
1651916090166 0.010164992178790272 0
1651916093243 0.01081100111939013 0
1651916096357 0.012594430232048036 0
1651916099470 0.01586576582044363 0
1651916102573 0.009523760080337524 0
1651916105627 0.00683107632920146 0
1651916108790 0.0056299168311059475 0
1651916111977 0.006449499489553273 0
1651916115128 0.007791333168745041 0
1651916118242 0.008909235541522504 0
1651916121309 0.0049751428496092555 0
1651916124454 0.004228221006784588 0
1651916127608 0.004535417663678527 0
1651916130661 0.0042218734808266165 0
1651916133720 0.005069954012334347 0
1651916136854 0.004390897783264518 0
1651916140026 0.007080478937923908 0
1651916143215 0.004181602293066681 0
1651916146419 0.004913959110155701 0
1651916149530 0.004763764729350806 0
1651916152771 0.006842868414707482 0
1651916155846 0.004910212939977646 0
1651916159004 0.005487433556653559 0
1651916162231 0.003396583738923073 0
1651916165367 0.00273694918602705 0
1651916168438 0.002888660762272775 0
1651916172211 1.39150618019104 0
1651916175804 0.9915581586837768 0
1651916179403 0.7586845015048981 0
1651916183044 0.5925418687343598 0
1651916186661 0.48367498931884767 0
1651916190166 0.38708623514175416 0
1651916193768 0.35282394102811815 0
1651916197369 0.2791857470273972 0
1651916200924 0.22990359313488007 0
1651916204534 0.17477739599943162 0
1651916208172 0.1436213442325592 0
1651916211743 0.13639013992547988 0
1651916215307 0.09482215432748199 0
1651916218947 0.076645493760705 0
1651916222648 0.06942020961940289 0
1651916226198 0.05921136654615402 0
1651916229824 0.04349009592533112 0
1651916233478 0.04611844482272864 0
1651916237151 0.03490314720124006 0
1651916240837 0.035105385425686836 0
1651916244429 0.031274488519132136 0
1651916248098 0.02622553229406476 0
1651916251707 0.02213070464730263 0
1651916255377 0.02255207572877407 0
1651916258917 0.016308800646476447 0
1651916262453 0.024260314738750458 0
1651916266046 0.014650810576975346 0
1651916269621 0.016136302588135004 0
1651916273089 0.016821953651309014 0
1651916276715 0.019951765579730274 0
1651916280258 0.016266425250656903 0
1651916283859 0.019539545300602913 0
1651916287415 0.01423760298639536 0
1651916290996 0.022821426147222518 0
1651916294569 0.021570885929837823 0
1651916298109 0.015627954296022654 0
1651916301807 0.010690828642249108 0
1651916305371 0.014068296111375094 0
1651916308964 0.01224616409894079 0
1651916312465 0.0067392993461340665 0
1651916316007 0.00854115610383451 0
1651916319556 0.010522039344906807 0
1651916323065 0.00836581661105156 0
1651916326626 0.012822545707784593 0
1651916330077 0.005715074636042118 0
1651916333596 0.0073533963747322555 0
1651916337172 0.007317733146063984 0
1651916340781 0.005816165854409337 0
1651916344371 0.0075875729519873855 0
1651916347878 0.006819046382885426 0
1651916351884 1.4180297441482543 0
1651916355454 1.0061530624389647 0
1651916359040 0.7630808906555175 0
1651916362679 0.5931003795623779 0
1651916366272 0.48186010727882383 0
1651916369794 0.3930498656988144 0
1651916373250 0.3443065010309219 0
1651916376844 0.32310932310819623 0
1651916380465 0.22701444969177245 0
1651916384064 0.21704567868709565 0
1651916387659 0.16958445756435395 0
1651916391179 0.14791854370236396 0
1651916394682 0.13977403426170348 0
1651916398095 0.11548896024227143 0
1651916401689 0.09307489473819733 0
1651916405232 0.06828522936105728 0
1651916408731 0.054835912196338175 0
1651916412243 0.052335055930167435 0
1651916415782 0.05189848592206836 0
1651916419400 0.02494081082046032 0
1651916422973 0.03556311832293868 0
1651916426526 0.032907126823067664 0
1651916429994 0.02708114523291588 0
1651916433525 0.02741510582230985 0
1651916437012 0.03610458090305328 0
1651916440544 0.0209796728849411 0
1651916444100 0.016309870646893977 0
1651916447669 0.015873310977220535 0
1651916451264 0.02159560828320682 0
1651916454783 0.022107435453683138 0
1651916458388 0.013393732023239137 0
1651916461977 0.01382051932439208 0
1651916465520 0.01714672775864601 0
1651916469117 0.01825760417431593 0
1651916472751 0.01117936399281025 0
1651916476324 0.015447682516276836 0
1651916479905 0.01445013656206429 0
1651916483429 0.016107706616818904 0
1651916486952 0.01108560220003128 0
1651916490493 0.010706745635718107 0
1651916494192 0.007119334146380425 0
1651916497771 0.008343579303659499 0
1651916501276 0.006069900037720799 0
1651916504858 0.009838643707334995 0
1651916508453 0.008022347700595856 0
1651916511961 0.011166806123778223 0
1651916515547 0.010547143249958753 0
1651916519096 0.010396133190579712 0
1651916522639 0.005481225410941988 0
1651916526231 0.004617175900377333 0
1651916530538 1.2230797647476197 0
1651916534237 0.542973029088974 0
1651916537929 0.35116956810951233 0
1651916541456 0.24652054305076598 0
1651916545062 0.18464817214012147 0
1651916548600 0.1390066118955612 0
1651916552215 0.1396777166366577 0
1651916555907 0.09085056185722351 0
1651916559527 0.084939430911839 0
1651916563069 0.060045096397399904 0
1651916566675 0.05544213499873876 0
1651916570163 0.0456566937148571 0
1651916573717 0.031783624908328055 0
1651916577362 0.02730737276673317 0
1651916580986 0.03185495318546891 0
1651916584438 0.024142961305379868 0
1651916588038 0.025745822037756442 0
1651916591538 0.017871628630906345 0
1651916595163 0.017500386199355126 0
1651916598716 0.015561528737843036 0
1651916602327 0.01379441837221384 0
1651916605901 0.01101933021172881 0
1651916609508 0.009364616760239005 0
1651916613203 0.009551166896894574 0
1651916616769 0.008277705420553684 0
1651916620262 0.013354752952605485 0
1651916623863 0.012888890033587813 0
1651916627492 0.008855191431939602 0
1651916630844 0.00552252398096025 0
1651916634369 0.006379863809794188 0
1651916637933 0.008818487353250384 0
1651916641558 0.008079438066482545 0
1651916645134 0.005858925990015269 0
1651916648727 0.00470025480017066 0
1651916652268 0.006921457337588072 0
1651916655942 0.007238195937126875 0
1651916659550 0.004254218752682209 0
1651916663189 0.008381186076439917 0
1651916666733 0.00476970443725586 0
1651916670293 0.0034080374784767626 0
1651916673891 0.005395061979815364 0
1651916677492 0.005459841422736645 0
1651916681056 0.00531750605031848 0
1651916684710 0.004727553506195545 0
1651916688373 0.0025594574496150017 0
1651916691902 0.0030434024406597016 0
1651916695646 0.0033031691062264143 0
1651916699315 0.0024652709061279894 0
1651916702962 0.0035663725234568117 0
1651916706569 0.00722705692127347 0
1651916711072 1.5042983917236328 0
1651916714516 1.185601911354065 0
1651916718116 0.9685866416454315 0
1651916721659 0.7518831108570099 0
1651916725276 0.6183319370269775 0
1651916728874 0.49901373329162596 0
1651916732411 0.45531379737854005 0
1651916736047 0.34670644068717954 0
1651916739479 0.2842444802045822 0
1651916743022 0.2379283447742462 0
1651916746623 0.21276200959682465 0
1651916750176 0.17579244244098663 0
1651916753794 0.12906705110669137 0
1651916757388 0.10724382014870644 0
1651916760849 0.10684680796861648 0
1651916764364 0.08260022091865539 0
1651916767974 0.11046144042015076 0
1651916771527 0.09450304223299026 0
1651916775076 0.06683650618046522 0
1651916778689 0.056131707060337065 0
1651916782341 0.041481067889928815 0
1651916785886 0.036963817563652995 0
1651916789435 0.029952540253102778 0
1651916793020 0.028199641118943693 0
1651916796665 0.036015749265998605 0
1651916800188 0.02944521867632866 0
1651916803764 0.03473890348225832 0
1651916807374 0.02937927824258804 0
1651916810951 0.057374388189613816 0
1651916814529 0.021174662280082704 0
1651916818044 0.021849916775524617 0
1651916821558 0.016768008226156234 0
1651916825241 0.022283054127544166 0
1651916828846 0.02456510321944952 0
1651916832395 0.01436616525799036 0
1651916835970 0.02292787320241332 0
1651916839648 0.012169151128828526 0
1651916843148 0.017117987421527505 0
1651916846656 0.017086468485184015 0
1651916850250 0.016129234946146608 0
1651916853813 0.009913047260791064 0
1651916857419 0.020530579846724867 0
1651916861085 0.007579349185526371 0
1651916864665 0.01380499286353588 0
1651916868198 0.011876241829246282 0
1651916871770 0.007086857704818249 0
1651916875378 0.019696331004798413 0
1651916878991 0.0077645680904388425 0
1651916882581 0.00885719660371542 0
1651916886138 0.009958022269606591 0
