1644424215647 1.6090182773590087 0
1644424217166 1.6083664375305176 0
1644424218636 1.607696583175659 0
1644424220123 1.6071319177627563 0
1644424221600 1.6063756023406983 0
1644424223074 1.6054896701812744 0
1644424224549 1.6049928676605225 0
1644424226069 1.603904655456543 0
1644424227627 1.6031520154953003 0
1644424229090 1.6021695390701294 0
1644424230789 1.6087583053588868 0
1644424232346 1.603708116531372 0
1644424233908 1.5986175905227662 0
1644424235475 1.593701900100708 0
1644424237039 1.5886227981567382 0
1644424238606 1.5829205520629883 0
1644424240173 1.5768703926086425 0
1644424241783 1.5698541522979736 0
1644424243379 1.562063509941101 0
1644424244962 1.552861018371582 0
1644424246911 1.6106956369400025 0
1644424248533 1.608836159324646 0
1644424250115 1.6066276050567627 0
1644424251751 1.6046279754638673 0
1644424253370 1.6029662979125976 0
1644424255010 1.6007883195877075 0
1644424256659 1.5988289085388183 0
1644424258345 1.5967686332702637 0
1644424259959 1.5943940919876098 0
1644424261587 1.5922073461532593 0
