1652577858935 1.7467870237350465 0
1652577864111 1.172886728668213 0
1652577869410 0.9411374607086181 0
1652577874515 0.7636251602649688 0
1652577879588 0.6559477340698242 0
1652577884752 0.5753110962152481 0
1652577889764 0.5078600206375122 0
1652577894936 0.4379149256706238 0
1652577900264 0.43074441685676573 0
1652577905326 0.3649816355228424 0
1652577910493 0.33730224022865296 0
1652577915584 0.2896140302181244 0
1652577920729 0.25705861083865167 0
1652577926011 0.25707822818756104 0
1652577931182 0.22451802978515625 0
1652577936526 0.21116329382658006 0
1652577941672 0.18105731574296952 0
1652577946835 0.1675724167227745 0
1652577952146 0.15614327427446842 0
1652577957258 0.12812818308323623 0
1652577962481 0.13706601012945174 0
1652577967480 0.12525241395235062 0
1652577972693 0.11996937260329724 0
1652577977891 0.19989334337711334 0
1652577983050 0.1060783472120762 0
1652577988295 0.11061387092527002 0
1652577993414 0.08681325823068618 0
1652577998582 0.0796123821169138 0
1652578003717 0.10154500018805265 0
1652578008897 0.09200187548846006 0
1652578014139 0.12264114567935466 0
1652578019264 0.11221606286168098 0
1652578024471 0.09556935683637857 0
1652578029563 0.09094693203344942 0
1652578034813 0.06764486815109849 0
1652578039940 0.08247955902069808 0
1652578045096 0.07706949357688427 0
1652578050324 0.06083061346560717 0
1652578055481 0.0790267986793071 0
1652578060714 0.07189774119891226 0
1652578066001 0.06483724947497249 0
1652578071115 0.09367329917121679 0
1652578076214 0.05158817001320422 0
1652578081425 0.09141713213250041 0
1652578086560 0.06216222125217319 0
1652578091751 0.07527141360640525 0
1652578096963 0.08957628458216786 0
1652578102207 0.09562999190315605 0
1652578107449 0.07984924613460899 0
1652578112604 0.05736662402749062 0
1652578125526 1.7134247570037842 0
1652578138141 1.1464873443603516 0
1652578150607 0.9219944793701171 0
1652578163378 0.7399853600502014 0
1652578175936 0.6093716397762299 0
1652578189193 0.5059621245384216 0
1652578201931 0.4271224266052246 0
1652578214572 0.3494766888141632 0
1652578227631 0.28913707249164583 0
1652578240382 0.25146030958890914 0
1652578253193 0.23485200567245484 0
1652578266146 0.19390116578936578 0
1652578279152 0.15355733701139687 0
1652578292228 0.16107239270806312 0
1652578305310 0.13490786288678647 0
1652578318086 0.1015360697209835 0
1652578331150 0.08977319407910109 0
1652578344276 0.1282918991625309 0
1652578357267 0.10610091549158096 0
1652578370274 0.12940075234770776 0
1652578383124 0.10542644554972648 0
1652578396146 0.08597682839035987 0
1652578409110 0.07997248710393906 0
1652578422106 0.09066423164010048 0
1652578434917 0.0779503146097064 0
1652578448053 0.08549792173355818 0
1652578461167 0.070383734267205 0
1652578474041 0.08624720323681831 0
1652578486912 0.0620870510533452 0
1652578500060 0.06133625766262412 0
1652578513097 0.0588548288539052 0
1652578525778 0.08425277924239635 0
1652578538902 0.049572938477713616 0
1652578551994 0.06365827399864793 0
1652578564911 0.06950964978970588 0
1652578577905 0.09061009152345359 0
1652578590988 0.045684282507374885 0
1652578603958 0.05419412614032626 0
1652578617113 0.06806684883013368 0
1652578630227 0.09119970993474126 0
1652578643230 0.06306940519809723 0
1652578656281 0.07819777520801872 0
1652578669291 0.04715138689428568 0
1652578682219 0.09382750519216061 0
1652578695276 0.04210838496312499 0
1652578708590 0.03740249849921092 0
1652578721448 0.05260569384135306 0
1652578734697 0.042203384125046435 0
1652578747720 0.05308697716034949 0
1652578760570 0.06324754018932581 0
1652578774961 1.5451514848709107 0
1652578788155 0.9799005596160889 0
1652578801427 0.7666243934631347 0
1652578814506 0.6242460099220276 0
1652578827818 0.5155724620819092 0
1652578841044 0.395670001745224 0
1652578854306 0.3248399957418442 0
1652578867548 0.27504418005347253 0
1652578880844 0.22290040533542632 0
1652578893946 0.17457443157434463 0
1652578906807 0.15012198790311812 0
1652578920136 0.1541183016896248 0
1652578933238 0.1463675324380398 0
1652578946446 0.10394834824502468 0
1652578959867 0.08016356337368488 0
1652578972898 0.09731258103847504 0
1652578985951 0.08865242285430432 0
1652578999146 0.08932150495052338 0
1652579012323 0.0666088267788291 0
1652579025372 0.07099123199880124 0
1652579038656 0.055751357609778646 0
1652579051986 0.07397145710103213 0
1652579065053 0.06502072603534907 0
1652579078195 0.08166315365135669 0
1652579091390 0.08927106508091093 0
1652579104729 0.05943545538336038 0
1652579118045 0.07023403760641814 0
1652579131295 0.049923748242110016 0
1652579144372 0.03597174931522459 0
1652579157537 0.07015394278466701 0
1652579170890 0.06339499615561217 0
1652579183996 0.0546444993019104 0
1652579197309 0.05730617971718311 0
1652579210521 0.06608916212134064 0
1652579223925 0.02848420780412853 0
1652579236910 0.029971952785551547 0
1652579249959 0.057992459759116176 0
1652579263348 0.06665539893433452 0
1652579276310 0.08054716242291034 0
1652579289605 0.03667906272001564 0
1652579302814 0.04817991434894502 0
1652579315919 0.04846201492263936 0
1652579329156 0.06591999266957864 0
1652579342428 0.02753954343050718 0
1652579355780 0.040656377673521635 0
1652579368765 0.059988767544552686 0
1652579381749 0.06665607449561357 0
1652579394941 0.0415608181335032 0
1652579408306 0.06079393880800344 0
1652579421209 0.04994318400798366 0
1652579435943 1.546414971923828 0
1652579449306 1.0612278144836427 0
1652579462813 0.8419914953231812 0
1652579476238 0.670941046333313 0
1652579489544 0.5448388854980468 0
1652579502839 0.42771759271621707 0
1652579516221 0.3674529320478439 0
1652579529536 0.29997928893566134 0
1652579542547 0.2395809142112732 0
1652579555860 0.19677437667846678 0
1652579568998 0.16282203958034516 0
1652579582239 0.13534817858934403 0
1652579595641 0.13013034685850144 0
1652579608835 0.09174261573553086 0
1652579622184 0.12219099045991898 0
1652579635187 0.08587207244634629 0
1652579648332 0.09269994639754295 0
1652579661681 0.10560861256867647 0
1652579674993 0.062046555076539514 0
1652579688422 0.0825318413078785 0
1652579701829 0.09638956540171056 0
1652579715324 0.058001617991924284 0
1652579728700 0.0773311270929873 0
1652579742045 0.05673641234710813 0
1652579755559 0.04730899017900229 0
1652579768938 0.07455992914289236 0
1652579782318 0.04436657853499055 0
1652579795504 0.07405963106229901 0
1652579808783 0.05191404224559665 0
1652579822195 0.06600873671881854 0
1652579835432 0.05176151049807668 0
1652579848687 0.06512720015645027 0
1652579861950 0.0428029921412468 0
1652579875220 0.05643019488155842 0
1652579888524 0.06404085610359907 0
1652579901797 0.05288144996538758 0
1652579915041 0.04391764861997217 0
1652579928518 0.04189437671164051 0
1652579941899 0.04979526409506798 0
1652579955192 0.022185923515632748 0
1652579968470 0.050507380105927584 0
1652579981930 0.04690089275911451 0
1652579995009 0.05285774325653911 0
1652580008441 0.04026345213279128 0
1652580021716 0.03170146341081709 0
1652580034995 0.040681185418367384 0
1652580048413 0.05071023899298161 0
1652580061490 0.05048365952707827 0
1652580074605 0.06375004264563322 0
1652580087996 0.04024084589257836 0
1652580103090 1.6436655839920045 0
1652580116450 1.1000442832946777 0
1652580129835 0.8783325922012329 0
1652580143261 0.7248394077301026 0
1652580156870 0.5834122489929199 0
1652580170426 0.4751655450820923 0
1652580183979 0.37332674351930617 0
1652580197499 0.32343176221847536 0
1652580210877 0.26322402734756467 0
1652580224435 0.20829445227384566 0
1652580237867 0.15586003250777722 0
1652580251285 0.13838726115226746 0
1652580264518 0.12914845334887504 0
1652580277906 0.11994825302362443 0
1652580291435 0.1018024514257908 0
1652580304885 0.10292755301892757 0
1652580318370 0.11179155719280243 0
1652580331808 0.08486586493402719 0
1652580345235 0.07136576094087213 0
1652580358759 0.053811175966262816 0
1652580372368 0.08057929999828338 0
1652580385834 0.09116644471436738 0
1652580399347 0.07045282332599163 0
1652580412826 0.061106745360791685 0
1652580426459 0.075081583827734 0
1652580440006 0.08226131647080183 0
1652580453522 0.06585878893174231 0
1652580466931 0.06484737251866608 0
1652580480288 0.05017888811118901 0
1652580493777 0.05615067592263222 0
1652580507328 0.047523419169336556 0
1652580520691 0.048077600456774235 0
1652580534024 0.0913461972206831 0
1652580547542 0.03751881787255407 0
1652580561129 0.05109870599508286 0
1652580574428 0.05127917643710971 0
1652580587875 0.08111713024675846 0
1652580601321 0.046546485798060894 0
1652580614767 0.04824927910417318 0
1652580628317 0.03511441467404366 0
1652580641730 0.037900795551389456 0
1652580655147 0.043246017346903684 0
1652580668575 0.05281487180031836 0
1652580681958 0.046644275096431376 0
1652580695396 0.03604360553063452 0
1652580708617 0.036782172523066405 0
1652580722109 0.06037948668524623 0
1652580735333 0.03920310920048505 0
1652580748712 0.04807940576290712 0
1652580762157 0.06923343129977584 0
1652580777661 1.6768413105010986 0
1652580791290 1.1865671632766723 0
1652580804873 0.9664203876495361 0
1652580818373 0.7952476037025452 0
1652580831961 0.6370074008703231 0
1652580845470 0.5155942723989486 0
1652580858996 0.43124284229278564 0
1652580872583 0.3528077400445938 0
1652580886305 0.29002530069351196 0
1652580899838 0.25432952334880826 0
1652580913417 0.18344296013116837 0
1652580927048 0.15753418130278588 0
1652580940595 0.14940043783187867 0
1652580953918 0.12877773572206497 0
1652580967502 0.10294612628817558 0
1652580981237 0.1259584306538105 0
1652580994672 0.09927469542566687 0
1652581008298 0.07556218365728855 0
1652581021799 0.08780256999135018 0
1652581035398 0.09962761444747448 0
1652581048893 0.09132971301674843 0
1652581062348 0.06335594365000725 0
1652581075916 0.08014913491010665 0
1652581089392 0.04723071825355291 0
1652581102968 0.057848048490285874 0
1652581116434 0.06124377534389496 0
1652581129852 0.07057868151962757 0
1652581143416 0.07381843456476926 0
1652581156892 0.04987761533036828 0
1652581170164 0.05988201576471329 0
1652581183464 0.07633255701903253 0
1652581197140 0.04243831869214773 0
1652581210645 0.05296732496470213 0
1652581224397 0.06789353794828057 0
1652581237834 0.04552377617657185 0
1652581251412 0.037980206472426656 0
1652581265006 0.036374495340138674 0
1652581278693 0.04866275119483471 0
1652581292344 0.06554114307761193 0
1652581305832 0.05511400683224201 0
1652581319201 0.058573090407997366 0
1652581332964 0.06541933752354234 0
1652581346413 0.04201380437463522 0
1652581359843 0.04230691547133029 0
1652581373399 0.052528859488666056 0
1652581387179 0.06344804403176531 0
1652581400879 0.05410977336578071 0
1652581414461 0.043564915346726775 0
1652581428090 0.038020177954249085 0
1652581441644 0.06464680798333139 0
1652581457450 1.6762441495895386 0
1652581471125 1.1966743734359742 0
1652581484514 0.9804552543640137 0
1652581497974 0.8140631106376648 0
1652581511681 0.6513760654449463 0
1652581525295 0.5468936400175095 0
1652581538622 0.4335142970085144 0
1652581552053 0.36470860342979433 0
1652581565541 0.2895163043022156 0
1652581579177 0.24351400146484375 0
1652581592569 0.19625072660446166 0
1652581606158 0.16989764740467073 0
1652581619870 0.1495819149494171 0
1652581633407 0.10921774371862411 0
1652581646984 0.09397861559391021 0
1652581660648 0.09712878747880459 0
1652581674145 0.09189749248027801 0
1652581687668 0.1197830912053585 0
1652581701413 0.08759235033094882 0
1652581715141 0.05090874360650778 0
1652581728690 0.08041316775083542 0
1652581742315 0.09394564217031003 0
1652581755959 0.06091575320512056 0
1652581769377 0.07176370003670454 0
1652581782819 0.0466757435567677 0
1652581796335 0.08077119597122073 0
1652581809840 0.04893276554495096 0
1652581823491 0.0620835492759943 0
1652581837306 0.07171577177643776 0
1652581850956 0.05769442567154765 0
1652581864340 0.048747663969080895 0
1652581878084 0.045021174355968835 0
1652581891707 0.05793510408538859 0
1652581905316 0.04055550326583907 0
1652581919095 0.037548602905496956 0
1652581932709 0.05473959331735968 0
1652581946292 0.051502087048324756 0
1652581959995 0.05262328003570437 0
1652581973535 0.06615003930479288 0
1652581986839 0.04198938770070672 0
1652582000263 0.0549944736469537 0
1652582014020 0.053943281293660404 0
1652582027557 0.05943050998840481 0
1652582041123 0.03596768717397936 0
1652582054751 0.034833560096099975 0
1652582068359 0.03301706505492329 0
1652582081905 0.036668429857864976 0
1652582095537 0.055972552122175695 0
1652582109108 0.05655686327666044 0
1652582122810 0.05925253176055849 0
1652582139028 1.6629138015747071 0
1652582152842 1.104624435043335 0
1652582166448 0.8633090196609498 0
1652582180035 0.6961629020690918 0
1652582193731 0.5802410647392273 0
1652582207408 0.4511743389129639 0
1652582221036 0.3585079499721527 0
1652582234671 0.3024586002826691 0
1652582248219 0.22654011521339418 0
1652582261996 0.19400745455026627 0
1652582275616 0.16271218886971472 0
1652582289232 0.14227471378445625 0
1652582303143 0.14095009902715683 0
1652582316738 0.12094473014473915 0
1652582330520 0.09355116960555315 0
1652582344280 0.07801860120519996 0
1652582358033 0.05384667021930218 0
1652582371666 0.07575549334585667 0
1652582385300 0.06469964851438999 0
1652582399091 0.05896352104246616 0
1652582412757 0.04960613827556372 0
1652582426445 0.05304127525985241 0
1652582440018 0.0503790891841054 0
1652582453754 0.06324317090511322 0
1652582467304 0.0652435618944466 0
1652582480948 0.060473473857343196 0
1652582494545 0.061666022753715515 0
1652582508371 0.05682451018951833 0
1652582522036 0.0413853667140007 0
1652582535820 0.05937699061259628 0
1652582549651 0.05164982833713293 0
1652582563352 0.04332674056328833 0
1652582577017 0.056941470915451646 0
1652582590697 0.05220454671606421 0
1652582604488 0.04221992920571938 0
1652582618110 0.03502453180626035 0
1652582631688 0.03620109359920025 0
1652582645256 0.05672737139835954 0
1652582658882 0.04019784880653024 0
1652582672689 0.037522904020175336 0
1652582686427 0.03130168811501935 0
1652582700241 0.04716392482537776 0
1652582713835 0.045687854543328285 0
1652582727544 0.0469463485930115 0
1652582741321 0.035981237257178875 0
1652582755021 0.036330477955937385 0
1652582768642 0.03858990511335433 0
1652582782318 0.02738189237304032 0
1652582795855 0.030734950311481952 0
1652582809370 0.04192276410777122 0
1652582826333 1.759273320198059 0
1652582840160 1.1652102676391602 0
1652582854045 0.9276039525985718 0
1652582867786 0.7454898517608642 0
1652582881525 0.5982427335739136 0
1652582895428 0.5149018337249756 0
1652582909284 0.3833465591907501 0
1652582923197 0.30059259357452395 0
1652582937074 0.2378802593946457 0
1652582950876 0.20474948718547822 0
1652582964891 0.1858159035205841 0
1652582978626 0.14848507945537567 0
1652582992427 0.1335378737092018 0
1652583006154 0.10955703130662442 0
1652583019952 0.10024699031114578 0
1652583033842 0.08469440498948097 0
1652583047639 0.07677311041355132 0
1652583061495 0.07457237888872624 0
1652583075182 0.07155693445801735 0
1652583089137 0.07532811350896955 0
1652583102994 0.06048488366603851 0
1652583116808 0.06054084270298481 0
1652583130661 0.05907330684661865 0
1652583144499 0.08902985562831163 0
1652583158289 0.052958103093504905 0
1652583172072 0.045866357526928185 0
1652583185768 0.04790827073901892 0
1652583199676 0.05303374038375914 0
1652583213634 0.056468520464748144 0
1652583227474 0.05258117446266115 0
1652583241303 0.04864382234588265 0
1652583255233 0.05452175118997693 0
1652583269125 0.04677557036653161 0
1652583282661 0.03988357198983431 0
1652583296538 0.037342830409109594 0
1652583310472 0.04168033874109387 0
1652583324159 0.04867387359291315 0
1652583338070 0.0447206248274073 0
1652583352151 0.042086336546763775 0
1652583366117 0.02921926498413086 0
1652583379910 0.058726092714630064 0
1652583393651 0.04316655357442796 0
1652583407422 0.03469975544475019 0
1652583421368 0.04951169579066336 0
1652583435262 0.03168630789574236 0
1652583449290 0.01980505878124386 0
1652583463305 0.04111617173217237 0
1652583477201 0.042451356175914404 0
1652583491001 0.06753064910378308 0
1652583504767 0.028362953615747394 0
1652583521972 1.5430515813827514 0
1652583535823 0.8708128950595856 0
1652583549787 0.6609377114295959 0
1652583563772 0.5112086626052856 0
1652583577498 0.4160879683017731 0
1652583591497 0.30467367873191836 0
1652583605296 0.2686341970205307 0
1652583619140 0.2024706335067749 0
1652583633064 0.1687147161602974 0
1652583646810 0.13780459171533585 0
1652583660727 0.1285615164399147 0
1652583674449 0.10369476709663868 0
1652583688453 0.09064823999628424 0
1652583702402 0.07225332599580288 0
1652583716337 0.08044795515462756 0
1652583730257 0.042831140330433844 0
1652583744101 0.06648651860207319 0
1652583757849 0.054603550934791564 0
1652583771589 0.07709159907996654 0
1652583785228 0.04686884890198707 0
1652583799175 0.04142460805848241 0
1652583813156 0.048274679473228756 0
1652583827056 0.05832808531075716 0
1652583840709 0.0463947019405663 0
1652583854771 0.039001620116084816 0
1652583868688 0.050717840398103 0
1652583882739 0.03118971157297492 0
1652583896639 0.037764192855078725 0
1652583910460 0.04709670342803001 0
1652583924367 0.05378353413492441 0
1652583938184 0.04280922783873975 0
1652583952044 0.04932093544602394 0
1652583965883 0.03796091358102858 0
1652583979959 0.04915824954099953 0
1652583993794 0.036208323767781256 0
1652584007736 0.021546891850791873 0
1652584021723 0.031869169897586105 0
1652584035609 0.03162843709476292 0
1652584049343 0.02838516365168616 0
1652584063323 0.04768139857277274 0
1652584077098 0.030258748200908302 0
1652584090842 0.02183324323890265 0
1652584104670 0.03024511375403963 0
1652584118530 0.03832084119543433 0
1652584132441 0.041635234374413264 0
1652584146149 0.03238206578232348 0
1652584160086 0.026801214488595723 0
1652584173862 0.0391062422846444 0
1652584187667 0.039239220378221945 0
1652584201425 0.035665543276816605 0
1652584218989 1.622100410079956 0
1652584232953 1.1372755125045777 0
1652584246820 0.9131203111648559 0
1652584260465 0.7401735099315643 0
1652584274206 0.6140806259155274 0
1652584288186 0.5122872107982636 0
1652584301993 0.4036182349205017 0
1652584315837 0.32030275268554687 0
1652584329764 0.2735473961114883 0
1652584343621 0.21315239964723587 0
1652584357451 0.17516954741477966 0
1652584371419 0.15260116963386536 0
1652584385332 0.1328251431465149 0
1652584399148 0.1218607739508152 0
1652584413046 0.11526818979978562 0
1652584427033 0.0937468346208334 0
1652584440920 0.07253585819900035 0
1652584454905 0.0718021209821105 0
1652584468874 0.08508438049554824 0
1652584482826 0.0618065439529717 0
1652584496733 0.07597000285089016 0
1652584510726 0.07693636227846146 0
1652584524454 0.047729915417730806 0
1652584538389 0.04835649558007717 0
1652584552412 0.06072231267988682 0
1652584566430 0.059838340908288955 0
1652584580343 0.04786033809781075 0
1652584594218 0.0389045259103179 0
1652584608121 0.05777511660084128 0
1652584621932 0.05978162156790495 0
1652584635886 0.03447204993329942 0
1652584649808 0.05487581950724125 0
1652584663800 0.05018347451835871 0
1652584677681 0.0509211077645421 0
1652584691665 0.040364040073752404 0
1652584705591 0.03916286616325378 0
1652584719491 0.03177136171907186 0
1652584733389 0.03377032418623566 0
1652584747308 0.03191494021266699 0
1652584761134 0.04760607308521867 0
1652584775121 0.039620801605284216 0
1652584788941 0.03800819492712617 0
1652584802713 0.05034778482094407 0
1652584816739 0.036269007666781546 0
1652584830607 0.038639393059536814 0
1652584844492 0.07473999750092626 0
1652584858389 0.044828504536673426 0
1652584872206 0.05096603814177215 0
1652584886288 0.03898897285030689 0
1652584900247 0.03392322850637138 0
1652584918331 1.560002009010315 0
1652584932234 1.059324674510956 0
1652584946288 0.8383918704986573 0
1652584960201 0.721371395111084 0
1652584974355 0.5553533239841462 0
1652584988317 0.4734983104944229 0
1652585002398 0.3887327259659767 0
1652585016419 0.2830938238143921 0
1652585030414 0.22802712595462798 0
1652585044540 0.1978594535112381 0
1652585058504 0.15767789086401462 0
1652585072605 0.1433614217221737 0
1652585086822 0.11303892729878426 0
1652585100985 0.11447031433582305 0
1652585115105 0.11259663681387902 0
1652585129064 0.08261231830716133 0
1652585143122 0.08399231097530574 0
1652585157318 0.06689681119322777 0
1652585171387 0.08101938625872135 0
1652585185473 0.07169746757149696 0
1652585199602 0.04790301548894495 0
1652585213850 0.05660436834618449 0
1652585227996 0.05008050441965461 0
1652585242012 0.06052348432689905 0
1652585255998 0.0639311758339405 0
1652585270134 0.07876610738411546 0
1652585284209 0.04426606675423682 0
1652585298216 0.043934155077859756 0
1652585312107 0.05749497486278415 0
1652585326078 0.06723907508216798 0
1652585340269 0.05906675584465265 0
1652585354298 0.03665964995846152 0
1652585368260 0.025821200957428663 0
1652585382288 0.048466147484630344 0
1652585396475 0.06781610138863325 0
1652585410493 0.043860206543654204 0
1652585424637 0.02799405867829919 0
1652585438625 0.04527539183869958 0
1652585452723 0.03524363116640598 0
1652585466866 0.031092984449118375 0
1652585481006 0.055932338653318585 0
1652585494725 0.03249129065461457 0
1652585508955 0.03771821429282427 0
1652585523024 0.04482796364426613 0
1652585537138 0.04864446880705654 0
1652585550909 0.04578873475342989 0
1652585564857 0.03487114285733551 0
1652585578876 0.0485771832279861 0
1652585593022 0.027971112810634077 0
1652585606966 0.023929021887294948 0
1652585625618 1.5396572412490845 0
1652585639878 0.9904081651687622 0
1652585654106 0.7853254411697388 0
1652585668149 0.6292280916213989 0
1652585682184 0.5060937509536744 0
1652585696399 0.3852752004861832 0
1652585710381 0.32159759271144867 0
1652585724512 0.2388189550638199 0
1652585738778 0.2114076295375824 0
1652585753001 0.15725235276818275 0
1652585767307 0.11553237863779069 0
1652585781457 0.10674286000728607 0
1652585795617 0.07904158317819238 0
1652585809716 0.08536509457230568 0
1652585823799 0.0644639079734683 0
1652585837849 0.056117920133471486 0
1652585851916 0.0628340625628829 0
1652585865943 0.0475500621855259 0
1652585880157 0.0838376214325428 0
1652585894428 0.05713955071941018 0
1652585908669 0.03299544341415167 0
1652585922721 0.03991179074710235 0
1652585936913 0.04696224066466093 0
1652585951185 0.07147316792905331 0
1652585965317 0.04738421702235937 0
1652585979492 0.0462415474422276 0
1652585993706 0.040647436805069444 0
1652586007872 0.03512682826220989 0
1652586022044 0.04031877879090607 0
1652586036102 0.05641271672919393 0
1652586050235 0.036595938961207865 0
1652586064496 0.04131420085057616 0
1652586078823 0.03821108762174845 0
1652586092752 0.03985855626258999 0
1652586107092 0.033598820769228044 0
1652586121301 0.015781018230877818 0
1652586135479 0.04204921640194952 0
1652586149389 0.0288248537350446 0
1652586163420 0.04460868571694009 0
1652586177452 0.03755831950008869 0
1652586191690 0.029693638952076436 0
1652586205799 0.040469483555294575 0
1652586219784 0.019541872244514525 0
1652586233857 0.031015941452793776 0
1652586248023 0.044009470452181995 0
1652586262096 0.035682208334514874 0
1652586276334 0.03445779773592949 0
1652586290348 0.041435216782987117 0
1652586304391 0.03908791243731975 0
1652586318482 0.022823600411973892 0
1652586337189 1.6799764295578004 0
1652586351472 1.1685087322235108 0
1652586365693 0.902254394197464 0
1652586379818 0.7475146350860595 0
1652586393979 0.5955674321174621 0
1652586408291 0.47724186763763426 0
1652586422441 0.38485376420021056 0
1652586436645 0.3157699846744537 0
1652586450707 0.23614945447444916 0
1652586464913 0.20573147748112677 0
1652586479032 0.16940842642188073 0
1652586493129 0.12659470089077948 0
1652586507272 0.11307525454461574 0
1652586521371 0.1101653240442276 0
1652586535400 0.09473015415668487 0
1652586549579 0.06862172133028507 0
1652586563562 0.07146497693061829 0
1652586577680 0.09210342218577862 0
1652586591756 0.06207406558990478 0
1652586605920 0.06659614487588406 0
1652586619891 0.051362180567905306 0
1652586634099 0.04092468491345644 0
1652586648199 0.05318024133294821 0
1652586662301 0.06397490424364805 0
1652586676178 0.05684780472815037 0
1652586690196 0.054203539685159924 0
1652586704342 0.06696939159631729 0
1652586718450 0.04358366737514734 0
1652586732658 0.04554777412116528 0
1652586746825 0.03542025535926223 0
1652586761045 0.06807345957756042 0
1652586775350 0.05387252862155437 0
1652586789635 0.049122497855871916 0
1652586803586 0.05941852628141642 0
1652586817667 0.03915736290016211 0
1652586831674 0.045256485576927664 0
1652586845753 0.04928284505531192 0
1652586859832 0.0396246430195868 0
1652586873878 0.04123550476580858 0
1652586887665 0.040334214131534096 0
1652586902016 0.04194949375279248 0
1652586916194 0.05114158597178757 0
1652586930421 0.02930349473999813 0
1652586944470 0.023088052940927445 0
1652586958445 0.041081452399119735 0
1652586972627 0.03173043801486492 0
1652586986796 0.051492283496260643 0
1652587000989 0.04065278521645814 0
1652587015137 0.04692479209434241 0
1652587029335 0.028284746051952244 0
1652587048554 1.6320140775680543 0
1652587062859 1.0533962699890136 0
1652587077254 0.8274886930465698 0
1652587091782 0.6688168828845024 0
1652587105950 0.5313897656440735 0
1652587120216 0.44063876538276675 0
1652587134496 0.3289336552143097 0
1652587148759 0.26478567324876784 0
1652587162848 0.22051010646820068 0
1652587177043 0.1769231289744377 0
1652587191571 0.13510530407801272 0
1652587205888 0.11560343835949898 0
1652587219824 0.10407619359195232 0
1652587234147 0.09020602642297745 0
1652587248500 0.0816448725707829 0
1652587262792 0.07036052279174328 0
1652587277416 0.06434164944514632 0
1652587291704 0.06057267710268498 0
1652587305952 0.05918006461858749 0
1652587320285 0.04566476905271411 0
1652587334695 0.057481059889495374 0
1652587349086 0.0528869665838778 0
1652587363331 0.03941200139671564 0
1652587377853 0.047199914250522855 0
1652587392381 0.04636644022539258 0
1652587406603 0.04630653544850648 0
1652587420863 0.030709497451782225 0
1652587435260 0.027077040871977806 0
1652587449600 0.04932012506201863 0
1652587463650 0.0627279217928648 0
1652587478017 0.07061672938764095 0
1652587492388 0.027982517449557782 0
1652587506782 0.032130554792983455 0
1652587521076 0.047972183744236827 0
1652587535076 0.04381762577444315 0
1652587549494 0.037358899125782774 0
1652587563851 0.01889785943683237 0
1652587578204 0.031173225509002804 0
1652587592622 0.042674718825146556 0
1652587606937 0.050042688318155705 0
1652587621369 0.04409925523996353 0
1652587635627 0.03168520694486797 0
1652587650116 0.026364296495355665 0
1652587664455 0.03379705913625657 0
1652587678717 0.029534841963276267 0
1652587693181 0.04713859768605325 0
1652587707404 0.03671564675830304 0
1652587721958 0.0422567838113755 0
1652587736273 0.02685810540243983 0
1652587750525 0.016795460683293642 0
1652587770437 1.4715206437110901 0
1652587784936 0.9529339274406433 0
1652587799525 0.7527220243453979 0
1652587814014 0.6250841863155365 0
1652587828541 0.5341709854125977 0
1652587842891 0.4196264771461487 0
1652587857444 0.3448118091583252 0
1652587871886 0.2863784243583679 0
1652587886331 0.2319558662414551 0
1652587900792 0.19239377126693727 0
1652587915295 0.16474198552519084 0
1652587929826 0.1332469759017229 0
1652587944252 0.11884782145619392 0
1652587958628 0.09736559911966323 0
1652587973237 0.09077092179954052 0
1652587987539 0.09546553219109774 0
1652588002311 0.0751386280849576 0
1652588016870 0.06355745296925307 0
1652588031385 0.05914485179707408 0
1652588046000 0.06229886868856847 0
1652588060664 0.05517675076425076 0
1652588075049 0.049506878075003626 0
1652588089621 0.05288778324574232 0
1652588104162 0.05224051915481687 0
1652588118568 0.04341000403910875 0
1652588132869 0.04778544099777937 0
1652588147382 0.05150233363881707 0
1652588161959 0.04496452864557505 0
1652588176422 0.06060702780112624 0
1652588190861 0.037324582076538354 0
1652588205277 0.04788137796409428 0
1652588219808 0.04134939173236489 0
1652588234300 0.03207144618518651 0
1652588248930 0.04394268868342042 0
1652588263454 0.03584058910235763 0
1652588277954 0.04456452687028795 0
1652588292666 0.040354179052263496 0
1652588307109 0.04708388022193685 0
1652588321502 0.04275527480393648 0
1652588336001 0.03308773259902373 0
1652588350650 0.03055509525462985 0
1652588365048 0.03338774713035673 0
1652588379462 0.04737204007199034 0
1652588393932 0.028509733994677662 0
1652588408492 0.03928968454413116 0
1652588422857 0.041918577927351 0
1652588437539 0.04598429100587964 0
1652588451951 0.0396727689081803 0
1652588466442 0.03424460817547515 0
1652588481029 0.017637027492560447 0
1652588501570 1.5396833038330078 0
1652588516162 1.0035190814971924 0
1652588530822 0.8140842655181885 0
1652588545497 0.6633048561096191 0
1652588560188 0.5405793115615845 0
1652588574633 0.4509183253288269 0
1652588588867 0.34098120622634887 0
1652588603727 0.28111675853729245 0
1652588618522 0.2111671401143074 0
1652588633206 0.17403219717741011 0
1652588647744 0.1496315583586693 0
1652588662463 0.12962370618879795 0
1652588677005 0.11267141946554184 0
1652588691623 0.09329818098545074 0
1652588706056 0.07411239763498306 0
1652588721013 0.09474185436666012 0
1652588735617 0.07070961168408393 0
1652588750137 0.06481335343420505 0
1652588764788 0.07281660520359874 0
1652588779393 0.04192239519804716 0
1652588794061 0.05978547175973654 0
1652588808698 0.03964957827180624 0
1652588823083 0.08544216155856847 0
1652588837664 0.0465801601447165 0
1652588852251 0.039367377065122125 0
1652588866981 0.0332780701957643 0
1652588881328 0.06893187179863453 0
1652588895973 0.05052454930059612 0
1652588910660 0.04153161118030548 0
1652588925303 0.0474724428974092 0
1652588939831 0.0351383254032582 0
1652588954687 0.04010832359418273 0
1652588969547 0.04755567294210195 0
1652588984204 0.06941139548942447 0
1652588998560 0.03658948103636503 0
1652589013025 0.04253574531152844 0
1652589027550 0.04679687047936022 0
1652589042229 0.03788045100569725 0
1652589056728 0.036558854264579714 0
1652589071122 0.03763478343030438 0
1652589085916 0.02838606135090813 0
1652589100685 0.024803868306986988 0
1652589115401 0.05029651032686234 0
1652589129922 0.039711823135614395 0
1652589144316 0.023433456578291954 0
1652589158693 0.03777473318465054 0
1652589173238 0.030856595369288697 0
1652589187908 0.03942198203597218 0
1652589202707 0.026931386037729682 0
1652589217426 0.03374823021236807 0
1652589238278 1.6101477355957032 0
1652589253082 0.9963043704032898 0
1652589268034 0.7761623883247375 0
1652589282523 0.6125142971038818 0
1652589297302 0.49503802576065065 0
1652589312044 0.3957178465604782 0
1652589326798 0.32937480416297915 0
1652589341497 0.24250791095495225 0
1652589356315 0.20054472262859344 0
1652589371175 0.17108244305849074 0
1652589386024 0.13843416601419448 0
1652589400903 0.1067790554702282 0
1652589415543 0.0826642498806119 0
1652589430207 0.07654082612842321 0
1652589444987 0.07431966325044632 0
1652589459589 0.05430394541025162 0
1652589474119 0.11512324620485306 0
1652589488822 0.07118990449607372 0
1652589503420 0.05961498679742217 0
1652589518323 0.059941949892044065 0
1652589532807 0.04307042720168829 0
1652589547825 0.043094909176230434 0
1652589562623 0.05229197378903627 0
1652589577230 0.04125983862280846 0
1652589591832 0.04427493077367544 0
1652589606704 0.0413339667480439 0
1652589621164 0.0478441416695714 0
1652589635673 0.03567873632200062 0
1652589650295 0.04051062574796378 0
1652589665098 0.031069596377015115 0
1652589679694 0.031293206848576664 0
1652589694357 0.03696551807653159 0
1652589709061 0.041733017820864915 0
1652589723809 0.0511755053922534 0
1652589738595 0.0647783918865025 0
1652589753139 0.02761279778853059 0
1652589767957 0.028645044795703144 0
1652589782703 0.03506502177845687 0
1652589797195 0.03596959879398346 0
1652589811734 0.0416583601905033 0
1652589826495 0.031561554994806645 0
1652589841081 0.04525743150301278 0
1652589855535 0.030632590517308562 0
1652589870080 0.028662966428510846 0
1652589884621 0.025015248868986963 0
1652589899506 0.016940573188476263 0
1652589914147 0.04985971547919325 0
1652589928875 0.038379263666272166 0
1652589943785 0.017030180112272503 0
1652589958760 0.019179076700285076 0
1652589980034 1.499800853061676 0
1652589994753 1.0100546588897705 0
1652590009293 0.8127909559130668 0
1652590024010 0.6744096643686295 0
1652590038740 0.5278868834972381 0
1652590053477 0.4618973597049713 0
1652590067947 0.36591326875686647 0
1652590082675 0.3028105185508728 0
1652590097071 0.25103799946308136 0
1652590111706 0.17882962515354156 0
1652590126304 0.1476466747879982 0
1652590140987 0.14666625002622605 0
1652590155852 0.12253330417871475 0
1652590170661 0.09448856524825096 0
1652590185448 0.08307110693007708 0
1652590200147 0.07354183359779418 0
1652590215032 0.0645936153292656 0
1652590229668 0.05170515676736832 0
1652590243996 0.056667963137850164 0
1652590258858 0.062319714548438786 0
1652590273496 0.05269977216124535 0
1652590288359 0.06649183210283517 0
1652590303115 0.05806420880705118 0
1652590317977 0.06684801809415221 0
1652590332632 0.04801462193196639 0
1652590347458 0.04960055967643857 0
1652590362118 0.057281149831414226 0
1652590376544 0.037796777817048134 0
1652590391226 0.04901359703615308 0
1652590405821 0.05208925336077809 0
1652590420634 0.06099914369136095 0
1652590435353 0.036889328691363334 0
1652590450283 0.040072584399208425 0
1652590464925 0.043163963701482864 0
1652590479779 0.027091474116221072 0
1652590494395 0.02280871181068942 0
1652590509040 0.02840907909832895 0
1652590523851 0.0408960482602939 0
1652590538755 0.044064023024775086 0
1652590553676 0.028140569527819754 0
1652590568315 0.03733160438267514 0
1652590583051 0.04047801206000149 0
1652590597681 0.03484477581679821 0
1652590612274 0.03474754648394883 0
1652590627177 0.039713724457845094 0
1652590641819 0.054862005354091525 0
1652590656553 0.04756900039184839 0
1652590671360 0.042690083950385455 0
1652590686034 0.023480218927003443 0
1652590700683 0.02328069796450436 0
1652590722544 1.54494673538208 0
1652590737160 0.9594517739295959 0
1652590751880 0.7651586709022522 0
1652590766588 0.6077423254966736 0
1652590781328 0.5139558295249939 0
1652590796183 0.389002863407135 0
1652590810866 0.3143540358543396 0
1652590825531 0.25329223399162293 0
1652590840279 0.21108982191085815 0
1652590855028 0.16742867243289947 0
1652590869700 0.15672585018873214 0
1652590884572 0.11738639214634895 0
1652590899383 0.10168110321760178 0
1652590914214 0.09269630383849144 0
1652590928749 0.07390385876893997 0
1652590943502 0.06207073258906603 0
1652590958161 0.054633697398006914 0
1652590972628 0.0743993258498609 0
1652590987020 0.06624051953703165 0
1652591001869 0.07190041194856167 0
1652591016661 0.043919735907018184 0
1652591031562 0.04511446487903595 0
1652591046188 0.056067260340973736 0
1652591060595 0.05793076118081808 0
1652591075202 0.04356740918979049 0
1652591090003 0.03873634787276387 0
1652591104718 0.03708535037897527 0
1652591119387 0.049989219376444814 0
1652591134021 0.08118503063246607 0
1652591148738 0.04518114295452833 0
1652591163599 0.04043151285797358 0
1652591178177 0.05948612732663751 0
1652591192914 0.046151863838732245 0
1652591207648 0.032471360593661666 0
1652591222135 0.025726616096124054 0
1652591236837 0.03737897356040776 0
1652591251781 0.029033945168741047 0
1652591266466 0.027106605244614185 0
1652591281204 0.03675768371839076 0
1652591295768 0.02610351025313139 0
1652591310346 0.052790185656771065 0
1652591325080 0.052949959938041864 0
1652591339822 0.03681181314364076 0
1652591354473 0.027181011399254204 0
1652591369103 0.024860792836360633 0
1652591383806 0.018360789852403105 0
1652591398739 0.024777025114744902 0
1652591413397 0.07238337086550892 0
1652591427831 0.04657890431545675 0
1652591442720 0.03893396846782416 0
