1644591061031 0.1176 0
1644591063893 0.3112 0
1644591066453 0.36 0
1644591069131 0.4646 0
1644591071788 0.5148 0
1644591074386 0.5114 0
1644591076931 0.5704 0
1644591079488 0.5882 0
1644591082199 0.611 0
1644591084731 0.6468 0
1644591087078 0.6664 0
1644591090041 0.6826 0
1644591093449 0.7186 0
1644591096476 0.7344 0
1644591099299 0.7556 0
1644591102107 0.7778 0
1644591104679 0.794 0
1644591107757 0.8108 0
1644591111118 0.8266 0
1644591114172 0.8518 0
1644591118232 0.0742 0
1644591121799 0.2398 0
1644591125270 0.3388 0
1644591129098 0.3998 0
1644591133278 0.4314 0
1644591137140 0.4542 0
1644591140749 0.4732 0
1644591144014 0.4952 0
1644591146985 0.5182 0
1644591149939 0.5372 0
1644591152896 0.5734 0
1644591155810 0.5892 0
1644591158742 0.609 0
1644591161678 0.6294 0
1644591164590 0.6498 0
1644591167563 0.6758 0
1644591170454 0.6882 0
1644591173394 0.7158 0
1644591176363 0.731 0
1644591179260 0.7466 0
1644591182738 0.068 0
1644591185685 0.2336 0
1644591188612 0.3808 0
1644591191594 0.4374 0
1644591194548 0.4786 0
1644591197450 0.5258 0
1644591200394 0.5592 0
1644591203320 0.5752 0
1644591206263 0.6076 0
1644591209169 0.638 0
1644591212098 0.6558 0
1644591215047 0.6842 0
1644591217996 0.6984 0
1644591220928 0.713 0
1644591223865 0.7386 0
1644591226776 0.7496 0
1644591229705 0.7734 0
1644591232652 0.7922 0
1644591235632 0.808 0
1644591238524 0.828 0
