1654611731558 0.8910446856242042 0
1654611746626 0.9722306433032195 0
1654611761967 0.9821136239616807 0
1654611777011 0.9822955193112229 0
1654611792287 0.9838113138907415 0
1654611807438 0.9861759534347905 0
1654611822943 0.9873279573152246 0
1654611838314 0.9939368216819257 0
1654611853679 0.9867216394834172 0
1654611868859 0.988661856545201 0
1654611883966 0.9868429030497787 0
1654611899024 0.9918147092705997 0
1654611914193 0.9852058449038986 0
1654611929336 0.9937549263323834 0
1654611944489 0.9896925968592736 0
1654611959590 0.9922391317528648 0
1654611974911 0.990783968956527 0
1654611990682 0.9898744922088158 0
1654612005588 0.9914509185715152 0
1654612020115 0.9936942945492027 0
1654612035680 0.9896319650760929 0
1654612050897 0.9901170193415388 0
1654612065562 0.9938761898987449 0
1654612080642 0.9906020736069848 0
1654612095790 0.9948462984296368 0
1654612111194 0.9897532286424544 0
1654612126429 0.9900563875583581 0
1654612141743 0.9950888255623598 0
1654612157158 0.988419329412478 0
1654612172463 0.993391135633299 0
1654612219882 0.930507549572494 0
1654612261462 0.986416833424292 0
1654612303069 0.9899339033412164 0
1654612344998 0.9893881511127282 0
1654612386860 0.989024316293736 0
1654612429668 0.9913286034806864 0
1654612472087 0.9941180037596264 0
1654612514264 0.9910254077981929 0
1654612558162 0.9955733430355952 0
1654612600609 0.9922988296646655 0
1654612643943 0.9913286034806864 0
1654612687359 0.9913286034806864 0
1654612729972 0.9933296949851435 0
1654612773596 0.9932690558486447 0
1654612816388 0.9927233036201565 0
1654612858671 0.9947850342611121 0
1654612901172 0.992420107937663 0
1654612943006 0.9942392820326239 0
1654612985769 0.9922381905281669 0
1654613028412 0.9953914256260991 0
1654613071237 0.9975744345400521 0
1654613114056 0.9896913467952216 0
1654613156643 0.9950882299436056 0
1654613199758 0.9949063125341095 0
1654613242049 0.9975744345400521 0
1654613284190 0.9922381905281669 0
1654613327336 0.993814808077133 0
1654613370998 0.9949669516706082 0
1654613413285 0.9929052210296525 0
1654613455350 0.9975744345400521 0
1654613507012 0.9511337456044622 0
1654613549648 0.9916333212077119 0
1654613592268 0.9888444282769492 0
1654613634632 0.9938159330665697 0
1654613678165 0.994604098460046 0
1654613721002 0.9908451558142355 0
1654613764671 0.9930277676730932 0
1654613807035 0.99508912331757 0
1654613850763 0.990663271492664 0
1654613893247 0.995937916818237 0
1654613935901 0.9929671395659028 0
1654613980188 0.9932096519946647 0
1654614022960 0.9974536194979993 0
1654614065194 0.9990299502849521 0
1654614107397 0.9882381472050442 0
1654614149537 0.9940584454953316 0
1654614191764 0.9965441978901419 0
1654614234134 0.9933915363162362 0
1654614276336 0.995452891960713 0
1654614318321 0.9952710076391416 0
1654614360502 0.995816660603856 0
1654614402423 0.9939371892809507 0
1654614444703 0.9945434703528556 0
1654614486988 0.995331635746332 0
1654614528845 0.9987874378561902 0
1654614570724 0.9918758336364739 0
1654614612740 0.9977567600339518 0
1654614654804 0.9937553049593791 0
1654614696755 0.9958772887110464 0
1654614738977 0.9966048259973324 0
1654614794928 0.8989690721649485 0
1654614837374 0.9735597331716191 0
1654614879859 0.9804123711340206 0
1654614923026 0.9867192237719831 0
1654614965867 0.9838690115221346 0
1654615008129 0.9909642207398424 0
1654615050605 0.9885385081867799 0
1654615093675 0.9848392965433597 0
1654615136150 0.9888417222559127 0
1654615178661 0.9941782898726501 0
1654615221042 0.9870224378411159 0
1654615264431 0.9887204366282596 0
1654615306991 0.9873862947240752 0
1654615350460 0.9941176470588236 0
1654615393470 0.9878107944208612 0
1654615436756 0.9893268647665252 0
1654615480523 0.9914493632504549 0
1654615523922 0.9933899332929048 0
1654615566907 0.9916312916919345 0
1654615610143 0.9909642207398424 0
1654615653495 0.9927228623408126 0
1654615695990 0.991570648878108 0
1654615739436 0.9912674348089752 0
1654615782064 0.9901152213462705 0
1654615824781 0.9929654335961189 0
1654615867720 0.9992722862340813 0
1654615910938 0.9923590054578533 0
1654615954392 0.9872043662825956 0
1654615997189 0.9913280776228017 0
1654616039971 0.9922377198302001 0
1654616100693 0.9539058709364386 0
1654616143527 0.9919941775836972 0
1654616186884 0.9940562833575934 0
1654616229774 0.9944201843765162 0
1654616274034 0.9950873362445415 0
1654616317116 0.9964822901504125 0
1654616360273 0.9927826297913634 0
1654616404325 0.9946627850557982 0
1654616448456 0.9979985443959243 0
1654616491279 0.9998180494905385 0
1654616534947 0.9896894711305192 0
1654616578605 0.9946627850557982 0
1654616621521 0.9967855409995148 0
1654616666615 0.9941775836972343 0
1654616709709 0.9983624454148472 0
1654616752931 0.9927826297913634 0
1654616796516 0.995269286754003 0
1654616839667 0.9943595342066958 0
1654616883499 0.9973920426977195 0
1654616927321 0.9956938379427462 0
1654616970483 0.9968461911693353 0
1654617014912 1.0 0
1654617058875 0.9930252304706453 0
1654617102272 0.9948447355652595 0
1654617145626 0.9966642406598738 0
1654617190318 0.9980591945657448 0
1654617234440 0.9967248908296943 0
1654617277549 0.9944808345463367 0
1654617322342 0.9982411450752062 0
1654617365346 0.9927826297913634 0
