1653273389613 0.2124 0
1653273405322 0.2954 0
1653273420736 0.3266 0
1653273436154 0.3626 0
1653273451762 0.3816 0
1653273467229 0.4172 0
1653273482640 0.4448 0
1653273498266 0.475 0
1653273513627 0.4994 0
1653273529222 0.5278 0
1653273543781 0.343 0
1653273553624 0.4526 0
1653273563553 0.499 0
1653273573466 0.537 0
1653273583216 0.5612 0
1653273593153 0.5954 0
1653273603117 0.6214 0
1653273613008 0.6432 0
1653273622776 0.6738 0
1653273632744 0.7044 0
1653273652170 0.285 0
1653273661937 0.4026 0
1653273671610 0.4392 0
1653273681423 0.4888 0
1653273691329 0.5118 0
1653273701382 0.5312 0
1653273711287 0.5742 0
1653273721313 0.6 0
1653273731161 0.6368 0
1653273740972 0.6624 0
1653273765267 0.3594 0
1653273775346 0.456 0
1653273785603 0.4984 0
1653273795781 0.5386 0
1653273806045 0.5804 0
1653273815952 0.6156 0
1653273826128 0.6388 0
1653273836084 0.6672 0
1653273846192 0.697 0
1653273856152 0.7276 0
1653273885230 0.3252 0
1653273895593 0.4048 0
1653273905897 0.444 0
1653273916172 0.4704 0
1653273926525 0.5048 0
1653273936705 0.5318 0
1653273947133 0.5456 0
1653273957481 0.596 0
1653273967630 0.6256 0
1653273977818 0.6658 0
