1653272408310 0.206 0
1653272423903 0.2884 0
1653272439109 0.326 0
1653272454296 0.3582 0
1653272469932 0.3892 0
1653272484637 0.3198 0
1653272494527 0.399 0
1653272504401 0.4516 0
1653272514217 0.466 0
1653272524171 0.5036 0
1653272543504 0.2568 0
1653272553395 0.3476 0
1653272563212 0.3992 0
1653272573266 0.4132 0
1653272583179 0.4498 0
1653272607588 0.3246 0
1653272617387 0.4156 0
1653272627221 0.4624 0
1653272637227 0.4936 0
1653272647098 0.523 0
1653272675778 0.2862 0
1653272685741 0.3598 0
1653272695567 0.391 0
1653272705410 0.4122 0
1653272715219 0.447 0
