1644079499306 0.7523833333333333 0
1644079555773 0.7578833333333334 0
1644079619303 0.7706666666666667 0
1644079689104 0.7780333333333334 0
1644079766362 0.78405 0
1644079850001 0.78545 0
1644079939387 0.7798166666666667 0
1644080035345 0.7933 0
1644080137635 0.79635 0
1644080246885 0.7896333333333333 0
1644080362132 0.7989 0
1644080483140 0.8041833333333334 0
1644080611366 0.7997333333333333 0
1644080746038 0.7921833333333334 0
1644080887383 0.7923166666666667 0
1644081036666 0.8065 0
1644081194474 0.8096333333333333 0
