1644079499318 0.9942702626546224 0
1644079555785 0.9715183466593424 0
1644079619314 0.9336528154850006 0
1644079689115 0.9347862811406453 0
1644079766372 0.9579671005566915 0
1644079850014 0.9945163664499919 0
1644079939399 1.0403441360791523 0
1644080035365 1.0517504583676656 0
1644080137646 1.0865566453933715 0
1644080246898 1.136472632408142 0
1644080362146 1.1762144808451334 0
1644080483151 1.1821901017189025 0
1644080611378 1.2129080784479778 0
1644080746050 1.2745449566841125 0
1644080887395 1.2882366354306538 0
1644081036677 1.2791844212849934 0
1644081194488 1.2959611214955649 0
