1654661233662 0.8983204996058934 0
1654661248632 0.9777481355726672 0
1654661263471 0.9816285696962348 0
1654661278194 0.9873885890984054 0
1654661293058 0.9866003759170557 0
1654661308143 0.9886012247620203 0
1654661322847 0.988661856545201 0
1654661337721 0.9911477596556115 0
1654661352437 0.9875098526647669 0
1654661367519 0.9887831201115624 0
1654661413665 0.9356618761748833 0
1654661455220 0.9873264204717724 0
1654661498430 0.9909647686616943 0
1654661541777 0.989630707658723 0
1654661586418 0.9950882299436056 0
1654661630125 0.9901158207507125 0
1654661673897 0.9906615729792008 0
1654661716520 0.9926626644836577 0
1654661759500 0.9933296949851435 0
1654661803230 0.9923594688011643 0
1654661855815 0.948769249424033 0
1654661899737 0.9903601309567115 0
1654661943079 0.9928458833515218 0
1654661988448 0.9898144779919971 0
1654662033020 0.99508912331757 0
1654662076076 0.9944222141384746 0
1654662122697 0.990663271492664 0
1654662166134 0.9957560324966654 0
1654662210171 0.9947859827816176 0
1654662253521 0.9932702801018553 0
1654662310738 0.9031534263189812 0
1654662355664 0.9750758035172832 0
1654662399252 0.9855063674954518 0
1654662444641 0.9882959369314737 0
1654662488445 0.9831412977562158 0
1654662534086 0.9874469375379018 0
1654662579194 0.9920557913887205 0
1654662622795 0.9873256519102487 0
1654662668471 0.9923590054578533 0
1654662711656 0.9853850818677987 0
1654662773105 0.9495997088791849 0
1654662817100 0.9940562833575934 0
1654662860571 0.9930252304706453 0
1654662903266 0.992479378942261 0
1654662945871 0.995026686074721 0
1654662988537 0.9927826297913634 0
1654663031332 0.997331392527899 0
1654663073982 0.995026686074721 0
1654663116648 0.9933891314895682 0
1654663159331 0.9959970887918487 0
