1651768344978 1.5189394262313842 0
1651768348293 0.9729690113067627 0
1651768351682 0.7515433373451232 0
1651768355010 0.7229747542381286 0
1651768358338 0.6203668736457825 0
1651768361724 0.5478283148646355 0
1651768365051 0.5305122097969055 0
1651768368339 0.4828614983558655 0
1651768371654 0.4727300614833832 0
1651768375135 0.4631479240894318 0
1651768378576 0.4349183251619339 0
1651768381956 0.3938159771442413 0
1651768385302 0.4025662441942841 0
1651768388622 0.3786008529663086 0
1651768391928 0.4475005534350872 0
1651768395195 0.3973167493104935 0
1651768398504 0.3422502995491028 0
1651768401847 0.30579839697480204 0
1651768405129 0.30598745913505554 0
1651768408448 0.33061087709367276 0
1651768411725 0.3491877519726753 0
1651768415121 0.3140316464424133 0
1651768418450 0.25805375356674193 0
1651768421869 0.3111185575783253 0
1651768425200 0.3508458468258381 0
1651768428497 0.2263889533177018 0
1651768431811 0.2292739046573639 0
1651768435154 0.23508290897905826 0
1651768438476 0.24478943319320678 0
1651768441783 0.3851140818059444 0
1651768445022 0.2566594334602356 0
1651768448343 0.2818999004483223 0
1651768451651 0.2845171336174011 0
1651768454962 0.32656871166229245 0
1651768458300 0.2588568372130394 0
1651768461557 0.24516473268792033 0
1651768464759 0.2055293020993471 0
1651768468113 0.21553512811814435 0
1651768471534 0.2085163120865822 0
1651768474912 0.270892501437664 0
1651768478116 0.20169307215213775 0
1651768481318 0.3040362782500684 0
1651768484632 0.26885479819774627 0
1651768487880 0.37906424182280896 0
1651768491115 0.2119212411487475 0
1651768494498 0.17855886420980097 0
1651768497725 0.15997737317830324 0
1651768501070 0.1927010490745306 0
1651768504388 0.1868790120124817 0
1651768507729 0.14055995693840087 0
1651768514824 1.3726475642204286 0
1651768521459 0.9947822563171387 0
1651768528097 0.9961934235572815 0
1651768534780 0.769989905166626 0
1651768541469 0.766319097661972 0
1651768548132 0.7123085761070251 0
1651768554784 0.6941477098464965 0
1651768561557 0.6575127931594849 0
1651768568251 0.5495152410507202 0
1651768574975 0.4673286868751049 0
1651768581816 0.43917367277145386 0
1651768588617 0.4981541127234697 0
1651768595407 0.44477027020454407 0
1651768602093 0.4523206153124571 0
1651768608783 0.3898944096326828 0
1651768615514 0.3198850513935089 0
1651768622289 0.3562753047823906 0
1651768628994 0.3522363757610321 0
1651768636004 0.5525770045280457 0
1651768642880 0.4616965875506401 0
1651768649676 0.2839978380613029 0
1651768656686 0.3960816396713257 0
1651768663566 0.349559533905983 0
1651768670561 0.4488067862033844 0
1651768677377 0.3568708517670631 0
1651768684293 0.2593391725022346 0
1651768691209 0.20207819011807443 0
1651768698186 0.2809109306126833 0
1651768705135 0.17601860620975496 0
1651768711787 0.29111370130293074 0
1651768718617 0.3375858530521393 0
1651768725438 0.20775706304311753 0
1651768732494 0.226287852986902 0
1651768739175 0.2517773110806942 0
1651768745943 0.19280163132697345 0
1651768752852 0.24610982377529145 0
1651768759685 0.2661117261767387 0
1651768766726 0.31636826355457304 0
1651768773511 0.26886201598644255 0
1651768780572 0.24042206750363113 0
1651768787421 0.2680751991510391 0
1651768794131 0.2522785964310169 0
1651768801065 0.18993127077817917 0
1651768807944 0.2589518060952425 0
1651768815082 0.20836033297032117 0
1651768821921 0.1787919921077788 0
1651768828595 0.15540712318122388 0
1651768835327 0.16122602403499187 0
1651768842439 0.22477882898449897 0
1651768849363 0.25156601060032846 0
