1651938218932 0.418 0
1651938221366 0.6148 0
1651938223742 0.7 0
1651938226161 0.7652 0
1651938228594 0.7856 0
1651938231039 0.812 0
1651938233371 0.8384 0
1651938235792 0.856 0
1651938238197 0.8652 0
1651938240617 0.834 0
1651938243681 0.5988 0
1651938246510 0.6774 0
1651938249297 0.7134 0
1651938252121 0.752 0
1651938254954 0.772 0
1651938257845 0.783 0
1651938260685 0.8116 0
1651938263561 0.8182 0
1651938266435 0.8358 0
1651938269295 0.8378 0
1651938273783 0.6802666666666667 0
1651938277851 0.7278666666666667 0
1651938281852 0.7653333333333333 0
1651938285963 0.7914666666666667 0
1651938290021 0.7965333333333333 0
1651938294078 0.8213333333333334 0
1651938298099 0.8176 0
1651938302126 0.8342666666666667 0
1651938306207 0.838 0
1651938310271 0.8561333333333333 0
1651938315036 0.763937049879968 0
1651938319156 0.8167511336356361 0
1651938323311 0.8436916511069619 0
1651938327442 0.8415577487329955 0
1651938331445 0.8667644705254735 0
1651938335583 0.8668978394238464 0
1651938339837 0.8728994398506268 0
1651938344063 0.8830354761269672 0
1651938348331 0.8851693785009336 0
1651938352662 0.8878367564683916 0
1651938357848 0.7304 0
1651938362152 0.7636 0
1651938366421 0.8046666666666666 0
1651938370669 0.802 0
1651938375108 0.8077333333333333 0
1651938379343 0.8144 0
1651938383764 0.8398666666666667 0
1651938387952 0.8577333333333333 0
1651938392264 0.8496 0
1651938396417 0.8594666666666667 0
