1654716616396 0.7834839022615655 0
1654716630561 0.9581640696052871 0
1654716644718 0.9792639301521858 0
1654716658598 0.9781725580549324 0
1654716672884 0.9852058449038986 0
1654716687172 0.9868429030497787 0
1654716701295 0.9826593100103074 0
1654716715685 0.990783968956527 0
1654716729848 0.985569635602983 0
1654716743869 0.9863578487843327 0
1654716757777 0.9884799611956587 0
1654716772138 0.9866003759170557 0
1654716786272 0.99102649608925 0
1654716800346 0.9885405929788396 0
1654716814407 0.9916328139210574 0
1654716828356 0.988176802279755 0
1654716842676 0.989146910810647 0
1654716856892 0.9902382829079003 0
1654716871590 0.9962408294427939 0
1654716886014 0.9888437518947433 0
1654716900003 0.9907233371733463 0
1654716914241 0.9924816588855878 0
1654716928531 0.9921178681865034 0
1654716942361 0.990783968956527 0
1654716956359 0.9930879767173952 0
1654716970646 0.9919966046201418 0
1654716985355 0.9924816588855878 0
1654716999713 0.9922997635360455 0
1654717013539 0.9938155581155642 0
1654717027427 0.9884799611956587 0
1654717041443 0.9967258837082399 0
1654717055714 0.9943612441641909 0
1654717070033 0.9903595464742618 0
1654717083989 0.9978172558054932 0
1654717098147 0.9911477596556115 0
1654717112111 0.9927848178014915 0
1654717126196 0.9929667131510338 0
1654717140314 0.9960589340932516 0
1654717154489 0.9923603953192264 0
1654717168645 0.9934517674164797 0
1654717182521 0.9947250348632753 0
1654717196765 0.9908446007397077 0
1654717210961 0.9967865154914206 0
1654717225051 0.9940580852482872 0
1654717239268 0.9946644030800946 0
1654717253420 0.9920572364033227 0
1654717267665 0.9937549263323834 0
1654717281876 0.9963014612259746 0
1654717296083 0.9919359728369611 0
1654717310086 0.9957557751773479 0
1654717352198 0.9292947668425202 0
1654717389815 0.9860529986052998 0
1654717427514 0.9893275119762295 0
1654717464927 0.9908434903886969 0
1654717503157 0.9910860469346916 0
1654717540815 0.9920562731186708 0
1654717578465 0.9943605603056213 0
1654717615868 0.9910254077981929 0
1654717653333 0.9917530774361774 0
1654717690931 0.9939360863501304 0
1654717728896 0.9940573646231278 0
1654717766386 0.9946637559881147 0
1654717804154 0.9936328906676369 0
1654717841736 0.9950275908071069 0
1654717879354 0.9926626644836577 0
1654717916906 0.9940573646231278 0
1654717954914 0.9930871384391486 0
1654717993294 0.9970893214480626 0
1654718031127 0.9935116123946395 0
1654718068757 0.9927839427566552 0
1654718106400 0.9973925171305561 0
1654718143914 0.9953914256260991 0
1654718181462 0.9951488690801042 0
1654718219628 0.9925413862106603 0
1654718257261 0.995209508216603 0
1654718294809 0.9964829300830756 0
1654718332431 0.9937541689406343 0
1654718369878 0.9945424777151174 0
1654718407418 0.9983021041780366 0
1654718445474 0.9939360863501304 0
1654718483110 0.9946637559881147 0
1654718520774 0.9925413862106603 0
1654718558344 0.9976350736765508 0
1654718596001 0.9969074040385665 0
1654718633423 0.9941786428961251 0
1654718671510 0.9956946213085925 0
1654718709157 0.9996361651810078 0
1654718746851 0.9997574434540052 0
1654718784428 0.9886604814747438 0
1654718821867 0.9971499605845613 0
1654718859430 0.9927839427566552 0
1654718897658 0.9951488690801042 0
1654718935277 0.9947850342611121 0
1654718973282 0.99581589958159 0
1654719010884 0.9944818385786186 0
1654719048534 0.9971499605845613 0
1654719086218 0.9974531562670548 0
1654719124191 0.991995633982172 0
1654719161784 0.9984233824510339 0
1654719199303 0.9998180825905039 0
1654719245617 0.9437977446344125 0
1654719282559 0.9870255850612344 0
1654719319769 0.989935734206378 0
1654719356638 0.9953922638535225 0
1654719393704 0.9916333212077119 0
1654719430812 0.9938159330665697 0
1654719467838 0.9942403298169031 0
1654719504818 0.9944222141384746 0
1654719542266 0.9963016854613799 0
1654719579284 0.9935734206378077 0
1654719616339 0.9928458833515218 0
1654719653419 0.9973323632836183 0
1654719690578 0.9953922638535225 0
1654719727432 0.9926033709227597 0
1654719764836 0.9961804292469989 0
1654719802032 0.9935734206378077 0
1654719839403 0.9971504789620468 0
1654719876611 0.9996968594640475 0
1654719913921 1.0 0
1654719951041 0.9873287255971869 0
1654719988340 0.9947859827816176 0
1654720025536 0.995816660603856 0
1654720062727 0.9966654541045229 0
1654720099947 0.9977567600339518 0
1654720137322 0.995452891960713 0
1654720174560 0.9961198011398085 0
1654720212002 0.9942403298169031 0
1654720249257 0.9981205286770947 0
1654720286321 0.9948466108888081 0
1654720323406 0.9978780162483327 0
1654720360436 0.9955741481750939 0
1654720397600 0.9943009579240936 0
1654720434746 0.9979992724627137 0
1654720471882 0.9929065114587122 0
1654720509273 0.9961198011398085 0
1654720546461 0.9983630411058567 0
1654720583365 0.999393718928095 0
1654720620566 0.9916939493149024 0
1654720657471 0.9944828422456651 0
1654720694578 0.9982417848914756 0
1654720731604 0.994604098460046 0
1654720768649 0.9972111070692373 0
1654720805652 0.9972717351764278 0
1654720842706 0.99508912331757 0
1654720880077 0.9992118346065236 0
1654720917297 0.9939978173881412 0
1654720954497 0.9973929913908087 0
1654720991568 0.994604098460046 0
1654721028767 0.9986055535346187 0
1654721065691 0.9948466108888081 0
1654721116104 0.8842935112189205 0
1654721153130 0.969981807155852 0
1654721190253 0.9828987265009096 0
1654721227730 0.9857489387507581 0
1654721265421 0.9899939357186174 0
1654721303230 0.9895694360218315 0
1654721340302 0.9851425106124925 0
1654721377301 0.9919951485748939 0
1654721414386 0.9912674348089752 0
1654721451633 0.9867798665858096 0
1654721488682 0.9929654335961189 0
1654721525973 0.9916919345057611 0
1654721563702 0.9902365069739236 0
1654721600926 0.9899939357186174 0
1654721638034 0.9966646452395391 0
1654721675070 0.9884778653729533 0
1654721712074 0.9899332929047908 0
1654721749422 0.9922983626440267 0
1654721787101 0.9936325045482111 0
1654721824215 0.9916919345057611 0
1654721861582 0.9922983626440267 0
1654721898872 0.9955124317768345 0
1654721935841 0.9892662219526986 0
1654721972785 0.9943602183141298 0
1654722010173 0.9938144329896907 0
1654722047817 0.9918738629472408 0
1654722085399 0.9923590054578533 0
1654722122761 0.9961188599151001 0
1654722159909 0.9910855063674955 0
1654722197084 0.993086719223772 0
1654722233888 0.9924196482716798 0
1654722271461 0.994057004244997 0
1654722309392 0.9955124317768345 0
1654722347082 0.9923590054578533 0
1654722384808 0.9924196482716798 0
1654722422172 0.9956943602183141 0
1654722459318 0.9935718617343845 0
1654722496650 0.9958156458459673 0
1654722533928 0.9919951485748939 0
1654722571443 0.9936325045482111 0
1654722609074 0.9956337174044876 0
1654722646405 0.9934505761067314 0
1654722684246 0.9917525773195877 0
1654722721863 0.9987871437234688 0
1654722759024 0.9912674348089752 0
1654722796437 0.9972104305639782 0
1654722834043 0.9898120072771377 0
1654722871076 0.9947847180109157 0
1654722908229 0.993086719223772 0
1654722945855 0.9983626440266828 0
1654723001390 0.9609412906356137 0
1654723039508 0.9952086365841825 0
1654723077262 0.9942382338670548 0
1654723115022 0.9967248908296943 0
1654723152867 0.997695293546822 0
1654723190834 0.9935104318292092 0
1654723228358 0.996421639980592 0
1654723266376 0.994784085395439 0
1654723304413 0.9996360989810772 0
1654723342201 0.9940562833575934 0
1654723380137 0.9983017952450267 0
1654723418136 1.0 0
1654723456327 0.9901140223192625 0
1654723494264 0.998605046094129 0
1654723532216 0.9966035904900534 0
1654723570371 0.9967855409995148 0
1654723608445 0.99363173216885 0
1654723646749 0.9969068413391557 0
1654723684972 1.0 0
1654723722667 0.995026686074721 0
1654723760398 0.9986656962639495 0
1654723798047 0.997573993207181 0
1654723836200 0.9931465308102863 0
1654723874289 0.9966035904900534 0
1654723912294 0.997573993207181 0
1654723950391 0.9980591945657448 0
1654723988200 0.9995147986414362 0
1654724025557 0.9935104318292092 0
1654724063416 0.9986656962639495 0
1654724101679 0.9945414847161572 0
1654724139834 0.9978165938864629 0
1654724177403 0.9992115477923338 0
1654724215501 0.994784085395439 0
1654724253361 0.9983017952450267 0
1654724291364 0.9983017952450267 0
1654724329322 0.9961183891314895 0
1654724367605 0.9973920426977195 0
1654724405575 0.9955725376031053 0
1654724442800 0.996421639980592 0
1654724480703 0.9995754488112567 0
1654724518638 1.0 0
1654724555963 0.9916909267345948 0
1654724594026 0.9996360989810772 0
1654724631933 0.9992721979621543 0
1654724669765 0.9918728772440563 0
1654724707606 0.9983017952450267 0
1654724745577 0.998968947113052 0
1654724783296 0.9975133430373605 0
1654724821141 0.996300339640951 0
1654724858931 0.9993934983017952 0
