1645809661652 2.325460648727417 0
1645809670412 2.176473023986816 0
1645809679141 2.0039060428619386 0
1645809687828 1.8383658267974854 0
1645809696567 1.6873109081268312 0
1645809705209 1.5265824573516846 0
1645809713896 1.381922229385376 0
1645809722673 1.2465646821975709 0
1645809731335 1.087389664363861 0
1645809740020 0.9996683197021484 0
1645809748885 0.8565150442123413 0
1645809757676 0.7135658291816711 0
1645809766421 0.5844140345096588 0
1645809775294 0.4593617440223694 0
1645809784025 0.3384331011772156 0
1645809792597 0.25443864859342574 0
1645809801356 0.16896272699832915 0
1645809810120 0.10873115432858467 0
1645809818834 0.06865952873528004 0
1645809827640 0.04163454022407532 0
1645809837812 2.110664381980896 0
1645809847281 1.7586171461105347 0
1645809856969 1.5605549684524536 0
1645809866780 1.364467518043518 0
1645809876447 1.1891469892501831 0
1645809886314 1.0515358262062073 0
1645809896164 0.8767443547725677 0
1645809905999 0.726552624130249 0
1645809915491 0.5623076327800751 0
1645809925263 0.44896148014068604 0
1645809933951 0.36132361280918124 0
1645809943754 0.27418671300411224 0
1645809953562 0.1923341190814972 0
1645809963510 0.14154041669368744 0
1645809973202 0.08860623968839645 0
1645809982809 0.05864087980985642 0
1645809992430 0.032203706473112104 0
1645810001766 0.023838810259103775 0
1645810010731 0.015160184933245183 0
1645810019910 0.010307163527607919 0
1645810030109 1.9715444845199586 0
1645810039731 1.5436702323913574 0
1645810049512 1.3123224781036378 0
1645810059116 1.0905940611839295 0
1645810068820 0.9066560936927796 0
1645810078592 0.7463325435638428 0
1645810088324 0.5689889787197113 0
1645810098512 0.4776780667304993 0
1645810108319 0.34901136980056763 0
1645810117728 0.27583894143104554 0
1645810127193 0.20359396197795868 0
1645810136781 0.1451006391584873 0
1645810146503 0.11940773121714592 0
1645810156243 0.08187227007746696 0
1645810166081 0.057124336867034435 0
1645810175529 0.03409706902876496 0
1645810184991 0.019888949070870875 0
1645810194213 0.016077390172332524 0
1645810204168 0.009762940561026334 0
1645810213967 0.006739542467147112 0
