1651720386225 0.9864126049041748 0
1651720388977 0.6720560651302337 0
1651720391804 0.5354857462882996 0
1651720394635 0.4602307737350464 0
1651720397542 0.3993099403381348 0
1651720400305 0.30177165821790697 0
1651720403164 0.2642376260995865 0
1651720405947 0.25392317505180834 0
1651720408818 0.2040009114265442 0
1651720411713 0.20540933666229247 0
1651720417157 0.5773555802345276 0
1651720422155 0.37772910532951354 0
1651720427102 0.2886632224082947 0
1651720432227 0.24918899261951447 0
1651720437217 0.1938639859676361 0
1651720442054 0.1660749298930168 0
1651720447049 0.13894325596690177 0
1651720452006 0.15496376036405562 0
1651720456928 0.14217921153903007 0
1651720461932 0.0907641402631998 0
1651720469637 0.4493395885944366 0
1651720476894 0.3108653012196223 0
1651720484444 0.25523040719032286 0
1651720492005 0.23196074968973796 0
1651720499227 0.1806259927769502 0
1651720506487 0.16988117341597875 0
1651720513686 0.1362071598013242 0
1651720520944 0.12381548501799504 0
1651720528082 0.0948729892551899 0
1651720535371 0.10749988808631897 0
1651720545570 0.31885681344270705 0
1651720555272 0.23611344850063323 0
1651720564893 0.20629907299280167 0
1651720574362 0.1637161906003952 0
1651720583904 0.1518276001036167 0
1651720593426 0.1316157866805792 0
1651720603182 0.13160794736742973 0
1651720613113 0.1051589554131031 0
1651720622756 0.10592326907366514 0
1651720632326 0.09650751351863146 0
1651720645718 0.26878640187740327 0
1651720657572 0.19002468585014343 0
1651720669520 0.16763918416023255 0
1651720681264 0.14486282141208648 0
1651720693286 0.11059558243513107 0
1651720705272 0.10053551479935646 0
1651720717159 0.09372586066246033 0
1651720729100 0.10614982642531395 0
1651720741370 0.0777076709920168 0
1651720753162 0.07221735040858387 0
1651720769230 0.21587432922522226 0
1651720783946 0.160608096297582 0
1651720798743 0.12970939442912738 0
1651720813432 0.1270178733209769 0
1651720828356 0.12274981603324413 0
1651720842732 0.09381956873238087 0
1651720857313 0.10876889860679706 0
1651720871992 0.08759213597526153 0
1651720886819 0.07102556919157504 0
1651720901455 0.07632920902843277 0
1651720920455 0.20205852802438395 0
1651720937706 0.14469557385104043 0
1651720955236 0.11831417021495955 0
1651720972818 0.11972687554061413 0
1651720989900 0.10168044619858264 0
1651721007300 0.09424558417967388 0
1651721024629 0.08201152958146163 0
1651721041896 0.07318417447656393 0
1651721059429 0.07922734420469829 0
1651721076659 0.06749452450786318 0
1651721098391 0.16563868710547686 0
1651721118672 0.1353880246218294 0
1651721139125 0.10902447153106332 0
1651721159181 0.11433220798149706 0
1651721179211 0.10005755134429782 0
1651721199553 0.09561799051575362 0
1651721219960 0.0815182908861898 0
1651721240186 0.07206946714185178 0
1651721260597 0.07796518610529601 0
1651721280712 0.07080990582341329 0
1651721305869 0.18670574292871686 0
1651721328922 0.1386634757399559 0
1651721352008 0.12201308075913953 0
1651721374907 0.1009752430346277 0
1651721397759 0.10299535775797235 0
1651721420905 0.09122318544416792 0
1651721443723 0.08261221914622519 0
1651721466877 0.07556876499905354 0
1651721489993 0.06993765888338288 0
1651721512797 0.07705246022083835 0
1651721541112 0.13171121079921722 0
1651721567505 0.0881384621733427 0
1651721593090 0.08014468210354447 0
1651721619069 0.07699536437086761 0
1651721644816 0.06544348610460758 0
1651721671090 0.06264414029046893 0
1651721697198 0.0721590549094975 0
1651721723357 0.053157087950371204 0
1651721749289 0.04535827422298491 0
1651721775614 0.05736074394188821 0
1651721807133 0.13076308522342112 0
1651721836828 0.0956301578915932 0
1651721865878 0.09403335758488286 0
1651721894565 0.08113472490947354 0
1651721923612 0.06974671244458719 0
1651721952760 0.07156598943173885 0
1651721982006 0.061531263615258715 0
1651722011184 0.06138703940934078 0
1651722040190 0.05557331397282806 0
1651722069371 0.054540962748094036 0
1651722104175 0.10357380150041233 0
1651722136529 0.07630047739800065 0
1651722168811 0.06753432650400015 0
1651722200894 0.06310192896910012 0
1651722233030 0.05627128410246223 0
1651722265351 0.05653963712897773 0
1651722297288 0.051417224327195435 0
1651722329600 0.050654238993953916 0
1651722362284 0.04941154205162699 0
1651722393846 0.04686435981031197 0
1651722431994 0.11008151790620042 0
1651722467863 0.0805728313789918 0
1651722503620 0.07699182614993591 0
1651722539098 0.06922929075550861 0
1651722574782 0.061973981611659894 0
1651722609994 0.06007379961620228 0
1651722645530 0.055279769062623385 0
1651722681409 0.05044521959733504 0
1651722716756 0.052801495507216224 0
1651722752300 0.04768798917047679 0
1651722794555 0.10529124314673245 0
1651722833335 0.07873310725108854 0
1651722871785 0.07376731127052169 0
1651722910695 0.06782832953764924 0
1651722949598 0.06552974226368326 0
1651722988201 0.05988457721836333 0
1651723027049 0.05545742052753589 0
1651723065299 0.05130312682462058 0
1651723103483 0.05357036948039064 0
1651723141847 0.044985011425893756 0
1651723187038 0.08830141981631517 0
1651723228806 0.07557414864018559 0
1651723269908 0.058334093876841166 0
1651723311819 0.06238112950816751 0
1651723353446 0.056604426513078315 0
1651723395023 0.056026608276367185 0
1651723435643 0.05223351826327542 0
1651723477601 0.04898432630424698 0
1651723519404 0.043580554116728405 0
1651723560995 0.04678451452380667 0
1651723609750 0.09079336451678537 0
1651723654932 0.07020606348738075 0
1651723699589 0.06510106839505024 0
1651723744817 0.05844355868702987 0
1651723789188 0.050729913531360214 0
1651723834092 0.05581272945314413 0
1651723879042 0.051478775874583514 0
1651723924444 0.046954054365400226 0
1651723969031 0.04800576895788545 0
1651724013742 0.04458632413777814 0
1651724065901 0.09191958343540044 0
1651724114824 0.07222505121005371 0
1651724163400 0.0659206116865663 0
1651724212024 0.06519967721745591 0
1651724260115 0.05655786045573392 0
1651724308184 0.05538666129131966 0
1651724357293 0.05122042677212945 0
1651724405840 0.050401766155271185 0
1651724453244 0.04662785080253311 0
1651724501785 0.04475326447578366 0
1651724557729 0.1012011233014986 0
1651724608330 0.08036210300398784 0
1651724659892 0.073463457725849 0
1651724712133 0.07154906734264352 0
1651724763616 0.0639143136907521 0
1651724815871 0.05718078727445876 0
1651724867668 0.05356814278842713 0
1651724919437 0.05817164752509238 0
1651724972008 0.05418468761074295 0
1651725023310 0.05289948297801117 0
1651725082351 0.08700892279935314 0
1651725136984 0.06880495623202602 0
1651725191647 0.06677658690218079 0
1651725245699 0.0564318152488773 0
1651725301033 0.0553352745479757 0
1651725356032 0.055647770156760354 0
1651725410677 0.05216626453668271 0
1651725465719 0.04568238268122322 0
1651725521028 0.04980343384710385 0
1651725575503 0.04406160517283715 0
1651725639031 0.0789288533442514 0
1651725696442 0.06295677849625238 0
1651725754278 0.057979116024635735 0
1651725812247 0.05613846013176371 0
1651725870111 0.051245451652137564 0
1651725928711 0.048931268404852596 0
1651725987154 0.046585573430976364 0
1651726045375 0.05050244402661687 0
1651726103881 0.04279811102897394 0
1651726162297 0.04588592520206468 0
