1654306837071 1.1177183555471075 0
1654306852033 0.36830061956456783 0
1654306867180 0.21815615786612305 0
1654306881887 0.24994131918972404 0
1654306896791 0.13188907267877134 0
1654306911525 0.21129500005751775 0
1654306926341 0.16641675333306905 0
1654306941079 0.1483911435376849 0
1654306955894 0.17333511609832777 0
1654306970814 0.17550361967809525 0
1654306985721 0.13249667739977983 0
1654307000659 0.14896203538437133 0
1654307015697 0.12064867148620505 0
1654307030632 0.15632451593151 0
1654307045655 0.1373535108559556 0
1654307060600 0.15671338108192745 0
1654307076506 0.14015155120406803 0
1654307091025 0.17173338285418727 0
1654307105625 0.1041333637912356 0
1654307120280 0.14634659589143234 0
1654307134827 0.11716933764201473 0
1654307149350 0.09505076341704737 0
1654307163915 0.14078674019160128 0
1654307178305 0.12169475248536449 0
1654307192925 0.09491113032537808 0
1654307207445 0.1731427524076713 0
1654307222195 0.11300622965417705 0
1654307236782 0.10986723926370578 0
1654307251086 0.11709514990641234 0
1654307265459 0.13263429488099443 0
1654307320642 0.3580799302355392 0
1654307360727 0.12289618026368267 0
1654307400842 0.12926042351011544 0
1654307441306 0.10004556498362605 0
1654307481227 0.11545341965645357 0
1654307521894 0.12110813476636201 0
1654307561959 0.09781387370234017 0
1654307602403 0.1095124124804365 0
1654307643313 0.08046936103278093 0
1654307683809 0.1133066122421447 0
1654307724618 0.11436030086777539 0
1654307765594 0.12052328391103116 0
1654307806181 0.09338924521784882 0
1654307847261 0.10696885892144722 0
1654307888037 0.10071706042286356 0
1654307928994 0.09965170617448889 0
1654307969768 0.10341228935559695 0
1654308010960 0.062478331366172736 0
1654308051976 0.10330192468489943 0
1654308093103 0.10098872609593833 0
1654308134250 0.05826590158437355 0
1654308174863 0.11732116112998633 0
1654308215862 0.10047858717919071 0
1654308257090 0.08391270936218873 0
1654308297433 0.07274885806319722 0
1654308338509 0.08913374379495871 0
1654308379109 0.11067066264397181 0
1654308419649 0.04589294339470817 0
1654308460346 0.12302235983793608 0
1654308501432 0.046523214917696815 0
1654308574318 0.24004357262932707 0
1654308615556 0.10191359109378723 0
1654308655761 0.11046357481278028 0
1654308696498 0.11165336003658734 0
1654308737121 0.09064847828287578 0
1654308777948 0.07863481097253336 0
1654308818617 0.07690504879088288 0
1654308859657 0.12349830426789418 0
1654308900576 0.07924698023772522 0
1654308941641 0.06949189107015645 0
1654308982630 0.07650152775445287 0
1654309023591 0.10293961299506284 0
1654309064451 0.0872976493151464 0
1654309105318 0.07841634817685907 0
1654309146202 0.08603417248996303 0
1654309187528 0.05890946124761526 0
1654309228840 0.056403388760318134 0
1654309270353 0.09685351768627491 0
1654309311474 0.061570842848063224 0
1654309352592 0.09341262417639228 0
1654309393718 0.07617939158725295 0
1654309434752 0.058504863431844516 0
1654309475881 0.07051691937314317 0
1654309517199 0.09314328573945771 0
1654309558461 0.03978760610456827 0
1654309599387 0.08394675876581723 0
1654309640282 0.08935578933554757 0
1654309681220 0.07502824593869238 0
1654309722381 0.06961756472541712 0
1654309763411 0.08261221753692558 0
1654309848450 0.5113957864821427 0
1654309888805 0.22371429565857945 0
1654309929270 0.1740817818318518 0
1654309969846 0.1582023071718169 0
1654310010458 0.15925775708979714 0
1654310051082 0.13666324178786218 0
1654310091800 0.14323256843798332 0
1654310132319 0.1268313858688291 0
1654310173060 0.13620170620851796 0
1654310213537 0.16470730309891404 0
1654310254219 0.13875706470821372 0
1654310295032 0.09655513284924051 0
1654310335535 0.16110174524763868 0
1654310376227 0.07485625609815559 0
1654310417129 0.13935541021666167 0
1654310457983 0.14251588198389936 0
1654310498849 0.11208847510187203 0
1654310539646 0.10099077741173357 0
1654310580699 0.10981805725696915 0
1654310621665 0.1218817414062753 0
1654310662895 0.11240589361730366 0
1654310704103 0.11576654889820526 0
1654310745351 0.08818636790259311 0
1654310786445 0.1045914087590663 0
1654310827575 0.1138359070567999 0
1654310868912 0.09951654862740143 0
1654310910105 0.13140709625265612 0
1654310951598 0.10121662097046846 0
1654310992995 0.11641402297435535 0
1654311034189 0.09302646060760895 0
1654311138662 0.23522931814060646 0
1654311180015 0.06549342226704316 0
1654311221438 0.11346665927107456 0
1654311262999 0.051696854312960096 0
1654311304490 0.07094024611713201 0
1654311345940 0.10167762701068166 0
1654311387740 0.073929908126708 0
1654311429032 0.0535350296155897 0
1654311470333 0.08501278974125805 0
1654311511644 0.12215019582378411 0
1654311553050 0.0448683211521471 0
1654311594394 0.07426135226844675 0
1654311635710 0.09604269553859604 0
1654311677173 0.08745656132029903 0
1654311718458 0.071410733682141 0
1654311759943 0.04753690163539142 0
1654311801961 0.0935925852542131 0
1654311843417 0.07038546431049342 0
1654311885276 0.06414692410007754 0
1654311927341 0.06490359466956085 0
1654311968818 0.042875259422807004 0
1654312010655 0.10712334685980375 0
1654312052477 0.05003576063718195 0
1654312094063 0.09666388448545506 0
1654312135656 0.057886234356266254 0
1654312177265 0.08595716726094105 0
1654312218977 0.05287092349542341 0
1654312260868 0.06874348753339217 0
1654312302613 0.04957474290818615 0
1654312344111 0.07199374340138562 0
