1651824854618 1.477274652194977 0
1651824858289 0.9168261449813843 0
1651824862055 0.7956027326583862 0
1651824865703 0.6426091040611267 0
1651824869222 0.7183848583221436 0
1651824872951 0.5522628828048706 0
1651824876593 0.5286804222583771 0
1651824880169 0.4541073595285416 0
1651824883707 0.4339546856880188 0
1651824887425 0.38593844158649443 0
1651824892801 1.99270514793396 0
1651824898047 1.2905353253364562 0
1651824903380 1.1791258697509766 0
1651824908690 1.0674039417266845 0
1651824913690 1.061118766784668 0
1651824918922 0.902692451763153 0
1651824924262 0.8655130062103271 0
1651824929538 0.798210225057602 0
1651824934806 0.7894111743927001 0
1651824940049 0.7138912997722626 0
1651824946536 2.5046759773254395 0
1651824952282 1.277186022758484 0
1651824958313 1.0920367931365966 0
1651824964258 1.0057611749649047 0
1651824970220 1.0059436986923218 0
1651824975892 0.9133845702171326 0
1651824981642 0.8558056776046753 0
1651824987460 0.8566719797134399 0
1651824993346 0.8664689856290817 0
1651824999187 0.6713379444599151 0
1651825006935 1.5506623055458069 0
1651825013587 0.7442011568069458 0
1651825020373 0.6863225875854492 0
1651825026931 0.6732821714401245 0
1651825033514 0.5436912439346313 0
1651825040175 0.46492099466323855 0
1651825046790 0.4507907674431801 0
1651825053451 0.4807587182044983 0
1651825060203 0.45387263702154157 0
1651825066868 0.32393687205314636 0
1651825076061 2.0134365518569948 0
1651825083384 1.2858423299789428 0
1651825090718 1.2454075592041016 0
1651825097951 1.172325175857544 0
1651825105485 1.1108878644943236 0
1651825112891 1.0679748721122742 0
1651825120349 0.9776777828216553 0
1651825127706 0.9438744478225708 0
1651825134948 0.863113135433197 0
1651825142428 0.7979836077690124 0
