1641538760146 0.8655166666666667 0
1641538770032 0.95025 0
1641538780438 0.9554333333333334 0
1641538790204 0.9646833333333333 0
1641538800430 0.9684166666666667 0
1641538810479 0.9712333333333333 0
1641538820104 0.9721166666666666 0
1641538830009 0.9749 0
1641538840842 0.9754 0
1641538851122 0.9763166666666667 0
1641538864792 0.7977 0
1641538874323 0.9449166666666666 0
1641538884412 0.9584166666666667 0
1641538894977 0.9649333333333333 0
1641538904837 0.96775 0
1641538914932 0.9700666666666666 0
1641538925163 0.9728666666666667 0
1641538935151 0.97525 0
1641538945232 0.97625 0
1641538955246 0.9768166666666667 0
1641538972572 0.82895 0
1641538982302 0.9349333333333333 0
1641538991988 0.9577 0
1641539002100 0.9631166666666666 0
1641539011767 0.9682666666666667 0
1641539022613 0.9715833333333334 0
1641539033203 0.9728333333333333 0
1641539043084 0.9752666666666666 0
1641539053260 0.97555 0
1641539063092 0.9781166666666666 0
1641539084370 0.8666666666666667 0
1641539094279 0.9509166666666666 0
1641539104135 0.9547333333333333 0
1641539114061 0.9671333333333333 0
1641539124431 0.9677833333333333 0
1641539134344 0.9731666666666666 0
1641539144449 0.9740666666666666 0
1641539154100 0.97515 0
1641539164665 0.9767 0
1641539175224 0.9767 0
1641539199549 0.8949166666666667 0
1641539209322 0.95315 0
1641539219719 0.9598833333333333 0
1641539230365 0.9665 0
1641539240113 0.9687666666666667 0
1641539249902 0.96975 0
1641539259781 0.9729666666666666 0
1641539269427 0.9741166666666666 0
1641539279275 0.9761333333333333 0
1641539289860 0.9774333333333334 0
1641539317749 0.8695166666666667 0
1641539328213 0.9501 0
1641539338138 0.9608 0
1641539348006 0.9636833333333333 0
1641539357677 0.9676833333333333 0
1641539367228 0.9715 0
1641539376684 0.9718 0
1641539386798 0.97395 0
1641539396538 0.977 0
1641539406172 0.9766333333333334 0
1641539437839 0.7815166666666666 0
1641539447879 0.9429833333333333 0
1641539458101 0.9604833333333334 0
1641539467841 0.9643 0
1641539477735 0.9621666666666666 0
1641539487854 0.9732166666666666 0
1641539497468 0.9753833333333334 0
1641539507485 0.9770833333333333 0
1641539517562 0.9783833333333334 0
1641539527392 0.9772 0
1641539562972 0.81975 0
1641539573006 0.9464833333333333 0
1641539582913 0.9593666666666667 0
1641539592898 0.9637 0
1641539602561 0.97075 0
1641539612426 0.9734666666666667 0
1641539622067 0.97355 0
1641539632357 0.9764833333333334 0
1641539641950 0.9760333333333333 0
1641539651580 0.9788666666666667 0
1641539691029 0.8555166666666667 0
1641539700996 0.9494833333333333 0
1641539711615 0.9595833333333333 0
1641539721659 0.9659833333333333 0
1641539731396 0.9682666666666667 0
1641539741183 0.97125 0
1641539751228 0.9725 0
1641539761532 0.9750666666666666 0
1641539771111 0.9761333333333333 0
1641539780960 0.9773 0
1641539824613 0.8606833333333334 0
1641539834735 0.9485333333333333 0
1641539844314 0.9551166666666666 0
1641539854314 0.9621833333333333 0
1641539863771 0.9689166666666666 0
1641539873895 0.9737333333333333 0
1641539884233 0.9741 0
1641539894240 0.9762833333333333 0
1641539904130 0.97795 0
1641539913836 0.9795 0
1641539960216 0.843 0
1641539970549 0.9483 0
1641539980325 0.9605333333333334 0
1641539990100 0.9594 0
1641540000034 0.96915 0
1641540009989 0.97155 0
1641540020051 0.97525 0
1641540029701 0.9744166666666667 0
1641540039441 0.9766166666666667 0
1641540050081 0.9773 0
1641540100630 0.8511333333333333 0
1641540110196 0.9481166666666667 0
1641540120066 0.9619333333333333 0
1641540129954 0.9652833333333334 0
1641540139859 0.9704666666666667 0
1641540149831 0.9710166666666666 0
1641540159436 0.9752166666666666 0
1641540170168 0.9755 0
1641540179969 0.9773 0
1641540189745 0.9782333333333333 0
1641540244448 0.8512833333333333 0
1641540254290 0.9434 0
1641540264190 0.9617833333333333 0
1641540274296 0.9615833333333333 0
1641540284064 0.9687833333333333 0
1641540294044 0.9746833333333333 0
1641540304082 0.9720333333333333 0
1641540314146 0.9752333333333333 0
1641540324099 0.9779333333333333 0
1641540334169 0.9769333333333333 0
1641540392769 0.8785666666666667 0
1641540403418 0.9524333333333334 0
1641540413268 0.9524666666666667 0
1641540423073 0.9651833333333333 0
1641540433010 0.97 0
1641540443218 0.9712166666666666 0
1641540453721 0.9739 0
1641540463315 0.9746333333333334 0
1641540473077 0.9768666666666667 0
1641540482958 0.97665 0
1641540544390 0.82125 0
1641540554125 0.9428166666666666 0
1641540564099 0.9624166666666667 0
1641540574142 0.9667666666666667 0
1641540584140 0.9695833333333334 0
1641540594457 0.9707666666666667 0
1641540604583 0.9740666666666666 0
1641540615048 0.97535 0
1641540625238 0.9779 0
1641540635081 0.9794166666666667 0
1641540700049 0.8413166666666667 0
1641540710269 0.95055 0
1641540720206 0.9614666666666667 0
1641540730703 0.9654666666666667 0
1641540740524 0.9684 0
1641540750450 0.9728 0
1641540760148 0.9726833333333333 0
1641540770047 0.9756 0
1641540780662 0.9765666666666667 0
1641540790500 0.9781166666666666 0
1641540858780 0.8570166666666666 0
1641540868915 0.94215 0
1641540878823 0.9591 0
1641540888617 0.9655666666666667 0
1641540898829 0.9681833333333333 0
1641540908733 0.9713666666666667 0
1641540918977 0.9736 0
1641540928637 0.97445 0
1641540938527 0.9762 0
1641540948416 0.9768666666666667 0
1641541020069 0.8742166666666666 0
1641541030094 0.9522833333333334 0
1641541039618 0.9614333333333334 0
1641541049676 0.9655666666666667 0
1641541059829 0.96795 0
1641541070596 0.9726 0
1641541080504 0.9738333333333333 0
1641541090503 0.9755 0
1641541100210 0.9765 0
1641541110282 0.9773833333333334 0
1641541185637 0.8406833333333333 0
1641541195879 0.9477666666666666 0
1641541205656 0.9573333333333334 0
1641541215402 0.9638666666666666 0
1641541225140 0.96725 0
1641541235669 0.9711 0
1641541245452 0.9712833333333334 0
1641541254967 0.9741166666666666 0
1641541264954 0.9753666666666667 0
1641541274817 0.9760666666666666 0
1641541353718 0.88665 0
1641541363753 0.9529166666666666 0
1641541373708 0.9611666666666666 0
1641541383398 0.9657333333333333 0
1641541393454 0.9692833333333334 0
1641541403201 0.9712 0
1641541413296 0.9712833333333334 0
1641541423317 0.9753166666666667 0
1641541433636 0.9765833333333334 0
1641541444451 0.9770333333333333 0
1641541526458 0.82945 0
1641541536509 0.9484166666666667 0
1641541546068 0.9608166666666667 0
1641541555610 0.9660833333333333 0
1641541565786 0.9691 0
1641541576060 0.9714166666666667 0
1641541585671 0.9750666666666666 0
1641541595578 0.976 0
1641541605383 0.9772 0
1641541615034 0.9789666666666667 0
1641541700911 0.8313333333333334 0
1641541711366 0.9449333333333333 0
1641541721092 0.9571833333333334 0
1641541731659 0.9672166666666666 0
1641541741860 0.9714 0
1641541751387 0.9725 0
1641541761239 0.97465 0
1641541770846 0.97535 0
1641541780463 0.9769333333333333 0
1641541790177 0.9782333333333333 0
1641541881470 0.8525166666666667 0
1641541891484 0.9500833333333333 0
1641541901333 0.9609333333333333 0
1641541911683 0.9664666666666667 0
1641541921445 0.9675 0
1641541931485 0.9708166666666667 0
1641541941431 0.9746166666666667 0
1641541951225 0.9758666666666667 0
1641541961185 0.9777166666666667 0
1641541971546 0.9789833333333333 0
1641542066280 0.8358166666666667 0
1641542076734 0.94445 0
1641542087383 0.9593 0
1641542097158 0.9641666666666666 0
1641542107420 0.9654 0
1641542117510 0.9706833333333333 0
1641542127720 0.9729833333333333 0
1641542138287 0.97445 0
1641542148336 0.9761166666666666 0
1641542158111 0.9774833333333334 0
1641542254854 0.84395 0
1641542265069 0.9459333333333333 0
1641542274625 0.9589 0
1641542284291 0.9646333333333333 0
1641542294162 0.9672333333333333 0
1641542303973 0.9715333333333334 0
1641542313822 0.9721 0
1641542324123 0.9752333333333333 0
1641542333971 0.9766833333333333 0
1641542344656 0.97855 0
1641542446795 0.8528333333333333 0
1641542456816 0.94765 0
1641542466721 0.9612666666666667 0
1641542476245 0.96575 0
1641542485945 0.9693833333333334 0
1641542496375 0.96745 0
1641542506337 0.9737833333333333 0
1641542516197 0.97595 0
1641542526081 0.9768166666666667 0
1641542535966 0.97885 0
1641542640463 0.83725 0
1641542650407 0.9372166666666667 0
1641542660683 0.9601666666666666 0
1641542670863 0.9635333333333334 0
1641542681188 0.9703833333333334 0
1641542691519 0.9701833333333333 0
1641542701722 0.9739166666666667 0
1641542711727 0.9757166666666667 0
1641542722003 0.9778 0
1641542732502 0.97975 0
1641542841395 0.8306166666666667 0
1641542851825 0.9481166666666667 0
1641542861862 0.9587333333333333 0
1641542871612 0.9646333333333333 0
1641542881817 0.9692833333333334 0
1641542891901 0.97145 0
1641542901955 0.97365 0
1641542912031 0.9752666666666666 0
1641542922451 0.9769666666666666 0
1641542932356 0.9778833333333333 0
1641543044490 0.87065 0
1641543054573 0.9530333333333333 0
1641543064367 0.96235 0
1641543074667 0.9687666666666667 0
1641543084755 0.9636666666666667 0
1641543094420 0.9732166666666666 0
1641543104509 0.9717833333333333 0
1641543114294 0.9764 0
1641543124136 0.9777166666666667 0
1641543133759 0.9783833333333334 0
1641543250188 0.8976333333333333 0
1641543261122 0.9532 0
1641543274966 0.9629666666666666 0
1641543289706 0.9669833333333333 0
1641543303205 0.9695666666666667 0
1641543315576 0.9715166666666667 0
1641543328625 0.9745833333333334 0
1641543338819 0.9735166666666667 0
1641543348856 0.9755 0
1641543358720 0.9769 0
1641543477164 0.8520333333333333 0
1641543486881 0.94645 0
1641543497189 0.9621166666666666 0
1641543506753 0.9672833333333334 0
1641543516698 0.9694333333333334 0
1641543526757 0.9716166666666667 0
1641543537187 0.9740833333333333 0
1641543547428 0.97525 0
1641543557732 0.97745 0
1641543567722 0.9778833333333333 0
1641543689879 0.8260666666666666 0
1641543700040 0.94705 0
1641543709694 0.9592833333333334 0
1641543719341 0.9636166666666667 0
1641543729657 0.9683833333333334 0
1641543740090 0.9713666666666667 0
1641543750481 0.9736666666666667 0
1641543760519 0.9742166666666666 0
1641543770455 0.9756166666666667 0
1641543780226 0.9781166666666666 0
1641543906818 0.8364666666666667 0
1641543916433 0.94255 0
1641543926500 0.95925 0
1641543936549 0.96695 0
1641543946621 0.96435 0
1641543956768 0.9730666666666666 0
1641543966720 0.9747166666666667 0
1641543976329 0.97455 0
1641543986339 0.9765166666666667 0
1641543996265 0.9788 0
1641544126385 0.8693 0
1641544136083 0.9509666666666666 0
1641544145690 0.9627166666666667 0
1641544155737 0.96335 0
1641544165877 0.96985 0
1641544175752 0.9720833333333333 0
1641544185439 0.9737333333333333 0
1641544195970 0.97475 0
1641544205920 0.9775666666666667 0
1641544216698 0.97725 0
1641544351550 0.8985666666666666 0
1641544361827 0.9540833333333333 0
1641544372010 0.9590166666666666 0
1641544382058 0.96725 0
1641544392175 0.9706666666666667 0
1641544402617 0.9708666666666667 0
1641544412404 0.9730166666666666 0
1641544422910 0.9738833333333333 0
1641544433633 0.97595 0
1641544443400 0.9776833333333333 0
1641544582277 0.8128 0
1641544592273 0.9470333333333333 0
1641544602778 0.9598166666666667 0
1641544612736 0.9666833333333333 0
1641544623176 0.9694833333333334 0
1641544633563 0.9724666666666667 0
1641544643239 0.9749 0
1641544653526 0.9756833333333333 0
1641544663621 0.9771833333333333 0
1641544673586 0.9788666666666667 0
1641544815017 0.8488166666666667 0
1641544824694 0.9497333333333333 0
1641544835107 0.9622833333333334 0
1641544845022 0.9678166666666667 0
1641544855332 0.9701166666666666 0
1641544865377 0.9727666666666667 0
1641544875191 0.97535 0
1641544885243 0.9757833333333333 0
1641544895075 0.97685 0
1641544904812 0.97945 0
1641545050288 0.839 0
1641545060143 0.9512833333333334 0
1641545070414 0.9598166666666667 0
1641545080660 0.9658333333333333 0
1641545090514 0.9705833333333334 0
1641545100685 0.9718166666666667 0
1641545110556 0.9725166666666667 0
1641545120148 0.9762 0
1641545129829 0.9760833333333333 0
1641545139586 0.9770666666666666 0
1641545286418 0.8828333333333334 0
1641545296301 0.9517 0
1641545306370 0.9587666666666667 0
1641545316163 0.9640166666666666 0
1641545326069 0.9692833333333334 0
1641545335720 0.9694 0
1641545346224 0.9731 0
1641545355934 0.9737833333333333 0
1641545365779 0.9762166666666666 0
1641545375686 0.9778666666666667 0
1641545528130 0.8698166666666667 0
1641545538379 0.9424666666666667 0
1641545548566 0.9602333333333334 0
1641545558552 0.9679666666666666 0
1641545568874 0.9711666666666666 0
1641545579042 0.9683666666666667 0
1641545588928 0.9743166666666667 0
1641545599264 0.9751166666666666 0
1641545609724 0.9774833333333334 0
1641545623253 0.9776666666666667 0
1641545780840 0.80435 0
1641545791346 0.9482666666666667 0
1641545801612 0.9594666666666667 0
1641545811948 0.96305 0
1641545821935 0.96785 0
1641545832016 0.9719666666666666 0
1641545842348 0.9738833333333333 0
1641545852682 0.9749 0
1641545863023 0.9765666666666667 0
1641545873458 0.9777333333333333 0
1641546034002 0.8543 0
1641546043942 0.9539166666666666 0
1641546054585 0.9581833333333334 0
1641546064788 0.9632 0
1641546074523 0.9707 0
1641546084767 0.97055 0
1641546094526 0.9747666666666667 0
1641546104139 0.9749833333333333 0
1641546114628 0.9762 0
1641546124486 0.9772166666666666 0
1641546287289 0.8364833333333334 0
1641546296867 0.9471 0
1641546306803 0.9598166666666667 0
1641546317128 0.9652 0
1641546326745 0.9676 0
1641546336323 0.9723833333333334 0
1641546346439 0.9729333333333333 0
1641546356198 0.9766666666666667 0
1641546366530 0.9771333333333333 0
1641546376639 0.97755 0
1641546545753 0.8459166666666667 0
1641546555412 0.9442666666666667 0
1641546565302 0.95755 0
1641546575159 0.9660666666666666 0
1641546584866 0.9692166666666666 0
1641546594826 0.97235 0
1641546604738 0.9748 0
1641546614319 0.9758833333333333 0
1641546624335 0.9776666666666667 0
1641546634631 0.97885 0
1641546805610 0.8970166666666667 0
1641546815342 0.9526 0
1641546825509 0.9617666666666667 0
1641546836251 0.9662 0
1641546846100 0.9694 0
1641546855856 0.97025 0
1641546865421 0.9721333333333333 0
1641546875372 0.9745166666666667 0
1641546885526 0.97555 0
1641546895706 0.9779 0
1641547071055 0.7923666666666667 0
1641547080909 0.9466 0
1641547090863 0.9527666666666667 0
1641547100974 0.9659333333333333 0
1641547110468 0.9696 0
1641547121013 0.9726166666666667 0
1641547131180 0.9741333333333333 0
1641547141156 0.9759166666666667 0
1641547151498 0.9764333333333334 0
1641547161333 0.9782 0
1641547341328 0.8605166666666667 0
1641547351111 0.9469166666666666 0
1641547360933 0.9592166666666667 0
1641547371059 0.96525 0
1641547381541 0.9661833333333333 0
1641547391177 0.97165 0
1641547401087 0.9699166666666666 0
1641547410956 0.9746666666666667 0
1641547420585 0.9766166666666667 0
1641547430582 0.9764 0
1641547613164 0.8629 0
1641547622952 0.9462666666666667 0
1641547632858 0.94955 0
1641547642410 0.96095 0
1641547652530 0.97065 0
1641547662399 0.97215 0
1641547672355 0.9746833333333333 0
1641547682830 0.9757 0
1641547692371 0.9765833333333334 0
1641547702036 0.9780666666666666 0
1641547888715 0.8732166666666666 0
1641547899184 0.9516833333333333 0
1641547908945 0.96175 0
1641547919008 0.9662666666666667 0
1641547929028 0.9696 0
1641547939189 0.9693666666666667 0
1641547948766 0.9741166666666666 0
1641547959027 0.97525 0
1641547968918 0.9757333333333333 0
1641547978678 0.9785666666666667 0
1641548169468 0.8497333333333333 0
1641548179475 0.93975 0
1641548189658 0.9531833333333334 0
1641548199864 0.96185 0
1641548209422 0.9687166666666667 0
1641548219865 0.9699166666666666 0
1641548229558 0.9720333333333333 0
1641548239658 0.9736666666666667 0
1641548250286 0.9757666666666667 0
1641548260449 0.9771333333333333 0
