1645136251807 1.273490308046341 0
1645136283237 0.8390344012379646 0
1645136314489 0.9976964582204819 0
1645136345881 0.9082788364887238 0
1645136377710 1.1965652400255202 0
1645136410019 1.1783991514444352 0
1645136442558 1.1085829191207885 0
1645136475674 0.9828833614587784 0
1645136509387 1.3071258969306945 0
1645136542892 1.1469880028963089 0
1645136576982 0.93820309227705 0
1645136612019 1.158315597653389 0
1645136647258 1.1393342459201812 0
1645136682673 1.1294159519672393 0
1645136719111 1.112651091814041 0
1645136756469 1.0546496374607086 0
1645136794174 0.8031510664820671 0
1645136832776 0.8165607724785805 0
1645136871536 1.2236512529850005 0
1645136910569 0.8820389875173569 0
