1651802096154 1.5904156883239746 0
1651802099214 1.397966368675232 0
1651802102112 1.1725823788642884 0
1651802105040 1.034462973499298 0
1651802108012 0.9377075834274292 0
1651802110912 0.8380749038219452 0
1651802113918 0.7721525209426879 0
1651802116968 0.7003315545082093 0
1651802119972 0.6499917776584625 0
1651802122918 0.5977361588954926 0
1651802125852 0.5474980394363403 0
1651802128972 0.49804508380889895 0
1651802131953 0.45796164112091065 0
1651802135012 0.4289319278717041 0
1651802137938 0.4004615726470947 0
1651802140968 0.36804927649497987 0
1651802143930 0.3370584602594376 0
1651802146937 0.3231625981330872 0
1651802149934 0.28342512419223787 0
1651802152998 0.2614839672088623 0
1651802156141 0.2466489573955536 0
1651802159135 0.22600793149471282 0
1651802162150 0.1994480213165283 0
1651802165058 0.19393668456077576 0
1651802168065 0.17558751706331968 0
1651802170959 0.15916130709648132 0
1651802173977 0.1496029181957245 0
1651802176951 0.1279066994190216 0
1651802179922 0.12471484063863754 0
1651802182902 0.10727149215936661 0
1651802189138 1.5603475601196288 0
1651802192569 1.3925176904678345 0
1651802195918 1.3044642150878907 0
1651802199401 1.1887066499710084 0
1651802202920 1.1095454582214355 0
1651802206371 1.0390493191719055 0
1651802209762 0.9801419333457947 0
1651802213037 0.9307849575042725 0
1651802216510 0.8730103094100952 0
1651802219807 0.8267501129150391 0
1651802223136 0.7896463967323303 0
1651802226367 0.7278924476623535 0
1651802229776 0.7004767238616944 0
1651802233119 0.6476088263511658 0
1651802236389 0.6100803319931031 0
1651802239748 0.5706057462692261 0
1651802243090 0.52701990442276 0
1651802246597 0.5239716287612916 0
1651802250001 0.47264321308135987 0
1651802253359 0.44374749174118044 0
1651802256674 0.4270945016860962 0
1651802260166 0.4037923649787903 0
1651802263644 0.34960325200557707 0
1651802267023 0.33223093433380124 0
1651802270309 0.3269840353012085 0
1651802273773 0.3311457543373108 0
1651802276882 0.291298579788208 0
1651802280240 0.2993219401359558 0
1651802283626 0.2635921864509583 0
1651802287141 0.2583637143611908 0
1651802294000 1.6657776552200316 0
1651802297807 1.4296696493148804 0
1651802301494 1.3115884622573852 0
1651802305231 1.2099116804122925 0
1651802308986 1.1495692100524901 0
1651802312883 1.0868087451934814 0
1651802316620 1.0570977266311645 0
1651802320215 1.0119158771514893 0
1651802323941 0.9653324394226074 0
1651802327697 0.9573694936752319 0
1651802331467 0.9386238210678101 0
1651802335113 0.8902841999053955 0
1651802338890 0.8623019291877747 0
1651802342685 0.8322236691951752 0
1651802346331 0.813008674621582 0
1651802350084 0.7887581060409546 0
1651802353832 0.7687589431762696 0
1651802357528 0.7551964588165283 0
1651802361238 0.7244215990066528 0
1651802364914 0.7359895457267761 0
1651802368577 0.6697216606140137 0
1651802372162 0.6533519770145416 0
1651802375909 0.651796697807312 0
1651802379488 0.64955341796875 0
1651802383208 0.7283434230804443 0
1651802386915 0.6608098200798035 0
1651802390643 0.60901268491745 0
1651802394385 0.6024162242889405 0
1651802397965 0.5727234904289246 0
1651802401736 0.5672683387756348 0
1651802408965 1.721953957748413 0
1651802412983 1.2814095531463623 0
1651802416954 1.0925797372817994 0
1651802420906 0.9924942184448242 0
1651802424892 0.9211431134223937 0
1651802429061 0.8863286375999451 0
1651802432894 0.8470551604270935 0
1651802436906 0.8255527585983277 0
1651802440686 0.8360203521728515 0
1651802444681 0.8113513751983643 0
1651802448619 0.7753498340606689 0
1651802452548 0.7456778263092041 0
1651802456525 0.7469577304840088 0
1651802460481 0.7423352298736572 0
1651802464529 0.7397201607704162 0
1651802468458 0.723555650138855 0
1651802472509 0.7024149043083191 0
1651802476622 0.6765235023498535 0
1651802480534 0.7094991990089417 0
1651802484721 0.6619892374038696 0
1651802488730 0.6868767812728882 0
1651802492653 0.6711108619689942 0
1651802496782 0.7032422480583191 0
1651802500795 0.6552335664749146 0
1651802504908 0.661766033744812 0
1651802509040 0.6354908529281617 0
1651802513022 0.6349191993713379 0
1651802517014 0.613134317779541 0
1651802520912 0.6422989475250244 0
1651802524961 0.6742730458259583 0
1651802532519 2.0330802656173708 0
1651802536787 1.8379753158569336 0
1651802540881 1.7541504302978517 0
1651802545184 1.68184042263031 0
1651802549466 1.620561933708191 0
1651802553652 1.5963618160247803 0
1651802557817 1.5539351808547974 0
1651802562038 1.5236275033950806 0
1651802566185 1.4923122528076171 0
1651802570477 1.4560971965789795 0
1651802574751 1.4980315139770508 0
1651802579016 1.4360090656280518 0
1651802583183 1.452253305053711 0
1651802587352 1.4319161231994628 0
1651802591612 1.4090278091430664 0
1651802595700 1.4015597049713135 0
1651802599892 1.4281724254608155 0
1651802604210 1.3828835357666016 0
1651802608380 1.3419517146110536 0
1651802612575 1.3532492061614991 0
1651802616699 1.3864124713897705 0
1651802621015 1.3415956718444824 0
1651802625219 1.3290843658447267 0
1651802629272 1.3558254175186157 0
1651802633544 1.3810873847961427 0
1651802637644 1.3789705513000488 0
1651802641913 1.348464553451538 0
1651802646089 1.3627516544342042 0
1651802650183 1.346566305541992 0
1651802654347 1.3514027452468873 0
