1645574358060 2.321931604385376 0
1645574365910 2.174208584213257 0
1645574373807 1.997351416015625 0
1645574381513 1.837025518989563 0
1645574389339 1.685203242301941 0
1645574397263 1.5189465671539306 0
1645574405068 1.3460548749923706 0
1645574412697 1.2218803102493285 0
1645574420292 1.0657879806518555 0
1645574428039 0.9561774348258972 0
1645574435692 0.8173298153877259 0
1645574443526 0.688310949420929 0
1645574451322 0.544417582654953 0
1645574459137 0.4287251206636429 0
1645574466884 0.3069711737155914 0
1645574474630 0.2388725337266922 0
1645574482618 0.15358989144563676 0
1645574490305 0.09312976168990135 0
1645574498214 0.06832192457318306 0
1645574505984 0.04381260104477405 0
1645574523859 2.0804355836868287 0
1645574533161 1.7469883731842042 0
1645574542329 1.548804660797119 0
1645574551930 1.3840510591506958 0
1645574560981 1.22919797000885 0
1645574570198 1.0769517557144166 0
1645574579605 0.9569960870742797 0
1645574588830 0.8659894174575805 0
1645574597837 0.7447108339309693 0
1645574606824 0.6752957403182983 0
1645574615830 0.5900474579811096 0
1645574625004 0.5133861045837402 0
1645574634267 0.46603159232139585 0
1645574643542 0.4328180714607239 0
1645574652571 0.39267272644042966 0
1645574661653 0.34589625945091246 0
1645574670925 0.3141929165363312 0
1645574679915 0.2745431756496429 0
1645574689165 0.2606075317621231 0
1645574698432 0.2279527217388153 0
1645574717805 2.2401734817504884 0
1645574728064 1.848977808380127 0
1645574738594 1.6527428558349608 0
1645574748920 1.5119112323760986 0
1645574759285 1.3833950220108033 0
1645574769720 1.2872418298721313 0
1645574780218 1.2139912740707397 0
1645574790449 1.1322474323272704 0
1645574800534 1.0906438762664794 0
1645574810882 1.0305245723724366 0
1645574821238 1.0134638120651245 0
1645574831509 1.0132485914230347 0
1645574841711 0.9840660814285278 0
1645574851813 0.9513298298835754 0
1645574861940 0.9266674812316894 0
1645574872175 0.9757462274551392 0
1645574882423 0.9390858840942383 0
1645574892848 0.8872671221733093 0
1645574903123 0.8946735956192017 0
1645574913251 0.9081683979034424 0
