1644413293599 0.3088 0
1644413295352 0.5468 0
1644413297024 0.684 0
1644413298703 0.7732 0
1644413300424 0.7764 0
1644413302100 0.8772 0
1644413303770 0.9128 0
1644413305468 0.95 0
1644413307119 0.9592 0
1644413308839 0.9616 0
1644413311090 0.4896 0
1644413313114 0.7836 0
1644413315178 0.8824 0
1644413317233 0.9416 0
1644413319316 0.964 0
1644413321363 0.986 0
1644413323385 0.9936 0
1644413325453 0.9952 0
1644413327509 0.9972 0
1644413329540 0.9992 0
1644413332140 0.582 0
1644413334216 0.8348 0
1644413336287 0.9312 0
1644413338352 0.958 0
1644413340404 0.9744 0
1644413342423 0.9832 0
1644413344501 0.992 0
1644413346567 0.9972 0
1644413348588 0.9956 0
1644413350621 0.9968 0
