1652730053620 2.4192075485229494 0
1652730057885 2.22085016746521 0
1652730062158 2.0784158946990967 0
1652730066468 1.966638328933716 0
1652730070915 1.8263489894866944 0
1652730075185 1.7208935262680054 0
1652730079661 1.6307458187103272 0
1652730083878 1.5125018280029296 0
1652730088245 1.3903024215698243 0
1652730092465 1.2989581806182862 0
1652730096683 1.22606363697052 0
1652730100858 1.1423559529304503 0
1652730105235 1.0078003339767456 0
1652730109270 0.8632687305450439 0
1652730113608 0.7752031496047974 0
1652730117748 0.7184792028427124 0
1652730122054 0.6529679372787476 0
1652730126368 0.6045663417816162 0
1652730130634 0.5160403396606446 0
1652730134833 0.45020486125946046 0
1652730139117 0.3784686220645905 0
1652730143387 0.3370227780818939 0
1652730147469 0.3143137223243713 0
1652730151688 0.24719639978408814 0
1652730155924 0.26396365616321565 0
1652730160264 0.2648603964805603 0
1652730164543 0.25145079843997953 0
1652730168647 0.17900257291793822 0
1652730173129 0.14690002393722534 0
1652730177428 0.12160667154192925 0
1652730181568 0.12180497799515724 0
1652730185805 0.12619526268839837 0
1652730190072 0.07343153766840696 0
1652730194242 0.0661648014396429 0
1652730198449 0.060459757691621784 0
1652730202689 0.061087705400586126 0
1652730207095 0.09713436933979393 0
1652730211354 0.07161227353364229 0
1652730215627 0.05809797567352652 0
1652730219851 0.04839065113887191 0
1652730224221 0.07236590523123741 0
1652730228466 0.06426788487583399 0
1652730232775 0.06452070454955101 0
1652730237010 0.05353829229772091 0
1652730241277 0.04028324218988419 0
1652730245680 0.03891714780703187 0
1652730249842 0.03894376688525081 0
1652730254103 0.03671766142956912 0
1652730258286 0.03462628942579031 0
1652730262523 0.0342859538435936 0
1652730273965 2.0704027738571167 0
1652730278791 1.6432402877807617 0
1652730283852 1.4100164247512816 0
1652730288906 1.2761953926086427 0
1652730293788 1.110099406337738 0
1652730298610 1.0242897033691407 0
1652730303574 0.9687128225326538 0
1652730308577 0.9649724758148194 0
1652730313489 0.8709317922592164 0
1652730318227 0.8718819843292236 0
1652730323199 0.8405620809555053 0
1652730328055 0.8254401976585388 0
1652730333007 0.8000062663078308 0
1652730338150 0.7870865097999573 0
1652730343043 0.7992810297012329 0
1652730348042 0.7919741828918457 0
1652730353074 0.8133959579467773 0
1652730358093 0.8610662532806397 0
1652730363218 0.7979293004989624 0
1652730368079 0.8190445793151856 0
1652730373115 0.7467378778457642 0
1652730378061 0.7999028263092041 0
1652730383054 0.7954286165237426 0
1652730388048 0.8048446716308594 0
1652730392954 0.7709496794700622 0
1652730397942 0.7638748420715332 0
1652730403000 0.8046725916862488 0
1652730408068 0.7695988430976868 0
1652730413276 0.74470315990448 0
1652730418172 0.7861546492576599 0
1652730423172 0.8000105346679688 0
1652730428145 0.7841894876480102 0
1652730433126 0.7471131129264832 0
1652730437911 0.7281439960479736 0
1652730442936 0.6936219285964966 0
1652730447961 0.7508201767921447 0
1652730452924 0.7522455703735351 0
1652730458048 0.7520069450378418 0
1652730463210 0.7904948198318481 0
1652730468292 0.7435405426025391 0
1652730473277 0.8065359422683716 0
1652730478302 0.7728564234733581 0
1652730483358 0.7392834991455078 0
1652730488373 0.764580871295929 0
1652730493189 0.7442112897872925 0
1652730497983 0.6933314777374268 0
1652730502893 0.7147877161026001 0
1652730508030 0.6824047122955322 0
1652730512936 0.7261188724517822 0
1652730517848 0.7045432273864746 0
1652730530139 2.70959273147583 0
1652730535648 2.304724369430542 0
1652730541259 2.1814759548187257 0
1652730546825 2.1089007148742676 0
1652730552391 2.1141659996032716 0
1652730558003 2.098126294326782 0
1652730563583 2.162217028617859 0
1652730569319 2.102187186431885 0
1652730574884 2.079965870666504 0
1652730580408 2.119384651565552 0
1652730585983 2.1213162033081057 0
1652730591709 2.199259322357178 0
1652730597272 2.1415941425323486 0
1652730602747 2.172101037597656 0
1652730608417 2.253360718536377 0
1652730613918 2.208761269378662 0
1652730619402 2.2173310897827148 0
1652730625160 2.277569770050049 0
1652730630843 2.269625275039673 0
1652730636415 2.2714594440460205 0
1652730641900 2.2392747146606444 0
1652730647617 2.304007709121704 0
1652730653210 2.2523543983459473 0
1652730658719 2.2938574199676514 0
1652730664203 2.3092397548675536 0
1652730669685 2.2902694385528566 0
1652730675467 2.46393909072876 0
1652730681000 2.436361504364014 0
1652730686421 2.455408050918579 0
1652730692117 2.365896575164795 0
1652730697754 2.382805227661133 0
1652730703275 2.3581165451049806 0
1652730709029 2.3018431148529053 0
1652730714602 2.537074517059326 0
1652730720100 2.5026389904022217 0
1652730725663 2.547454669952393 0
1652730731200 2.468396513748169 0
1652730736867 2.578673536300659 0
1652730742647 2.48398766708374 0
1652730748213 2.403411990737915 0
1652730753667 2.556187518310547 0
1652730759530 2.595183696746826 0
1652730765123 2.7470582302093507 0
1652730770711 2.5612493785858153 0
1652730776320 2.394469490814209 0
1652730781867 2.419304345703125 0
1652730787336 2.493022880935669 0
1652730793080 2.5687120697021486 0
1652730798654 2.645219692611694 0
1652730804374 2.692230155944824 0
1652730817596 3.97769100112915 0
1652730823849 3.479998673248291 0
1652730830157 3.3637685958862305 0
1652730836355 3.360856677246094 0
1652730842674 3.3662719421386718 0
1652730848823 3.421001998138428 0
1652730854931 3.41990302734375 0
1652730860996 3.5668760845184324 0
1652730867232 3.5674038036346434 0
1652730873541 3.5378638046264648 0
1652730879693 3.496759941864014 0
1652730885876 3.582696797943115 0
1652730891901 3.6521748573303223 0
1652730898047 3.743921979904175 0
1652730904306 3.7449274738311766 0
1652730910506 3.7608143089294432 0
1652730916699 3.746834731292725 0
1652730922942 3.802085882949829 0
1652730929168 3.9092198669433595 0
1652730935183 3.812365358734131 0
1652730941403 3.8616405708312986 0
1652730947434 3.885633908843994 0
1652730953634 3.970058250427246 0
1652730959704 4.0719845039367675 0
1652730965805 4.1713170799255375 0
1652730972104 4.202319954681396 0
1652730978404 4.141901127624512 0
1652730984465 4.126826643753052 0
1652730990703 4.266213425445557 0
1652730996935 4.143772930908203 0
1652731003211 4.302553691101075 0
1652731009555 4.259435284805297 0
1652731015468 4.302866812133789 0
1652731021578 4.335790659332275 0
1652731027847 4.336876382446289 0
1652731034049 4.501551245880127 0
1652731040182 4.443046293640137 0
1652731046215 4.387705345153808 0
1652731052316 4.464502944946289 0
1652731058542 4.606271273040772 0
1652731064786 4.556712084197998 0
1652731070758 4.532939632415771 0
1652731076807 4.577305626678466 0
1652731082977 4.642542003631592 0
1652731089192 4.608158326721191 0
1652731095365 4.66902346572876 0
1652731101557 4.564953881835938 0
1652731107802 4.656760366058349 0
1652731113983 4.563056847381592 0
1652731120298 4.656189754486084 0
1652731134777 5.405152145385742 0
1652731141563 4.968957046508789 0
1652731148174 4.815711703491211 0
1652731154921 4.800629418945313 0
1652731161714 4.901562808227539 0
1652731168389 4.9213978370666505 0
1652731175153 4.998520637512207 0
1652731181825 5.0479156814575195 0
1652731188424 5.122929020690918 0
1652731195322 5.144487310791016 0
1652731201879 5.306544337463379 0
1652731208431 5.285207957458496 0
1652731214850 5.20434274597168 0
1652731221413 5.295250152587891 0
1652731228154 5.420563536071778 0
1652731234873 5.4593473823547365 0
1652731241644 5.536472030639649 0
1652731248354 5.655200284576416 0
1652731254700 5.6376241691589355 0
1652731261172 5.771065364074707 0
1652731267960 5.81314656906128 0
1652731274401 5.815245370483399 0
1652731281052 5.765829779052734 0
1652731287802 5.8199261337280275 0
1652731294380 6.05871795425415 0
1652731301035 6.038836721801758 0
1652731307569 6.084640571594238 0
1652731314157 6.092542205810547 0
1652731320867 6.115515467071533 0
1652731327660 6.1059267288208 0
1652731334354 6.281542851257324 0
1652731340901 6.1994285446166995 0
1652731347593 6.2810934555053715 0
1652731354113 6.289616566467285 0
1652731360642 6.25852085723877 0
1652731367295 6.294201767730713 0
1652731373854 6.31116847076416 0
1652731380272 6.338872372436524 0
1652731386912 6.445241464233399 0
1652731393580 6.502500106811524 0
1652731399925 6.367325737762451 0
1652731406498 6.422825431060791 0
1652731413266 6.489872281646728 0
1652731420081 6.5715737045288085 0
1652731426564 6.434831365203857 0
1652731433147 6.526596943664551 0
1652731439894 6.681603437805176 0
1652731446567 6.49111245727539 0
1652731453392 6.468417853546143 0
1652731460022 6.549330793762207 0
