1652422212991 2.1974641399383543 0
1652422217937 1.96820721244812 0
1652422222867 1.882380020904541 0
1652422227900 1.7304284065246582 0
1652422232779 1.610462714767456 0
1652422237643 1.536800517654419 0
1652422242452 1.4162700351715087 0
1652422247260 1.3531589946746827 0
1652422252270 1.217495106124878 0
1652422257291 1.1036205110549926 0
1652422266390 1.5608172163009644 0
1652422275090 1.3355610916137695 0
1652422283744 1.18505283203125 0
1652422292521 1.077006514930725 0
1652422301207 0.9608992039680481 0
1652422309823 0.8752268473625183 0
1652422318512 0.7521779596328735 0
1652422327190 0.6786730157852173 0
1652422335854 0.6075829296112061 0
1652422344613 0.5097028423786163 0
1652422357690 1.011565111541748 0
1652422370688 0.8686908340771993 0
1652422383321 0.7770248787879944 0
1652422395850 0.6778593195915222 0
1652422408384 0.6127055672327677 0
1652422421301 0.5581293558438619 0
1652422433878 0.49193432795206704 0
1652422446658 0.4424339735746384 0
1652422459148 0.3862850691954295 0
1652422471836 0.37127559730211895 0
1652422489859 0.7326141800880432 0
1652422507108 0.6026497315406799 0
1652422523975 0.5292412075281143 0
1652422540559 0.48821631101369856 0
1652422557187 0.4377680298924446 0
1652422574389 0.3965233412027359 0
1652422591188 0.37736314004659655 0
1652422608164 0.33581658066511155 0
1652422624988 0.3144663924694061 0
1652422641920 0.28430798463225365 0
1652422664567 0.6268843037986755 0
1652422686141 0.5447256181907654 0
1652422707200 0.5104794201660157 0
1652422729012 0.471562171049118 0
1652422750304 0.4352204894959927 0
1652422771445 0.40878750581741335 0
1652422793122 0.3948749548959732 0
1652422814614 0.3543945202827454 0
1652422836272 0.3213663728761673 0
1652422857682 0.32122299487113953 0
