1652350179682 0.59 0
1652350187676 0.74 0
1652350195922 0.81 0
1652350204123 0.8236 0
1652350212039 0.8332 0
1652350221392 0.4616 0
1652350227054 0.5476 0
1652350232596 0.5824 0
1652350238300 0.6192 0
1652350244148 0.6476 0
1652350256698 0.434 0
1652350262275 0.5164 0
1652350268038 0.5512 0
1652350273592 0.572 0
1652350279292 0.602 0
1652350295707 0.6564 0
1652350301397 0.7344 0
1652350307121 0.7772 0
1652350312821 0.8088 0
1652350318589 0.8124 0
1652350338585 0.4232 0
1652350344276 0.4928 0
1652350349932 0.5284 0
1652350355751 0.5496 0
1652350361237 0.5856 0
