1651954510091 1.1343705410003662 0
1651954514793 0.517805881023407 0
1651954519558 0.30661092207431795 0
1651954524291 0.21767005396485328 0
1651954529015 0.1437059934437275 0
1651954533749 0.10832064124047756 0
1651954538410 0.07501259870529174 0
1651954543110 0.05953467714935541 0
1651954547822 0.04942337069734931 0
1651954552482 0.03741425018012524 0
1651954567631 0.7080260755201387 0
1651954582666 0.506023467764413 0
1651954597418 0.3979076178356446 0
1651954612344 0.31289923676874576 0
1651954627478 0.25402171934783124 0
1651954642548 0.2110232123294927 0
1651954657529 0.17663855600064504 0
1651954672428 0.13896295699719802 0
1651954687529 0.1148812720449515 0
1651954702367 0.0952532415918215 0
1651954722250 0.7733455813130853 0
1651954741933 0.5344000443851862 0
1651954761208 0.39485609999962645 0
1651954780551 0.3296388939724669 0
1651954799978 0.2639665655964199 0
1651954819405 0.22611496832403105 0
1651954838659 0.18741991266263358 0
1651954857935 0.15679794731746885 0
1651954877593 0.12711609787317343 0
1651954896950 0.10759857337377782 0
1651954921495 0.6536789195402469 0
1651954945154 0.31543855556396133 0
1651954969017 0.21071351014511736 0
1651954992674 0.15080463630574661 0
1651955016430 0.11812622068599997 0
1651955040168 0.09487674053808925 0
1651955063872 0.07518691451832094 0
1651955087538 0.06136461789441033 0
1651955111383 0.052888429977136525 0
1651955135182 0.04360861228503947 0
1651955164145 0.7199238830462324 0
1651955192288 0.532511975012678 0
1651955220269 0.40721799415392773 0
1651955248377 0.3313502504030229 0
1651955276590 0.26756488337387396 0
1651955304547 0.2274091855726143 0
1651955332492 0.17832387371341038 0
1651955360602 0.14549678526016016 0
1651955388726 0.12113558890480855 0
1651955416656 0.10034517035578026 0
