1644589850132 0.209 0
1644589852447 0.4744 0
1644589854729 0.612 0
1644589857124 0.731 0
1644589859525 0.796 0
1644589861851 0.8172 0
1644589864213 0.8684 0
1644589866578 0.9092 0
1644589868901 0.9274 0
1644589871267 0.9578 0
1644589874443 0.0878 0
1644589877352 0.2072 0
1644589880222 0.3486 0
1644589883087 0.4434 0
1644589885988 0.559 0
1644589888888 0.6202 0
1644589891805 0.635 0
1644589894708 0.693 0
1644589897560 0.763 0
1644589900462 0.8244 0
1644589903932 0.0792 0
1644589906789 0.1238 0
1644589909731 0.1518 0
1644589912664 0.2574 0
1644589915579 0.3644 0
1644589918482 0.4862 0
1644589921503 0.5984 0
1644589924511 0.6736 0
1644589927934 0.721 0
1644589931275 0.7888 0
