1645622070729 2.583414987564087 0
1645622075167 2.331266497039795 0
1645622079718 2.2089751529693604 0
1645622084174 2.0448397994995116 0
1645622088777 1.946353674697876 0
1645622097673 2.3466979766845704 0
1645622106016 2.2337040281295777 0
1645622114289 2.108435187149048 0
1645622122430 2.02426127910614 0
1645622130558 1.9411305537223815 0
1645622143170 2.2849097871144615 0
1645622155186 2.1500290599823 0
1645622167415 2.1358160933176675 0
1645622180048 2.065852147992452 0
1645622192413 1.9883101819356284 0
