1645707301982 1.273973754310608 0
1645707306948 1.0292548983573913 0
1645707311917 0.8787577254056931 0
1645707316856 0.8052225722312927 0
1645707321880 0.738587670993805 0
1645707326886 0.7116185541629791 0
1645707331777 0.5934366507530212 0
1645707336733 0.5496087302684783 0
1645707341726 0.48643920663595197 0
1645707346759 0.49508375587463377 0
1645707371250 0.7951035383224487 0
1645707395614 0.553688451385498 0
1645707419993 0.4032902039527893 0
1645707444014 0.38580256767272947 0
1645707468553 0.3320510195970535 0
1645707492673 0.2741907484769821 0
1645707516881 0.2301182613134384 0
1645707540979 0.22324273472875356 0
1645707565599 0.210780996376276 0
1645707589880 0.14482533666938543 0
1645707614077 0.8891904187202454 0
1645707637827 0.5595133624076843 0
1645707661543 0.47554578896164895 0
1645707685379 0.3679846715450287 0
1645707709212 0.3520682428598404 0
1645707733266 0.30034329578876495 0
1645707757231 0.26624444617033005 0
1645707781059 0.2214520921051502 0
1645707804846 0.22755739337801933 0
1645707828478 0.17402813929915428 0
