1645610881578 0.3396 0
1645610886648 0.5384 0
1645610891821 0.636 0
1645610897041 0.7288 0
1645610902174 0.7984 0
1645610907351 0.8544 0
1645610912499 0.8888 0
1645610917826 0.9036 0
1645610923078 0.9432 0
1645610928367 0.9604 0
1645610933574 0.96 0
1645610938758 0.9652 0
1645610943720 0.9744 0
1645610948980 0.9716 0
1645610954106 0.9764 0
1645610959400 0.9812 0
1645610964553 0.978 0
1645610969834 0.9828 0
1645610974882 0.9892 0
1645610980044 0.9732 0
1645610986400 0.564 0
1645610990288 0.7024 0
1645610994137 0.77 0
1645610998069 0.8396 0
1645611001998 0.8872 0
1645611005678 0.9284 0
1645611009669 0.9416 0
1645611013378 0.9724 0
1645611017276 0.9784 0
1645611021110 0.9824 0
1645611024847 0.9872 0
1645611028656 0.9968 0
1645611032550 0.992 0
1645611036275 0.9952 0
1645611040176 0.9916 0
1645611044132 0.9952 0
1645611047873 0.9916 0
1645611051721 0.9896 0
1645611055637 0.9984 0
1645611059334 0.9984 0
1645611068406 0.5564 0
1645611072357 0.6852 0
1645611076166 0.7612 0
1645611080157 0.8204 0
1645611084118 0.8572 0
1645611088129 0.9108 0
1645611092117 0.9416 0
1645611096110 0.9552 0
1645611099977 0.9816 0
1645611103646 0.9828 0
1645611107537 0.986 0
1645611111414 0.9944 0
1645611115314 0.9924 0
1645611119265 0.9928 0
1645611123205 0.9908 0
1645611127061 0.996 0
1645611130987 0.9976 0
1645611134740 0.9928 0
1645611138420 0.992 0
1645611142271 0.9952 0
