1652814335857 0.206 0
1652814341268 0.3202 0
1652814346548 0.355 0
1652814351795 0.4122 0
1652814356958 0.452 0
1652814362273 0.4864 0
1652814367682 0.5234 0
1652814373010 0.5656 0
1652814378194 0.6058 0
1652814383439 0.643 0
1652814395650 0.389 0
1652814407173 0.5402 0
1652814418752 0.6012 0
1652814430377 0.6402 0
1652814442019 0.678 0
1652814453628 0.7224 0
1652814465352 0.7524 0
1652814477044 0.7896 0
1652814488618 0.8056 0
1652814500192 0.841 0
1652814513085 0.3818 0
1652814524850 0.5366 0
1652814536621 0.6138 0
1652814548305 0.6576 0
1652814560030 0.698 0
1652814571808 0.7444 0
1652814583700 0.7794 0
1652814595512 0.8014 0
1652814607277 0.8338 0
1652814619041 0.8442 0
1652814632211 0.448 0
1652814643975 0.6056 0
1652814655740 0.6882 0
1652814667549 0.7216 0
1652814679349 0.7768 0
1652814691303 0.8096 0
1652814703071 0.8404 0
1652814714877 0.8516 0
1652814726697 0.874 0
1652814738493 0.8942 0
1652814752195 0.3728 0
1652814764264 0.5154 0
1652814776309 0.6012 0
1652814788311 0.6406 0
1652814800358 0.692 0
1652814812489 0.7446 0
1652814824560 0.7812 0
1652814836590 0.8118 0
1652814848583 0.848 0
1652814860725 0.8628 0
