1644527509347 0.8761666666666666 0
1644527525298 0.96615 0
1644527541249 0.9824166666666667 0
1644527557545 0.9917 0
1644527574041 0.99595 0
1644527590472 0.9966833333333334 0
1644527607169 0.9987333333333334 0
1644527623724 0.99985 0
1644527640460 0.99995 0
1644527656888 0.9999833333333333 0
1644527673489 0.9999833333333333 0
1644527689873 1.0 0
1644527706348 1.0 0
1644527722826 1.0 0
1644527739116 1.0 0
1644527755625 1.0 0
1644527772190 1.0 0
1644527788811 1.0 0
1644527805421 1.0 0
1644527821853 1.0 0
1644527853515 0.88735 0
1644527880363 0.9709166666666667 0
1644527907338 0.9856166666666667 0
1644527934234 0.99265 0
1644527961215 0.9960166666666667 0
1644527988009 0.9972 0
1644528014630 0.9987 0
1644528041384 0.9994666666666666 0
1644528068243 0.9999833333333333 0
1644528095294 0.9999833333333333 0
1644528122172 0.9999833333333333 0
1644528149077 0.9999833333333333 0
1644528175888 1.0 0
1644528202819 1.0 0
1644528229836 1.0 0
1644528256794 1.0 0
1644528283811 1.0 0
1644528310677 1.0 0
1644528337617 1.0 0
1644528364231 1.0 0
1644528399922 0.8915833333333333 0
1644528426857 0.9727666666666667 0
1644528453770 0.98705 0
1644528480700 0.99355 0
1644528507646 0.9961833333333333 0
1644528534624 0.9980166666666667 0
1644528561655 0.9987666666666667 0
1644528588655 0.9988 0
1644528615568 0.9977 0
1644528642602 0.9977666666666667 0
1644528669479 0.99795 0
1644528696300 0.9992166666666666 0
1644528723094 1.0 0
1644528749863 1.0 0
1644528776616 1.0 0
1644528803559 1.0 0
1644528830494 1.0 0
1644528857429 1.0 0
1644528884382 1.0 0
1644528911394 1.0 0
