1651905482794 0.5316 0
1651905486531 0.726 0
1651905490222 0.7724 0
1651905493847 0.8168 0
1651905497271 0.8036 0
1651905500815 0.8676 0
1651905504436 0.8592 0
1651905507868 0.872 0
1651905511572 0.896 0
1651905515094 0.9236 0
1651905518758 0.9276 0
1651905522381 0.9304 0
1651905525902 0.93 0
1651905529470 0.944 0
1651905533130 0.9384 0
1651905536768 0.9404 0
1651905540421 0.9468 0
1651905544109 0.9572 0
1651905547774 0.928 0
1651905551376 0.948 0
1651905554958 0.954 0
1651905558308 0.966 0
1651905561857 0.952 0
1651905565493 0.9492 0
1651905569129 0.9664 0
1651905572736 0.9752 0
1651905576458 0.9772 0
1651905580096 0.9716 0
1651905583846 0.9628 0
1651905587465 0.934 0
1651905592824 0.4608 0
1651905598213 0.6304 0
1651905603463 0.7028 0
1651905608564 0.738 0
1651905613729 0.7828 0
1651905618846 0.832 0
1651905623993 0.8536 0
1651905629151 0.8792 0
1651905634267 0.8788 0
1651905639379 0.886 0
1651905644433 0.9156 0
1651905649796 0.928 0
1651905654840 0.932 0
1651905659914 0.9356 0
1651905664938 0.9384 0
1651905670205 0.942 0
1651905675253 0.9652 0
1651905680370 0.95 0
1651905685436 0.918 0
1651905690590 0.9592 0
1651905695734 0.9584 0
1651905701085 0.972 0
1651905706261 0.9724 0
1651905711346 0.964 0
1651905716371 0.9704 0
1651905721475 0.982 0
1651905726629 0.9756 0
1651905731682 0.9684 0
1651905736867 0.9628 0
1651905741839 0.9448 0
1651905748039 0.4788 0
1651905753733 0.632 0
1651905759560 0.704 0
1651905765269 0.7508 0
1651905771129 0.798 0
1651905776864 0.8312 0
1651905782566 0.8388 0
1651905788410 0.8604 0
1651905794101 0.8812 0
1651905799750 0.9004 0
1651905805619 0.9224 0
1651905811541 0.9228 0
1651905817265 0.9228 0
1651905823130 0.9136 0
1651905828832 0.952 0
1651905834441 0.9428 0
1651905840138 0.9468 0
1651905845902 0.9592 0
1651905851589 0.9556 0
1651905857362 0.964 0
1651905863159 0.9608 0
1651905868736 0.9572 0
1651905874551 0.9676 0
1651905880321 0.9664 0
1651905886218 0.9752 0
1651905892080 0.9672 0
1651905897853 0.9632 0
1651905903560 0.968 0
1651905909491 0.9596 0
1651905915305 0.9508 0
1651905922942 0.6556 0
1651905929612 0.8148 0
1651905935975 0.8624 0
1651905942642 0.8716 0
1651905949193 0.9192 0
1651905955590 0.9276 0
1651905962239 0.9388 0
1651905968689 0.9408 0
1651905974965 0.9524 0
1651905981535 0.96 0
1651905987920 0.9552 0
1651905994452 0.9636 0
1651906001018 0.9668 0
1651906007425 0.9812 0
1651906014092 0.9752 0
1651906020652 0.968 0
1651906027236 0.9776 0
1651906033781 0.9776 0
1651906040300 0.9844 0
1651906047179 0.974 0
1651906053524 0.9732 0
1651906060106 0.9784 0
1651906066672 0.9808 0
1651906073245 0.9884 0
1651906079948 0.99 0
1651906086404 0.9832 0
1651906092819 0.9872 0
1651906099211 0.986 0
1651906105867 0.9884 0
1651906112525 0.9872 0
1651906121344 0.4672 0
1651906128617 0.6228 0
1651906136007 0.686 0
1651906143175 0.7444 0
1651906150484 0.7812 0
1651906157700 0.8272 0
1651906165038 0.8452 0
1651906172277 0.8628 0
1651906179631 0.8892 0
1651906186932 0.8964 0
1651906194056 0.906 0
1651906201517 0.9172 0
1651906208765 0.9312 0
1651906216225 0.9344 0
1651906223488 0.9328 0
1651906230980 0.9496 0
1651906238181 0.936 0
1651906245640 0.9568 0
1651906252977 0.9504 0
1651906260236 0.9672 0
1651906267365 0.9644 0
1651906274581 0.962 0
1651906281893 0.9536 0
1651906289052 0.962 0
1651906296196 0.9764 0
1651906303737 0.956 0
1651906310753 0.9684 0
1651906317932 0.9744 0
1651906325168 0.9736 0
1651906332563 0.9544 0
