1651796549665 1.570499068069458 0
1651796552626 1.2961735679626465 0
1651796555613 1.0694256666183473 0
1651796558625 0.9411116445541382 0
1651796561542 0.8582451747894287 0
1651796564626 0.7780789103984833 0
1651796567638 0.7252562858581543 0
1651796570571 0.6685332204818726 0
1651796573500 0.6239408193588257 0
1651796576620 0.5577233161926269 0
1651796579648 0.515836891412735 0
1651796582717 0.47598183040618897 0
1651796585674 0.4423150066375732 0
1651796588544 0.39810600938797 0
1651796591615 0.36831451816558836 0
1651796594577 0.33804603409767153 0
1651796597577 0.3088620770215988 0
1651796600520 0.2759339466571808 0
1651796603506 0.24672602356672288 0
1651796606497 0.22606756958961488 0
1651796609498 0.19411798350811005 0
1651796612432 0.18036314647197724 0
1651796615414 0.15921568021774293 0
1651796618461 0.13851532166302205 0
1651796621497 0.1273779315777123 0
1651796624401 0.10577656874656677 0
1651796627451 0.10152837898731232 0
1651796630626 0.08416101588010788 0
1651796633721 0.075807277405262 0
1651796636767 0.06324918049275875 0
1651796642892 1.5585553115844726 0
1651796646312 1.3589822774887086 0
1651796649603 1.234392751121521 0
1651796652904 1.0987451236724854 0
1651796656303 1.0201184213638306 0
1651796659655 0.9420649349212646 0
1651796663069 0.8836357532501221 0
1651796666555 0.8317491113662719 0
1651796669943 0.7614891833305358 0
1651796673288 0.6926232376098633 0
1651796676756 0.6577211426734925 0
1651796680183 0.5824791704177856 0
1651796683572 0.5695904275894165 0
1651796687043 0.5110578666687011 0
1651796690220 0.46469593081474303 0
1651796693610 0.43221242909431457 0
1651796696991 0.3945327610015869 0
1651796700412 0.36329803714752196 0
1651796703814 0.33535987825393676 0
1651796707131 0.3073655989646912 0
1651796710457 0.3267010957956314 0
1651796713833 0.27618828604221346 0
1651796717273 0.2424482635498047 0
1651796720674 0.22202839324474336 0
1651796723958 0.2181339229106903 0
1651796727362 0.2162174349784851 0
1651796730775 0.20733212032318116 0
1651796734334 0.20978424384593963 0
1651796737796 0.19781295883655547 0
1651796741145 0.18707228655815125 0
1651796747902 1.6113200387954711 0
1651796751615 1.3682745634078979 0
1651796755251 1.2432127435684204 0
1651796758947 1.1388710362434387 0
1651796762583 1.0535142641067505 0
1651796766216 0.9657409517288208 0
1651796769806 0.9510527611732483 0
1651796773585 0.8778586595535278 0
1651796777447 0.8444576829910279 0
1651796781247 0.8528535999298096 0
1651796784915 0.8089530853271485 0
1651796788583 0.7965405201911926 0
1651796792295 0.7330528865814209 0
1651796796072 0.7303546286582947 0
1651796799755 0.6813205373764039 0
1651796803446 0.6919283887863159 0
1651796807295 0.6413239070892334 0
1651796810918 0.6162507075309753 0
1651796814676 0.5722490564346313 0
1651796818449 0.5992028816223145 0
1651796821974 0.582899616241455 0
1651796825702 0.5883879800796509 0
1651796829413 0.5821116022109986 0
1651796833062 0.5444672081947327 0
1651796836593 0.630495744419098 0
1651796840243 0.5627850513458252 0
1651796843875 0.5325216077327728 0
1651796847678 0.5225727699279785 0
1651796851249 0.5207512690544128 0
1651796854953 0.49276110911369325 0
1651796862362 1.6825937057495117 0
1651796866176 1.2177640449523925 0
1651796870310 1.045732236480713 0
1651796874239 0.9687654006958007 0
1651796878308 0.8967826755523681 0
1651796882257 0.8623936674118042 0
1651796886279 0.8143687587738037 0
1651796890031 0.7999998863220215 0
1651796893894 0.8276328424453735 0
1651796898043 0.7841064846038819 0
1651796901929 0.755179284286499 0
1651796906046 0.7195776817321777 0
1651796909941 0.7472163013458252 0
1651796913955 0.7192281467437744 0
1651796917927 0.707706509399414 0
1651796921878 0.7340559404373169 0
1651796925886 0.7710431574821472 0
1651796929756 0.6853544043540954 0
1651796933530 0.6950075353622437 0
1651796937475 0.659955469417572 0
1651796941510 0.6771118571281433 0
1651796945474 0.6406524490356446 0
1651796949438 0.6385169960975647 0
1651796953350 0.6569243812561035 0
1651796957458 0.6759305742263794 0
1651796961614 0.6601621068954467 0
1651796965513 0.6400541459083557 0
1651796969553 0.6161545533180237 0
1651796973568 0.6020980802536011 0
1651796977545 0.655973023223877 0
1651796985311 2.0322760940551756 0
1651796989520 1.8187107803344726 0
1651796993726 1.7335571523666382 0
1651796997822 1.6559928730010987 0
1651797001960 1.5924251476287843 0
1651797006117 1.562543254470825 0
1651797010350 1.5149008274078368 0
1651797014615 1.5114723808288575 0
1651797018840 1.462715701675415 0
1651797023103 1.466736802482605 0
1651797027106 1.4612937181472778 0
1651797031354 1.4471013092041016 0
1651797035417 1.4493608030319214 0
1651797039600 1.4303281753540038 0
1651797043871 1.5294573524475097 0
1651797047932 1.4249613956451417 0
1651797052119 1.4456547267913817 0
1651797056289 1.3777316139221192 0
1651797060507 1.4031365152359008 0
1651797064783 1.3695707153320313 0
1651797068911 1.3982850803375244 0
1651797073155 1.4915962223052979 0
1651797077352 1.463469177055359 0
1651797081537 1.380419716835022 0
1651797085755 1.4285859170913697 0
1651797089823 1.4332523750305175 0
1651797094117 1.3648194051742553 0
1651797098235 1.4201621150970458 0
1651797102437 1.4413340057373047 0
1651797106464 1.4799319038391112 0
