1654118934965 0.9037427390199242 0
1654118948212 0.18628297887396034 0
1654118961225 0.045176991720003494 0
1654118973881 0.04215969972892148 0
1654118986199 0.015898764287045643 0
1654118999155 0.00919995377594186 0
1654119011943 0.009742391785371738 0
1654119024832 0.012738683618008725 0
1654119037471 0.0074847440616099955 0
1654119050185 0.0025502243344237645 0
1654119063149 0.0019133481910310344 0
1654119075893 0.0014839064923557663 0
1654119088608 0.004704232676856906 0
1654119101458 0.0019949352122792734 0
1654119114126 0.0009840708948417403 0
1654119126860 0.000172263695644265 0
1654119139465 0.00047086553603554093 0
1654119152476 0.00013029900335354239 0
1654119165023 0.0007165290651706893 0
1654119177969 0.0001460555524992532 0
1654119190789 0.000319539351791293 0
1654119203589 0.0001818711794414452 0
1654119216439 0.0008667640117840446 0
1654119229468 0.0004418354395578387 0
1654119241919 0.003048726450890372 0
1654119254857 0.000276308407830354 0
1654119267483 0.00014707716695307277 0
1654119280279 0.00029282375883166347 0
1654119293034 9.43652850265809e-05 0
1654119305966 5.6892107681683526e-05 0
1654119319062 4.910513015272043e-05 0
1654119331897 5.879415741032148e-05 0
1654119344910 4.5075455194201645e-05 0
1654119357696 8.732046382477616e-05 0
1654119370353 3.7104933875288924e-05 0
1654119383013 0.0009273269056591856 0
1654119395971 8.57887743760089e-05 0
1654119408932 4.620051932432997e-05 0
1654119421508 4.8553492402196695e-05 0
1654119434212 4.24382624199099e-05 0
1654119446692 0.00016413336472281592 0
1654119459548 0.0002445191971267232 0
1654119472215 4.5355993516933926e-05 0
1654119484748 0.00013667784062011394 0
1654119497510 4.09583885432909e-05 0
1654119509853 5.443354700837173e-05 0
1654119522720 2.5505386156705974e-05 0
1654119535188 1.7917486853876544e-05 0
1654119547774 1.7747597305844303e-05 0
1654119560664 2.2210924238730785e-05 0
1654119619187 0.2482399507385346 0
1654119634236 0.02177252696881439 0
1654119649598 0.012716768696854428 0
1654119664599 0.003045099609377908 0
1654119679786 0.013362296701966439 0
1654119694467 0.0051624445641135705 0
1654119709482 0.0007752675193463705 0
1654119724648 0.0007475310139575951 0
1654119739132 0.0005038506771158783 0
1654119753980 0.0005233282405672085 0
1654119768846 0.0007102906665447418 0
1654119783802 0.0005629297431463945 0
1654119798676 0.0004230790080605526 0
1654119813628 0.0006435882553794124 0
1654119828875 0.000562248969950732 0
1654119844137 0.00046856848048817674 0
1654119859379 0.00037027769956449343 0
1654119874573 0.0003574739398466836 0
1654119889606 0.00034046183797109753 0
1654119904699 0.000316217920630361 0
1654119919512 0.0003281007373296941 0
1654119934867 0.00030581089917628915 0
1654119949734 0.0007026986802604438 0
1654119964679 0.00039655840307769837 0
1654119979918 0.00038201163171973064 0
1654119995317 0.00030859767802105507 0
1654120010278 0.00028722440363235214 0
1654120025269 0.00030228313969182894 0
1654120040275 0.0002973379449632455 0
1654120055579 0.003236137109045765 0
1654120071049 0.009007576074195717 0
1654120085986 0.0016479433230632968 0
1654120101206 0.0007248100508964636 0
1654120116037 0.0005745139677250005 0
1654120130859 0.0007541558378363558 0
1654120146002 0.0009410365241185858 0
1654120160814 0.0014436541176312554 0
1654120175802 0.0009670253338800343 0
1654120190975 0.0005776463557953516 0
1654120205727 0.0009619078121769722 0
1654120220280 0.0005105602320840322 0
1654120235246 0.000350339069036064 0
1654120250179 0.0003381079440101554 0
1654120264878 0.00037966964461039145 0
1654120279563 0.000377715849776184 0
1654120294590 0.00030335433345607854 0
1654120309637 0.00030543734422715403 0
1654120324582 0.00030256616630714903 0
1654120339492 0.0003010577839118368 0
1654120354522 0.0002816090969348259 0
1654120430225 0.20687292005613353 0
1654120447506 0.016318457054711244 0
1654120465496 0.009213172841736509 0
1654120482520 0.008161144185080859 0
1654120499328 0.0015330188561556584 0
1654120516201 0.0015431124338770867 0
1654120533277 0.001884761948068855 0
1654120550525 0.001247645531781526 0
1654120567064 0.000745064003833024 0
1654120583843 0.0006802842522095232 0
1654120600700 0.0006515040509339512 0
1654120617741 0.0006699905336112424 0
1654120634733 0.002974457198617761 0
1654120651638 0.001082370053975419 0
1654120668387 0.000733296768751677 0
1654120685114 0.004024587617272347 0
1654120702255 0.005641651169850176 0
1654120718879 0.000966833220715521 0
1654120735686 0.0009753637556211371 0
1654120752518 0.0007761420482513599 0
1654120769285 0.0006235644875416819 0
1654120786111 0.0006141294002354758 0
1654120803015 0.0005830796177292224 0
1654120819614 0.0005966157469309765 0
1654120836400 0.0005697617347747908 0
1654120853537 0.0005540926479002138 0
1654120870440 0.0008658218309450955 0
1654120887614 0.00941000814531895 0
1654120904380 0.0008348543349934901 0
1654120921342 0.0020000314952082782 0
1654120938392 0.0012175914884620684 0
1654120955182 0.0006510346219092887 0
1654120972055 0.0006045493698895508 0
1654120989003 0.0005962320747795434 0
1654121006051 0.0005728895723461975 0
1654121023082 0.0005549870870038063 0
1654121039837 0.0005459672841635873 0
1654121056630 0.0005402397220817429 0
1654121073468 0.000529188992053237 0
1654121090045 0.0005254300726262907 0
1654121107203 0.0005164318089850533 0
1654121124170 0.0005137103314813449 0
1654121141143 0.0005077037896937936 0
1654121157845 0.0005001944650813343 0
1654121174882 0.0004943874651335547 0
1654121191777 0.0004890696257746386 0
1654121208987 0.0004890461891837738 0
1654121225956 0.0004809513431619442 0
1654121243015 0.0004829209756682187 0
1654121259344 0.00047333524177614085 0
1654121352089 0.3391331417135343 0
1654121372171 0.04968177006766878 0
1654121391883 0.025121397038513942 0
1654121411144 0.012291451633313142 0
1654121430151 0.01855395920927653 0
1654121449086 0.011682117983626552 0
1654121468100 0.010990091232529838 0
1654121486673 0.005365634792732282 0
1654121505730 0.0028598143815714134 0
1654121524584 0.0027570876163690874 0
1654121543435 0.013857875510755409 0
1654121562354 0.00772350242097674 0
1654121581393 0.008949776418891714 0
1654121600234 0.0026715348478917227 0
1654121619193 0.001706366611106955 0
1654121637758 0.003514147698814292 0
1654121656436 0.0022624020222286436 0
1654121675243 0.0013531867821495855 0
1654121694142 0.001230903494588606 0
1654121712944 0.0012019365802836497 0
1654121731679 0.0011735243248381059 0
1654121750550 0.0011328006576658597 0
1654121769192 0.0011063566589965205 0
1654121788071 0.0010786651278150722 0
1654121806773 0.0010590032106062104 0
1654121825748 0.0010844993071117777 0
1654121844921 0.0010275348338562253 0
1654121864092 0.0010207553093252153 0
1654121882518 0.001038812186282067 0
1654121901228 0.0010302209860536232 0
1654121919976 0.00098614470037508 0
1654121938863 0.0009722461715552972 0
1654121957393 0.0009623254800984595 0
1654121976230 0.0009549386307694303 0
1654121994816 0.0009440771431428888 0
1654122014060 0.0009353439704407167 0
1654122032973 0.0009269499339687419 0
1654122051680 0.0009310609144268793 0
1654122070096 0.0009172291169804338 0
1654122088917 0.00100528032995033 0
1654122107808 0.0011303001551424634 0
1654122126673 0.0011141182033651779 0
1654122145504 0.0010001794973954789 0
1654122164163 0.0009131319129307517 0
1654122183366 0.0027844724127965748 0
1654122202320 0.001412018615607875 0
1654122221074 0.001118353340185144 0
1654122239748 0.000948833640496229 0
1654122258567 0.0012289666414631924 0
1654122277666 0.0010287512981263936 0
1654122387043 0.16707423683581263 0
1654122408889 0.006519683491897736 0
1654122430197 0.003111405805799855 0
1654122451252 0.006134275739790202 0
1654122471959 0.0018771945087447915 0
1654122492645 0.0016572064121241588 0
1654122513265 0.0016444213991132482 0
1654122533541 0.0014444537475377082 0
1654122554181 0.003768752759692161 0
1654122574572 0.0014950127611641692 0
1654122594790 0.0014090448632508277 0
1654122615454 0.0013703272509859032 0
1654122635808 0.0013362033539941946 0
1654122656019 0.0013313348271645883 0
1654122676673 0.001343620075807626 0
1654122696826 0.001296171236738982 0
1654122717214 0.0012560889275346 0
1654122737870 0.0012381140235653313 0
1654122758989 0.0012200381702841528 0
1654122779563 0.0012090927447327483 0
1654122800299 0.0011983743814768678 0
1654122820808 0.001183143253960095 0
1654122841450 0.001276658888258246 0
1654122861982 0.0011917430169117618 0
1654122882496 0.0012022255724323087 0
1654122903316 0.0011604022553139979 0
1654122923912 0.0011482565574056963 0
1654122944756 0.0011386895455801403 0
1654122965635 0.001141558249116356 0
1654122986170 0.001117823505559498 0
1654123006634 0.0011335485377034903 0
1654123027160 0.0011124961391206123 0
1654123047566 0.0010977528892386992 0
1654123068212 0.0010938275899613356 0
1654123088581 0.0011312061707701123 0
1654123108913 0.001089633006567731 0
1654123129641 0.0010758879681378568 0
1654123150627 0.0010699838709876065 0
1654123171550 0.0010610702931103718 0
1654123192045 0.0010588720845522187 0
1654123212551 0.02299534072394563 0
1654123233126 0.004887976758688154 0
1654123253859 0.0022564124113083435 0
1654123274278 0.0016666071843952374 0
1654123295569 0.0014066051393304489 0
1654123315945 0.0014963022057371 0
1654123336681 0.0016427201017026132 0
1654123357704 0.0013575958824490117 0
1654123378131 0.0012936537086350001 0
1654123398341 0.001282798537436813 0
