1652502997643 2.4779351928710938 0
1652503002740 2.3175605854034425 0
1652503007875 2.34164474067688 0
1652503013109 2.2757547080993654 0
1652503018156 2.267341607666016 0
1652503023244 2.2680194744110107 0
1652503028335 2.216402965736389 0
1652503033361 2.256745492172241 0
1652503038389 2.210442796707153 0
1652503043615 2.1796955112457277 0
1652503048796 2.2043134872436525 0
1652503053874 2.185450156021118 0
1652503059184 2.1538784523010253 0
1652503064323 2.150844012451172 0
1652503069491 2.1584631412506106 0
1652503074618 2.17200279045105 0
1652503079792 2.1361074161529543 0
1652503085025 2.112204768371582 0
1652503090178 2.142094362640381 0
1652503095328 2.161462126159668 0
1652503100496 2.1499651687622072 0
1652503105707 2.1556394523620606 0
1652503110845 2.147118948173523 0
1652503115936 2.092748105239868 0
1652503121058 2.0929216571807863 0
1652503126172 2.123612337112427 0
1652503131345 2.0969205841064453 0
1652503136515 2.1294524154663086 0
1652503141776 2.0762832790374754 0
1652503146859 2.08533329372406 0
1652503159911 2.4724190017700196 0
1652503172368 2.280820190048218 0
1652503185105 2.2189726848602294 0
1652503197737 2.131613027381897 0
1652503210655 2.1078972301483154 0
1652503223365 2.03150788936615 0
1652503236227 1.9517408088684083 0
1652503248916 1.9492109912872315 0
1652503261734 1.8658113624572754 0
1652503274377 1.8533167762756348 0
1652503287376 1.7579648164749146 0
1652503300402 1.7625200553894043 0
1652503313048 1.7498004764556885 0
1652503325824 1.7203993759155274 0
1652503338397 1.7063508686065674 0
1652503351524 1.6657213851928712 0
1652503364475 1.642946113204956 0
1652503377343 1.6019530576705934 0
1652503390118 1.554884209060669 0
1652503403041 1.5897033693313598 0
1652503415984 1.5548193265914918 0
1652503428783 1.5722003173828125 0
1652503441938 1.5309616136550903 0
1652503455080 1.5368839389801026 0
1652503468023 1.4837968353271485 0
1652503480796 1.4918993843078614 0
1652503493821 1.508044447517395 0
1652503506778 1.4571080554008484 0
1652503519741 1.414099705505371 0
1652503532680 1.4447880744934083 0
1652503546718 2.18881958656311 0
1652503559598 1.8878665714263916 0
1652503572572 1.7927468454360962 0
1652503585621 1.7606657150268554 0
1652503598999 1.7455335956573486 0
1652503612076 1.671641194152832 0
1652503624967 1.6636415098190307 0
1652503638112 1.6418487981796264 0
1652503651320 1.5850248081207274 0
1652503664381 1.6363380104064942 0
1652503677686 1.5268114604949952 0
1652503690711 1.5823700317382812 0
1652503703928 1.5384281549453735 0
1652503716864 1.56232121925354 0
1652503729718 1.4728585929870606 0
1652503742964 1.493175012397766 0
1652503756138 1.4319865100860596 0
1652503769190 1.4658482957839967 0
1652503782378 1.4208286449432372 0
1652503795592 1.4169346139907837 0
1652503808917 1.442681447982788 0
1652503822016 1.4286927921295165 0
1652503835307 1.3958508640289307 0
1652503848434 1.3975776160240174 0
1652503861604 1.33954506111145 0
1652503874733 1.3471071815013886 0
1652503887808 1.4222617124557495 0
1652503900552 1.3664740753173827 0
1652503913965 1.3285768589019775 0
1652503927110 1.3456338514328003 0
1652503941570 1.9884686304092407 0
1652503954578 1.6610350250244141 0
1652503967897 1.558306432723999 0
1652503981040 1.4522863487243651 0
1652503994312 1.4517925296783447 0
1652504007493 1.3986510137557984 0
1652504020587 1.4380212026596069 0
1652504033935 1.3330847858428956 0
1652504047268 1.306646374320984 0
1652504060581 1.2892760757446289 0
1652504073904 1.292602985572815 0
1652504087237 1.277363752269745 0
1652504100155 1.2278722005844116 0
1652504113568 1.2708848371505737 0
1652504126781 1.1885423025131225 0
1652504140088 1.151444086456299 0
1652504153254 1.1229155303955078 0
1652504166469 1.1745662509918213 0
1652504179708 1.164784081840515 0
1652504192780 1.152869152069092 0
1652504206157 1.134696237373352 0
1652504219431 1.1139432569503784 0
1652504232565 1.1279939390182494 0
1652504245788 1.131546092414856 0
1652504258958 1.0648980843544007 0
1652504272254 1.0284525468826293 0
1652504285401 1.1118204684257507 0
1652504298490 1.0384089256286622 0
1652504311784 1.017353389930725 0
1652504325086 1.006261877822876 0
1652504340008 2.1460644523620607 0
1652504353384 1.8653345291137695 0
1652504366748 1.800163946723938 0
1652504380148 1.7818850700378417 0
1652504393049 1.7128798233032227 0
1652504406468 1.7061443752288818 0
1652504419832 1.6324378747940063 0
1652504433313 1.6402594402313233 0
1652504446729 1.6390553493499755 0
1652504460058 1.6109712570190429 0
1652504473624 1.6126671215057373 0
1652504487187 1.5459625232696532 0
1652504500597 1.5748435873031617 0
1652504513984 1.5595221172332763 0
1652504527278 1.541317226791382 0
1652504540782 1.5240735570907593 0
1652504553880 1.5227447174072266 0
1652504567283 1.4917609883308411 0
1652504580603 1.475067505455017 0
1652504593996 1.5182474407196045 0
1652504607372 1.5282582761764527 0
1652504620782 1.4678552795410156 0
1652504634366 1.4891525201797486 0
1652504647760 1.4915335041046143 0
1652504661281 1.4803226779937744 0
1652504674847 1.463624105644226 0
1652504687793 1.4661744886398316 0
1652504701349 1.432870083808899 0
1652504714814 1.4754103735923767 0
1652504727869 1.413386848449707 0
