1652283555462 0.2767486105600993 0
1652283580151 0.137768704377984 0
1652283605246 0.10280856634316345 0
1652283630147 0.08764900429025292 0
1652283654389 0.07255931335687638 0
1652283679452 0.06097217872161418 0
1652283704444 0.05215480810298274 0
1652283729777 0.049996420452805855 0
1652283754459 0.04478296925527199 0
1652283778991 0.040736387084028686 0
1652283810435 0.2328548528937193 0
1652283838424 0.10945733206845247 0
1652283865968 0.08492390075285848 0
1652283894103 0.06797644663676619 0
1652283922090 0.05963882269983968 0
1652283950661 0.052492624089121816 0
1652283978050 0.0447645412641864 0
1652284005886 0.04200153195372281 0
1652284034110 0.03952209938248046 0
1652284062157 0.03716832096087388 0
1652284098994 0.23204693479446264 0
1652284127353 0.10668012015074492 0
1652284155717 0.07375069190687858 0
1652284183745 0.06054350470673436 0
1652284211537 0.05482996679740743 0
1652284239842 0.04777015928951307 0
1652284267981 0.04511944561721041 0
1652284296128 0.039346975093041185 0
1652284324505 0.03899945033776144 0
1652284352699 0.038529041297343344 0
1652284391748 0.22086601050524698 0
1652284420298 0.10212595819983876 0
1652284448166 0.0731345129177561 0
1652284476907 0.058562789324448306 0
1652284504876 0.05109489075427791 0
1652284533270 0.04540638923293112 0
1652284561509 0.04156836224899543 0
1652284589770 0.03763003433932289 0
1652284618057 0.04034441960624337 0
1652284646400 0.03544937006590931 0
1652284690098 0.21428986388330276 0
1652284718346 0.0977986600397298 0
1652284746957 0.06721518666979212 0
1652284775270 0.05272695562852403 0
1652284804462 0.04548156930668136 0
1652284833674 0.042376316953550736 0
1652284862608 0.03915159592456184 0
1652284891161 0.034031272814404934 0
1652284919470 0.03318946125425506 0
1652284947878 0.03449202537562412 0
