1653783578522 0.2847495090261102 0
1653783627066 0.13676166340683898 0
1653783676309 0.10428046553470194 0
1653783725150 0.08628144835668305 0
1653783773319 0.07294708734058465 0
1653783826172 0.29094140177418787 0
1653783874890 0.13992575312132638 0
1653783923839 0.10628182179505627 0
1653783972147 0.08489596555742125 0
1653784021277 0.0729189922776694 0
1653784079324 0.2886042806526025 0
1653784127017 0.13883865958303213 0
1653784175737 0.10889333118113378 0
1653784224555 0.08684844410084187 0
1653784273210 0.07191314351974676 0
1653784334823 0.29106396452635525 0
1653784382810 0.1394398069806397 0
1653784431615 0.10459943542554974 0
1653784479832 0.08648162499051541 0
1653784528119 0.07400140982639665 0
1653784594723 0.2924076572470367 0
1653784643536 0.14197056642100214 0
1653784692156 0.10549310638171931 0
1653784740525 0.08374858177353939 0
1653784788641 0.07172367518050596 0
