1645550534183 1.4514146802902221 0
1645550535622 1.1007001392364502 0
1645550537076 0.9549082675933838 0
1645550538499 0.8832251833915711 0
1645550539961 0.808730919265747 0
1645550541950 1.068125980758667 0
1645550543713 0.6914801586151123 0
1645550545495 0.6070182001113892 0
1645550547278 0.562944445014 0
1645550549061 0.49636493418216704 0
1645550551548 1.0333781763076781 0
1645550553566 0.8096216289520264 0
1645550555618 0.7430043845176697 0
1645550557642 0.6643896509170533 0
1645550559633 0.6208413552284241 0
