1651672311871 0.4224 0
1651672314568 0.6132 0
1651672317289 0.6768 0
1651672320245 0.7112 0
1651672323097 0.7676 0
1651672326073 0.7872 0
1651672328974 0.7996 0
1651672331921 0.8088 0
1651672334762 0.8324 0
1651672337497 0.8088 0
1651672342497 0.5766 0
1651672347388 0.6222 0
1651672352278 0.6768 0
1651672357432 0.6986 0
1651672362304 0.7114 0
1651672367304 0.74 0
1651672372349 0.7484 0
1651672377279 0.7606 0
1651672382306 0.7852 0
1651672387257 0.7916 0
1651672395021 0.6533333333333333 0
1651672402120 0.6945333333333333 0
1651672409371 0.7268 0
1651672416411 0.7228 0
1651672423723 0.7294666666666667 0
1651672431046 0.7496 0
1651672438234 0.7524 0
1651672445270 0.7632 0
1651672452415 0.7674666666666666 0
1651672459594 0.7796 0
1651672469610 0.7244 0
1651672479093 0.7449 0
1651672488882 0.7639 0
1651672498577 0.7657 0
1651672508091 0.7833 0
1651672517774 0.7811 0
1651672527581 0.7824 0
1651672537206 0.7907 0
1651672546841 0.7927 0
1651672556600 0.7991 0
1651672569808 0.7008 0
1651672582010 0.72944 0
1651672594414 0.73728 0
1651672606651 0.75456 0
1651672618407 0.75192 0
1651672630696 0.75136 0
1651672642482 0.75448 0
1651672654728 0.76232 0
1651672667017 0.76512 0
1651672678887 0.7712 0
