1654201314045 0.5266476687079367 0
1654201328361 0.8582428909234221 0
1654201342325 0.9240283756745286 0
1654201356354 0.9423998059782939 0
1654201370689 0.933850724549809 0
1654201400542 0.854036122373756 0
1654201415654 0.9307566742141015 0
1654201430341 0.9360749828866305 0
1654201445260 0.9467642567531989 0
1654201460332 0.9446579958927913 0
1654201506075 0.8980204275034221 0
1654201521401 0.9345582815625987 0
1654201536686 0.9394545645993472 0
1654201551797 0.943245235337475 0
1654201567140 0.9476150363272613 0
1654201628730 0.8500710937911422 0
1654201644193 0.9024698509663489 0
1654201659366 0.9136868713465691 0
1654201674663 0.9314866501658855 0
1654201689933 0.9285902364526831 0
1654201766263 0.9282704866231304 0
1654201781896 0.9409100484516537 0
1654201797255 0.9469138403202022 0
1654201812601 0.943648620181167 0
1654201827780 0.9540235938487466 0
