1652794398704 0.172 0
1652794403304 0.3252 0
1652794407997 0.4234 0
1652794412722 0.4968 0
1652794417453 0.5624 0
1652794422333 0.6074 0
1652794427083 0.6632 0
1652794431982 0.6886 0
1652794436683 0.7276 0
1652794441413 0.7522 0
1652794447580 0.28 0
1652794453383 0.4362 0
1652794459205 0.4992 0
1652794465061 0.5504 0
1652794470842 0.5942 0
1652794476792 0.6352 0
1652794482651 0.6654 0
1652794488548 0.6986 0
1652794494363 0.7222 0
1652794500310 0.7536 0
1652794506697 0.2674 0
1652794512597 0.4526 0
1652794518407 0.5366 0
1652794524345 0.6106 0
1652794530220 0.657 0
1652794536093 0.6792 0
1652794541931 0.7262 0
1652794547687 0.7574 0
1652794553474 0.7846 0
1652794559219 0.81 0
1652794566087 0.3356 0
1652794572067 0.5364 0
1652794577843 0.5892 0
1652794583717 0.643 0
1652794589620 0.684 0
1652794595523 0.724 0
1652794601346 0.7432 0
1652794607157 0.767 0
1652794613115 0.783 0
1652794618970 0.8138 0
1652794626186 0.43 0
1652794631973 0.5894 0
1652794637883 0.6748 0
1652794643780 0.7162 0
1652794649843 0.7582 0
1652794655603 0.7944 0
1652794661574 0.8132 0
1652794667533 0.838 0
1652794673417 0.8608 0
1652794679348 0.8738 0
1652794686907 0.3564 0
1652794692809 0.5154 0
1652794698629 0.591 0
1652794704482 0.6266 0
1652794710345 0.6682 0
1652794716311 0.7136 0
1652794722315 0.7296 0
1652794728352 0.7616 0
1652794734263 0.784 0
1652794740139 0.8076 0
1652794747898 0.4166 0
1652794753877 0.6236 0
1652794759733 0.7034 0
1652794765528 0.7538 0
1652794771410 0.7768 0
1652794777264 0.8078 0
1652794782966 0.8352 0
1652794788835 0.8564 0
1652794794799 0.8718 0
1652794800814 0.8888 0
1652794809033 0.3622 0
1652794814919 0.5388 0
1652794820978 0.6168 0
1652794826896 0.6712 0
1652794832890 0.7122 0
1652794838955 0.7302 0
1652794844840 0.769 0
1652794850767 0.795 0
1652794856722 0.8236 0
1652794862643 0.8402 0
1652794871193 0.4144 0
1652794877269 0.5922 0
1652794883244 0.6458 0
1652794889174 0.6752 0
1652794894967 0.7132 0
1652794900953 0.7316 0
1652794907024 0.7662 0
1652794913014 0.7754 0
1652794918976 0.8004 0
1652794924927 0.8086 0
1652794933884 0.415 0
1652794940067 0.5968 0
1652794946281 0.6704 0
1652794952072 0.694 0
1652794958213 0.7348 0
1652794964125 0.7662 0
1652794970126 0.7908 0
1652794976068 0.8126 0
1652794981956 0.8316 0
1652794987860 0.8478 0
1652794997157 0.341 0
1652795003091 0.5376 0
1652795009178 0.6348 0
1652795015147 0.6746 0
1652795021009 0.726 0
1652795027014 0.7454 0
1652795033087 0.7708 0
1652795039021 0.7882 0
1652795045037 0.8026 0
1652795050871 0.816 0
1652795060400 0.3584 0
1652795066291 0.5038 0
1652795072188 0.567 0
1652795078172 0.6142 0
1652795084281 0.661 0
1652795090111 0.6786 0
1652795096013 0.716 0
1652795101874 0.7448 0
1652795107878 0.7566 0
1652795114013 0.7828 0
1652795124110 0.387 0
1652795130181 0.62 0
1652795136323 0.6796 0
1652795142234 0.7404 0
1652795148262 0.7704 0
1652795154062 0.797 0
1652795160051 0.8228 0
1652795165928 0.8402 0
1652795172020 0.8574 0
1652795178016 0.8776 0
1652795188188 0.3846 0
1652795194149 0.5392 0
1652795200154 0.6224 0
1652795206338 0.6588 0
1652795212330 0.6892 0
1652795218253 0.7322 0
1652795224238 0.7578 0
1652795230400 0.7734 0
1652795236401 0.7942 0
1652795242298 0.8134 0
1652795252856 0.4546 0
1652795258991 0.6398 0
1652795264977 0.7002 0
1652795271041 0.7392 0
1652795277216 0.773 0
1652795283095 0.7964 0
1652795289100 0.8106 0
1652795295071 0.8412 0
1652795301141 0.8618 0
1652795307136 0.8664 0
1652795318052 0.4266 0
1652795324042 0.6256 0
1652795330084 0.7092 0
1652795336061 0.7514 0
1652795342251 0.789 0
1652795348341 0.8056 0
1652795354366 0.8268 0
1652795360357 0.8394 0
1652795366439 0.865 0
1652795372589 0.8856 0
1652795384134 0.4248 0
1652795390133 0.5716 0
1652795396206 0.6334 0
1652795402417 0.661 0
1652795408438 0.6982 0
1652795414520 0.7228 0
1652795420586 0.7434 0
1652795426655 0.756 0
1652795432848 0.7726 0
1652795438805 0.8004 0
1652795450636 0.5002 0
1652795456688 0.6872 0
1652795462735 0.7348 0
1652795468772 0.7646 0
1652795474814 0.7954 0
1652795481094 0.8174 0
1652795487151 0.8432 0
1652795493107 0.8488 0
1652795499187 0.872 0
1652795505192 0.889 0
1652795517431 0.475 0
1652795523611 0.6656 0
1652795529694 0.7326 0
1652795535788 0.7716 0
1652795541838 0.7892 0
1652795547953 0.8124 0
1652795553944 0.8368 0
1652795560233 0.8534 0
1652795566337 0.8714 0
1652795572351 0.8778 0
1652795585195 0.3918 0
1652795591396 0.5794 0
1652795597436 0.6472 0
1652795603534 0.6952 0
1652795609603 0.7316 0
1652795615894 0.7596 0
1652795622069 0.7784 0
1652795628212 0.8048 0
1652795634332 0.8196 0
1652795640429 0.8338 0
