1654715535483 0.8754623173467532 0
1654715549717 0.986297217001152 0
1654715563912 0.9914509185715152 0
1654715578068 0.9993936821681926 0
1654715592041 0.999272418601831 0
1654715614054 0.9280819841125463 0
1654715631828 0.9964829300830756 0
1654715649625 0.9967861257655691 0
1654715670004 0.99721059972106 0
1654715687497 0.9995148869080104 0
1654715713595 0.9510731174972717 0
1654715730878 0.99508912331757 0
1654715748185 0.9990299502849521 0
1654715765661 1.0 0
1654715782739 0.999878743785619 0
1654715812829 0.9183747725894481 0
1654715830257 0.9865372953305034 0
1654715847651 0.9913887204366283 0
1654715865084 0.9953305033353548 0
1654715882503 0.9951485748938751 0
1654715917269 0.9532993692382339 0
1654715935152 0.9990902474526928 0
1654715952701 0.9998180494905385 0
1654715970437 1.0 0
1654715987973 1.0 0
