1651683030462 0.9999973709106446 0
1651683033506 0.5958912014007568 0
1651683036486 0.5270548371970654 0
1651683039481 0.40782621164321897 0
1651683042634 0.3540465115725994 0
1651683045680 0.2999608456462622 0
1651683048758 0.2934672008037567 0
1651683051863 0.2366991896033287 0
1651683055018 0.2325763370871544 0
1651683057973 0.20960209107398986 0
1651683060883 0.20098605541884898 0
1651683063970 0.16837679812312126 0
1651683067018 0.15576136550307274 0
1651683070192 0.14855875737667085 0
1651683073345 0.17483781616687774 0
1651683076389 0.23446952509880065 0
1651683079427 0.13611992023587227 0
1651683082470 0.129067449490726 0
1651683085509 0.09614540484398604 0
1651683088529 0.09001997811794281 0
1651683091522 0.10196298542618752 0
1651683094579 0.0807028853237629 0
1651683097455 0.0923501275062561 0
1651683100424 0.08605748674124479 0
1651683103389 0.0575190474525094 0
1651683106295 0.09324833438843488 0
1651683109282 0.05428932847566903 0
1651683112342 0.09824724142253399 0
1651683115303 0.07067038385570049 0
1651683118422 0.10900276601612569 0
1651683123940 0.6645072540283203 0
1651683129112 0.5188279930114746 0
1651683134340 0.45484388484954835 0
1651683139478 0.3616622902750969 0
1651683144465 0.32886427013874053 0
1651683149728 0.2898455536365509 0
1651683154978 0.24896427714824676 0
1651683160187 0.25563563554883 0
1651683165284 0.19681313095092773 0
1651683170423 0.19110386030673981 0
1651683175516 0.20753106387853623 0
1651683180653 0.1396579243659973 0
1651683185787 0.1474720975637436 0
1651683190992 0.15020143119096757 0
1651683196117 0.151012059289217 0
1651683201185 0.11507265166342258 0
1651683206261 0.1465756006896496 0
1651683211482 0.12027604311108589 0
1651683216649 0.12752248935699462 0
1651683221689 0.13801555910110475 0
1651683226592 0.08562639205753804 0
1651683231664 0.09400256890803575 0
1651683236700 0.09351163886040449 0
1651683241872 0.09309249083995819 0
1651683247122 0.15713541466891764 0
1651683252195 0.10047980404645204 0
1651683257310 0.08291752434875817 0
1651683262179 0.05774648515433073 0
1651683267362 0.0811465088956058 0
1651683272404 0.10347516412138939 0
1651683280191 0.47380827092329664 0
1651683287812 0.37731825536092123 0
1651683295117 0.2972450786113739 0
1651683302346 0.2978854645013809 0
1651683309697 0.25769832264582315 0
1651683316995 0.23258100740114848 0
1651683324305 0.21425967701276144 0
1651683331511 0.19991395902633666 0
1651683338912 0.17055624165534974 0
1651683346041 0.17534045249720415 0
1651683353400 0.1739063728650411 0
1651683360527 0.13172001267671585 0
1651683367893 0.15946580226421356 0
1651683375229 0.15328578642606736 0
1651683382654 0.1361709646264712 0
1651683389924 0.11878258974353473 0
1651683397142 0.13846486157178878 0
1651683404280 0.10710486032863457 0
1651683411413 0.10769862715701262 0
1651683418658 0.114152229509751 0
1651683425964 0.11352669153412183 0
1651683433271 0.11682540266911189 0
1651683440600 0.116434714670976 0
1651683447818 0.1058396759937207 0
1651683455484 0.09854161584079266 0
1651683462963 0.0708458478709062 0
1651683470233 0.10508520269592603 0
1651683477662 0.11804075213298201 0
1651683485068 0.11495339482824007 0
1651683492390 0.09967592384020488 0
1651683502701 0.2914063213467598 0
1651683512561 0.20012832490205765 0
1651683522376 0.184080576813221 0
1651683532256 0.16577382350564002 0
1651683541939 0.142157677949965 0
1651683551733 0.13680393283069134 0
1651683561245 0.13471916767805814 0
1651683571253 0.1273805415302515 0
1651683581056 0.12574961399286985 0
1651683590826 0.11667712373137475 0
1651683600448 0.13074401157200335 0
1651683610231 0.12094604637548327 0
1651683619701 0.11233476370871066 0
1651683629566 0.11225841812416912 0
1651683639311 0.11078092631027102 0
1651683648908 0.1047045172572136 0
1651683659134 0.10453161207586527 0
1651683669027 0.11407043574564159 0
1651683678535 0.09462049762904644 0
1651683688191 0.10024184889271856 0
1651683697779 0.11069746952578426 0
1651683707561 0.11022883201017976 0
1651683717115 0.11608289519846439 0
1651683726772 0.10806671700328588 0
1651683736474 0.09768702873066068 0
1651683745964 0.08786985873430968 0
1651683755420 0.10109663527831435 0
1651683765066 0.0984021898381412 0
1651683774803 0.10114264777377248 0
1651683784715 0.09368627114146948 0
1651683797585 0.3559488498973846 0
1651683809587 0.2908423980140686 0
1651683821722 0.24895244771957398 0
1651683834079 0.22815556913852691 0
1651683846414 0.2007388044166565 0
1651683858782 0.20853671934843063 0
1651683870982 0.20077288823127745 0
1651683883390 0.1681821322965622 0
1651683895426 0.16510964646816254 0
1651683907555 0.1541170664334297 0
1651683919721 0.15441287615418434 0
1651683931858 0.1517476760107279 0
1651683944010 0.14882969439387322 0
1651683956341 0.1414076191329956 0
1651683968562 0.1260882790493965 0
1651683980503 0.13022790920734406 0
1651683992864 0.1268588046002388 0
1651684005002 0.1356877683031559 0
1651684017336 0.1420879162800312 0
1651684029402 0.11650105564236642 0
1651684041802 0.10681819801926613 0
1651684053887 0.11484647833108902 0
1651684066306 0.12568009424686433 0
1651684078664 0.11780881947755814 0
1651684090840 0.11516252836048603 0
1651684102927 0.12034161558151245 0
1651684115267 0.11468393986165523 0
1651684127912 0.12431170490980148 0
1651684140432 0.13159094913125038 0
1651684153134 0.1289068225312233 0
