1652540167417 1.9620931898117064 0
1652540172575 1.5843398647308349 0
1652540177751 1.368307201576233 0
1652540182781 1.2171704635620118 0
1652540187796 1.071409663772583 0
1652540193024 0.963079965209961 0
1652540198061 0.8808551478385925 0
1652540203307 0.7552836912155151 0
1652540208649 0.6780766958236695 0
1652540213783 0.5869016671180725 0
1652540219022 0.5332227269172668 0
1652540224187 0.44205930042266844 0
1652540229383 0.43330485110282896 0
1652540234456 0.3568598415851593 0
1652540239611 0.31635906620025633 0
1652540244865 0.272595400762558 0
1652540249901 0.274544269490242 0
1652540255071 0.21831996765136719 0
1652540260349 0.2088961148738861 0
1652540265457 0.20561588068008424 0
1652540270478 0.18980518753528594 0
1652540275763 0.1863447242617607 0
1652540280954 0.16777465362548827 0
1652540286178 0.17718004257678985 0
1652540291160 0.1178185390740633 0
1652540296225 0.12926934460401535 0
1652540301243 0.12198530369699001 0
1652540306383 0.09261494996845722 0
1652540311583 0.12364621833264827 0
1652540316868 0.12329471526294947 0
1652540329749 1.6829620239257812 0
1652540342208 1.1060469721794128 0
1652540354773 0.9007161913394928 0
1652540367715 0.7351443932533264 0
1652540380131 0.6066144245147705 0
1652540393032 0.4977790975570679 0
1652540406173 0.42425224838256836 0
1652540419076 0.332355054807663 0
1652540431923 0.3042386325359345 0
1652540444632 0.2855624139785767 0
1652540457696 0.20708384182453154 0
1652540470497 0.19637231701612473 0
1652540483327 0.17360821859836578 0
1652540496450 0.16820345962047578 0
1652540509346 0.1477349706083536 0
1652540522390 0.1322921128511429 0
1652540535279 0.1078374652326107 0
1652540548158 0.10327671874165535 0
1652540561139 0.10642142732739449 0
1652540574352 0.11693506019711494 0
1652540587011 0.09527027217447757 0
1652540600127 0.1113028052598238 0
1652540613168 0.11205753036513924 0
1652540626209 0.07953219608962536 0
1652540639245 0.10028759627640248 0
1652540652334 0.07169368605017662 0
1652540665155 0.08012545254826546 0
1652540678170 0.08035653130114079 0
1652540691090 0.10389102500677108 0
1652540704276 0.06876832697093486 0
1652540718356 1.7401307510375976 0
1652540731477 1.2008194759368898 0
1652540744397 0.9574481556892395 0
1652540757503 0.7839597175598144 0
1652540770561 0.6817814773559571 0
1652540783540 0.5312691173553467 0
1652540796651 0.47765940502882004 0
1652540809875 0.399703887629509 0
1652540822860 0.30007303371429445 0
1652540835661 0.2883465591192245 0
1652540848768 0.25445186612606047 0
1652540861933 0.21522233204841615 0
1652540875024 0.19134112091064454 0
1652540888309 0.15333977805376053 0
1652540901351 0.15521524225771427 0
1652540914265 0.12089759739041328 0
1652540927331 0.10766342990398407 0
1652540940442 0.11022044824957848 0
1652540953727 0.13596360090374945 0
1652540967208 0.11008489036262036 0
1652540980399 0.10675171626815573 0
1652540993450 0.08555034737586975 0
1652541006360 0.14593828145861626 0
1652541019625 0.08360921008139849 0
1652541032427 0.07423570571243764 0
1652541045465 0.08102202015221119 0
1652541058637 0.07605858831554652 0
1652541071778 0.0689137300953269 0
1652541084845 0.09270075902640819 0
1652541097988 0.11251999447643757 0
1652541112578 1.5064627858161925 0
1652541125920 0.9842638111114502 0
1652541139352 0.7872104986190795 0
1652541152646 0.623103094625473 0
1652541166026 0.48430943427085876 0
1652541179221 0.41886640577316286 0
1652541192281 0.33784192420840264 0
1652541205293 0.2649716744184494 0
1652541218639 0.21963334976434706 0
1652541231904 0.19738281910419464 0
1652541245208 0.16765287828445435 0
1652541258556 0.14794639174491167 0
1652541271840 0.1534384857594967 0
1652541285051 0.14263641912341118 0
1652541298296 0.1026533887565136 0
1652541311530 0.09495551830530166 0
1652541324872 0.1039493412166834 0
1652541338288 0.08166740613803268 0
1652541351155 0.08332894325107336 0
1652541364649 0.06987531952261924 0
1652541377721 0.08894620834887028 0
1652541391052 0.07151984612345695 0
1652541404393 0.09473477934002876 0
1652541417457 0.08820305534303188 0
1652541430795 0.04998520859181881 0
1652541444001 0.09263290693610907 0
1652541457129 0.06803362675011158 0
1652541470633 0.07585359577089548 0
1652541484086 0.06883821269199251 0
1652541497358 0.04487702590078115 0
1652541512493 1.6697691537857056 0
1652541525865 1.2281060691833496 0
1652541539323 1.0306068601608276 0
1652541552682 0.8649052085876465 0
1652541566084 0.7108747936248779 0
1652541579445 0.6139068705558777 0
1652541592588 0.5014740886449813 0
1652541605906 0.4031254420280457 0
1652541619226 0.35500806910991667 0
1652541632740 0.2644066941022873 0
1652541646005 0.23806777775287627 0
1652541659466 0.20222450684309007 0
1652541673072 0.18449131664037705 0
1652541686398 0.16238285802602767 0
1652541699764 0.1443354905501008 0
1652541713107 0.11980940760970116 0
1652541726436 0.11681559024453163 0
1652541739858 0.10784787545800209 0
1652541753353 0.11623884653449058 0
1652541766834 0.09517156474590302 0
1652541780229 0.06997583200633525 0
1652541793679 0.06393863441348076 0
1652541806992 0.0913617958381772 0
1652541820434 0.09446830480098724 0
1652541833877 0.0802118889093399 0
1652541847158 0.07585613449811936 0
1652541860384 0.0745549839451909 0
1652541873801 0.08335698139220477 0
1652541887312 0.06894051960408687 0
1652541900729 0.06518550696969032 0
