1652082397466 0.2763489530717333 0
1652082422051 0.1352686727573474 0
1652082446597 0.10007278590618322 0
1652082470925 0.08247782464555155 0
1652082494756 0.06923372541433201 0
1652082518688 0.05683420704429348 0
1652082542769 0.052468729378500334 0
1652082567377 0.04518682290821647 0
1652082591726 0.04258692494359954 0
1652082615538 0.03902463377489088 0
1652082639479 0.037180834024616825 0
1652082662798 0.03280271068084597 0
1652082686413 0.03325930491371934 0
1652082710099 0.03316597858899428 0
1652082734877 0.027651321121087917 0
1652082759262 0.028826904956251384 0
1652082784104 0.028555004917331584 0
1652082807931 0.026905115546875944 0
1652082832022 0.024723136595456163 0
1652082856198 0.02528190185642258 0
1652082880385 0.024727125212110696 0
1652082905366 0.023225669905353182 0
1652082929905 0.021386382805001145 0
1652082954617 0.023874594455004748 0
1652082978301 0.022022564894823397 0
1652083001908 0.024270389742555562 0
1652083025593 0.02000605773452747 0
1652083049792 0.022331793327745982 0
1652083073645 0.019240636694794377 0
1652083096541 0.021217921879864297 0
1652083127799 0.23749517405995957 0
1652083155142 0.10048583760135449 0
1652083182511 0.07019656772332696 0
1652083209883 0.05237508658470156 0
1652083237238 0.044334719390450764 0
1652083264817 0.041662429214541156 0
1652083291996 0.037699928840529175 0
1652083319316 0.03416745467132602 0
1652083346846 0.030818233043245543 0
1652083374262 0.031753761300444605 0
1652083401455 0.029796649786722487 0
1652083428842 0.02801611339112099 0
1652083456167 0.028794606395515326 0
1652083483684 0.029279690293836085 0
1652083511317 0.02519713144061478 0
1652083539258 0.026735098722816195 0
1652083566774 0.026212188072969617 0
1652083594291 0.029276295320595204 0
1652083621354 0.021886006184605112 0
1652083648691 0.026477154079472754 0
1652083676039 0.025619832517082643 0
1652083703384 0.02354965504627594 0
1652083731023 0.023767395605742394 0
1652083758642 0.021673868927245404 0
1652083785951 0.02498610894577309 0
1652083812875 0.023941065701761265 0
1652083840280 0.023714264897229775 0
1652083867555 0.022899027292774946 0
1652083895161 0.022727447248998438 0
1652083922789 0.02562231180011653 0
1652083957545 0.2309179261111296 0
1652083984419 0.09761573183364593 0
1652084011379 0.0669576781696031 0
1652084038681 0.04877268114356467 0
1652084066387 0.045932707945594134 0
1652084094075 0.039069577865180775 0
1652084121594 0.03465964462718425 0
1652084149510 0.0345169118293776 0
1652084177144 0.031094199783131122 0
1652084204574 0.03280681993920141 0
1652084231913 0.02828058533959019 0
1652084259360 0.028892757790213306 0
1652084286872 0.028006984281378728 0
1652084313576 0.027939691192552876 0
1652084341182 0.027107439434772822 0
1652084368586 0.027449174982350534 0
1652084396093 0.027229340634471737 0
1652084423517 0.02629257222065935 0
1652084451151 0.02614226887544859 0
1652084478522 0.02658205145311703 0
1652084506261 0.028229176625248285 0
1652084534204 0.025767949170578057 0
1652084561196 0.02362631099138391 0
1652084588571 0.022290970372907424 0
1652084616228 0.022650005960601714 0
1652084643779 0.023243769950632796 0
1652084670974 0.02653636622692127 0
1652084698378 0.023401798156821033 0
1652084726163 0.02297650992226845 0
1652084753530 0.024688041728732565 0
1652084791939 0.22771037002506894 0
1652084819759 0.09805101143992488 0
1652084847363 0.06646424839592047 0
1652084875416 0.053074779416863144 0
1652084903255 0.04477262991643329 0
1652084930964 0.041048105852378954 0
1652084958939 0.03718322717359841 0
1652084986887 0.03623846314496121 0
1652085014647 0.03267005932113858 0
1652085042595 0.0330583539637066 0
1652085070086 0.02697724062291617 0
1652085098204 0.03141070703651481 0
1652085125650 0.031134375173040806 0
1652085153840 0.027104270075752737 0
1652085181995 0.030334747392311567 0
1652085209603 0.02574551788702777 0
1652085237819 0.02931480640405429 0
1652085265251 0.02668551305423541 0
1652085293658 0.026265648585103427 0
1652085321854 0.025936905809483143 0
1652085349969 0.026605961533511666 0
1652085378115 0.02697543125584321 0
1652085405298 0.022175661806795637 0
1652085433305 0.025753492403444607 0
1652085460559 0.02474300967449748 0
1652085488301 0.02290966838150192 0
1652085516423 0.027000695128992204 0
1652085544517 0.025860275804843385 0
1652085572679 0.023216541364069542 0
1652085600824 0.025412822906623937 0
1652085643597 0.2215277407980882 0
1652085672273 0.09852214893073989 0
1652085700356 0.0656347542268439 0
1652085728899 0.05272083149950665 0
1652085756823 0.04460265773640802 0
1652085785162 0.040279536827302606 0
1652085813439 0.03786202830262124 0
1652085842840 0.034901906234341175 0
1652085871487 0.031065099583268883 0
1652085899617 0.03054106488228471 0
1652085928408 0.03052477863936488 0
1652085956425 0.02995167382736153 0
1652085984645 0.028895194972054852 0
1652086012670 0.030071193619863615 0
1652086040630 0.02577744702568788 0
1652086068729 0.027598492750653084 0
1652086097579 0.028381374981103893 0
1652086126928 0.02597144343575346 0
1652086155613 0.02890650260280728 0
1652086184097 0.024712002207150308 0
1652086212536 0.02699740185723192 0
1652086241078 0.024631538803752316 0
1652086269762 0.024346913500586882 0
1652086298977 0.02765784669330863 0
1652086327388 0.02519149660877973 0
1652086355348 0.02330776424745474 0
1652086384007 0.02457194423394036 0
1652086413402 0.02751959887708027 0
1652086441798 0.02462411250875627 0
1652086469978 0.022977796020567116 0
