1651770760126 0.6392758489608764 0
1651770763416 0.40802981004714967 0
1651770766755 0.2781968810915947 0
1651770770130 0.19179645517915486 0
1651770773527 0.2032090202331543 0
1651770776796 0.1718370478749275 0
1651770780162 0.13950939515829086 0
1651770783509 0.15349043045043945 0
1651770786959 0.12197515538185835 0
1651770790431 0.08947196284532546 0
1651770793734 0.07206893722563983 0
1651770797127 0.10311002595424652 0
1651770800415 0.0821966249987483 0
1651770803813 0.10552980435863137 0
1651770807182 0.09824059807658196 0
1651770810605 0.14335813052803278 0
1651770813906 0.0632015757702291 0
1651770817332 0.04457025868929922 0
1651770820632 0.05598174006193876 0
1651770823925 0.0997961342573166 0
1651770827104 0.16865494570806622 0
1651770830442 0.04723568124696612 0
1651770833750 0.04014475822411478 0
1651770837114 0.05667579129692167 0
1651770840452 0.039427674974687396 0
1651770843796 0.037779977728798986 0
1651770847049 0.03208424790650606 0
1651770850429 0.0407537975654006 0
1651770853759 0.056439870496094224 0
1651770857059 0.1018981647863984 0
1651770864343 1.0433589622497559 0
1651770871087 0.6581728965044021 0
1651770877867 0.5748415237426758 0
1651770884574 0.4587559250831604 0
1651770891392 0.39352755067050454 0
1651770898185 0.30695004811286924 0
1651770905040 0.26307155350446704 0
1651770911795 0.23015418951511382 0
1651770918603 0.20918078161776066 0
1651770925543 0.17725702006816865 0
1651770932367 0.18621304574012756 0
1651770939131 0.18237873933315277 0
1651770946041 0.159720365858078 0
1651770952774 0.1996219049692154 0
1651770959793 0.11868567862510682 0
1651770966669 0.12846198833286762 0
1651770973377 0.0962174737483263 0
1651770980052 0.13949856133759023 0
1651770986796 0.09922117768526077 0
1651770993544 0.1327564633101225 0
1651771000479 0.10812115186750888 0
1651771007471 0.05760737143158913 0
1651771014365 0.08986926122009754 0
1651771021326 0.06754618184715509 0
1651771028327 0.10781830000281334 0
1651771035196 0.14757247952222824 0
1651771042116 0.21700522522330284 0
1651771049144 0.10123319489508867 0
1651771056209 0.09596033466160298 0
1651771063247 0.07753602977395058 0
1651771070929 1.0998783601760864 0
1651771077722 0.7385307262420654 0
1651771084845 0.6058756544589996 0
1651771091875 0.5080738383769989 0
1651771098963 0.42663687496185304 0
1651771105924 0.35848113975524903 0
1651771112890 0.3024026082038879 0
1651771120034 0.25924901528358457 0
1651771126954 0.31481589440852403 0
1651771134074 0.18702849006652833 0
1651771141021 0.1977623034387827 0
1651771147714 0.19124125878959894 0
1651771154393 0.1721571335554123 0
1651771161463 0.16747160823345184 0
1651771168246 0.1590228075504303 0
1651771175355 0.1336525111913681 0
1651771182406 0.1348044119015336 0
1651771189447 0.08339914619922638 0
1651771196570 0.15836245328187942 0
1651771203547 0.11028400425612926 0
1651771210295 0.09387544522583485 0
1651771217392 0.07898653599619865 0
1651771224304 0.09861048718243837 0
1651771231123 0.12585759825557472 0
1651771238064 0.13134957191348076 0
1651771245135 0.0789187861762941 0
1651771251933 0.08007715409956873 0
1651771259030 0.08099117023199796 0
1651771265957 0.0979124464161694 0
1651771272801 0.0911131889127195 0
1651771280760 0.7259755311608315 0
1651771287949 0.33306526317596435 0
1651771294971 0.3079524680137634 0
1651771302123 0.19093712648153305 0
1651771309300 0.1376533908188343 0
1651771316314 0.14021483537852764 0
1651771323411 0.13234304644465447 0
1651771330479 0.1435421959668398 0
1651771337587 0.08277496111989022 0
1651771344622 0.12682637599371374 0
1651771351726 0.10265590528994799 0
1651771358784 0.08973702125698328 0
1651771365866 0.08145180240273475 0
1651771372933 0.0729196513125673 0
1651771379878 0.07571305227130651 0
1651771386909 0.11374336195588113 0
1651771393720 0.080103670078516 0
1651771400841 0.06373909584227949 0
1651771407881 0.049931973983347415 0
1651771414661 0.059095235389843584 0
1651771421575 0.08743011525664479 0
1651771428345 0.06136824129074812 0
1651771435439 0.06995167817622423 0
1651771442534 0.05358934721797705 0
1651771449591 0.06195589343905449 0
1651771456651 0.17412380014955997 0
1651771463841 0.053378751385957005 0
1651771470777 0.03733898669779301 0
1651771477685 0.04151320510059595 0
1651771484760 0.08103376374095678 0
1651771493203 1.238460207748413 0
1651771500302 0.8196867883205414 0
1651771507264 0.5997248483657837 0
1651771514416 0.5248032487392426 0
1651771521657 0.461413364481926 0
1651771528779 0.39305920238494874 0
1651771535969 0.3482357545375824 0
1651771543124 0.2754243583828211 0
1651771550273 0.22682353720664977 0
1651771557181 0.2796492746353149 0
1651771564331 0.1976773866891861 0
1651771571455 0.22384036569595336 0
1651771578680 0.25550048706531525 0
1651771585524 0.25028846897780893 0
1651771592687 0.14074070456027984 0
1651771599834 0.11159875916540622 0
1651771606955 0.08781797169148922 0
1651771614093 0.09378381413668394 0
1651771621208 0.09257979675233365 0
1651771628307 0.13473081246614457 0
1651771634998 0.146685410015285 0
1651771642128 0.05770159984230995 0
1651771649283 0.13384968373551964 0
1651771656365 0.08193123541399837 0
1651771663311 0.10316122053861618 0
1651771670545 0.10460291643738746 0
1651771677685 0.22152988182902336 0
1651771684791 0.07868211767077446 0
1651771691890 0.09866928688883782 0
1651771698718 0.06504137953221797 0
