1651837406764 0.5944 0
1651837409859 0.7652 0
1651837413020 0.8208 0
1651837416139 0.8332 0
1651837419290 0.8408 0
1651837422296 0.884 0
1651837425418 0.8936 0
1651837428413 0.9104 0
1651837431566 0.9 0
1651837434697 0.9308 0
1651837437808 0.9404 0
1651837440975 0.9384 0
1651837443991 0.9424 0
1651837447126 0.9376 0
1651837450307 0.94 0
1651837453382 0.96 0
1651837456447 0.9676 0
1651837459544 0.9376 0
1651837462672 0.9652 0
1651837465788 0.964 0
1651837468991 0.9668 0
1651837472083 0.97 0
1651837475213 0.9844 0
1651837478280 0.9804 0
1651837481538 0.9792 0
1651837484677 0.978 0
1651837487795 0.9648 0
1651837491038 0.964 0
1651837494136 0.9708 0
1651837497226 0.9732 0
1651837502176 0.7202 0
1651837502833 0.0 0
1651837503493 0.0 0
1651837504188 0.0 0
1651837504847 0.0 0
1651837505509 0.0 0
1651837506134 0.0 0
1651837506791 0.0 0
1651837507431 0.0 0
1651837508085 0.0 0
1651837508733 0.0 0
1651837509404 0.0 0
1651837510059 0.0 0
1651837510708 0.0 0
1651837511368 0.0 0
1651837512034 0.0 0
1651837512719 0.0 0
1651837513383 0.0 0
1651837514028 0.0 0
1651837514682 0.0 0
1651837515356 0.0 0
1651837516025 0.0 0
1651837516683 0.0 0
1651837517339 0.0 0
1651837517997 0.0 0
1651837518658 0.0 0
1651837519307 0.0 0
1651837520003 0.0 0
1651837520667 0.0 0
1651837521331 0.0 0
1651837528675 0.7082666666666667 0
1651837529374 0.0 0
1651837530060 0.0 0
1651837530707 0.0 0
1651837531364 0.0 0
1651837532016 0.0 0
1651837532660 0.0 0
1651837533305 0.0 0
1651837533950 0.0 0
1651837534581 0.0 0
1651837535259 0.0 0
1651837535920 0.0 0
1651837536588 0.0 0
1651837537255 0.0 0
1651837537904 0.0 0
1651837538557 0.0 0
1651837539199 0.0 0
1651837539841 0.0 0
1651837540503 0.0 0
1651837541167 0.0 0
1651837541806 0.0 0
1651837542450 0.0 0
1651837543093 0.0 0
1651837543822 0.0 0
1651837544499 0.0 0
1651837545163 0.0 0
1651837545809 0.0 0
1651837546454 0.0 0
1651837547104 0.0 0
1651837547763 0.0 0
1651837555420 0.7432648706321686 0
1651837556064 0.0 0
1651837556677 0.0 0
1651837557347 0.0 0
1651837558002 0.0 0
1651837558644 0.0 0
1651837559355 0.0 0
1651837560022 0.0 0
1651837560707 0.0 0
1651837561354 0.0 0
1651837561988 0.0 0
1651837562637 0.0 0
1651837563287 0.0 0
1651837563932 0.0 0
1651837564588 0.0 0
1651837565249 0.0 0
1651837565890 0.0 0
1651837566542 0.0 0
1651837567242 0.0 0
1651837567917 0.0 0
1651837568588 0.0 0
1651837569238 0.0 0
1651837569902 0.0 0
1651837570562 0.0 0
1651837571220 0.0 0
1651837571883 0.0 0
1651837572526 0.0 0
1651837573164 0.0 0
1651837573800 0.0 0
1651837574439 0.0 0
1651837582504 0.6814666666666667 0
1651837583216 0.0 0
1651837583880 0.0 0
1651837584527 0.0 0
1651837585189 0.0 0
1651837585839 0.0 0
1651837586484 0.0 0
1651837587117 0.0 0
1651837587757 0.0 0
1651837588430 0.0 0
1651837589089 0.0 0
1651837589759 0.0 0
1651837590454 0.0 0
1651837591149 0.0 0
1651837591816 0.0 0
1651837592449 0.0 0
1651837593110 0.0 0
1651837593782 0.0 0
1651837594447 0.0 0
1651837595096 0.0 0
1651837595752 0.0 0
1651837596398 0.0 0
1651837597037 0.0 0
1651837597711 0.0 0
1651837598405 0.0 0
1651837599089 0.0 0
1651837599745 0.0 0
1651837600395 0.0 0
1651837601062 0.0 0
1651837601708 0.0 0
