1654684722265 0.9008069689127705 0
1654684742119 0.6605946010215591 0
1654684762893 0.5684739177874245 0
1654684783029 0.5232783650238345 0
1654684804017 0.5294989114365656 0
1654684823775 0.5075144928285487 0
1654684844510 0.47825263363315573 0
1654684864832 0.4775949444382999 0
1654684885626 0.45334411356426196 0
1654684904535 0.44797470694905894 0
1654684924313 0.4578628484452529 0
1654684943668 0.438258961018198 0
1654684963547 0.4078941780052928 0
1654684983404 0.427087416697011 0
1654685004307 0.4016273302155173 0
1654685024030 0.424744362147925 0
1654685044648 0.41977856655568346 0
1654685066275 0.39452669369062077 0
1654685086601 0.40648071537495345 0
1654685105965 0.40219574285393356 0
1654685125396 0.4103157233192684 0
1654685146017 0.4069495120756599 0
1654685165757 0.3878988666666782 0
1654685186378 0.41698297266636736 0
1654685207029 0.4110549649038545 0
1654685227403 0.39002372922694856 0
1654685246461 0.3842024400308577 0
1654685265853 0.41848586181748115 0
1654685285800 0.382002861477617 0
1654685305805 0.3958246536271474 0
1654685334306 0.7592367328489703 0
1654685349485 0.5037044167759649 0
1654685364928 0.43649757240878284 0
1654685380746 0.4055141916050229 0
1654685396076 0.3850094159254085 0
1654685411397 0.38449298712655117 0
1654685427261 0.3456593592668214 0
1654685443123 0.3524257015382076 0
1654685458073 0.34661046487769465 0
1654685473824 0.33585372031408783 0
1654685489447 0.3395189271729457 0
1654685505377 0.32371487556941286 0
1654685520613 0.32577555902071115 0
1654685536420 0.32433229601311286 0
1654685551605 0.3244097524170395 0
1654685567348 0.316120882478849 0
1654685582821 0.3358622805526216 0
1654685598366 0.3079663260763151 0
1654685614244 0.3207965106757722 0
1654685629923 0.3043342880256153 0
1654685645738 0.31531454319367247 0
1654685661716 0.3133392698327377 0
1654685677873 0.32181971677875826 0
1654685694119 0.2995521770524683 0
1654685709579 0.30528907400983696 0
1654685724748 0.32662450437519774 0
1654685740754 0.3188398239318548 0
1654685756256 0.30166964595551315 0
1654685771944 0.30889330744736815 0
1654685787516 0.32356197856389535 0
1654685830271 0.8101459728637233 0
1654685846496 0.5242384563512875 0
1654685862748 0.4489605193365376 0
1654685878731 0.41672897347808313 0
1654685895176 0.39224607269847406 0
1654685911681 0.36865860002449047 0
1654685927822 0.3867528217034995 0
1654685944302 0.3502987691924994 0
1654685960845 0.33512209916508395 0
1654685977231 0.3475868626350822 0
1654685993683 0.34644420281529903 0
1654686010572 0.36351818577457495 0
1654686027411 0.3436799340099855 0
1654686044101 0.3463920686202834 0
1654686060772 0.3493474838832238 0
1654686077486 0.33779589747523203 0
1654686093904 0.3209469244160612 0
1654686110415 0.32576750694271317 0
1654686126977 0.30801615849944575 0
1654686143620 0.3420691165700541 0
1654686160047 0.321453655861304 0
1654686176347 0.31571582789928926 0
1654686193890 0.3410701986640498 0
1654686210109 0.33631338157709106 0
1654686226360 0.32608877686737003 0
1654686242653 0.3156256015132273 0
1654686258904 0.3240998545192976 0
1654686274768 0.3281681466883073 0
1654686291193 0.3327260371565468 0
1654686307439 0.29692624005802387 0
1654686363957 0.9074678709727118 0
1654686379881 0.6286776459317829 0
1654686396259 0.5450862911387797 0
1654686412518 0.5376211276703744 0
1654686428686 0.5033397943824456 0
1654686444941 0.49241175411496113 0
1654686461438 0.4573292494298983 0
1654686477362 0.4539675122588927 0
1654686493905 0.4937717852719228 0
1654686509523 0.45223979005571585 0
1654686525641 0.4511626782502472 0
1654686541378 0.47566814686825726 0
1654686557867 0.43968909453111266 0
1654686574088 0.45948805896864087 0
1654686590566 0.44041702560944906 0
1654686607265 0.4434334470727806 0
1654686623828 0.44939580637074356 0
1654686640001 0.45022168336089163 0
1654686655861 0.4140967840602731 0
1654686671999 0.4067365788794933 0
1654686688524 0.4210871868717426 0
1654686704522 0.44278825206663447 0
1654686721021 0.43569624513655103 0
1654686736887 0.4145288975569496 0
1654686753184 0.4574671583975837 0
1654686769588 0.4222045883127332 0
1654686785573 0.44801878157710534 0
1654686801533 0.4316271627825147 0
1654686817590 0.42984164076675974 0
1654686833685 0.4151332044235943 0
1654686903656 0.7368201200711582 0
1654686919265 0.4321150982364448 0
1654686935065 0.3761154881381962 0
1654686951232 0.40384073184825664 0
1654686966979 0.38181640937256195 0
1654686982666 0.32670579166388747 0
1654686998221 0.33184187370933643 0
1654687014187 0.3404752992841357 0
1654687029817 0.3068499873745807 0
1654687045785 0.3083952557507297 0
1654687061185 0.3097745116022561 0
1654687076493 0.311273052683783 0
1654687091902 0.32065351875299014 0
1654687107480 0.2961695413566424 0
1654687123410 0.31628952879848465 0
1654687139386 0.3225047898500181 0
1654687155263 0.31554732283308107 0
1654687170885 0.3081584638392315 0
1654687186337 0.3050861826222327 0
1654687202221 0.31424156375890927 0
1654687217582 0.3020212218365644 0
1654687233247 0.30627182572840744 0
1654687248877 0.3091940955681717 0
1654687264522 0.2967219689968439 0
1654687280409 0.2998776061055226 0
1654687295996 0.31169383890767327 0
1654687311625 0.2924743035539524 0
1654687327421 0.31683665704518676 0
1654687343185 0.28553489605420157 0
1654687359026 0.2991523196586245 0
