1653843364608 0.91785 0
1653843413846 0.9609166666666666 0
1653843463314 0.9718166666666667 0
1653843512294 0.9778833333333333 0
1653843560968 0.9815666666666667 0
1653843610083 0.9836166666666667 0
1653843659340 0.9873333333333333 0
1653843708465 0.9898166666666667 0
1653843757770 0.9897666666666667 0
1653843806524 0.99065 0
1653843856107 0.9926166666666667 0
1653843905540 0.993 0
1653843954586 0.99315 0
1653844003899 0.99415 0
1653844052975 0.9945333333333334 0
1653844102127 0.9945166666666667 0
1653844151333 0.9939 0
1653844200116 0.9954 0
1653844250064 0.9947666666666667 0
1653844299796 0.9953833333333333 0
1653844349139 0.9952 0
1653844398243 0.9959666666666667 0
1653844447386 0.996 0
1653844496176 0.99565 0
1653844545145 0.9958666666666667 0
1653844594477 0.9956333333333334 0
1653844644051 0.9961666666666666 0
1653844693526 0.997 0
1653844742512 0.9963166666666666 0
1653844791856 0.99705 0
1653844841277 0.9964 0
1653844890122 0.9972333333333333 0
1653844938900 0.9972166666666666 0
1653844987985 0.9958166666666667 0
1653845037748 0.9971833333333333 0
1653845086952 0.997 0
1653845136053 0.99655 0
1653845185584 0.9968166666666667 0
1653845235064 0.9972833333333333 0
1653845284454 0.9971833333333333 0
1653845333690 0.9974666666666666 0
1653845382855 0.9972166666666666 0
1653845431597 0.9965833333333334 0
1653845481271 0.9971833333333333 0
1653845529981 0.9974 0
1653845578536 0.9972 0
1653845627553 0.9976 0
1653845676112 0.9976166666666667 0
1653845725403 0.99745 0
1653845775239 0.9972333333333333 0
1653845829937 0.9141166666666667 0
1653845878973 0.9604333333333334 0
1653845927836 0.9705 0
1653845977358 0.9764666666666667 0
1653846027209 0.9816 0
1653846075684 0.9850333333333333 0
1653846125095 0.98715 0
1653846175407 0.9883333333333333 0
1653846225082 0.9902666666666666 0
1653846274271 0.9908166666666667 0
1653846323415 0.9926166666666667 0
1653846372362 0.9928833333333333 0
1653846421293 0.9928333333333333 0
1653846470747 0.9930833333333333 0
1653846520224 0.9942333333333333 0
1653846569962 0.99435 0
1653846618623 0.9946166666666667 0
1653846668389 0.9951833333333333 0
1653846717770 0.99575 0
1653846766648 0.99465 0
1653846816271 0.9952 0
1653846865973 0.9956166666666667 0
1653846915123 0.9962166666666666 0
1653846963679 0.9964833333333334 0
1653847012696 0.9958 0
1653847061608 0.9961 0
1653847110790 0.9964 0
1653847159777 0.99655 0
1653847209093 0.9966166666666667 0
1653847258483 0.99635 0
1653847307414 0.99705 0
1653847356020 0.9969333333333333 0
1653847405315 0.9969166666666667 0
1653847454358 0.9964666666666666 0
1653847503584 0.9970166666666667 0
1653847552634 0.9968333333333333 0
1653847601955 0.9972666666666666 0
1653847650914 0.9970333333333333 0
1653847699432 0.99675 0
1653847747514 0.9981666666666666 0
1653847796964 0.99715 0
1653847846254 0.9971166666666667 0
1653847895189 0.9970666666666667 0
1653847944828 0.99735 0
1653847994052 0.9977666666666667 0
1653848043372 0.9974833333333334 0
1653848092491 0.9966 0
1653848141486 0.9974833333333334 0
1653848190961 0.99745 0
1653848240191 0.9976666666666667 0
1653848298542 0.9174 0
1653848348047 0.9597333333333333 0
1653848397765 0.9710666666666666 0
1653848447019 0.9777333333333333 0
1653848496847 0.9820833333333333 0
1653848546222 0.9849166666666667 0
1653848595397 0.9870166666666667 0
1653848644961 0.9887833333333333 0
1653848693844 0.9905666666666667 0
1653848742477 0.9909 0
1653848791772 0.9924 0
1653848841207 0.99295 0
1653848890734 0.9933666666666666 0
1653848940226 0.9938666666666667 0
1653848989483 0.9943833333333333 0
1653849037717 0.99495 0
1653849086442 0.9946333333333334 0
1653849135856 0.9943666666666666 0
1653849184781 0.9951166666666666 0
1653849233810 0.9952166666666666 0
1653849283132 0.9957333333333334 0
1653849332132 0.99595 0
1653849381480 0.9961666666666666 0
1653849431545 0.9964166666666666 0
1653849480326 0.9953333333333333 0
1653849529784 0.99665 0
1653849579007 0.9961333333333333 0
1653849627808 0.99695 0
1653849677285 0.9968 0
1653849726494 0.997 0
1653849775713 0.99605 0
1653849824848 0.9968333333333333 0
1653849874136 0.99695 0
1653849924027 0.99615 0
1653849973144 0.9975666666666667 0
1653850022863 0.9971166666666667 0
1653850072072 0.997 0
1653850121415 0.9970833333333333 0
1653850170340 0.99755 0
1653850219662 0.9972166666666666 0
1653850268623 0.9972 0
1653850318452 0.9972666666666666 0
1653850367233 0.9974666666666666 0
1653850416006 0.9969333333333333 0
1653850464954 0.9971833333333333 0
1653850514233 0.998 0
1653850563904 0.9967833333333334 0
1653850613092 0.9973166666666666 0
1653850662071 0.9975666666666667 0
1653850711576 0.9977166666666667 0
1653850774830 0.9160833333333334 0
1653850824349 0.9609666666666666 0
1653850873883 0.9705 0
1653850922981 0.9775333333333334 0
1653850971671 0.9826 0
1653851020087 0.984 0
1653851069740 0.9870166666666667 0
1653851118678 0.9900666666666667 0
1653851167170 0.9887166666666667 0
1653851216638 0.9915 0
1653851266276 0.99135 0
1653851315895 0.9931333333333333 0
1653851363874 0.9926 0
1653851412710 0.9934 0
1653851462113 0.9939833333333333 0
1653851511303 0.9947333333333334 0
1653851560893 0.9940333333333333 0
1653851610413 0.9953833333333333 0
1653851659998 0.9949166666666667 0
1653851708986 0.9949833333333333 0
1653851758353 0.9958333333333333 0
1653851807537 0.9954666666666667 0
1653851856716 0.9954333333333333 0
1653851906343 0.997 0
1653851955802 0.99605 0
1653852004408 0.9965166666666667 0
1653852052884 0.9957666666666667 0
1653852101731 0.9967333333333334 0
1653852150917 0.9960833333333333 0
1653852199558 0.9963 0
1653852248642 0.9967666666666667 0
1653852298020 0.9969666666666667 0
1653852347269 0.9964666666666666 0
1653852396459 0.9967833333333334 0
1653852445893 0.997 0
1653852494593 0.9969 0
1653852543993 0.9966833333333334 0
1653852593216 0.9969833333333333 0
1653852642627 0.9969 0
1653852692142 0.9973 0
1653852741506 0.99725 0
1653852790475 0.9968 0
1653852839237 0.9976 0
1653852887913 0.9974 0
1653852936699 0.99695 0
1653852985602 0.9983166666666666 0
1653853034746 0.9968666666666667 0
1653853084078 0.9979666666666667 0
1653853133006 0.9966833333333334 0
1653853182205 0.9977166666666667 0
1653853249681 0.9170333333333334 0
1653853299020 0.9610333333333333 0
1653853348518 0.9705 0
1653853397793 0.9774666666666667 0
1653853446217 0.9825166666666667 0
1653853495659 0.9848 0
1653853544085 0.9877 0
1653853593227 0.9893 0
1653853642545 0.9904 0
1653853691093 0.99095 0
1653853741043 0.9923333333333333 0
1653853791267 0.9931666666666666 0
1653853840604 0.99325 0
1653853889410 0.9950166666666667 0
1653853939320 0.9936166666666667 0
1653853988752 0.9948166666666667 0
1653854038100 0.99465 0
1653854086732 0.9953166666666666 0
1653854135792 0.99505 0
1653854185261 0.9953833333333333 0
1653854234680 0.9959833333333333 0
1653854283739 0.9960166666666667 0
1653854333380 0.9960166666666667 0
1653854382542 0.99585 0
1653854432279 0.9965666666666667 0
1653854481734 0.9962333333333333 0
1653854531055 0.9966166666666667 0
1653854580592 0.9963833333333333 0
1653854630102 0.9964 0
1653854679610 0.9971666666666666 0
1653854728553 0.9965666666666667 0
1653854778190 0.9970666666666667 0
1653854827038 0.9965333333333334 0
1653854876303 0.9969166666666667 0
1653854925459 0.9972666666666666 0
1653854975279 0.9970333333333333 0
1653855024430 0.9969833333333333 0
1653855074231 0.99695 0
1653855122900 0.9974 0
1653855172785 0.9969166666666667 0
1653855221822 0.9971666666666666 0
1653855271215 0.99745 0
1653855319500 0.9972333333333333 0
1653855368743 0.9973333333333333 0
1653855417872 0.9971666666666666 0
1653855466920 0.9970666666666667 0
1653855515646 0.9973333333333333 0
1653855564900 0.9978666666666667 0
1653855614454 0.9966 0
1653855664063 0.9975333333333334 0
