1652776970493 2.1445168418884277 0
1652776975000 1.6219515941619873 0
1652776979463 1.3628443878173828 0
1652776984102 1.2435534427642823 0
1652776988584 1.0557634441375732 0
1652776993168 0.944612209033966 0
1652776997562 0.8604245273590088 0
1652777002011 0.7199214113235474 0
1652777006491 0.6255990385055542 0
1652777010938 0.5173772310256958 0
1652777015352 0.46386102933883666 0
1652777019683 0.39064680981636046 0
1652777024070 0.4512079120635986 0
1652777028366 0.35674818885326387 0
1652777032721 0.3048954230070114 0
1652777037101 0.2656742381572723 0
1652777041413 0.25826068511009215 0
1652777045962 0.19760125797986985 0
1652777050512 0.19482076304703952 0
1652777055014 0.16028125898838044 0
1652777059453 0.14830111003518104 0
1652777063942 0.13361652793884277 0
1652777068276 0.14550833043456077 0
1652777072621 0.12130370544791222 0
1652777077084 0.06319190936908126 0
1652777081502 0.05842783472388983 0
1652777085840 0.07666601460948587 0
1652777090107 0.07895925372093916 0
1652777094425 0.07831661226619036 0
1652777098784 0.06327415824932978 0
1652777103181 0.0746919549882412 0
1652777107656 0.08529083868563175 0
1652777112087 0.06543560950160027 0
1652777116521 0.0828085845875321 0
1652777121028 0.07337500368654729 0
1652777125396 0.043823757093399765 0
1652777129674 0.036220519948983565 0
1652777134103 0.03997792455181479 0
1652777138604 0.02668945620728191 0
1652777143045 0.028018678302317856 0
1652777147462 0.025082954273745416 0
1652777151932 0.026501305896788837 0
1652777156418 0.027141982560232283 0
1652777160932 0.033026183607801796 0
1652777165248 0.03770721771195531 0
1652777169715 0.038736746731214224 0
1652777174107 0.03127570902761072 0
1652777178525 0.022023100283555686 0
1652777183017 0.03052872022073716 0
1652777187270 0.02031529431156814 0
1652777192990 1.7882120894432068 0
1652777198453 1.2145191052436828 0
1652777203773 0.9323126267433166 0
1652777209303 0.7449519523620606 0
1652777214716 0.6157980410575866 0
1652777220367 0.49278231620788576 0
1652777225869 0.4000573697090149 0
1652777231178 0.3142699951171875 0
1652777236568 0.2569388915538788 0
1652777242191 0.24301061115264894 0
1652777247724 0.19103516644239427 0
1652777253208 0.1556225207567215 0
1652777258798 0.1351819320604205 0
1652777264368 0.10138398233652114 0
1652777269767 0.10381430909633636 0
1652777275300 0.08045034702345728 0
1652777280720 0.07546798589229584 0
1652777286234 0.06397001312971115 0
1652777291826 0.05503676956146956 0
1652777297247 0.08071335154175759 0
1652777302742 0.05353108149915933 0
1652777308209 0.05742564454674721 0
1652777313653 0.058044556844234464 0
1652777319203 0.039874407156556844 0
1652777324587 0.03135622949190438 0
1652777329960 0.02751364742293954 0
1652777335402 0.04104712380319834 0
1652777340988 0.040577749066613614 0
1652777346449 0.03097335969209671 0
1652777351848 0.023903440225124358 0
1652777357298 0.01719181957989931 0
1652777362748 0.02554322273656726 0
1652777368179 0.023496927342563867 0
1652777373765 0.04725924212690443 0
1652777379172 0.03766715797483921 0
1652777384621 0.021098573520034553 0
1652777389951 0.05536367763280869 0
1652777395492 0.02456291727758944 0
1652777400977 0.019941239670664072 0
1652777406543 0.019667581640044226 0
1652777412018 0.01628747763838619 0
1652777417563 0.018515924454294144 0
1652777423034 0.014952234059013426 0
1652777428394 0.008925080388295464 0
1652777433747 0.009037337894993834 0
1652777439154 0.01299027263848111 0
1652777444525 0.014202168191224336 0
1652777449809 0.007330743323336356 0
1652777455295 0.012149793430231511 0
1652777460753 0.005634910001326352 0
1652777466922 1.8541149280548095 0
1652777472579 1.3288822246551513 0
1652777478090 1.0127629373550415 0
1652777483407 0.8762241146087647 0
1652777488886 0.7108300405502319 0
1652777494392 0.5886658647537232 0
1652777499922 0.45170638132095337 0
1652777505474 0.36955872230529785 0
1652777511038 0.3176252937078476 0
1652777516697 0.2805812406539917 0
1652777522362 0.23346463985443114 0
1652777527971 0.17440760934352875 0
1652777533613 0.13549888711869718 0
1652777539131 0.13149395391345023 0
1652777544708 0.10431747779846191 0
1652777550327 0.11311066333651543 0
1652777555829 0.08871546378061175 0
1652777561285 0.07838295593559742 0
1652777566857 0.07715161474645138 0
1652777572509 0.09135464081615209 0
1652777578054 0.07639219292998314 0
1652777583644 0.06895133128464222 0
1652777589183 0.059197428511083124 0
1652777594788 0.0502660674104467 0
1652777600303 0.06789581709243357 0
1652777605762 0.04954007195904851 0
1652777611481 0.04033315047491342 0
1652777616983 0.03925468325540423 0
1652777622377 0.026126528512034564 0
1652777627895 0.023872981548309326 0
1652777633370 0.027898096069321036 0
1652777638777 0.04805531081929803 0
1652777644168 0.045087889747321606 0
1652777649867 0.06393912141285836 0
1652777655479 0.032179948192462324 0
1652777660973 0.023845044134184718 0
1652777666493 0.035899854081869124 0
1652777671942 0.01521736567094922 0
1652777677559 0.012169851374067366 0
1652777683103 0.013330798821151256 0
1652777688665 0.018010565022565424 0
1652777694170 0.017395857498329132 0
1652777699734 0.018534465316683055 0
1652777705208 0.020590677439793946 0
1652777710913 0.008244332520477474 0
1652777716464 0.015656046444829555 0
1652777722080 0.010637947167735546 0
1652777727634 0.010091524221468718 0
1652777733205 0.013831463949941098 0
1652777738768 0.0068661822897382084 0
1652777745456 1.5613836368560792 0
1652777750999 1.0111329500198365 0
1652777756507 0.7676091107845306 0
1652777761916 0.5904379122257233 0
1652777767561 0.5037344537734986 0
1652777773145 0.3420492916107178 0
1652777778585 0.3096602452993393 0
1652777784173 0.26829655346870424 0
1652777789762 0.2265012914419174 0
1652777795379 0.18714686782360077 0
1652777800875 0.14498012282848358 0
1652777806399 0.11922906818389893 0
1652777811923 0.08566688198149204 0
1652777817449 0.06721884700655938 0
1652777822855 0.09953137954995037 0
1652777828291 0.0657320531770587 0
1652777833711 0.07330426895134151 0
1652777839126 0.04517175192683935 0
1652777844741 0.041504071915894745 0
1652777850172 0.04307925578765571 0
1652777855792 0.041197501381766054 0
1652777861494 0.033524039473664016 0
1652777867001 0.026980564269423486 0
1652777872629 0.023442876357585192 0
1652777878208 0.022211538900434973 0
1652777883754 0.019897673127800226 0
1652777889246 0.01667162673790008 0
1652777894669 0.014621792653948069 0
1652777900160 0.009612900630012154 0
1652777905688 0.016224926573969425 0
1652777911324 0.01754384725857526 0
1652777916892 0.03179454023838043 0
1652777922424 0.024003041527606548 0
1652777927888 0.0398821844805032 0
1652777933553 0.03496850862726569 0
1652777939143 0.02117979672383517 0
1652777944804 0.009887739028595388 0
1652777950291 0.01251699901262764 0
1652777955879 0.03361290205828846 0
1652777961428 0.025989292549155652 0
1652777966979 0.0223649497137405 0
1652777972461 0.014046405261103064 0
1652777978079 0.010735597600904293 0
1652777983511 0.006537719301506877 0
1652777989032 0.011471457138797268 0
1652777994719 0.01615834190081805 0
1652778000276 0.04204571353215724 0
1652778005619 0.01103604950979352 0
1652778011159 0.029032091661915182 0
1652778016699 0.01738729103244841 0
1652778023504 1.7096972181320191 0
1652778029185 1.2925471778869628 0
1652778034761 1.0459940881729126 0
1652778040387 0.8892980489730835 0
1652778046111 0.7228561275959015 0
1652778051765 0.5963548429846763 0
1652778057298 0.5069890606880187 0
1652778062735 0.3887968231678009 0
1652778068232 0.32525457501411437 0
1652778073758 0.28656468877792357 0
1652778079338 0.22688642301559447 0
1652778084918 0.209594279935956 0
1652778090474 0.18164977842569352 0
1652778096078 0.1457343063890934 0
1652778101782 0.11313786743097007 0
1652778107235 0.10281530906707048 0
1652778112741 0.0975933542445302 0
1652778118141 0.08413064020872116 0
1652778123792 0.06764402704369277 0
1652778129315 0.06238273942172527 0
1652778134902 0.06124516125023365 0
1652778140429 0.04862752673961222 0
1652778146014 0.04699313405789435 0
1652778151667 0.047636231225728985 0
1652778157405 0.04111587678939104 0
1652778162841 0.030857177871465684 0
1652778168542 0.029858826542273165 0
1652778174109 0.02496967657059431 0
1652778179638 0.030465718900039792 0
1652778185181 0.021441633941978216 0
1652778190900 0.02963711934313178 0
1652778196343 0.03269796932637691 0
1652778201882 0.029671389934420585 0
1652778207346 0.03851239730939269 0
1652778212992 0.03310575470998883 0
1652778218615 0.029104984795115887 0
1652778224058 0.030031604315340518 0
1652778229755 0.0331906623323448 0
1652778235404 0.024111335051083007 0
1652778241012 0.02264003330245614 0
1652778246611 0.019437999665178358 0
1652778252341 0.0227667280388996 0
1652778257787 0.01786175022087991 0
1652778263410 0.008567082450538874 0
1652778268807 0.006718214323651045 0
1652778274263 0.011989914697408677 0
1652778279666 0.012918719709292054 0
1652778285115 0.006542350804945454 0
1652778290698 0.006248430056567304 0
1652778296246 0.01759842963377014 0
