1651684763777 0.6439346269607544 0
1651684766624 0.37899767355918884 0
1651684769504 0.2979141023397446 0
1651684772443 0.21190492024868726 0
1651684775247 0.17477432539463042 0
1651684777932 0.15664889632090925 0
1651684780775 0.17236115997731685 0
1651684783723 0.12042924700975419 0
1651684786588 0.16591747935712337 0
1651684789476 0.0705849917538464 0
1651684792245 0.0701193745970726 0
1651684795137 0.05200331429243088 0
1651684797892 0.17142011150419711 0
1651684800765 0.07072508384939283 0
1651684803660 0.044443926782906054 0
1651684806557 0.07603231839835643 0
1651684809406 0.15971793233975767 0
1651684812226 0.10434984155092389 0
1651684815132 0.09496223820149899 0
1651684817929 0.021361829744279383 0
1651684820811 0.038535369022935625 0
1651684823635 0.059763642066717144 0
1651684826378 0.11864836938548833 0
1651684829227 0.04934874938800931 0
1651684832052 0.02464749070312828 0
1651684834828 0.023176427398622038 0
1651684837786 0.01728245605379343 0
1651684840648 0.0437369810000062 0
1651684843509 0.025803172516077756 0
1651684846040 0.049048889829963443 0
1651684851196 0.60114337682724 0
1651684856101 0.40995925250053405 0
1651684861093 0.3158224209785461 0
1651684866100 0.28281530542373656 0
1651684871180 0.24205797109603883 0
1651684876231 0.19577605631351472 0
1651684881131 0.165185570114851 0
1651684886042 0.1541662068605423 0
1651684890949 0.12364465695023537 0
1651684895744 0.10441658889055253 0
1651684900540 0.09457121817171574 0
1651684905516 0.0865836858123541 0
1651684910411 0.09058556017130613 0
1651684915301 0.08485887409746647 0
1651684920138 0.06899636857360601 0
1651684925085 0.08962090116739273 0
1651684930009 0.07353882566634566 0
1651684934842 0.09915539671331644 0
1651684939788 0.04950540457447059 0
1651684944914 0.049420927719771864 0
1651684949926 0.06752969435080886 0
1651684954991 0.0605047750890255 0
1651684959860 0.06105299539193511 0
1651684964636 0.08458968175798655 0
1651684969580 0.07939663344472647 0
1651684974520 0.04959965774789452 0
1651684979542 0.04378263436164707 0
1651684984430 0.02726274442076683 0
1651684989150 0.04071724975407123 0
1651684994050 0.04103260098919272 0
1651685001802 0.41379165539741514 0
1651685009067 0.3042161773125331 0
1651685016312 0.2166652225812276 0
1651685023446 0.21356891466776529 0
1651685030743 0.17580338938236237 0
1651685037864 0.1560117517232895 0
1651685045210 0.13402797776437364 0
1651685052470 0.14100717197060586 0
1651685059666 0.12247684122100473 0
1651685067098 0.09311727150678635 0
1651685074373 0.0972082832356294 0
1651685081586 0.0922742418050766 0
1651685088677 0.09603643594483534 0
1651685095931 0.0866117500975728 0
1651685103185 0.06176254328986009 0
1651685110265 0.08746399079759916 0
1651685117451 0.04648034699664762 0
1651685124947 0.05741581355233987 0
1651685132054 0.0649193998699387 0
1651685139134 0.07245517761434118 0
1651685146391 0.0636246842160821 0
1651685153537 0.07059068060008188 0
1651685160825 0.06755014481345813 0
1651685168363 0.04584451222556333 0
1651685175479 0.05243719999582196 0
1651685182543 0.064408099450171 0
1651685189849 0.05753304586658875 0
1651685196851 0.03934849940798789 0
1651685203927 0.04504636851878216 0
1651685211148 0.056551856768503786 0
1651685221385 0.22231281690597535 0
1651685231004 0.15417842888236047 0
1651685240425 0.11663129263296723 0
1651685249950 0.09760748449862003 0
1651685259562 0.09536400844231248 0
1651685269214 0.08241839684695006 0
1651685278673 0.06184561240132898 0
1651685288301 0.06976252217702568 0
1651685297754 0.06619199473224581 0
1651685307163 0.06559754422679544 0
1651685316658 0.0953523560218513 0
1651685326268 0.07589720360152423 0
1651685335808 0.04394639132414013 0
1651685345498 0.05678672948628664 0
1651685354775 0.04703774712216109 0
1651685364137 0.05061360489027575 0
1651685373446 0.04151312121311203 0
1651685382956 0.06959672589115798 0
1651685392507 0.05734682168737054 0
1651685402046 0.03709785594781861 0
1651685411701 0.04532654570974409 0
1651685421133 0.058853901987336574 0
1651685430726 0.05365757122100331 0
1651685440191 0.058061058016307655 0
1651685449671 0.053214642912428826 0
1651685459266 0.04920829605013132 0
1651685468622 0.044468163927458226 0
1651685478195 0.05250941697359085 0
1651685487748 0.040685469114407895 0
1651685497186 0.04191840435508638 0
1651685510400 0.28828763113200667 0
1651685522646 0.19778789794683457 0
1651685534847 0.1943538045632839 0
1651685546941 0.15641634539604188 0
1651685559018 0.1348328731107712 0
1651685571215 0.1179402683109045 0
1651685583235 0.09655086808383465 0
1651685595267 0.10399765643596649 0
1651685607107 0.08731384014427662 0
1651685619220 0.07668210493296385 0
1651685631210 0.0833720307213068 0
1651685643027 0.06342122289955616 0
1651685655073 0.0735631784671545 0
1651685666991 0.06625938207790255 0
1651685678842 0.06557422927290202 0
1651685690846 0.06885722324848174 0
1651685702710 0.06640948189586401 0
1651685714839 0.055066199662163855 0
1651685726696 0.04618834018856287 0
1651685738819 0.04782269814237952 0
1651685751097 0.055762947039455175 0
1651685763082 0.06309803444638848 0
1651685774936 0.05646155538365245 0
1651685786896 0.05300024688150734 0
1651685798415 0.06145992862684652 0
1651685810549 0.053218313959389925 0
1651685822645 0.051604831665828826 0
1651685834848 0.04643095914343372 0
1651685846897 0.04620100963038393 0
1651685859128 0.0589769243337214 0
