1643959046536 0.9067166666666666 0
1643959111700 0.9499 0
1643959176723 0.9628666666666666 0
1643959241273 0.9681666666666666 0
1643959306637 0.9730166666666666 0
1643960093061 0.92215 0
1643960872152 0.9609833333333333 0
1643961656317 0.9689333333333333 0
1643962436940 0.9742333333333333 0
1643963219314 0.97605 0
1643964004626 0.9227 0
1643964775741 0.9616666666666667 0
1643965548024 0.9701333333333333 0
1643966319280 0.9747166666666667 0
1643967090263 0.9777333333333333 0
1643967903838 0.9247333333333333 0
1643968699053 0.9630333333333333 0
1643969494314 0.97075 0
1643970297301 0.9760666666666666 0
1643971086518 0.9782333333333333 0
