1652617996929 0.1562 0
1652618001886 0.243 0
1652618006788 0.306 0
1652618011649 0.3322 0
1652618016763 0.357 0
1652618021901 0.3988 0
1652618026968 0.4372 0
1652618032115 0.459 0
1652618037178 0.4706 0
1652618042320 0.5072 0
1652618047408 0.5122 0
1652618052291 0.5346 0
1652618057444 0.5688 0
1652618062381 0.5744 0
1652618067191 0.5836 0
1652618072276 0.5974 0
1652618077258 0.6204 0
1652618082314 0.639 0
1652618087439 0.6204 0
1652618092545 0.6404 0
1652618097505 0.6708 0
1652618102524 0.686 0
1652618107721 0.685 0
1652618112826 0.6844 0
1652618117725 0.7062 0
1652618122702 0.7084 0
1652618127703 0.7234 0
1652618132725 0.717 0
1652618137754 0.7362 0
1652618142797 0.7326 0
1652618147864 0.7398 0
1652618152875 0.76 0
1652618157991 0.7712 0
1652618163021 0.7774 0
1652618168065 0.7586 0
1652618173122 0.7602 0
1652618178114 0.7874 0
1652618183062 0.7918 0
1652618188097 0.7806 0
1652618193095 0.7906 0
1652618198191 0.8234 0
1652618203193 0.801 0
1652618208266 0.8162 0
1652618213318 0.8056 0
1652618218333 0.8158 0
1652618223259 0.8226 0
1652618228223 0.8188 0
1652618233161 0.8176 0
1652618238199 0.828 0
1652618243248 0.8256 0
1652618252547 0.5299 0
1652618261567 0.5792 0
1652618270206 0.6033 0
1652618278953 0.6098 0
1652618287604 0.6236 0
1652618296437 0.6392 0
1652618305269 0.6348 0
1652618314342 0.6525 0
1652618323216 0.6589 0
1652618332116 0.6663 0
1652618341018 0.6539 0
1652618349968 0.6743 0
1652618358899 0.6845 0
1652618367608 0.6915 0
1652618376735 0.6854 0
1652618385752 0.6926 0
1652618394629 0.702 0
1652618403365 0.7109 0
1652618412350 0.6944 0
1652618421030 0.6985 0
1652618430022 0.7174 0
1652618438837 0.723 0
1652618447516 0.7145 0
1652618456522 0.7163 0
1652618465308 0.7234 0
1652618474127 0.7319 0
1652618483209 0.7427 0
1652618491814 0.7381 0
1652618500380 0.7414 0
1652618509268 0.7299 0
1652618518232 0.7495 0
1652618527045 0.75 0
1652618535879 0.7564 0
1652618544775 0.7542 0
1652618553624 0.7492 0
1652618562651 0.757 0
1652618571232 0.7707 0
1652618579991 0.75 0
1652618588985 0.7471 0
1652618597887 0.7661 0
1652618606882 0.7682 0
1652618615869 0.7737 0
1652618625243 0.7678 0
1652618633894 0.7707 0
1652618642409 0.7754 0
1652618651142 0.7696 0
1652618659843 0.782 0
1652618668491 0.7779 0
1652618677343 0.7788 0
1652618686153 0.7808 0
1652618699447 0.5736666666666667 0
1652618711920 0.5957333333333333 0
1652618724769 0.6182666666666666 0
1652618737519 0.6106666666666667 0
1652618750310 0.632 0
1652618763089 0.6252666666666666 0
1652618775675 0.6358666666666667 0
1652618788455 0.6372 0
1652618801233 0.6328 0
1652618814064 0.6426666666666667 0
1652618826805 0.6462666666666667 0
1652618839374 0.6558666666666667 0
1652618851975 0.6427333333333334 0
1652618864630 0.6620666666666667 0
1652618877261 0.6521333333333333 0
1652618889882 0.667 0
1652618902668 0.661 0
1652618915179 0.6575333333333333 0
1652618927847 0.6634666666666666 0
1652618940628 0.668 0
1652618953103 0.6813333333333333 0
1652618965960 0.6732 0
1652618978554 0.6672666666666667 0
1652618991060 0.6869333333333333 0
1652619003791 0.6786666666666666 0
1652619016707 0.6848 0
1652619029504 0.6832666666666667 0
1652619042126 0.6778 0
1652619054970 0.6839333333333333 0
1652619067971 0.692 0
1652619080717 0.6884666666666667 0
1652619093349 0.6894 0
1652619106064 0.6940666666666667 0
1652619118658 0.7027333333333333 0
1652619131301 0.7071333333333333 0
1652619144044 0.695 0
1652619156687 0.6914 0
1652619169290 0.6994 0
1652619182102 0.7097333333333333 0
1652619194939 0.6978 0
1652619207772 0.7022666666666667 0
1652619220717 0.7212 0
1652619233343 0.7037333333333333 0
1652619245849 0.7123333333333334 0
1652619258491 0.7223333333333334 0
1652619271294 0.7070666666666666 0
1652619284008 0.7192666666666667 0
1652619296678 0.7068 0
1652619309467 0.7169333333333333 0
1652619322511 0.7339333333333333 0
1652619340252 0.60445 0
1652619357622 0.6362 0
1652619374724 0.64085 0
1652619391692 0.6497 0
1652619408808 0.6556 0
1652619425827 0.65715 0
1652619442787 0.6387 0
1652619459623 0.6555 0
1652619476607 0.66695 0
1652619493582 0.66555 0
1652619510076 0.66995 0
1652619526977 0.6681 0
1652619543655 0.67295 0
1652619560731 0.66775 0
1652619577949 0.66825 0
1652619594304 0.6755 0
1652619611316 0.6754 0
1652619628427 0.67515 0
1652619645279 0.6751 0
1652619661859 0.67285 0
1652619678954 0.681 0
1652619695476 0.67755 0
1652619711900 0.6861 0
1652619728854 0.68125 0
1652619745855 0.67585 0
1652619763001 0.68465 0
1652619780085 0.67725 0
1652619797033 0.68065 0
1652619814116 0.6652 0
1652619830768 0.6797 0
1652619847556 0.68905 0
1652619864459 0.68585 0
1652619881441 0.69275 0
1652619898267 0.68965 0
1652619915477 0.69975 0
1652619932564 0.6924 0
1652619949725 0.68035 0
1652619966584 0.7002 0
1652619983604 0.68955 0
1652620000747 0.69425 0
1652620017883 0.6903 0
1652620035237 0.6955 0
1652620052290 0.69065 0
1652620069241 0.6969 0
1652620086551 0.695 0
1652620103857 0.69815 0
1652620120790 0.6971 0
1652620137500 0.7057 0
1652620154472 0.69805 0
1652620171363 0.70215 0
1652620193655 0.61448 0
1652620215066 0.63816 0
1652620236511 0.63544 0
1652620257880 0.65616 0
1652620279567 0.65292 0
1652620300777 0.65352 0
1652620321999 0.65576 0
1652620343882 0.6634 0
1652620365340 0.66416 0
1652620386844 0.65848 0
1652620408473 0.66532 0
1652620430096 0.66104 0
1652620451547 0.6558 0
1652620472602 0.65656 0
1652620494068 0.66184 0
1652620515608 0.6628 0
1652620536966 0.6642 0
1652620558454 0.66292 0
1652620579991 0.66872 0
1652620601754 0.66352 0
1652620623518 0.67356 0
1652620645110 0.66312 0
1652620666689 0.6674 0
1652620687959 0.67116 0
1652620709160 0.66464 0
1652620730594 0.6658 0
1652620752096 0.66332 0
1652620773327 0.67104 0
1652620794921 0.67444 0
1652620816414 0.6676 0
1652620838019 0.67732 0
1652620859482 0.6694 0
1652620880918 0.67036 0
1652620902175 0.679 0
1652620923703 0.67508 0
1652620945174 0.66932 0
1652620966569 0.67712 0
1652620988202 0.6726 0
1652621009493 0.67824 0
1652621030606 0.68104 0
1652621052148 0.6772 0
1652621073776 0.6694 0
1652621095545 0.67972 0
1652621117099 0.677 0
1652621138557 0.67824 0
1652621159913 0.685 0
1652621181550 0.67316 0
1652621202878 0.6878 0
1652621224530 0.67508 0
1652621245982 0.6834 0
1652621274151 0.6224666666666666 0
1652621300090 0.6467333333333334 0
1652621326006 0.6521666666666667 0
1652621352200 0.6542 0
1652621378508 0.6535 0
1652621404928 0.6581 0
1652621431007 0.6596333333333333 0
1652621457251 0.6501666666666667 0
1652621483088 0.6623333333333333 0
1652621508965 0.6665333333333333 0
1652621534959 0.6601 0
1652621561301 0.6639333333333334 0
1652621587739 0.6622666666666667 0
1652621613706 0.6649666666666667 0
1652621640034 0.6615666666666666 0
1652621666139 0.6631666666666667 0
1652621692529 0.6671666666666667 0
1652621718632 0.6657666666666666 0
1652621744830 0.6664 0
1652621771092 0.6659 0
1652621797080 0.6689666666666667 0
1652621823264 0.6624666666666666 0
1652621849808 0.6677333333333333 0
1652621875925 0.6719 0
1652621902086 0.6651666666666667 0
1652621928320 0.6718333333333333 0
1652621954570 0.6648333333333334 0
1652621981013 0.6683 0
1652622006973 0.6733 0
1652622033087 0.6707333333333333 0
1652622059400 0.6643333333333333 0
1652622085511 0.6681666666666667 0
1652622111589 0.6725 0
1652622137619 0.6746 0
1652622163876 0.6752333333333334 0
1652622190460 0.6766333333333333 0
1652622217001 0.6706333333333333 0
1652622243138 0.6719333333333334 0
1652622269587 0.6644 0
1652622295990 0.6696666666666666 0
1652622322406 0.6712666666666667 0
1652622348688 0.6701333333333334 0
1652622375006 0.6689666666666667 0
1652622401532 0.6754666666666667 0
1652622428171 0.6755333333333333 0
1652622454243 0.674 0
1652622480485 0.6722666666666667 0
1652622506278 0.6745666666666666 0
1652622532494 0.6772666666666667 0
1652622558807 0.6801 0
1652622592721 0.6101142857142857 0
1652622624149 0.6240857142857142 0
1652622655501 0.6290571428571429 0
1652622687105 0.6280571428571429 0
1652622718488 0.6317142857142857 0
1652622749732 0.6352857142857142 0
1652622781088 0.6359428571428571 0
1652622812158 0.6336285714285714 0
1652622843000 0.6339428571428571 0
1652622874528 0.6372571428571429 0
1652622905059 0.6332571428571429 0
1652622935602 0.6358571428571429 0
1652622967067 0.6386 0
1652622998392 0.6407142857142857 0
1652623029777 0.6399714285714285 0
1652623061209 0.6364285714285715 0
1652623092489 0.6428 0
1652623124054 0.6406857142857143 0
1652623154897 0.6372857142857142 0
1652623186289 0.6443142857142857 0
1652623217652 0.641 0
1652623248837 0.6372 0
1652623280287 0.6428 0
1652623311318 0.6364285714285715 0
1652623342395 0.6483714285714286 0
1652623373674 0.6398857142857143 0
1652623404838 0.6465428571428572 0
1652623435605 0.6382857142857142 0
1652623466791 0.6444571428571428 0
1652623498394 0.6494857142857143 0
1652623529454 0.6455714285714286 0
1652623560560 0.6436 0
1652623591796 0.6396857142857143 0
1652623623021 0.6452285714285714 0
1652623654347 0.6489428571428572 0
1652623685986 0.6431142857142857 0
1652623717080 0.6454285714285715 0
1652623748750 0.6398857142857143 0
1652623779853 0.6454571428571428 0
1652623811043 0.6439428571428572 0
1652623841916 0.6436857142857143 0
1652623873033 0.6454285714285715 0
1652623904455 0.6482285714285714 0
1652623936052 0.6498 0
1652623967372 0.6426857142857143 0
1652623998721 0.6444 0
1652624029289 0.6515428571428571 0
1652624060459 0.6428857142857143 0
1652624092286 0.6499142857142857 0
1652624123401 0.6467142857142857 0
1652624162161 0.592925 0
1652624198518 0.60605 0
1652624234508 0.60965 0
1652624270765 0.604825 0
1652624306596 0.6089 0
1652624342716 0.615575 0
1652624378884 0.60865 0
1652624415151 0.611175 0
1652624451723 0.608925 0
1652624488847 0.61335 0
1652624525278 0.614225 0
1652624561532 0.614525 0
1652624597918 0.611875 0
1652624634152 0.614425 0
1652624670392 0.615125 0
1652624706257 0.61035 0
1652624742743 0.618275 0
1652624778988 0.6114 0
1652624815304 0.616025 0
1652624852048 0.615725 0
1652624888615 0.616275 0
1652624924604 0.615375 0
1652624960837 0.614425 0
1652624997271 0.6155 0
1652625033551 0.6116 0
1652625070148 0.621 0
1652625106233 0.6168 0
1652625142540 0.616275 0
1652625178933 0.6164 0
1652625215391 0.617925 0
1652625251504 0.617225 0
1652625287657 0.621225 0
1652625323986 0.61975 0
1652625360473 0.613525 0
1652625396829 0.61595 0
1652625433141 0.613675 0
1652625469724 0.61695 0
1652625505853 0.60855 0
1652625542487 0.618275 0
1652625578814 0.61885 0
1652625615161 0.616925 0
1652625651206 0.6224 0
1652625687829 0.61565 0
1652625723794 0.613025 0
1652625760271 0.6188 0
1652625797053 0.6222 0
1652625833541 0.61705 0
1652625870095 0.6234 0
1652625906392 0.62205 0
1652625942388 0.6121 0
1652625986572 0.5837777777777777 0
1652626028364 0.5960666666666666 0
1652626070011 0.5975555555555555 0
1652626111403 0.5984666666666667 0
1652626152921 0.5978444444444444 0
1652626194602 0.6044 0
1652626236182 0.6073111111111111 0
1652626278346 0.6049555555555556 0
1652626320145 0.6038666666666667 0
1652626361478 0.6069777777777777 0
1652626403162 0.6061555555555556 0
1652626444771 0.6104666666666667 0
1652626486081 0.6086666666666667 0
1652626527669 0.6093555555555555 0
1652626569117 0.6050222222222222 0
1652626611015 0.6045333333333334 0
1652626652545 0.6081777777777778 0
1652626694727 0.6082 0
1652626736739 0.6072 0
1652626778298 0.6104888888888889 0
1652626820716 0.607 0
1652626862553 0.6048888888888889 0
1652626904270 0.6054666666666667 0
1652626945699 0.6088888888888889 0
1652626987692 0.6089111111111111 0
1652627029658 0.6096222222222222 0
1652627072117 0.6094888888888889 0
1652627113945 0.6123555555555555 0
1652627155923 0.6133555555555555 0
1652627197473 0.6081555555555556 0
1652627239102 0.6128888888888889 0
1652627281110 0.6094 0
1652627322508 0.6058888888888889 0
1652627364480 0.6101555555555556 0
1652627406212 0.6131111111111112 0
1652627447827 0.6062222222222222 0
1652627489863 0.6151111111111112 0
1652627531974 0.6103777777777778 0
1652627573980 0.6110444444444444 0
1652627615966 0.6048666666666667 0
1652627658041 0.6101777777777778 0
1652627699553 0.6091777777777778 0
1652627741691 0.6140444444444444 0
1652627783636 0.6148666666666667 0
1652627825082 0.6119555555555556 0
1652627866901 0.6076888888888888 0
1652627908672 0.6118888888888889 0
1652627950659 0.6126222222222222 0
1652627992193 0.6089333333333333 0
1652628034120 0.6107333333333334 0
1652628084579 0.57918 0
1652628131022 0.59034 0
1652628178202 0.5937 0
1652628225118 0.59312 0
1652628273018 0.595 0
1652628320404 0.59998 0
1652628367256 0.59736 0
1652628413808 0.59502 0
1652628461541 0.59434 0
1652628509271 0.60234 0
1652628556985 0.59762 0
1652628604305 0.60238 0
1652628651787 0.5973 0
1652628699105 0.5991 0
1652628746343 0.6002 0
1652628793823 0.59594 0
1652628841121 0.5999 0
1652628888418 0.60138 0
1652628935993 0.60056 0
1652628983021 0.59886 0
1652629030804 0.6006 0
1652629078551 0.60064 0
1652629125801 0.60316 0
1652629173399 0.60108 0
1652629220912 0.60344 0
1652629267895 0.60104 0
1652629315479 0.60136 0
1652629362718 0.60246 0
1652629409972 0.60022 0
1652629457130 0.60256 0
1652629504208 0.60234 0
1652629551879 0.60482 0
1652629598771 0.60292 0
1652629646251 0.60212 0
1652629693802 0.60028 0
1652629741173 0.60332 0
1652629788823 0.60026 0
1652629836042 0.59826 0
1652629883334 0.59706 0
1652629931053 0.59584 0
1652629978052 0.60478 0
1652630025370 0.60328 0
1652630072274 0.60044 0
1652630120100 0.6029 0
1652630167911 0.6025 0
1652630215996 0.60114 0
1652630263415 0.6037 0
1652630311124 0.6043 0
1652630358465 0.5997 0
1652630406257 0.60226 0
1652630463296 0.5701818181818182 0
1652630516224 0.5851636363636363 0
1652630569347 0.5873818181818182 0
1652630622524 0.5869090909090909 0
1652630675918 0.5859636363636364 0
1652630728977 0.5862363636363637 0
1652630782676 0.5873636363636363 0
1652630835271 0.5882363636363637 0
1652630887946 0.5855636363636364 0
1652630941234 0.5940727272727273 0
1652630993931 0.5910545454545455 0
1652631047460 0.5875818181818182 0
1652631100498 0.5912909090909091 0
1652631153512 0.5889636363636364 0
1652631206013 0.589690909090909 0
1652631258973 0.5923090909090909 0
1652631312847 0.5934 0
1652631366400 0.589709090909091 0
1652631419915 0.5934363636363637 0
1652631472731 0.5922545454545455 0
1652631525689 0.5913454545454545 0
1652631578625 0.5909272727272727 0
1652631631402 0.5895636363636364 0
1652631684125 0.5913454545454545 0
1652631737080 0.5869636363636364 0
1652631789884 0.5897272727272728 0
1652631842807 0.5943090909090909 0
1652631896611 0.5954727272727273 0
1652631949704 0.5907272727272728 0
1652632003438 0.5932 0
1652632056803 0.5925090909090909 0
1652632110198 0.5930909090909091 0
1652632163491 0.5929818181818182 0
1652632216073 0.5928545454545454 0
1652632269187 0.5912 0
1652632323144 0.5930181818181818 0
1652632376519 0.5962727272727273 0
1652632430054 0.5953636363636363 0
1652632483699 0.5895272727272727 0
1652632537112 0.5938727272727272 0
1652632589816 0.5957272727272728 0
1652632643046 0.5946181818181818 0
1652632695835 0.5910909090909091 0
1652632748831 0.5954727272727273 0
1652632801916 0.5936 0
1652632855303 0.5920545454545455 0
1652632908337 0.5965818181818182 0
1652632962068 0.5928727272727272 0
1652633015256 0.5996363636363636 0
1652633068834 0.5933454545454545 0
1652633132157 0.5679666666666666 0
1652633191294 0.5772166666666667 0
1652633250847 0.57525 0
1652633309844 0.5792333333333334 0
1652633368415 0.57975 0
1652633427220 0.5811833333333334 0
1652633486330 0.5784333333333334 0
1652633545788 0.57935 0
1652633604616 0.58525 0
1652633663419 0.5820833333333333 0
1652633722034 0.5824166666666667 0
1652633781125 0.5825666666666667 0
1652633839804 0.5808 0
1652633898630 0.5804 0
1652633958023 0.5853666666666667 0
1652634017375 0.5863 0
1652634076681 0.5832 0
1652634135465 0.5807333333333333 0
1652634194522 0.5832666666666667 0
1652634253458 0.5893833333333334 0
1652634313069 0.5861833333333333 0
1652634372450 0.5844666666666667 0
1652634431572 0.5850166666666666 0
1652634490285 0.5838833333333333 0
1652634549289 0.5794333333333334 0
1652634607960 0.5850166666666666 0
1652634666295 0.5852166666666667 0
1652634725384 0.5837166666666667 0
1652634784309 0.5849833333333333 0
1652634843185 0.5839166666666666 0
1652634902478 0.5859833333333333 0
1652634960992 0.5875 0
1652635021100 0.5802833333333334 0
1652635079976 0.5831333333333333 0
1652635138192 0.5839166666666666 0
1652635197873 0.57925 0
1652635256548 0.5833666666666667 0
1652635315391 0.5850666666666666 0
1652635373821 0.5837833333333333 0
1652635432788 0.5841166666666666 0
1652635491275 0.5830666666666666 0
1652635550372 0.5878166666666667 0
1652635609111 0.5858 0
1652635668421 0.58265 0
1652635727108 0.58135 0
1652635785862 0.5839166666666666 0
1652635844951 0.5860833333333333 0
1652635903729 0.5851333333333333 0
1652635962221 0.5846666666666667 0
1652636020806 0.5864166666666667 0
1652636089855 0.5599076923076923 0
1652636153821 0.5689076923076923 0
1652636217935 0.5674 0
1652636282869 0.5701384615384616 0
1652636347954 0.5761846153846154 0
1652636412343 0.5716461538461538 0
1652636477323 0.5724 0
1652636542301 0.5741384615384615 0
1652636606358 0.5746307692307693 0
1652636671598 0.5733692307692307 0
1652636736373 0.5769692307692308 0
1652636801208 0.5768 0
1652636866267 0.5751384615384615 0
1652636931513 0.5785076923076923 0
1652636996988 0.5716461538461538 0
1652637061795 0.5762153846153846 0
1652637126269 0.5744461538461538 0
1652637191181 0.5771692307692308 0
1652637255812 0.5777230769230769 0
1652637320377 0.5737692307692308 0
1652637385032 0.5743692307692307 0
1652637449855 0.5777538461538462 0
1652637514767 0.5709076923076923 0
1652637579439 0.5766923076923077 0
1652637644537 0.5809692307692308 0
1652637709967 0.5766307692307693 0
1652637774181 0.5740153846153846 0
1652637839459 0.5774153846153847 0
1652637904289 0.5762 0
1652637969380 0.5739846153846154 0
1652638034329 0.5790307692307692 0
1652638099149 0.5759538461538461 0
1652638164607 0.5762769230769231 0
1652638229764 0.5762923076923077 0
1652638294076 0.5751846153846154 0
1652638359128 0.5773230769230769 0
1652638424602 0.5788307692307693 0
1652638490819 0.5772153846153846 0
1652638556700 0.5777230769230769 0
1652638621487 0.5785692307692307 0
1652638686649 0.5766461538461538 0
1652638752125 0.5742307692307692 0
1652638817362 0.5775384615384616 0
1652638881738 0.5754923076923077 0
1652638946892 0.5746461538461538 0
1652639011914 0.5777230769230769 0
1652639076584 0.5763230769230769 0
1652639141943 0.579 0
1652639206326 0.5765692307692307 0
1652639271918 0.5790153846153846 0
1652639347533 0.5498571428571428 0
1652639418411 0.5616285714285715 0
1652639489021 0.5566857142857143 0
1652639560171 0.5555857142857142 0
1652639631325 0.5579 0
1652639702721 0.5600142857142857 0
1652639773611 0.5614714285714286 0
1652639845167 0.5598428571428572 0
1652639916057 0.5598571428571428 0
1652639987291 0.5618285714285715 0
1652640057693 0.5622714285714285 0
1652640129577 0.5636 0
1652640200835 0.5647142857142857 0
1652640271709 0.5607714285714286 0
1652640342708 0.5630142857142857 0
1652640413716 0.5630428571428572 0
1652640484437 0.5620285714285714 0
1652640555533 0.5646714285714286 0
1652640626166 0.5612714285714285 0
1652640696592 0.5620428571428572 0
1652640767460 0.5654857142857143 0
1652640837953 0.5597857142857143 0
1652640908105 0.5604857142857143 0
1652640978273 0.5617571428571428 0
1652641048893 0.5623285714285714 0
1652641120218 0.5643142857142858 0
1652641190677 0.5633571428571429 0
1652641261482 0.5630285714285714 0
1652641332555 0.5592142857142857 0
1652641403374 0.5651571428571428 0
1652641474192 0.5647571428571428 0
1652641545731 0.5640714285714286 0
1652641616782 0.5593571428571429 0
1652641687531 0.5634285714285714 0
1652641758733 0.5654142857142858 0
1652641829969 0.5650571428571428 0
1652641900579 0.5653428571428571 0
1652641971577 0.5632714285714285 0
1652642041991 0.5616285714285715 0
1652642112999 0.5626428571428571 0
1652642184969 0.5616857142857142 0
1652642255721 0.5638285714285715 0
1652642327075 0.5640571428571428 0
1652642398025 0.5613857142857143 0
1652642469431 0.5655571428571429 0
1652642540717 0.5630571428571428 0
1652642611773 0.5619142857142857 0
1652642682806 0.5627714285714286 0
1652642753467 0.5633142857142858 0
1652642823455 0.5627 0
1652642904810 0.5460933333333333 0
1652642982411 0.5531333333333334 0
1652643059716 0.5570666666666667 0
1652643136911 0.5568266666666667 0
1652643213617 0.5575066666666667 0
1652643290684 0.5566 0
1652643368066 0.5585733333333334 0
1652643444412 0.55988 0
1652643520902 0.5618 0
1652643597812 0.55972 0
1652643675048 0.5593466666666667 0
1652643751888 0.5648933333333334 0
1652643828300 0.5579866666666666 0
1652643905525 0.5606533333333333 0
1652643982667 0.56048 0
1652644059941 0.5599333333333333 0
1652644137349 0.5598933333333334 0
1652644213550 0.5586 0
1652644290200 0.56208 0
1652644367670 0.56136 0
1652644445076 0.56264 0
1652644522245 0.56272 0
1652644598786 0.5605466666666666 0
1652644675744 0.5609333333333333 0
1652644752989 0.5583333333333333 0
1652644829836 0.56136 0
1652644907296 0.5602666666666667 0
1652644985111 0.5612533333333334 0
1652645062667 0.5605866666666667 0
1652645139539 0.5621733333333333 0
1652645217590 0.56304 0
1652645294806 0.5582266666666666 0
1652645371822 0.56292 0
1652645448704 0.5583733333333334 0
1652645525566 0.5592933333333333 0
1652645602588 0.5635333333333333 0
1652645679626 0.56 0
1652645757110 0.5649866666666666 0
1652645833911 0.5655466666666666 0
1652645910252 0.5632933333333333 0
1652645987859 0.5658133333333333 0
1652646065176 0.5620133333333334 0
1652646142535 0.56176 0
1652646219453 0.5618666666666666 0
1652646296655 0.5605866666666667 0
1652646373765 0.5629466666666667 0
1652646449818 0.5618266666666667 0
1652646526876 0.56384 0
1652646604277 0.5624266666666666 0
1652646680415 0.56212 0
1652646769314 0.5431125 0
1652646852680 0.5558375 0
1652646935615 0.5529125 0
1652647019262 0.5538875 0
1652647102644 0.557975 0
1652647185832 0.5566625 0
1652647269906 0.554925 0
1652647353441 0.5579875 0
1652647437982 0.5534 0
1652647521685 0.5541 0
1652647605845 0.5562625 0
1652647689513 0.5554375 0
1652647773039 0.5539375 0
1652647856255 0.5554875 0
1652647939155 0.55785 0
1652648022659 0.5576875 0
1652648106231 0.5561625 0
1652648190077 0.5564625 0
1652648273365 0.5539375 0
1652648357015 0.558325 0
1652648440524 0.55635 0
1652648524311 0.5564125 0
1652648607621 0.5576125 0
1652648691461 0.558825 0
1652648775161 0.5590125 0
1652648858619 0.557525 0
1652648942581 0.5578375 0
1652649026025 0.5609625 0
1652649109481 0.554725 0
1652649192381 0.5557 0
1652649275554 0.5591 0
1652649358443 0.5613625 0
1652649442297 0.5616 0
1652649525615 0.5612625 0
1652649608401 0.5608125 0
1652649690984 0.557775 0
1652649775147 0.559125 0
1652649858692 0.5584875 0
1652649943031 0.5564125 0
1652650026508 0.5593375 0
1652650109719 0.558175 0
1652650193233 0.5616375 0
1652650278113 0.5597875 0
1652650361748 0.55645 0
1652650445388 0.5593875 0
1652650528134 0.557125 0
1652650611656 0.55545 0
1652650695243 0.5579 0
1652650778760 0.5596375 0
1652650862245 0.55785 0
1652650957437 0.5416 0
1652651047977 0.550564705882353 0
1652651137945 0.5505411764705882 0
1652651227781 0.5526235294117647 0
1652651318106 0.5529529411764705 0
1652651408282 0.5511411764705882 0
1652651498232 0.5563058823529412 0
1652651588947 0.5546705882352941 0
1652651678875 0.5549411764705883 0
1652651768612 0.5556705882352941 0
1652651858025 0.5536 0
1652651947470 0.5537764705882353 0
1652652035770 0.5522235294117647 0
1652652125121 0.5570352941176471 0
1652652214404 0.5530470588235294 0
1652652302920 0.5540117647058823 0
1652652391508 0.5488352941176471 0
1652652481123 0.5533176470588236 0
1652652571258 0.5525176470588236 0
1652652661345 0.5561882352941176 0
1652652750953 0.5523176470588236 0
1652652839644 0.5574588235294118 0
1652652929962 0.5561058823529412 0
1652653019195 0.5505764705882353 0
1652653108693 0.5515176470588236 0
1652653198421 0.5563882352941176 0
1652653288829 0.5520117647058823 0
1652653378115 0.5540235294117647 0
1652653468105 0.5533294117647058 0
1652653558429 0.5522 0
1652653647942 0.5517764705882353 0
1652653737141 0.5544705882352942 0
1652653826625 0.5557411764705882 0
1652653916316 0.554635294117647 0
1652654005933 0.5586 0
1652654096046 0.5565882352941176 0
1652654186473 0.5542705882352941 0
1652654275196 0.5527176470588235 0
1652654365079 0.554435294117647 0
1652654455372 0.5553294117647058 0
1652654546479 0.5555529411764706 0
1652654636704 0.5553529411764706 0
1652654726062 0.5554470588235294 0
1652654815081 0.5520470588235294 0
1652654904891 0.5583411764705882 0
1652654995232 0.5521882352941176 0
1652655085033 0.5549647058823529 0
1652655175028 0.5549764705882353 0
1652655264831 0.5578 0
1652655354877 0.5568 0
1652655457432 0.5331111111111111 0
1652655553513 0.5399222222222222 0
1652655648811 0.5419 0
1652655745102 0.54 0
1652655840907 0.5407555555555555 0
1652655936892 0.5426222222222222 0
1652656032457 0.5461777777777778 0
1652656127941 0.5449888888888889 0
1652656224311 0.5449 0
1652656320678 0.5453888888888889 0
1652656417546 0.5453111111111111 0
1652656514134 0.5456555555555556 0
1652656610401 0.547 0
1652656706303 0.5448888888888889 0
1652656802221 0.5460666666666667 0
1652656897679 0.5421 0
1652656994849 0.5411 0
1652657092342 0.5425777777777778 0
1652657188761 0.5456222222222222 0
1652657285035 0.5445222222222222 0
1652657381367 0.5475555555555556 0
1652657476391 0.5462444444444444 0
1652657572402 0.5437888888888889 0
1652657668459 0.5460555555555555 0
1652657764186 0.5456666666666666 0
1652657859694 0.5479333333333334 0
1652657955608 0.5449333333333334 0
1652658051575 0.5454444444444444 0
1652658147481 0.5456444444444445 0
1652658243009 0.5487 0
1652658338478 0.5462444444444444 0
1652658435035 0.5441666666666667 0
1652658530126 0.5461444444444444 0
1652658626462 0.5423666666666667 0
1652658722714 0.5484555555555556 0
1652658818906 0.5465777777777778 0
1652658914362 0.5472 0
1652659010814 0.5486888888888889 0
1652659107484 0.5457333333333333 0
1652659202953 0.5477444444444445 0
1652659298896 0.5464 0
1652659394936 0.5491222222222222 0
1652659491066 0.5474 0
1652659586750 0.5477555555555556 0
1652659683095 0.5499111111111111 0
1652659779015 0.5452666666666667 0
1652659875602 0.5487555555555556 0
1652659971566 0.5504333333333333 0
1652660067946 0.5482111111111111 0
1652660164041 0.5470777777777778 0
1652660272946 0.5321473684210526 0
1652660376204 0.5394 0
1652660478352 0.5411263157894737 0
1652660580904 0.5388421052631579 0
1652660683293 0.5422421052631579 0
1652660786175 0.5446736842105263 0
1652660888915 0.5424842105263158 0
1652660991171 0.5426631578947368 0
1652661094042 0.5438842105263157 0
1652661197042 0.5421684210526316 0
1652661299308 0.5428631578947368 0
1652661401838 0.5438421052631579 0
1652661505052 0.544578947368421 0
1652661607435 0.5443684210526316 0
1652661709685 0.542442105263158 0
1652661812750 0.5448 0
1652661914664 0.5413473684210526 0
1652662017467 0.5421894736842106 0
1652662120083 0.5473052631578947 0
1652662222335 0.5435684210526316 0
1652662324480 0.5449894736842106 0
1652662425298 0.5418526315789474 0
1652662527581 0.5446105263157894 0
1652662629838 0.5432210526315789 0
1652662731659 0.5446105263157894 0
1652662835053 0.5442526315789473 0
1652662937004 0.5452842105263158 0
1652663039895 0.5489368421052632 0
1652663141727 0.5495368421052632 0
1652663243360 0.5443368421052631 0
1652663345577 0.544978947368421 0
1652663447705 0.5425263157894736 0
1652663549402 0.5429578947368421 0
1652663651693 0.5456210526315789 0
1652663754816 0.5445368421052632 0
1652663857716 0.5458 0
1652663960755 0.543578947368421 0
1652664063766 0.5426421052631579 0
1652664167006 0.5452736842105264 0
1652664269020 0.5423052631578947 0
1652664370977 0.5416 0
1652664473210 0.543578947368421 0
1652664576455 0.5425894736842105 0
1652664679810 0.5427368421052632 0
1652664782093 0.5433368421052631 0
1652664885906 0.5436842105263158 0
1652664988313 0.5444736842105263 0
1652665091646 0.5451473684210526 0
1652665195707 0.5441789473684211 0
1652665297713 0.5437473684210526 0
1652665413856 0.53096 0
1652665522851 0.53702 0
1652665632584 0.53802 0
1652665740905 0.53682 0
1652665850334 0.53855 0
1652665960085 0.53786 0
1652666069325 0.53843 0
1652666178640 0.53964 0
1652666288656 0.53988 0
1652666398295 0.53802 0
1652666507952 0.53765 0
1652666617306 0.53846 0
1652666727360 0.53948 0
1652666837104 0.54048 0
1652666946690 0.5407 0
1652667056874 0.53989 0
1652667167373 0.53897 0
1652667276962 0.53972 0
1652667387188 0.54199 0
1652667496957 0.541 0
1652667606841 0.54063 0
1652667716636 0.5401 0
1652667826536 0.54188 0
1652667936617 0.54024 0
1652668046675 0.53954 0
1652668156454 0.54145 0
1652668266424 0.53807 0
1652668377715 0.54064 0
1652668486938 0.54005 0
1652668596767 0.54239 0
1652668707426 0.53928 0
1652668818021 0.53971 0
1652668926858 0.54153 0
1652669037468 0.54105 0
1652669148075 0.54082 0
1652669257734 0.54002 0
1652669367893 0.54131 0
1652669477333 0.54222 0
1652669588007 0.53881 0
1652669698389 0.53875 0
1652669809712 0.54028 0
1652669920153 0.54089 0
1652670031054 0.54148 0
1652670141076 0.54075 0
1652670251354 0.5408 0
1652670360194 0.53896 0
1652670470080 0.54129 0
1652670581249 0.54046 0
1652670691166 0.54221 0
1652670802108 0.54321 0
