1651692158312 0.5968 0
1651692161265 0.7776 0
1651692164305 0.8168 0
1651692167420 0.8504 0
1651692170438 0.8792 0
1651692175656 0.6518 0
1651692180987 0.7466 0
1651692186033 0.7948 0
1651692191215 0.831 0
1651692196339 0.846 0
1651692204149 0.7488 0
1651692211361 0.7892 0
1651692218552 0.8245333333333333 0
1651692225836 0.8490666666666666 0
1651692233228 0.8692 0
1651692243785 0.8309 0
1651692253428 0.8653 0
1651692263017 0.8773 0
1651692272616 0.8988 0
1651692282412 0.9059 0
1651692295722 0.822 0
1651692307867 0.8544 0
1651692319941 0.8812 0
1651692332037 0.88512 0
1651692344283 0.89208 0
