1652185572618 1.6531841762542725 0
1652185577414 0.8318765834808349 0
1652185582153 0.7374590016841889 0
1652185586895 0.5880570511341094 0
1652185591653 0.49910367393493654 0
1652185596368 0.4334695383787155 0
1652185601191 0.36346534026563165 0
1652185605993 0.2777824381172657 0
1652185610796 0.34894865899086 0
1652185615498 0.2912738744020462 0
1652185620342 0.21873403043597936 0
1652185625077 0.1776129064440727 0
1652185629877 0.171873340035975 0
1652185634804 0.144069678363204 0
1652185639543 0.1475263049580157 0
1652185644309 0.14553514983430504 0
1652185649061 0.09893191123753786 0
1652185653838 0.08253334073331207 0
1652185658614 0.07513176693022251 0
1652185663274 0.06495634531443939 0
1652185668061 0.06565266156643629 0
1652185672876 0.06687830015039072 0
1652185677700 0.061780135647533464 0
1652185682453 0.0497019530614838 0
1652185687302 0.05047846811339259 0
1652185692035 0.04054221079368144 0
1652185696822 0.05272685868549161 0
1652185701640 0.0669343392633833 0
1652185706376 0.034691283894144 0
1652185711138 0.03379636568017304 0
1652185715903 0.043877156817470675 0
1652185720716 0.04819658172118943 0
1652185725442 0.069798580444674 0
1652185730216 0.04699293247158639 0
1652185735095 0.014402775785350241 0
1652185739972 0.01542647780124098 0
1652185744706 0.01562962851348566 0
1652185749448 0.01889381140448386 0
1652185754202 0.027448217972402926 0
1652185758962 0.02732755979676731 0
1652185763656 0.034873503056244225 0
1652185768477 0.03105272564954357 0
1652185773248 0.03255271187976468 0
1652185778007 0.06581126558680553 0
1652185782722 0.026708349684532732 0
1652185787487 0.016341097753169016 0
1652185792332 0.007949056844593724 0
1652185797045 0.010674467608850682 0
1652185801911 0.017983438782257145 0
1652185806648 0.008622004651580938 0
1652185821987 0.5418498331453452 0
1652185837104 0.34499771269863355 0
1652185852334 0.261795506080507 0
1652185867699 0.1807614422053194 0
1652185882804 0.1524297931102972 0
1652185897821 0.11417491113393904 0
1652185912959 0.08583728912255242 0
1652185928046 0.07069119782479151 0
1652185943130 0.047834793516937923 0
1652185957976 0.031810598415958104 0
1652185973299 0.0306701455419513 0
1652185988310 0.023138908322986755 0
1652186003225 0.02609747661292889 0
1652186018193 0.014011263268061744 0
1652186033460 0.011744131815210222 0
1652186048733 0.013032570773174842 0
1652186063790 0.00880840569401029 0
1652186078905 0.012668404546164939 0
1652186094187 0.007812821497356166 0
1652186109206 0.003246032305567987 0
1652186124156 0.005059484177923495 0
1652186139250 0.00251443459353568 0
1652186154472 0.004038842616025626 0
1652186169699 0.0051720055802788436 0
1652186184579 0.022288225976198745 0
1652186199739 0.008595468196664853 0
1652186215052 0.005938578479678399 0
1652186229975 0.005284682778992407 0
1652186245058 0.005247599208446057 0
1652186260144 0.009781812800797623 0
1652186275439 0.003979304802192617 0
1652186290382 0.006241533443136981 0
1652186305526 0.010416136723852004 0
1652186320700 0.006649821072938374 0
1652186335800 0.011200913246862251 0
1652186350769 0.006913405197638355 0
1652186365803 0.012020232587709125 0
1652186381181 0.004668083159750158 0
1652186396328 0.012536889481809211 0
1652186411481 0.0027034998946549654 0
1652186426339 0.0016417452803371045 0
1652186441470 0.0041551741256032225 0
1652186456529 0.0059585663552153695 0
1652186471548 0.00379674076693577 0
1652186486531 0.0035058013454080743 0
1652186501637 0.008204745950231384 0
1652186516648 0.006785979848274224 0
1652186531691 0.0056302591193501195 0
1652186546927 0.006472424340838946 0
1652186562023 0.005143193411640823 0
1652186581875 0.5399054926177167 0
1652186601381 0.37635121715432723 0
1652186621142 0.2687468490335148 0
1652186640893 0.22424405001561734 0
1652186660659 0.17545532603456035 0
1652186680209 0.13203635635798394 0
1652186699763 0.10161136879518046 0
1652186719585 0.0879870850328246 0
1652186738887 0.06692362514585376 0
1652186758447 0.051242947724855194 0
1652186778081 0.054149728863004294 0
1652186797389 0.041100240238932544 0
1652186817011 0.042673933292060484 0
1652186836532 0.029033508622633843 0
1652186856272 0.051777698462331 0
1652186875822 0.05892891794441644 0
1652186895106 0.025058516738259925 0
1652186914777 0.0378131545721111 0
1652186934556 0.048573143174463 0
1652186953910 0.03008710256254067 0
1652186973406 0.024226810342943664 0
1652186993124 0.013932779123255922 0
1652187012562 0.01809248383750088 0
1652187032089 0.025924317736635005 0
1652187051571 0.02119688592358371 0
1652187071169 0.019724318394006332 0
1652187090486 0.008253407239444191 0
1652187110080 0.004332057748165306 0
1652187129457 0.008802175878622203 0
1652187148838 0.008151937181636221 0
1652187168446 0.004914629858073385 0
1652187187940 0.010949524987733522 0
1652187207570 0.011099409177105543 0
1652187227115 0.012839193097407709 0
1652187246616 0.008375101981250493 0
1652187266193 0.015027766739105967 0
1652187285710 0.01238081323238222 0
1652187305296 0.01311408511064917 0
1652187324927 0.008278097634420025 0
1652187344591 0.0097917079868305 0
1652187364377 0.009494034221077358 0
1652187383639 0.01651924344528346 0
1652187403081 0.023825625294755553 0
1652187422470 0.006881148358531956 0
1652187442171 0.0058530303876999775 0
1652187461869 0.0023449571215886185 0
1652187481333 0.0035568189090719863 0
1652187500762 0.0034907021016162706 0
1652187520597 0.002257690296282788 0
1652187539937 0.0028735070315676317 0
1652187564533 0.5106197990661417 0
1652187588372 0.28143470714735397 0
1652187612478 0.20578431948002632 0
1652187636244 0.1317192107775001 0
1652187660150 0.11542353886703634 0
1652187684229 0.09179204677180323 0
1652187708164 0.058311004792202595 0
1652187732287 0.04479652236131037 0
1652187756303 0.03855081179148777 0
1652187780303 0.022728960795353293 0
1652187804217 0.018954650447733628 0
1652187828058 0.009987057263963667 0
1652187851962 0.012225291794663962 0
1652187876191 0.012368724163374896 0
1652187900177 0.0068818962801948744 0
1652187924013 0.0036091344390720044 0
1652187947751 0.00672380865991178 0
1652187971760 0.012091072137799806 0
1652187995518 0.00729454910484457 0
1652188019236 0.004652580916251636 0
1652188043203 0.006570385212529486 0
1652188067305 0.0031251467878702457 0
1652188091046 0.004809051695322887 0
1652188114973 0.0017557512016086903 0
1652188138865 0.009941995632778988 0
1652188162978 0.011615766028755442 0
1652188186775 0.004344805972106199 0
1652188210571 0.0014910603444562467 0
1652188234590 0.004237201590877374 0
1652188258386 0.0032814221261490985 0
1652188282399 0.007104145390753086 0
1652188306491 0.009440948355237597 0
1652188330709 0.00803784915808728 0
1652188354589 0.007179801642570678 0
1652188378708 0.007256180459298253 0
1652188402660 0.0032399969817646867 0
1652188426412 0.005960866719512573 0
1652188450238 0.00471616434531713 0
1652188474353 0.0010986973188523166 0
1652188498395 0.0012361751008051888 0
1652188522551 0.002312595800636745 0
1652188546374 0.0034604441925120692 0
1652188570276 0.0012129020554044025 0
1652188594287 0.0005449297272351051 0
1652188618096 0.0016752545109463904 0
1652188642006 0.013342456152760748 0
1652188665751 0.0032257853205563277 0
1652188689768 0.0027731517721424643 0
1652188713662 0.0292385426026242 0
1652188737771 0.008510038495050403 0
1652188766816 0.4653573350569104 0
1652188795144 0.23372471841544223 0
1652188823405 0.15436195791457427 0
1652188851713 0.1143180780285183 0
1652188879991 0.07685576993986928 0
1652188908511 0.06342517110502016 0
1652188936560 0.05322039623262401 0
1652188964760 0.030843568548815828 0
1652188993118 0.018453906433685056 0
1652189021454 0.015485967239639993 0
1652189049697 0.021679844802203873 0
1652189077980 0.022144633462743243 0
1652189106308 0.014291839322174846 0
1652189134351 0.010774330275968693 0
1652189162437 0.008009157509224136 0
1652189190902 0.009405980617847035 0
1652189219208 0.004227891485489227 0
1652189247689 0.004723700425210011 0
1652189276156 0.0035267387388953427 0
1652189304777 0.0029835592381543194 0
1652189333336 0.001899545357829437 0
1652189361733 0.0025521568814719934 0
1652189390063 0.0025353521064588325 0
1652189418105 0.0021644488592273115 0
1652189446414 0.003969687801255813 0
1652189474739 0.00321500159481188 0
1652189502969 0.005001439121063109 0
1652189531296 0.0017619789797286463 0
1652189559616 0.0042328546342127035 0
1652189587600 0.0017494033847051745 0
1652189615684 0.0011352027970760487 0
1652189644097 0.0009186682800936282 0
1652189672444 0.005684508097801039 0
1652189700774 0.0054085539568978205 0
1652189728962 0.0014992986565287815 0
1652189757267 0.005644446655341215 0
1652189785600 0.003368487816485327 0
1652189813860 0.0025466437830982906 0
1652189842166 0.0067962416299648136 0
1652189870504 0.001973784882610579 0
1652189898805 0.003013278997364972 0
1652189927067 0.002001268263839903 0
1652189955610 0.0035060954661868923 0
1652189983934 0.006085793189024322 0
1652190012010 0.006099442907899666 0
1652190040270 0.008524230206593372 0
1652190068537 0.008807455399501044 0
1652190096718 0.005405355580230983 0
1652190124681 0.00207387278745518 0
1652190152627 0.003803017376730678 0
1652190186425 0.4592042865985313 0
1652190218979 0.2582403195506082 0
1652190251364 0.17660068060551656 0
1652190284125 0.1269999752438078 0
1652190316632 0.09672245501666214 0
1652190348944 0.06200616298197321 0
1652190381519 0.048078121003491917 0
1652190414078 0.03681491040353383 0
1652190447140 0.029477521096313845 0
1652190479558 0.025850939771780376 0
1652190512143 0.019502374547602817 0
1652190544692 0.01400272237993212 0
1652190577290 0.014929644257299965 0
1652190609980 0.018453974414658448 0
1652190642525 0.014927342229044096 0
1652190675383 0.021562265926051857 0
1652190707835 0.015141925275034412 0
1652190740282 0.017746968813246475 0
1652190772826 0.008506355552799577 0
1652190805444 0.006499842305222477 0
1652190838148 0.003859927029661457 0
1652190870896 0.0027530323954652893 0
1652190903717 0.002497044284805709 0
1652190936427 0.0016768466860231708 0
1652190968747 0.012235557503815435 0
1652191001382 0.009684240723479204 0
1652191033957 0.01079345928450804 0
1652191066588 0.012320983016986848 0
1652191099340 0.007807719697473394 0
1652191131757 0.002885596132779632 0
1652191164381 0.0013791030934912948 0
1652191196991 0.001227156181261538 0
1652191229708 0.001008645484297546 0
1652191262391 0.001076811966293024 0
1652191295016 0.0018029418123212582 0
1652191327474 0.0012444049854257798 0
1652191360089 0.0006378938890666554 0
1652191392480 0.0008709616407213906 0
1652191425106 0.0038958172631990357 0
1652191457833 0.005284147682329915 0
1652191490437 0.0015249435084887556 0
1652191523348 0.0010313341887972518 0
1652191556450 0.0006568409641033986 0
1652191588904 0.000470866918229741 0
1652191621545 0.0027954934140911112 0
1652191653961 0.02422725852502321 0
1652191686661 0.007447846783588939 0
1652191719171 0.013066222583403082 0
1652191751895 0.004009856501202481 0
1652191784667 0.005070510460472616 0
1652191823124 0.5790322759416897 0
1652191860012 0.36324566065171005 0
1652191896672 0.28190285892650213 0
1652191933475 0.19784513643904866 0
1652191969742 0.1529939154732351 0
1652192006304 0.11768064146648857 0
1652192043178 0.10816647386489063 0
1652192079955 0.07354317135151538 0
1652192116663 0.07090199555375175 0
1652192153437 0.05697288776168872 0
1652192190121 0.035597967611237805 0
1652192226923 0.03844985502035449 0
1652192263284 0.03907127645541598 0
1652192300081 0.0315949247119813 0
1652192336747 0.01809722619281349 0
1652192373705 0.014116811295131374 0
1652192410616 0.020647995911816586 0
1652192447347 0.01903688214371443 0
1652192484013 0.011489800989541618 0
1652192520728 0.007082443829185083 0
1652192557184 0.00667390894536479 0
1652192593829 0.007971483907466851 0
1652192630472 0.011387817316345947 0
1652192667400 0.0031559396500688815 0
1652192703974 0.009955308965354539 0
1652192740887 0.014650111601012332 0
1652192777580 0.029009762455702588 0
1652192814288 0.01624591360782873 0
1652192851109 0.03544209630831374 0
1652192888048 0.020442695857128997 0
1652192924816 0.014422302861257211 0
1652192961170 0.019601440776647897 0
1652192997970 0.026312569081590045 0
1652193034514 0.0246601728811646 0
1652193071373 0.019264148354250863 0
1652193108580 0.004436303079700586 0
1652193145509 0.008658360731687638 0
1652193182112 0.00815333067183067 0
1652193218979 0.015193262330352285 0
1652193255570 0.009669883342620346 0
1652193292252 0.005091728413282802 0
1652193329072 0.0044063896865971204 0
1652193365683 0.0026539517564703515 0
1652193402209 0.006827101301690244 0
1652193438655 0.008762807910481478 0
1652193475472 0.019550407845348547 0
1652193512064 0.015114934610296562 0
1652193548829 0.012175879079784607 0
1652193585624 0.017935039454005236 0
1652193622308 0.019249118026122985 0
1652193665217 0.5168908432554171 0
1652193706453 0.33345541467404044 0
1652193747654 0.2475076536190862 0
1652193789104 0.1691485442167649 0
1652193830215 0.1074541866428502 0
1652193871437 0.07743372028754505 0
1652193912540 0.08750585259993078 0
1652193953815 0.06703223354656603 0
1652193995103 0.050739674205339536 0
1652194036265 0.043267733812129984 0
1652194077702 0.032256551162716585 0
1652194119072 0.01934499987189235 0
1652194160395 0.020467787946842713 0
1652194201478 0.016708392777732155 0
1652194242896 0.018640517833934767 0
1652194284097 0.014978012743466202 0
1652194325658 0.012214366351243136 0
1652194366974 0.006870634787502652 0
1652194408094 0.008302331361540571 0
1652194449422 0.005358547647539393 0
1652194490087 0.0027287545710941814 0
1652194531079 0.0026695164906660783 0
1652194572516 0.005646605937833119 0
1652194613579 0.003907150496206197 0
1652194654431 0.0028736624697257495 0
1652194695552 0.002875652283702138 0
1652194736781 0.00287019254029145 0
1652194778139 0.004747567756241968 0
1652194819513 0.004093729187745574 0
1652194861114 0.007762861885546639 0
1652194902464 0.003124779141199584 0
1652194944043 0.02011701511033325 0
1652194985641 0.01914639573496694 0
1652195026951 0.013495728246799276 0
1652195068076 0.015958660013872628 0
1652195109592 0.02427652695031163 0
1652195150800 0.007212522904762473 0
1652195192241 0.010560853683842377 0
1652195233454 0.005293130795289268 0
1652195274839 0.0019926532948016528 0
1652195316111 0.0017390756481602129 0
1652195357094 0.001133590092487092 0
1652195398166 0.0037408416022502735 0
1652195439426 0.002763583409350591 0
1652195481040 0.009287459500236564 0
1652195522386 0.0036607337543251794 0
1652195563546 0.008711376750889307 0
1652195604871 0.028238030376116444 0
1652195646223 0.03441599006366939 0
1652195687317 0.025884689075659724 0
1652195734857 0.5975470285675379 0
1652195780257 0.43843282704484626 0
1652195826021 0.3179369945278286 0
1652195871189 0.2278521519632979 0
1652195916829 0.19400209050509612 0
1652195962158 0.1400587057720064 0
1652196007415 0.09878992651873889 0
1652196052907 0.09275603511408625 0
1652196098639 0.06723188598776282 0
1652196144456 0.08574176149358059 0
1652196189773 0.0627050303764112 0
1652196235318 0.06850326304448098 0
1652196280939 0.045631115772246315 0
1652196326337 0.04074830261147555 0
1652196371697 0.0236051646525788 0
1652196417020 0.037072289211442136 0
1652196462346 0.01704488726331297 0
1652196507753 0.024030732190130903 0
1652196553226 0.028505518211903613 0
1652196598856 0.031742948812788614 0
1652196644280 0.026146021459016767 0
1652196689372 0.033886426795164015 0
1652196734853 0.020056698623493147 0
1652196780051 0.013111018717321675 0
1652196825398 0.01810298696366947 0
1652196870841 0.010757479785271851 0
1652196916368 0.012666727223337672 0
1652196961859 0.014843662083594921 0
1652197007130 0.018083949098385815 0
1652197052881 0.02219535326971676 0
1652197098363 0.010358543201377177 0
1652197143647 0.019062040196040443 0
1652197189141 0.020415995543538717 0
1652197234512 0.024905494250006325 0
1652197280161 0.028458268094008102 0
1652197325441 0.019685361361917456 0
1652197370889 0.015262897621397247 0
1652197416399 0.01563569031587407 0
1652197462047 0.010055733382692954 0
1652197507203 0.01022548079996088 0
1652197552323 0.0061503548328582635 0
1652197597547 0.0036512641009951944 0
1652197643078 0.01075748165181919 0
1652197688495 0.003827605115365704 0
1652197733847 0.005788911668790381 0
1652197779590 0.0038548724345657723 0
1652197824993 0.0082908287677462 0
1652197870172 0.002855134732015609 0
1652197915417 0.001663809401792952 0
1652197960938 0.002239275271320494 0
1652198012158 0.42354918533530317 0
1652198061091 0.2313421649853896 0
1652198110075 0.15844304153750705 0
1652198159003 0.09503233615317919 0
1652198208223 0.07306721935261276 0
1652198257433 0.04901819009889818 0
1652198306636 0.04484406976417266 0
1652198355517 0.024642812777518727 0
1652198404672 0.02148400613382542 0
1652198453673 0.023727343088433633 0
1652198502843 0.014839716278706326 0
1652198551669 0.01615891029392291 0
1652198600689 0.01283263176209862 0
1652198649581 0.01970826084699544 0
1652198698398 0.013961314767040163 0
1652198747457 0.009244279702567903 0
1652198796232 0.0032374005358151835 0
1652198845626 0.005752169244018876 0
1652198894594 0.008327113361159565 0
1652198943329 0.007062127946835852 0
1652198992378 0.0029033445723426173 0
1652199041413 0.011623338652003172 0
1652199090667 0.01909870691991397 0
1652199140014 0.009158530261765954 0
1652199189212 0.012404328906360096 0
1652199238198 0.007061974720766282 0
1652199287347 0.005807544078089963 0
1652199336141 0.005088308458261085 0
1652199385434 0.0031271189691295218 0
1652199434744 0.0039394986824112434 0
1652199483800 0.001720642059460187 0
1652199532928 0.0009138458662057638 0
1652199581971 0.002479104765147158 0
1652199630835 0.006074878395700802 0
1652199679479 0.004224821420944633 0
1652199728684 0.0017479843979757888 0
1652199777952 0.0008449257439350248 0
1652199827088 0.0036214359529414537 0
1652199876029 0.001100772712119548 0
1652199925212 0.0017862099147396547 0
1652199974412 0.0011434069331917474 0
1652200023512 0.002205264482973106 0
1652200072483 0.0035601392914581947 0
1652200121677 0.001194865637225101 0
1652200170719 0.0007790492819967781 0
1652200219668 0.001778192949352722 0
1652200268644 0.0019118351662915768 0
1652200317922 0.0010507305278420502 0
1652200366666 0.0007231872570043146 0
1652200415533 0.0006184965744280128 0
1652200470975 0.4960250764823588 0
1652200523900 0.3285042223745789 0
1652200577072 0.23580970640717178 0
1652200630235 0.1978058632692145 0
1652200683430 0.11601556807679124 0
1652200736695 0.09716380290027057 0
1652200789836 0.0756323671433703 0
1652200842890 0.05781453909725545 0
1652200895992 0.056502501308585015 0
1652200949043 0.038600162670599014 0
1652201002190 0.046955939800034784 0
1652201054985 0.028375821773792304 0
1652201108242 0.057481356128657804 0
1652201161217 0.0283591664237909 0
1652201214585 0.02416093664872627 0
1652201267817 0.012618989348471022 0
1652201321080 0.029595310861469267 0
1652201374368 0.012889806577357547 0
1652201427244 0.02152098234927212 0
1652201480110 0.015465060688989313 0
1652201533267 0.010962313568815649 0
1652201586421 0.010363106224135884 0
1652201639331 0.00632481456341048 0
1652201692600 0.006783934069257779 0
1652201745817 0.002976895456130974 0
1652201798514 0.006945806809649739 0
1652201851435 0.0038319029554491307 0
1652201904480 0.002217910028971785 0
1652201957964 0.010472492170308293 0
1652202011037 0.006917248076424062 0
1652202064379 0.01501595718988291 0
1652202117684 0.008145317735547365 0
1652202170821 0.007550263829590234 0
1652202223970 0.014222841282097916 0
1652202277322 0.018794463031701535 0
1652202330579 0.009698184909475915 0
1652202384016 0.024106538668349206 0
1652202437200 0.014518559416822929 0
1652202490332 0.012819827268723657 0
1652202543477 0.009707599901724295 0
1652202596989 0.018749590928934617 0
1652202649820 0.005339131073551275 0
1652202703022 0.003170457735079053 0
1652202756062 0.0037275875011493925 0
1652202809218 0.0041552551621415095 0
1652202862312 0.0021441157227430375 0
1652202915700 0.0022516111854065423 0
1652202968926 0.0017441545252807897 0
1652203022106 0.0016493357456729993 0
1652203075238 0.007867900353090068 0
1652203135360 0.5456210732793009 0
1652203192416 0.3265783397654772 0
1652203249718 0.2201454914327345 0
1652203306906 0.16620157995013743 0
1652203364199 0.10182078739409674 0
1652203421603 0.0919629389721921 0
1652203478848 0.063570126302463 0
1652203536076 0.050564267358193374 0
1652203593542 0.030489095572548704 0
1652203650632 0.03582448581737561 0
1652203707768 0.029710224011269267 0
1652203765068 0.027592334758077063 0
1652203822343 0.022522814509794056 0
1652203879580 0.012722697643398145 0
1652203936903 0.0071145478970128136 0
1652203994180 0.005796391241819541 0
1652204051177 0.004660796570492773 0
1652204108266 0.008477039996041052 0
1652204165707 0.013057915122208838 0
1652204222714 0.008913680004827078 0
1652204279786 0.008384418049370105 0
1652204337203 0.014310630914886725 0
1652204394528 0.013128700989453866 0
1652204451700 0.01909589631288221 0
1652204509454 0.014012206675067057 0
1652204566733 0.025720790405412104 0
1652204623916 0.0085092173571158 0
1652204680856 0.00881356172485118 0
1652204738157 0.009202245235813266 0
1652204795491 0.00627375301716928 0
1652204852881 0.002550213356986969 0
1652204910082 0.0029139856934522895 0
1652204967249 0.001697255223982054 0
1652205024226 0.0021760197333952134 0
1652205081133 0.0018361789046720575 0
1652205138481 0.001673157770936998 0
1652205195828 0.0011301079030235648 0
1652205253007 0.001721592967449379 0
1652205310548 0.003305249460597492 0
1652205367617 0.003936155832611197 0
1652205424937 0.003084448913367969 0
1652205482539 0.0017652368902898463 0
1652205539815 0.0023015901524943714 0
1652205596925 0.0010581020102204408 0
1652205654219 0.0014947983531518457 0
1652205711408 0.0020452945314590053 0
1652205768558 0.004323258829144768 0
1652205825739 0.007560468148380661 0
1652205882909 0.004999534168049503 0
1652205939956 0.008695411366163043 0
1652206004406 0.4582830764061912 0
1652206065691 0.2656554947923111 0
1652206127105 0.18991819895203363 0
1652206188200 0.15924683674361262 0
1652206249814 0.09269020987967444 0
1652206311254 0.08435448402715795 0
1652206372664 0.050454395431475174 0
1652206433784 0.03841802238502316 0
1652206494939 0.04297818908288017 0
1652206556224 0.022351652056763673 0
1652206617733 0.017653078667325964 0
1652206679185 0.013110466015280625 0
1652206740502 0.01121968412080576 0
1652206801897 0.02436219124868215 0
1652206863070 0.013984848246430266 0
1652206924317 0.011218414205243159 0
1652206985656 0.0035925755830643682 0
1652207046828 0.0033736174511043125 0
1652207108217 0.003300943164097655 0
1652207169773 0.002149673123139344 0
1652207231013 0.0019714221865955537 0
1652207292502 0.0012127052611096837 0
1652207353677 0.0010760882267310727 0
1652207414926 0.004057603014123173 0
1652207476158 0.008002736646212275 0
1652207537558 0.005068957153874979 0
1652207599021 0.0014831080376070233 0
1652207660196 0.0013314243921703835 0
1652207721283 0.007349053422581473 0
1652207782275 0.0037248737120395862 0
1652207843802 0.0024215416410077193 0
1652207904932 0.0017419569064243878 0
1652207966283 0.0010764902099057979 0
1652208028005 0.0012440106852209761 0
1652208089093 0.0007600960386667998 0
1652208150465 0.0008158801817160519 0
1652208211993 0.0007899260461138649 0
1652208273161 0.0007177690653623203 0
1652208334536 0.0016463994637023172 0
1652208395792 0.015659874736413906 0
1652208457229 0.006222735111529553 0
1652208518636 0.003545318871025956 0
1652208579843 0.0057650292123142405 0
1652208640874 0.002295277684875701 0
1652208702236 0.0013947638273105346 0
1652208763325 0.0009611677547510943 0
1652208824586 0.0012518779372057602 0
1652208885604 0.0009093589288965224 0
1652208947195 0.0008087402338504714 0
1652209008389 0.0007693141872856352 0
1652209077289 0.6342820039008583 0
1652209143043 0.449335492927364 0
1652209208777 0.33817055028196535 0
1652209274300 0.2732708633826051 0
1652209340085 0.19414843866826056 0
1652209405570 0.14726348138055323 0
1652209471152 0.1204805100323292 0
1652209536818 0.10409535365647443 0
1652209602419 0.0946930865032475 0
1652209667971 0.09566631261630955 0
1652209733707 0.06731596157692094 0
1652209799303 0.07892322783779832 0
1652209864993 0.0542924319529952 0
1652209930486 0.06656291797840395 0
1652209995878 0.03959897030754415 0
1652210061476 0.05300403888659152 0
1652210127027 0.03762985684025173 0
1652210192662 0.03850497073194358 0
1652210258199 0.024230914117570695 0
1652210323982 0.03753428404640885 0
1652210389808 0.03347797593115238 0
1652210455658 0.0217094228893566 0
1652210521009 0.017240896790547793 0
1652210586657 0.011906424673320242 0
1652210652249 0.020443071044107388 0
1652210717905 0.04152458061665558 0
1652210783456 0.025694966781512795 0
1652210849562 0.02054349794844128 0
1652210915283 0.020767821290018147 0
1652210980569 0.009059371044658607 0
1652211046157 0.02092946522533953 0
1652211111619 0.028170116149120968 0
1652211177060 0.012474476774903244 0
1652211242826 0.013130679683490742 0
1652211308468 0.014168154515165475 0
1652211373695 0.018873370915921873 0
1652211439950 0.011080659192326016 0
1652211505667 0.007841579722543823 0
1652211571446 0.010134808156127965 0
1652211637549 0.014039124804047209 0
1652211704153 0.00975699284142188 0
1652211770663 0.016389464098790694 0
1652211837092 0.0076917864388584825 0
1652211903171 0.008605862764012833 0
1652211968499 0.020242760065684342 0
1652212034223 0.01541575295434401 0
1652212099986 0.015272233884555644 0
1652212165552 0.015791141030401683 0
1652212231087 0.010277450061273142 0
1652212296901 0.002912206679704493 0
1652212371451 0.5754778538098453 0
1652212442068 0.35569423488255797 0
1652212512934 0.25129688883175016 0
1652212583539 0.19060504111830748 0
1652212654370 0.16155438134944733 0
1652212725196 0.10454387405362495 0
1652212796048 0.07426820412212767 0
1652212867230 0.06948466430264336 0
1652212938255 0.05038901308442913 0
1652213009164 0.032206594722504533 0
1652213080066 0.027431476501865403 0
1652213150715 0.029257733331724156 0
1652213221600 0.019296459461571998 0
1652213292629 0.014578480363421362 0
1652213363447 0.009608361859644591 0
1652213434405 0.01042360633519513 0
1652213505153 0.007259874675810896 0
1652213575806 0.0109875858478926 0
1652213646738 0.017457016664932514 0
1652213717610 0.010890716160978328 0
1652213788524 0.013911001279456608 0
1652213859085 0.020362529453411937 0
1652213930239 0.014254808189542124 0
1652214001063 0.008567677446955434 0
1652214072199 0.00804191668044422 0
1652214142992 0.004974808402698419 0
1652214213787 0.007244179594268798 0
1652214285135 0.010453355358133102 0
1652214355967 0.014337167469375817 0
1652214426549 0.0128029498252319 0
1652214497484 0.007422571661023621 0
1652214568741 0.006799073538468692 0
1652214639608 0.028491829026190168 0
1652214710508 0.018460375129736525 0
1652214781217 0.018597878452913698 0
1652214852224 0.014958364552322474 0
1652214923295 0.007092053294575759 0
1652214994025 0.00881771967617731 0
1652215064750 0.020871965074131277 0
1652215135636 0.013421915749538355 0
1652215206363 0.012823661366375036 0
1652215277217 0.008065734294608105 0
1652215348248 0.019289046567578554 0
1652215419383 0.013344879799164945 0
1652215490413 0.006367386440640198 0
1652215561335 0.004432996813299287 0
1652215632346 0.004695639736706603 0
1652215703251 0.0016868516273390731 0
1652215773976 0.0027231640833357894 0
1652215844874 0.002378262340199687 0
1652215924210 0.5312801095978888 0
1652215999175 0.3476197961167821 0
1652216074114 0.2639374794573757 0
1652216148921 0.17549098261051527 0
1652216224075 0.13257046472593392 0
1652216299063 0.09562173070711606 0
1652216374053 0.0783789383644403 0
1652216449025 0.059010281947018475 0
1652216523884 0.03662236312185752 0
1652216599094 0.04040970174626931 0
1652216673935 0.027983477425739967 0
1652216749063 0.015762667708672694 0
1652216824307 0.012131841137859575 0
1652216899461 0.02183009925055342 0
1652216974368 0.022665761807355182 0
1652217049366 0.0107931549189254 0
1652217124096 0.01667956351090731 0
1652217199301 0.01613355282224352 0
1652217274309 0.013399613431765618 0
1652217349304 0.008375893882680193 0
1652217424296 0.029419625179837657 0
1652217499232 0.013858961153267055 0
1652217574171 0.013568890798712076 0
1652217649381 0.008167448382808307 0
1652217724557 0.0037393088326904645 0
1652217799446 0.003635023307673639 0
1652217874059 0.0023003102504854157 0
1652217949175 0.0036217697066569317 0
1652218024372 0.0060947089454535235 0
1652218099598 0.01261327838107456 0
1652218174547 0.008696674947914537 0
1652218249591 0.011686655464942634 0
1652218324331 0.014302313269256463 0
1652218399311 0.006941503860763997 0
1652218473901 0.004705802774976966 0
1652218548812 0.009281241469507396 0
1652218623775 0.0037805155530595724 0
1652218698669 0.009662265773024188 0
1652218773574 0.008367869325862204 0
1652218848724 0.00482947574088503 0
1652218923419 0.0030390800927161386 0
1652218998269 0.00256852011045059 0
1652219073416 0.0026914669414097704 0
1652219148202 0.006933914886598742 0
1652219223012 0.006133150389597879 0
1652219298117 0.007498936573413616 0
1652219372956 0.0040520659206748745 0
1652219448022 0.002455966131083804 0
1652219522633 0.004071791375915134 0
1652219597696 0.0038834110964149093 0
1652219681148 0.3982564639731207 0
1652219760305 0.2346858072963507 0
1652219839053 0.11867366119006208 0
1652219918298 0.09415214497622783 0
1652219997407 0.06852395707668539 0
1652220076320 0.042843432245212656 0
1652220155714 0.040935334287946545 0
1652220234807 0.022116387817794597 0
1652220313593 0.015225472020695888 0
1652220392859 0.00987248044388171 0
1652220471855 0.014180504802037669 0
1652220550931 0.012936702776694313 0
1652220629960 0.008620853727967356 0
1652220708988 0.004621946153283737 0
1652220788186 0.00499985160373734 0
1652220867245 0.004470993423628556 0
1652220946077 0.0039803788301156625 0
1652221025263 0.0028632394428731367 0
1652221104448 0.0016445425184442107 0
1652221183678 0.0014348118580842103 0
1652221262819 0.0012384204761439553 0
1652221342104 0.0013874727296654108 0
1652221421097 0.0012204650002929358 0
1652221500033 0.0013326939526337354 0
1652221579116 0.001261343031524066 0
1652221658369 0.0009288934922754075 0
1652221737514 0.000839725245460749 0
1652221816764 0.000986828941415924 0
1652221895986 0.0008536608466404325 0
1652221974983 0.0007133831267995078 0
1652222054127 0.000749853223243376 0
1652222133114 0.002859065827972301 0
1652222211892 0.0022226479837294828 0
1652222290974 0.001100889687219758 0
1652222369936 0.0017976018390005062 0
1652222448933 0.0027490260082476156 0
1652222527772 0.01142984785991353 0
1652222606601 0.001910894186587533 0
1652222685579 0.0011642316113993918 0
1652222764793 0.0009357904644083924 0
1652222843780 0.0008799267172960583 0
1652222922898 0.0008122047215420678 0
1652223001975 0.0008481863592710445 0
1652223081088 0.0007705867782172711 0
1652223160499 0.0007025620435362315 0
1652223239434 0.0006158494887426079 0
1652223318655 0.000733368568717378 0
1652223397700 0.0006522714828028799 0
1652223476683 0.000794855938055192 0
1652223555632 0.001030465624208212 0
1652223643505 0.35908801735922136 0
1652223726812 0.18523137319568433 0
1652223809941 0.10238180141256793 0
1652223893472 0.09684606983139814 0
1652223976581 0.063677311234967 0
1652224059749 0.03451521665895475 0
1652224143272 0.02169871095609565 0
1652224226752 0.018544345712831804 0
1652224309785 0.022103069388773666 0
1652224393155 0.01402568728689042 0
1652224476262 0.01682003430430521 0
1652224559532 0.0068417771445127935 0
1652224643375 0.005049174932461212 0
1652224726791 0.008291320331953615 0
1652224810205 0.0054996602868264376 0
1652224893432 0.014547385140645474 0
1652224976847 0.006858808491104011 0
1652225060592 0.0032426241929483053 0
1652225143890 0.0024161617495885145 0
1652225227290 0.004055965421996351 0
1652225310527 0.005981434961291832 0
1652225394301 0.003169306901380931 0
1652225477474 0.0022293816631658377 0
1652225560871 0.002828681882372734 0
1652225644439 0.0015306877655572506 0
1652225727674 0.0013022308574832608 0
1652225810914 0.005246751862581811 0
1652225894303 0.00824487614961964 0
1652225977637 0.006792983168614203 0
1652226061070 0.002763106529314758 0
1652226144578 0.0038852514234555074 0
1652226227629 0.0018915666768242621 0
1652226310989 0.0020429361683144834 0
1652226394341 0.0015719322035615373 0
1652226477576 0.0009811668470390408 0
1652226561113 0.0008684991959613248 0
1652226644623 0.0009731218797256554 0
1652226727918 0.0007921573892718884 0
1652226810978 0.003942944240813565 0
1652226894239 0.0011488356640902834 0
1652226977634 0.0015925266126806997 0
1652227060873 0.003607325057974063 0
1652227144416 0.002732872711353343 0
1652227227691 0.0020950427048461303 0
1652227310569 0.00220014502456767 0
1652227393684 0.0011297780040210054 0
1652227477150 0.0008473803528197294 0
1652227560510 0.0008297564646902554 0
1652227643639 0.0007711527584802957 0
1652227726728 0.0006625360518181809 0
1652227819288 0.7366000067588337 0
1652227906910 1.807995370741568 0
1652227994495 0.28054526697395327 0
1652228081838 0.11360892152795769 0
1652228168841 0.05805673371890451 0
1652228256677 0.04477109817278119 0
1652228344235 0.026223898727776807 0
1652228431528 0.016690046067148186 0
1652228518981 0.014115624875276211 0
1652228606107 0.011820437269194642 0
1652228693543 0.009996288933204776 0
1652228780921 0.010234806019179553 0
1652228868511 0.004363354348636278 0
1652228956176 0.005396816116168274 0
1652229043508 0.0029371158542826547 0
1652229131149 0.007502494359809641 0
1652229218988 0.004496424386451721 0
1652229306556 0.0027579419069209176 0
1652229393951 0.0022143864166511837 0
1652229481613 0.001992766224817839 0
1652229569404 0.001923966182396559 0
1652229656805 0.0017076852197735813 0
1652229744565 0.0018197417744016907 0
1652229832083 0.0019552802683002147 0
1652229919713 0.002578518987136781 0
1652230007064 0.001532494668950641 0
1652230094311 0.0016920825944810583 0
1652230181805 0.001504494226630554 0
1652230269583 0.0012798628012418557 0
1652230357007 0.001582289938513912 0
1652230444989 0.0012671056575924516 0
1652230532829 0.0015342023125340522 0
1652230620443 0.0012425313504332498 0
1652230708090 0.0011361176266980856 0
1652230795540 0.00111765542105866 0
1652230882898 0.0012088471688017999 0
1652230970411 0.0011041745088596108 0
1652231057855 0.0010444594414106437 0
1652231145142 0.000983393561456974 0
1652231232799 0.0010088740812513475 0
1652231320410 0.0014667612126436015 0
1652231407771 0.0012471895763042538 0
1652231495337 0.0010265107755307687 0
1652231582583 0.0010146702220180301 0
1652231670120 0.000907507324992647 0
1652231757666 0.0009446923110183665 0
1652231845425 0.0009160663762352082 0
1652231932690 0.0013596317502287203 0
1652232020529 0.0011092448094785392 0
1652232108081 0.0009413313050735786 0
1652232205272 0.26182400753627944 0
1652232296961 0.11221709371754768 0
1652232388778 0.07704386683976232 0
1652232480385 0.04829473289418059 0
1652232572016 0.03315472657623547 0
1652232663665 0.017581285397445596 0
1652232755190 0.011155489300350166 0
1652232846771 0.007097958120705481 0
1652232938739 0.008965101370666731 0
1652233030306 0.008119763001124691 0
1652233121968 0.008772248097867107 0
1652233213833 0.0043655211646303075 0
1652233305711 0.002816765315322308 0
1652233397417 0.002178763976864701 0
1652233489021 0.0018882886463878802 0
1652233580981 0.0017787803171450795 0
1652233673020 0.0016857363391966401 0
1652233764650 0.0016826730102957699 0
1652233856385 0.001777132384587564 0
1652233948028 0.0030759426093223993 0
1652234039692 0.001478660856362459 0
1652234131636 0.0012543479853821806 0
1652234223524 0.0013164462990306633 0
1652234315353 0.0011790530265183303 0
1652234407025 0.0011142694210322947 0
1652234498688 0.0010960046025416728 0
1652234590383 0.0010795260219130865 0
1652234681900 0.0010283953409511164 0
1652234773593 0.0012084616207668568 0
1652234865426 0.0009890004108174565 0
1652234956925 0.000988064969388853 0
1652235048610 0.001025583722230258 0
1652235140222 0.0008729133563203899 0
1652235231973 0.0008330611592524366 0
1652235323766 0.0008629940070006744 0
1652235415527 0.0008034162295901225 0
1652235507340 0.0008905339122587088 0
1652235599169 0.0008591559358054129 0
1652235690733 0.001377491241042983 0
1652235782547 0.0009909759101689051 0
1652235873970 0.0009385066096509635 0
1652235965613 0.0011674646996682643 0
1652236057556 0.0009197787640368044 0
1652236148901 0.0007989390722363711 0
1652236240785 0.0007878893930412954 0
1652236332665 0.0007117729206106433 0
1652236424737 0.0007329527863319176 0
1652236516404 0.0007747014406035339 0
1652236607814 0.0007371020290394093 0
1652236699720 0.0006718954389338089 0
