1653469244470 0.84355 0
1653469293676 0.9062833333333333 0
1653469342461 0.9177666666666666 0
1653469391782 0.9228833333333334 0
1653469441307 0.92435 0
1653469490618 0.929 0
1653469539561 0.9278333333333333 0
1653469588335 0.9329 0
1653469636901 0.93295 0
1653469686083 0.9356 0
1653469735427 0.9370833333333334 0
1653469784685 0.9387833333333333 0
1653469833675 0.9389833333333333 0
1653469882839 0.94175 0
1653469932272 0.9407333333333333 0
1653469980936 0.94315 0
1653470030083 0.9418 0
1653470079324 0.9442333333333334 0
1653470128357 0.9453666666666667 0
1653470177403 0.94635 0
1653470226200 0.9471666666666667 0
1653470275333 0.94775 0
1653470324598 0.9493 0
1653470374195 0.9500333333333333 0
1653470423569 0.9480666666666666 0
1653470472414 0.9517 0
1653470521829 0.9502333333333334 0
1653470570807 0.9510833333333333 0
1653470620066 0.94875 0
1653470669663 0.95435 0
1653470775170 0.8887416666666667 0
1653470875722 0.9163916666666667 0
1653470976830 0.92225 0
1653471077221 0.925 0
1653471178673 0.9259083333333333 0
1653471279838 0.928475 0
1653471379903 0.9280166666666667 0
1653471480434 0.9289833333333334 0
1653471582001 0.929525 0
1653471683109 0.9314083333333333 0
1653471784537 0.9304916666666667 0
1653471884445 0.931475 0
1653471984999 0.9313833333333333 0
1653472086308 0.9325833333333333 0
1653472186752 0.9325583333333334 0
1653472287563 0.933025 0
1653472388639 0.9347916666666667 0
1653472489647 0.9333 0
1653472588445 0.9340666666666667 0
1653472689966 0.9342416666666666 0
1653472790983 0.9352916666666666 0
1653472891322 0.9342916666666666 0
1653472993116 0.9353166666666667 0
1653473095304 0.9355833333333333 0
1653473197462 0.93475 0
1653473298609 0.935975 0
1653473399433 0.9357666666666666 0
1653473499799 0.9354666666666667 0
1653473600361 0.9346916666666667 0
1653473700437 0.9366916666666667 0
1653473864928 0.8863388888888889 0
1653474020358 0.9092277777777777 0
1653474175376 0.9127222222222222 0
1653474331433 0.9140111111111111 0
1653474487901 0.9169388888888889 0
1653474643274 0.9158055555555555 0
1653474799337 0.91735 0
1653474954846 0.9174166666666667 0
1653475110057 0.9178333333333333 0
1653475263866 0.9188055555555555 0
1653475419134 0.9187777777777778 0
1653475575619 0.9201722222222222 0
1653475731144 0.9187388888888889 0
1653475886657 0.9197055555555556 0
1653476042642 0.91905 0
1653476199753 0.9195666666666666 0
1653476356006 0.9206555555555556 0
1653476511439 0.9213944444444444 0
1653476668815 0.9191444444444444 0
1653476825410 0.9206 0
1653476980789 0.9208277777777778 0
1653477137600 0.9196 0
1653477294266 0.9208666666666666 0
1653477449054 0.9208166666666666 0
1653477604355 0.9206388888888889 0
1653477760684 0.9206 0
1653477917506 0.9220888888888888 0
1653478073863 0.9217444444444445 0
1653478227468 0.9217611111111111 0
1653478382761 0.9227166666666666 0
1653478610594 0.8784958333333334 0
1653478823872 0.8995416666666667 0
1653479038437 0.9018958333333333 0
1653479252709 0.9039583333333333 0
1653479465182 0.9058875 0
1653479677671 0.9051666666666667 0
1653479890260 0.9052041666666667 0
1653480102873 0.9067041666666666 0
1653480316954 0.906525 0
1653480529405 0.9082125 0
1653480741519 0.907425 0
1653480955135 0.9075625 0
1653481169560 0.9073416666666667 0
1653481380728 0.9079875 0
1653481594437 0.9083208333333334 0
1653481807664 0.9072375 0
1653482020432 0.9076666666666666 0
1653482233309 0.9078708333333333 0
1653482447667 0.9082 0
1653482660625 0.9091166666666667 0
1653482873549 0.9086958333333334 0
1653483087776 0.90975 0
1653483301456 0.9083208333333334 0
1653483516043 0.9097375 0
1653483731106 0.9098416666666667 0
1653483948016 0.9096 0
1653484161805 0.9098583333333333 0
1653484373516 0.9092666666666667 0
1653484588054 0.9103916666666667 0
1653484801595 0.9099166666666667 0
1653485092833 0.87592 0
1653485366276 0.8917166666666667 0
1653485640510 0.89556 0
1653485914650 0.8957933333333333 0
1653486189263 0.89584 0
1653486463280 0.8973466666666666 0
1653486738463 0.8967266666666667 0
1653487010945 0.8976066666666667 0
1653487285704 0.8976533333333333 0
1653487558172 0.89858 0
1653487832530 0.89765 0
1653488105760 0.8980966666666667 0
1653488381744 0.8981133333333333 0
1653488656207 0.8985566666666667 0
1653488930462 0.8988533333333333 0
1653489204398 0.8980833333333333 0
1653489479001 0.8989466666666667 0
1653489752648 0.8988766666666667 0
1653490026913 0.8980366666666667 0
1653490301975 0.8987933333333333 0
1653490574847 0.8988733333333333 0
1653490848698 0.8990666666666667 0
1653491121762 0.9003233333333334 0
1653491393926 0.9001666666666667 0
1653491667531 0.90005 0
1653491943336 0.9001066666666667 0
1653492219654 0.9000033333333334 0
1653492496300 0.8994833333333333 0
1653492771123 0.8998833333333334 0
1653493046009 0.90078 0
