1645622589895 2.557924922943115 0
1645622594422 2.3151473526000976 0
1645622599016 2.192716567993164 0
1645622603498 2.015944603919983 0
1645622608071 1.9589484783172608 0
1645622612780 1.7821250482559203 0
1645622617201 1.7173802236557008 0
1645622621753 1.6948910383224487 0
1645622626250 1.6095802795410157 0
1645622630827 1.5815860619544984 0
1645622639627 2.1320458188056945 0
1645622648005 1.9873228964805603 0
1645622656555 1.9428545545578002 0
1645622664801 1.91556948595047 0
1645622673013 1.8480780275344848 0
1645622681161 1.844230751991272 0
1645622689553 1.783122626876831 0
1645622697507 1.8078892762184142 0
1645622705727 1.7469652138710021 0
1645622714067 1.707185052204132 0
1645622726997 2.1434768094380696 0
1645622739451 2.0610436501820883 0
1645622751874 1.9757080188751222 0
1645622764524 1.9636445564905802 0
1645622776746 1.9208174503962199 0
1645622789149 1.8313710578918456 0
1645622801318 1.8576147400538126 0
1645622813517 1.7751732144991557 0
1645622825511 1.7811544587771098 0
1645622838021 1.8208799445470174 0
