1652360602017 0.9684334953308106 0
1652360610498 0.643135167169571 0
1652360618792 0.5203789107203484 0
1652360627176 0.47967234597206115 0
1652360635694 0.4110480003833771 0
1652360644106 0.37335234639048576 0
1652360652423 0.30878131999373437 0
1652360660817 0.30669811266958713 0
1652360669104 0.26254318670779464 0
1652360677445 0.2522498383462429 0
1652360686823 1.3192249899864197 0
1652360692420 1.1207117073059083 0
1652360698073 0.9953724608421326 0
1652360703886 0.908886455821991 0
1652360709687 0.8313518347024917 0
1652360715458 0.7373764629364014 0
1652360721167 0.6833610739707947 0
1652360727001 0.6264077681064606 0
1652360732748 0.556560973405838 0
1652360738499 0.4962534294009209 0
1652360751303 1.3432981287956238 0
1652360756877 1.1369045378684997 0
1652360762590 1.0723620935440064 0
1652360768253 0.9868229106903076 0
1652360774068 0.8986945806980133 0
1652360779735 0.8372711728096008 0
1652360785434 0.7886100417137146 0
1652360791128 0.6930763864040375 0
1652360796980 0.624752309179306 0
1652360802672 0.5941591220855713 0
1652360819074 0.8814640613317489 0
1652360824663 0.6656019024372101 0
1652360830386 0.5706644348621368 0
1652360836089 0.5050728963255883 0
1652360841982 0.458116675144434 0
1652360847669 0.42123013684749605 0
1652360853441 0.3711328872650862 0
1652360859242 0.33524115290641787 0
1652360864964 0.2936181499302387 0
1652360870667 0.25951580712944267 0
1652360890896 1.3746865606307983 0
1652360896599 1.2328557584762574 0
1652360902321 1.1357106048583985 0
1652360908166 1.0765773970603942 0
1652360913750 0.9985132520437241 0
1652360919484 0.9550402316093445 0
1652360925093 0.8712226842880249 0
1652360930962 0.7949884943008423 0
1652360936615 0.7301432201862336 0
1652360942289 0.668006009888649 0
