1641780518236 0.92795 0
1641780528796 0.9656166666666667 0
1641780539059 0.9767166666666667 0
1641780548849 0.9825333333333334 0
1641780559419 0.9868 0
1641780569642 0.9875666666666667 0
1641780579877 0.9890166666666667 0
1641780590169 0.9898333333333333 0
1641780600259 0.9910333333333333 0
1641780610431 0.9928833333333333 0
1641780625212 0.9237333333333333 0
1641780635526 0.9661333333333333 0
1641780646055 0.97635 0
1641780655989 0.9826166666666667 0
1641780666031 0.9856666666666667 0
1641780676204 0.9883833333333333 0
1641780686935 0.9889 0
1641780697678 0.9909 0
1641780707778 0.99165 0
1641780718229 0.9924166666666666 0
1641780736105 0.9253 0
1641780746890 0.9675666666666667 0
1641780757328 0.97735 0
1641780767748 0.9834166666666667 0
1641780777604 0.9856 0
1641780788371 0.98595 0
1641780798672 0.9900666666666667 0
1641780808646 0.9897666666666667 0
1641780819355 0.99225 0
1641780829340 0.9921666666666666 0
1641780851419 0.9249166666666667 0
1641780862067 0.9659 0
1641780872983 0.9779333333333333 0
1641780883766 0.9824166666666667 0
1641780894633 0.9863333333333333 0
1641780905638 0.9871166666666666 0
1641780917021 0.98975 0
1641780928266 0.9904833333333334 0
1641780938094 0.99215 0
1641780947734 0.9925833333333334 0
1641780973761 0.92475 0
1641780984170 0.9674166666666667 0
1641780994667 0.97675 0
1641781005040 0.9835333333333334 0
1641781015401 0.9856833333333334 0
1641781025575 0.9877166666666667 0
1641781037580 0.9889833333333333 0
1641781047315 0.9911833333333333 0
1641781058761 0.9911833333333333 0
1641781069163 0.9925333333333334 0
1641781097618 0.9250833333333334 0
1641781107641 0.9676 0
1641781118257 0.9772333333333333 0
1641781128684 0.9817666666666667 0
1641781139063 0.9864166666666667 0
1641781149587 0.9878333333333333 0
1641781159996 0.9890166666666667 0
1641781170076 0.9904666666666667 0
1641781180408 0.9909166666666667 0
1641781190613 0.9930333333333333 0
1641781223600 0.9236166666666666 0
1641781233683 0.9687 0
1641781244125 0.97755 0
1641781254153 0.9824333333333334 0
1641781264246 0.9858833333333333 0
1641781274134 0.9870833333333333 0
1641781284373 0.9904333333333334 0
1641781294843 0.99255 0
1641781305046 0.9905666666666667 0
1641781314910 0.9927666666666667 0
1641781351242 0.9243333333333333 0
1641781361851 0.9673833333333334 0
1641781371836 0.97795 0
1641781381781 0.9824166666666667 0
1641781392006 0.9853833333333334 0
1641781402344 0.9897 0
1641781412337 0.9897666666666667 0
1641781422460 0.9905166666666667 0
1641781433489 0.9912833333333333 0
1641781444266 0.9920166666666667 0
1641781486875 0.92695 0
1641781498030 0.96755 0
1641781508813 0.9771 0
1641781519228 0.9829166666666667 0
1641781529195 0.9854666666666667 0
1641781539080 0.98745 0
1641781549289 0.9893666666666666 0
1641781559367 0.9906666666666667 0
1641781569758 0.99125 0
1641781580644 0.9927 0
1641781624550 0.9251833333333334 0
1641781634784 0.9673166666666667 0
1641781645505 0.9772833333333333 0
1641781655894 0.9833333333333333 0
1641781666119 0.98655 0
1641781676902 0.9880666666666666 0
1641781686948 0.9888833333333333 0
1641781697276 0.99035 0
1641781707374 0.99285 0
1641781717449 0.9919166666666667 0
1641781764316 0.9246166666666666 0
1641781774377 0.9659833333333333 0
1641781784615 0.97795 0
1641781795912 0.9826333333333334 0
1641781805967 0.9865666666666667 0
1641781816388 0.9875666666666667 0
1641781826872 0.9893666666666666 0
1641781836843 0.9908666666666667 0
1641781846821 0.9913166666666666 0
1641781857239 0.9926666666666667 0
1641781908862 0.9274833333333333 0
1641781919058 0.96825 0
1641781929503 0.9780333333333333 0
1641781940249 0.9821666666666666 0
1641781950280 0.9858166666666667 0
1641781960262 0.9882833333333333 0
1641781970267 0.9896 0
1641781980311 0.9903833333333333 0
1641781990702 0.9906 0
1641782000955 0.9915333333333334 0
1641782056372 0.9260833333333334 0
1641782066936 0.96785 0
1641782076808 0.9772833333333333 0
1641782086918 0.9827666666666667 0
1641782097242 0.9864166666666667 0
1641782107209 0.9878333333333333 0
1641782117426 0.98995 0
1641782128455 0.9908166666666667 0
1641782138622 0.9916666666666667 0
1641782148670 0.99275 0
1641782209840 0.9265666666666666 0
1641782219918 0.96695 0
1641782230871 0.9766333333333334 0
1641782241025 0.9836166666666667 0
1641782251986 0.9862166666666666 0
1641782262052 0.98845 0
1641782272269 0.9881333333333333 0
1641782282927 0.9915666666666667 0
1641782293276 0.99145 0
1641782303437 0.9925333333333334 0
1641782365089 0.9258 0
1641782375276 0.9676833333333333 0
1641782385366 0.9774 0
1641782395373 0.9833166666666666 0
1641782405880 0.9857666666666667 0
1641782416384 0.9881333333333333 0
1641782426794 0.98995 0
1641782436896 0.99135 0
1641782447324 0.9912333333333333 0
1641782457697 0.9926333333333334 0
1641782523493 0.9255833333333333 0
1641782533446 0.9669833333333333 0
1641782545442 0.97675 0
1641782557220 0.9833166666666666 0
1641782566975 0.9863666666666666 0
1641782576735 0.9882 0
1641782586580 0.9897666666666667 0
1641782597986 0.9918333333333333 0
1641782609177 0.9919 0
1641782619031 0.9925 0
1641782688093 0.9266 0
1641782698883 0.9677666666666667 0
1641782709246 0.9762333333333333 0
1641782720384 0.98345 0
1641782730108 0.9846 0
1641782739929 0.9880666666666666 0
1641782749572 0.9890333333333333 0
1641782760118 0.9903166666666666 0
1641782770671 0.9915166666666667 0
1641782781544 0.9922833333333333 0
1641782854447 0.92755 0
1641782864931 0.96785 0
1641782875693 0.97795 0
1641782885632 0.9819333333333333 0
1641782895757 0.98605 0
1641782906049 0.9884166666666667 0
1641782916078 0.9898833333333333 0
1641782926119 0.9909833333333333 0
1641782936287 0.9918833333333333 0
1641782946349 0.9926666666666667 0
1641783029453 0.9253833333333333 0
1641783039647 0.9673666666666667 0
1641783049891 0.9778333333333333 0
1641783060224 0.9824333333333334 0
1641783070354 0.9855 0
1641783080724 0.9894333333333334 0
1641783091117 0.99065 0
1641783101776 0.9900333333333333 0
1641783112055 0.9911 0
1641783122509 0.9928166666666667 0
1641783203890 0.9264833333333333 0
1641783213804 0.96805 0
1641783223988 0.97685 0
1641783234033 0.9829666666666667 0
1641783244981 0.9857333333333334 0
1641783255297 0.9876166666666667 0
1641783265612 0.9905666666666667 0
1641783275514 0.9906 0
1641783285386 0.9918666666666667 0
1641783295547 0.9926666666666667 0
1641783382374 0.92665 0
1641783392552 0.9673666666666667 0
1641783403450 0.9785333333333334 0
1641783413369 0.9827333333333333 0
1641783423723 0.9867833333333333 0
1641783434056 0.9891166666666666 0
1641783444095 0.98855 0
1641783454216 0.9904833333333334 0
1641783464222 0.9914 0
1641783474522 0.99335 0
1641783567383 0.9259666666666667 0
1641783577860 0.9672333333333333 0
1641783587756 0.9791333333333333 0
1641783598792 0.984 0
1641783608716 0.9856666666666667 0
1641783618920 0.9869 0
1641783629171 0.98915 0
1641783639467 0.9911 0
1641783649674 0.9914333333333334 0
1641783659918 0.9914833333333334 0
1641783757645 0.9277833333333333 0
1641783767694 0.9678166666666667 0
1641783777843 0.9775 0
1641783787997 0.9838 0
1641783798236 0.9854333333333334 0
1641783808013 0.9891333333333333 0
1641783818355 0.98965 0
1641783828668 0.9903333333333333 0
1641783839010 0.9910666666666667 0
1641783849129 0.9926833333333334 0
1641783948892 0.9260666666666667 0
1641783959160 0.96665 0
1641783969195 0.9771333333333333 0
1641783979236 0.9835833333333334 0
1641783989648 0.9843333333333333 0
1641783999986 0.9878333333333333 0
1641784010042 0.9903166666666666 0
1641784020115 0.99035 0
1641784030510 0.9910833333333333 0
1641784040458 0.9908333333333333 0
1641784139669 0.9261333333333334 0
1641784149522 0.9672166666666666 0
1641784159469 0.9772666666666666 0
1641784170042 0.9824666666666667 0
1641784180462 0.9860333333333333 0
1641784190806 0.98795 0
1641784200823 0.9893666666666666 0
1641784211339 0.9898333333333333 0
1641784221523 0.9919333333333333 0
1641784231946 0.99185 0
1641784334400 0.9256333333333333 0
1641784344758 0.9671 0
1641784354830 0.9775166666666667 0
1641784364957 0.9825333333333334 0
1641784375646 0.985 0
1641784387766 0.98895 0
1641784399388 0.9881 0
1641784410323 0.9908166666666667 0
1641784421006 0.9923 0
1641784431430 0.99165 0
1641784548525 0.9254833333333333 0
1641784558531 0.9687166666666667 0
1641784569086 0.9775166666666667 0
1641784579142 0.9836666666666667 0
1641784589481 0.9852333333333333 0
1641784599284 0.98775 0
1641784609549 0.9897166666666667 0
1641784620098 0.9894 0
1641784630043 0.9920333333333333 0
1641784639939 0.99225 0
1641784748958 0.9281 0
1641784759506 0.96715 0
1641784770349 0.9774166666666667 0
1641784780618 0.9822833333333333 0
1641784790640 0.9868333333333333 0
1641784800570 0.988 0
1641784810593 0.9895166666666667 0
1641784820477 0.98985 0
1641784830682 0.9925166666666667 0
1641784840994 0.9919 0
1641784960182 0.9274333333333333 0
1641784970492 0.9674333333333334 0
1641784980740 0.9777 0
1641784991364 0.9832333333333333 0
1641785001768 0.9856833333333334 0
1641785011744 0.98845 0
1641785022510 0.9899666666666667 0
1641785032920 0.9913 0
1641785043003 0.9922666666666666 0
1641785052863 0.9915833333333334 0
1641785182156 0.9245833333333333 0
1641785192118 0.9668333333333333 0
1641785202184 0.9759666666666666 0
1641785213031 0.9834666666666667 0
1641785223118 0.98565 0
1641785233092 0.9885833333333334 0
1641785243342 0.9892 0
1641785253775 0.99115 0
1641785263714 0.99155 0
1641785273592 0.9921333333333333 0
1641785402366 0.92525 0
1641785412585 0.9670833333333333 0
1641785422753 0.97705 0
1641785433264 0.9829666666666667 0
1641785443531 0.9859833333333333 0
1641785454042 0.9876166666666667 0
1641785464437 0.989 0
1641785475008 0.9897666666666667 0
1641785485349 0.9924666666666667 0
1641785496256 0.9921333333333333 0
1641785631376 0.9266333333333333 0
1641785641541 0.9682666666666667 0
1641785651538 0.9786833333333333 0
1641785661916 0.9818166666666667 0
1641785672237 0.9863 0
1641785682345 0.98725 0
1641785692800 0.99055 0
1641785702891 0.9900666666666667 0
1641785712674 0.9921333333333333 0
1641785722657 0.9924 0
1641785854002 0.9269166666666667 0
1641785864321 0.96855 0
1641785874444 0.9774333333333334 0
1641785884780 0.9842333333333333 0
1641785895327 0.98665 0
1641785906121 0.9875166666666667 0
1641785916839 0.9891166666666666 0
1641785926789 0.9914833333333334 0
1641785936728 0.9927666666666667 0
1641785947067 0.99345 0
1641786093220 0.9254833333333333 0
1641786103559 0.9665 0
1641786113318 0.9774666666666667 0
1641786123141 0.9827166666666667 0
1641786133449 0.9854 0
1641786144294 0.9876833333333334 0
1641786155217 0.9896333333333334 0
1641786165784 0.9901 0
1641786175939 0.9915 0
1641786188332 0.9926166666666667 0
1641786346457 0.92695 0
1641786356384 0.9671666666666666 0
1641786366161 0.9770833333333333 0
1641786376608 0.9838833333333333 0
1641786386699 0.9852833333333333 0
1641786396624 0.9878833333333333 0
1641786406902 0.9898666666666667 0
1641786417135 0.9918833333333333 0
1641786428004 0.9917333333333334 0
1641786437827 0.9915833333333334 0
1641786582447 0.9258833333333333 0
1641786592675 0.9668666666666667 0
1641786602983 0.9768666666666667 0
1641786612992 0.98195 0
1641786623566 0.9861 0
1641786633432 0.9878166666666667 0
1641786643591 0.9883666666666666 0
1641786653829 0.9910666666666667 0
1641786663750 0.9920833333333333 0
1641786674114 0.9917333333333334 0
1641786818026 0.92655 0
1641786828296 0.9685833333333334 0
1641786838776 0.9772666666666666 0
1641786848765 0.9837833333333333 0
1641786858843 0.9864166666666667 0
1641786869857 0.98715 0
1641786879767 0.9895833333333334 0
1641786890398 0.9905333333333334 0
1641786901327 0.9924666666666667 0
1641786911818 0.9925666666666667 0
1641787061790 0.9269833333333334 0
1641787071787 0.9676833333333333 0
1641787082276 0.9779 0
1641787092583 0.9831666666666666 0
1641787102725 0.9849666666666667 0
1641787113123 0.9878333333333333 0
1641787123601 0.9907833333333333 0
1641787134004 0.9908333333333333 0
1641787144306 0.9913666666666666 0
1641787154218 0.9933333333333333 0
1641787304124 0.9273333333333333 0
1641787314731 0.9666166666666667 0
1641787325331 0.97735 0
1641787335112 0.9817166666666667 0
1641787345392 0.9856833333333334 0
1641787355582 0.9868166666666667 0
1641787365685 0.9896833333333334 0
1641787375811 0.9900833333333333 0
1641787385730 0.9913333333333333 0
1641787396420 0.9922833333333333 0
1641787556917 0.9261 0
1641787566901 0.9682833333333334 0
1641787577202 0.9776333333333334 0
1641787587086 0.9826333333333334 0
1641787597662 0.98525 0
1641787608094 0.9885666666666667 0
1641787618749 0.9890166666666667 0
1641787629387 0.9908166666666667 0
1641787639537 0.9923833333333333 0
1641787649723 0.9925666666666667 0
1641787819939 0.92815 0
1641787830842 0.9672 0
1641787840909 0.9785833333333334 0
1641787851971 0.983 0
1641787862130 0.98605 0
1641787872661 0.9877166666666667 0
1641787882669 0.9907 0
1641787892932 0.9906333333333334 0
1641787904399 0.9913 0
1641787915221 0.9925166666666667 0
1641788077313 0.924 0
1641788089787 0.9666 0
1641788099543 0.9776833333333333 0
1641788109453 0.9825833333333334 0
1641788119296 0.9857333333333334 0
1641788129728 0.9887333333333334 0
1641788139705 0.9893166666666666 0
1641788151011 0.9898833333333333 0
1641788161670 0.9910333333333333 0
1641788171826 0.9931 0
1641788368785 0.9251166666666667 0
1641788380398 0.9671166666666666 0
1641788392463 0.9779666666666667 0
1641788404092 0.98315 0
1641788415750 0.9859666666666667 0
1641788427831 0.9889333333333333 0
1641788438256 0.9879833333333333 0
1641788449156 0.9909666666666667 0
1641788460704 0.9915333333333334 0
1641788472034 0.9925666666666667 0
1641788671922 0.9243333333333333 0
1641788682875 0.9667833333333333 0
1641788694384 0.9774166666666667 0
1641788705665 0.9816666666666667 0
1641788716688 0.9853333333333333 0
1641788728157 0.9877 0
1641788739975 0.99045 0
1641788751235 0.9908333333333333 0
1641788761930 0.9916 0
1641788773232 0.992 0
1641788969342 0.9270333333333334 0
1641788980377 0.9688666666666667 0
1641788991672 0.97705 0
1641789002572 0.9827166666666667 0
1641789013966 0.9862 0
1641789024674 0.9880166666666667 0
1641789035314 0.9900333333333333 0
1641789045959 0.9905333333333334 0
1641789056386 0.9923333333333333 0
1641789066815 0.9927166666666667 0
1641789263491 0.9241333333333334 0
1641789275046 0.96695 0
1641789285791 0.9781 0
1641789296907 0.98325 0
1641789308334 0.9854333333333334 0
1641789319319 0.9881 0
1641789330601 0.9892166666666666 0
1641789341273 0.9905333333333334 0
1641789351712 0.9917166666666667 0
1641789362253 0.9923166666666666 0
1641789565861 0.9250833333333334 0
1641789576906 0.9661666666666666 0
1641789587740 0.9767666666666667 0
1641789598517 0.9819833333333333 0
1641789609016 0.9855666666666667 0
1641789619740 0.9872833333333333 0
1641789630340 0.9885333333333334 0
1641789641031 0.9910666666666667 0
1641789652272 0.9906833333333334 0
1641789663137 0.9921833333333333 0
1641789874195 0.9273666666666667 0
1641789884451 0.9665833333333333 0
1641789895081 0.9789166666666667 0
1641789905890 0.9821666666666666 0
1641789916271 0.98555 0
1641789926977 0.9902 0
1641789937632 0.9892666666666666 0
1641789948026 0.9907833333333333 0
1641789957916 0.9916166666666667 0
1641789968150 0.99225 0
1641790176656 0.9264 0
1641790187296 0.96645 0
1641790197934 0.9759666666666666 0
1641790209139 0.9825166666666667 0
1641790219661 0.985 0
1641790230332 0.98775 0
1641790240893 0.9898333333333333 0
1641790251512 0.9902 0
1641790265207 0.9908166666666667 0
1641790276193 0.99355 0
1641790486694 0.9242166666666667 0
1641790496899 0.9667 0
1641790507270 0.9763 0
1641790517898 0.9823333333333333 0
1641790528336 0.98455 0
1641790539445 0.9878833333333333 0
1641790550074 0.9894166666666667 0
1641790560697 0.99045 0
1641790571284 0.9921833333333333 0
1641790582322 0.9911666666666666 0
