1645553381408 0.4488 0
1645553386550 0.5832 0
1645553391781 0.6588 0
1645553397032 0.6892 0
1645553402161 0.728 0
1645553407082 0.7604 0
1645553412254 0.7796 0
1645553417568 0.8036 0
1645553422650 0.8276 0
1645553427863 0.838 0
1645553432932 0.8528 0
1645553437928 0.884 0
1645553443021 0.9048 0
1645553448148 0.9044 0
1645553453246 0.9212 0
1645553458465 0.9436 0
1645553463578 0.9076 0
1645553468623 0.9488 0
1645553473741 0.9436 0
1645553478815 0.9728 0
1645553488025 0.797 0
1645553488693 0.0 0
1645553489380 0.0 0
1645553490057 0.0 0
1645553490756 0.0 0
1645553491448 0.0 0
1645553492120 0.0 0
1645553492818 0.0 0
1645553493518 0.0 0
1645553494205 0.0 0
1645553494894 0.0 0
1645553495560 0.0 0
1645553496226 0.0 0
1645553496917 0.0 0
1645553497593 0.0 0
1645553498293 0.0 0
1645553499012 0.0 0
1645553499685 0.0 0
1645553500369 0.0 0
1645553501040 0.0 0
1645553515283 0.7908 0
1645553515956 0.0 0
1645553516654 0.0 0
1645553517373 0.0 0
1645553518078 0.0 0
1645553518768 0.0 0
1645553519445 0.0 0
1645553520109 0.0 0
1645553520834 0.0 0
1645553521547 0.0 0
1645553522224 0.0 0
1645553522897 0.0 0
1645553523590 0.0 0
1645553524299 0.0 0
1645553524972 0.0 0
1645553525653 0.0 0
1645553526310 0.0 0
1645553527002 0.0 0
1645553527706 0.0 0
1645553528379 0.0 0
