1651976089026 0.2792 0
1651976092218 0.4628 0
1651976095488 0.5728 0
1651976098671 0.6444 0
1651976101918 0.6612 0
1651976105167 0.7156 0
1651976108456 0.7148 0
1651976111794 0.7664 0
1651976114940 0.7868 0
1651976118218 0.8072 0
1651976122071 0.278 0
1651976125782 0.424 0
1651976129393 0.4892 0
1651976133080 0.5404 0
1651976136892 0.5936 0
1651976140618 0.6168 0
1651976144342 0.6488 0
1651976148025 0.6748 0
1651976151786 0.704 0
1651976155480 0.726 0
1651976159591 0.314 0
1651976163374 0.4904 0
1651976167049 0.558 0
1651976170793 0.5864 0
1651976174538 0.6304 0
1651976178190 0.652 0
1651976181891 0.6768 0
1651976185752 0.7088 0
1651976189545 0.7348 0
1651976193211 0.75 0
1651976197553 0.4368 0
1651976201217 0.7124 0
1651976204931 0.7676 0
1651976208725 0.794 0
1651976212460 0.8272 0
1651976216227 0.8396 0
1651976219911 0.866 0
1651976223631 0.8764 0
1651976227339 0.8956 0
1651976231014 0.9 0
1651976235726 0.3168 0
1651976239365 0.4496 0
1651976243080 0.4868 0
1651976246824 0.5208 0
1651976250561 0.564 0
1651976254284 0.6092 0
1651976258087 0.626 0
1651976261847 0.6616 0
1651976265577 0.6972 0
1651976269286 0.7248 0
