1653187913337 0.149 0
1653187917770 0.2262 0
1653187922086 0.276 0
1653187926396 0.3192 0
1653187930691 0.3686 0
1653187936341 0.2652 0
1653187941696 0.3982 0
1653187946965 0.4552 0
1653187952214 0.5298 0
1653187957506 0.5684 0
1653187963440 0.2728 0
1653187968749 0.4226 0
1653187974045 0.4958 0
1653187979251 0.5332 0
1653187984446 0.583 0
1653187990779 0.3382 0
1653187996151 0.5088 0
1653188001362 0.5834 0
1653188006566 0.6306 0
1653188011835 0.6824 0
1653188018467 0.3132 0
1653188023842 0.433 0
1653188029138 0.4944 0
1653188034438 0.5326 0
1653188039706 0.5848 0
