1653081514283 0.1842 0
1653081519341 0.263 0
1653081524428 0.311 0
1653081529397 0.3564 0
1653081534264 0.3994 0
1653081539304 0.4176 0
1653081544247 0.4368 0
1653081549182 0.456 0
1653081554051 0.4916 0
1653081558931 0.5186 0
1653081563958 0.5294 0
1653081569017 0.557 0
1653081573966 0.581 0
1653081578986 0.6028 0
1653081584033 0.6144 0
1653081589160 0.6448 0
1653081594035 0.6708 0
1653081599149 0.6806 0
1653081604082 0.6998 0
1653081609200 0.6956 0
1653081614246 0.7328 0
1653081619658 0.7428 0
1653081624701 0.7478 0
1653081629793 0.7872 0
1653081634695 0.7902 0
1653081639717 0.8082 0
1653081644842 0.8092 0
1653081649870 0.8422 0
1653081654996 0.8374 0
1653081660038 0.848 0
1653081668586 0.353 0
1653081676772 0.477 0
1653081684816 0.5538 0
1653081692949 0.6012 0
1653081701159 0.6502 0
1653081709187 0.6826 0
1653081717267 0.7114 0
1653081725412 0.7538 0
1653081733821 0.7808 0
1653081742169 0.7938 0
1653081750513 0.8202 0
1653081758629 0.8424 0
1653081766803 0.8644 0
1653081774764 0.8766 0
1653081783081 0.8938 0
1653081791501 0.896 0
1653081799646 0.9144 0
1653081807770 0.914 0
1653081815870 0.9164 0
1653081824047 0.928 0
1653081832037 0.9342 0
1653081840069 0.9412 0
1653081848359 0.9456 0
1653081856392 0.943 0
1653081864775 0.9466 0
1653081872918 0.9392 0
1653081880966 0.941 0
1653081889132 0.9444 0
1653081897205 0.9494 0
1653081905461 0.9588 0
1653081915269 0.332 0
1653081924498 0.4864 0
1653081933242 0.5466 0
1653081941966 0.6004 0
1653081950830 0.6516 0
1653081959735 0.6814 0
1653081968721 0.709 0
1653081977651 0.7426 0
1653081986714 0.7744 0
1653081995588 0.8014 0
1653082004558 0.8142 0
1653082013432 0.8416 0
1653082022516 0.8552 0
1653082031655 0.8858 0
1653082040361 0.8862 0
1653082049158 0.8914 0
1653082058152 0.9066 0
1653082067270 0.907 0
1653082076148 0.9226 0
1653082084923 0.929 0
1653082093788 0.9318 0
1653082102612 0.931 0
1653082111560 0.9358 0
1653082120593 0.9332 0
1653082129596 0.9468 0
1653082138556 0.9484 0
1653082147563 0.9544 0
1653082156697 0.9446 0
1653082165618 0.952 0
1653082174429 0.954 0
1653082186217 0.3968 0
1653082196457 0.5518 0
1653082206814 0.6184 0
1653082217012 0.667 0
1653082227142 0.696 0
1653082237377 0.734 0
1653082247715 0.7616 0
1653082257845 0.801 0
1653082268281 0.8132 0
1653082278508 0.844 0
1653082288381 0.8676 0
1653082298476 0.8788 0
1653082308715 0.8742 0
1653082319063 0.8894 0
1653082329480 0.9098 0
1653082339999 0.9306 0
1653082350331 0.9192 0
1653082360621 0.9242 0
1653082371041 0.9216 0
1653082381258 0.9358 0
1653082391603 0.9438 0
1653082401987 0.9476 0
1653082412098 0.9524 0
1653082422311 0.948 0
1653082432578 0.9588 0
1653082442969 0.956 0
1653082453105 0.9516 0
1653082463435 0.951 0
1653082473731 0.948 0
1653082484124 0.9686 0
1653082497933 0.3526 0
1653082510252 0.4742 0
1653082522210 0.523 0
1653082534114 0.568 0
1653082545765 0.6178 0
1653082557783 0.6538 0
1653082569844 0.6924 0
1653082581941 0.743 0
1653082593879 0.7654 0
1653082605783 0.7964 0
1653082617512 0.8108 0
1653082629306 0.8312 0
1653082641375 0.8592 0
1653082653377 0.8746 0
1653082665182 0.8854 0
1653082677031 0.8894 0
1653082689431 0.8956 0
1653082701336 0.9104 0
1653082713578 0.9104 0
1653082725304 0.9276 0
1653082737265 0.925 0
1653082749012 0.937 0
1653082760878 0.9298 0
1653082772891 0.9318 0
1653082784422 0.9398 0
1653082796425 0.9438 0
1653082808546 0.9504 0
1653082820329 0.95 0
1653082832587 0.9444 0
1653082844627 0.944 0
