1652155895470 0.6088 0
1652155897847 0.7864 0
1652155900311 0.8108 0
1652155902714 0.8568 0
1652155905182 0.8748 0
1652155907658 0.8932 0
1652155910114 0.9028 0
1652155912550 0.9176 0
1652155915025 0.9156 0
1652155917436 0.9376 0
1652155920589 0.6824 0
1652155923555 0.7676 0
1652155926408 0.8198 0
1652155929375 0.8476 0
1652155932322 0.8676 0
1652155935134 0.8976 0
1652155938036 0.894 0
1652155940833 0.9132 0
1652155943777 0.927 0
1652155946598 0.9358 0
1652155951194 0.7870666666666667 0
1652155955141 0.8386666666666667 0
1652155959056 0.8602666666666666 0
1652155963054 0.8850666666666667 0
1652155967117 0.8884 0
1652155971120 0.9149333333333334 0
1652155975111 0.9146666666666666 0
1652155979250 0.9212 0
1652155983350 0.9316 0
1652155987513 0.9321333333333334 0
1652155992346 0.8710322752734062 0
1652155996696 0.9050413443584956 0
1652156001010 0.9187783408909043 0
1652156005263 0.9285142704721259 0
1652156009517 0.9451853827687383 0
1652156013782 0.9418511603094158 0
1652156017828 0.9514537209922646 0
1652156021894 0.9537209922646039 0
1652156026134 0.9566551080288077 0
1652156030371 0.9614563883702321 0
1652156035653 0.8152 0
1652156039996 0.8606666666666667 0
1652156044447 0.8890666666666667 0
1652156048763 0.9001333333333333 0
1652156053072 0.9066666666666666 0
1652156057390 0.9268 0
1652156061578 0.9377333333333333 0
1652156065817 0.9425333333333333 0
1652156070234 0.948 0
1652156074726 0.9537333333333333 0
