1654506032126 0.4908749166312981 0
1654506046017 0.7692354332140908 0
1654506060055 0.8654580731219306 0
1654506073784 0.8888013096465167 0
1654506087577 0.9052931546716789 0
1654506101497 0.9100224337597769 0
1654506115190 0.911174437640211 0
1654506128956 0.9212393136482144 0
1654506142600 0.9296064997271569 0
1654506156173 0.9313648214393986 0
1654506170098 0.9299096586430607 0
1654506183988 0.9296671315103378 0
1654506197542 0.9412478020978597 0
1654506211514 0.9411871703146789 0
1654506225369 0.9518583641544898 0
1654506239183 0.940944643181956 0
1654506253042 0.945916449402777 0
1654506266781 0.9458558176195961 0
1654506280712 0.9486448796459104 0
1654506294434 0.9464621354514037 0
1654506308144 0.9493724610440794 0
1654506321846 0.9498575153095252 0
1654506335706 0.9500394106590675 0
1654506349532 0.9499787788758868 0
1654506363620 0.9492511974777178 0
1654506377682 0.9521008912872128 0
1654506391475 0.9482204571636452 0
1654506405357 0.9610137634147821 0
1654506419202 0.9516158370217668 0
1654506433051 0.9560419571939611 0
1654506452379 0.8581433310515507 0
1654506466982 0.9091148438734137 0
1654506481772 0.9138012742878205 0
1654506496553 0.9260702437996946 0
1654506511563 0.9154862829761466 0
1654506526391 0.9291243220472856 0
1654506541026 0.9327576220314886 0
1654506555766 0.9348112263703859 0
1654506570486 0.9351798220209573 0
1654506585139 0.9330735611605497 0
1654506600022 0.9348112263703859 0
1654506615039 0.9383918698330789 0
1654506629740 0.9340213785477331 0
1654506644430 0.9416565741667106 0
1654506659223 0.9377599915749566 0
1654506674183 0.9320204307303459 0
1654506688883 0.9469222263177295 0
1654506703677 0.9377599915749566 0
1654506718430 0.9411300089516087 0
1654506733130 0.9320204307303459 0
1654506748128 0.9428150176399347 0
1654506762988 0.9420251698172819 0
1654506777727 0.9425517350323838 0
1654506792729 0.9390237480912011 0
1654506807333 0.9449739350218525 0
1654506821958 0.9428150176399347 0
1654506836762 0.9267021220578169 0
1654506851635 0.9486598915275657 0
1654506866520 0.9416565741667106 0
1654506881258 0.9413932915591596 0
1654506904381 0.8892808255238497 0
1654506919740 0.9159208171001368 0
1654506934960 0.9177108560598084 0
1654506949780 0.9262925134252922 0
1654506964739 0.9305043698009898 0
1654506979616 0.9236601031904812 0
1654506994440 0.9338738549015478 0
1654507009795 0.935821838475308 0
1654507025190 0.9287669790460146 0
1654507040043 0.9341897441297252 0
1654507055320 0.9328735390123197 0
1654507070508 0.933189428240497 0
1654507085821 0.9298725913446352 0
1654507100842 0.9263978098346847 0
1654507115963 0.9386648415289038 0
1654507130980 0.9319785195324839 0
1654507145687 0.937980414867853 0
1654507160720 0.9393492681899547 0
1654507175859 0.9315046856902179 0
1654507190966 0.9338212066968516 0
1654507206033 0.9280299041802674 0
1654507220926 0.9361377277034854 0
1654507235806 0.9388754343476887 0
1654507251007 0.9387701379382963 0
1654507266202 0.9320838159418764 0
1654507281175 0.9369274507739286 0
1654507296337 0.9342950405391176 0
1654507311402 0.9384016005054228 0
1654507326424 0.9306623144150784 0
1654507342031 0.9299778877540276 0
1654507370183 0.7878245299910475 0
1654507385408 0.8519142661540892 0
1654507400692 0.8638158934119754 0
1654507416131 0.8771393964927063 0
1654507431312 0.8849860445521092 0
1654507446530 0.8917794512612565 0
1654507461966 0.8885144030754647 0
1654507477279 0.8991521407130444 0
1654507492251 0.9008899889409658 0
1654507507312 0.8957291063247144 0
1654507522505 0.8999947337932487 0
1654507537666 0.8977829269577123 0
1654507553472 0.8992574648480699 0
1654507568841 0.8955184580546632 0
1654507584155 0.9045763336668597 0
1654507599348 0.8970983200800463 0
1654507614443 0.8981515614303017 0
1654507629529 0.9026278371688873 0
1654507644675 0.9068934646374217 0
1654507659570 0.9017852440886829 0
1654507674704 0.9164252988572331 0
1654507689783 0.9007320027384275 0
1654507705055 0.9009426510084786 0
1654507720287 0.9042076991942704 0
1654507735645 0.9094212438780347 0
1654507751088 0.8944652167044078 0
1654507766161 0.914371478224235 0
1654507781276 0.9089472852704197 0
1654507796754 0.9115803886460583 0
1654507811937 0.9187424298277951 0
1654507843653 0.8897724878870866 0
1654507859121 0.9249526016431431 0
1654507874932 0.9076258689698757 0
1654507890329 0.9264798820307563 0
1654507905873 0.9218453760269644 0
1654507921328 0.9174215293869813 0
1654507936640 0.9199494417526859 0
1654507952036 0.9184221613650727 0
1654507967370 0.9211080682536339 0
1654507982646 0.9198441120707815 0
1654507997996 0.918211502001264 0
1654508013374 0.9175268590688856 0
1654508028297 0.9270591952812303 0
1654508043275 0.916473562249842 0
1654508058935 0.9251105961659996 0
1654508074359 0.9192647988203075 0
1654508089837 0.9213187276174426 0
1654508105221 0.9201601011164946 0
1654508120287 0.922898672846008 0
1654508135491 0.9226353486412471 0
1654508150906 0.9198967769117338 0
1654508166340 0.9248999368021908 0
1654508181484 0.922582683800295 0
1654508196842 0.9163155677269854 0
1654508212596 0.9231093322098167 0
1654508227797 0.923477986096482 0
1654508243116 0.9300084263745524 0
1654508258786 0.9193174636612598 0
1654508274127 0.9188434800926901 0
1654508289309 0.9178955129555508 0
