1653724167649 0.9138833333333334 0
1653724217479 0.9523666666666667 0
1653724266267 0.9584833333333334 0
1653724315577 0.9636333333333333 0
1653724364606 0.9667166666666667 0
1653724413734 0.9691 0
1653724462885 0.9702833333333334 0
1653724512895 0.9723833333333334 0
1653724563097 0.9732666666666666 0
1653724612114 0.9733333333333334 0
1653724660774 0.9748666666666667 0
1653724710040 0.9750833333333333 0
1653724759817 0.9758333333333333 0
1653724809047 0.97535 0
1653724858699 0.976 0
1653724907700 0.9773833333333334 0
1653724956822 0.9770333333333333 0
1653725005610 0.9772 0
1653725054899 0.9766666666666667 0
1653725104008 0.9775166666666667 0
1653725153202 0.9784333333333334 0
1653725203038 0.9791 0
1653725253016 0.9788166666666667 0
1653725302626 0.9792833333333333 0
1653725351578 0.9794166666666667 0
1653725399730 0.97865 0
1653725449028 0.98065 0
1653725498030 0.9806 0
1653725547592 0.9801666666666666 0
1653725596877 0.98055 0
1653725651196 0.91065 0
1653725700631 0.9512333333333334 0
1653725749941 0.95675 0
1653725799065 0.9615166666666667 0
1653725848465 0.9659166666666666 0
1653725897347 0.9677 0
1653725946201 0.96945 0
1653725994747 0.9724166666666667 0
1653726043590 0.9713666666666667 0
1653726092942 0.9734166666666667 0
1653726142653 0.9735166666666667 0
1653726191264 0.9734166666666667 0
1653726240310 0.97415 0
1653726289571 0.9750666666666666 0
1653726338332 0.97625 0
1653726387514 0.9751 0
1653726436983 0.9761333333333333 0
1653726486616 0.9761166666666666 0
1653726536139 0.9769666666666666 0
1653726585546 0.97665 0
1653726634327 0.9772 0
1653726683847 0.9774166666666667 0
1653726732821 0.9779166666666667 0
1653726782237 0.9773166666666666 0
1653726830967 0.9786333333333334 0
1653726879324 0.9773 0
1653726928133 0.9789666666666667 0
1653726977387 0.9784833333333334 0
1653727026529 0.9783333333333334 0
1653727075983 0.9792333333333333 0
1653727135053 0.9122333333333333 0
1653727184852 0.9511166666666667 0
1653727235018 0.9588833333333333 0
1653727284445 0.9633666666666667 0
1653727333563 0.9666333333333333 0
1653727382822 0.9686 0
1653727431949 0.9705333333333334 0
1653727480807 0.9711166666666666 0
1653727530072 0.97265 0
1653727578832 0.9729333333333333 0
1653727627612 0.9741 0
1653727677167 0.9742666666666666 0
1653727725819 0.9754166666666667 0
1653727774790 0.9753 0
1653727823571 0.9761833333333333 0
1653727872307 0.9768166666666667 0
1653727921337 0.9768166666666667 0
1653727970650 0.9763 0
1653728019607 0.9784 0
1653728068660 0.9777833333333333 0
1653728117600 0.9776333333333334 0
1653728166840 0.9789333333333333 0
1653728215353 0.9778666666666667 0
1653728264950 0.9793666666666667 0
1653728314096 0.9791166666666666 0
1653728363422 0.9793833333333334 0
1653728412906 0.9784333333333334 0
1653728461925 0.97955 0
1653728510901 0.9791833333333333 0
1653728559884 0.9798166666666667 0
1653728622376 0.9113833333333333 0
1653728671945 0.9519166666666666 0
1653728721525 0.95745 0
1653728770865 0.9623166666666667 0
1653728819936 0.9653 0
1653728868833 0.9676833333333333 0
1653728918076 0.97025 0
1653728967223 0.97095 0
1653729016116 0.97205 0
1653729064853 0.9727166666666667 0
1653729114018 0.9745166666666667 0
1653729163503 0.9739666666666666 0
1653729212771 0.9749666666666666 0
1653729262317 0.97435 0
1653729311643 0.9754 0
1653729361221 0.9766666666666667 0
1653729410863 0.9762666666666666 0
1653729460644 0.9769166666666667 0
1653729510570 0.9773833333333334 0
1653729560491 0.97725 0
1653729609680 0.9779333333333333 0
1653729658903 0.9778 0
1653729708545 0.9786 0
1653729757568 0.9775333333333334 0
1653729806400 0.9784 0
1653729855624 0.97875 0
1653729904081 0.9793666666666667 0
1653729953595 0.9788833333333333 0
1653730003260 0.9791166666666666 0
1653730051841 0.9793833333333334 0
1653730119096 0.9127166666666666 0
1653730168870 0.9523833333333334 0
1653730217947 0.9581333333333333 0
1653730267035 0.9622333333333334 0
1653730316536 0.9673 0
1653730365976 0.9682333333333333 0
1653730415061 0.9708833333333333 0
1653730464429 0.9724833333333334 0
1653730512747 0.9718833333333333 0
1653730562004 0.9733833333333334 0
1653730611952 0.9746 0
1653730660795 0.97495 0
1653730709864 0.9746 0
1653730759858 0.9761333333333333 0
1653730809433 0.9755166666666667 0
1653730858187 0.9765 0
1653730907317 0.976 0
1653730956583 0.9769 0
1653731005826 0.9778333333333333 0
1653731054952 0.9774 0
1653731104637 0.9767833333333333 0
1653731154440 0.9784333333333334 0
1653731203584 0.97855 0
1653731252880 0.9782333333333333 0
1653731302538 0.9791333333333333 0
1653731352058 0.97865 0
1653731401474 0.9792 0
1653731450236 0.9791166666666666 0
1653731499506 0.9792333333333333 0
1653731549437 0.97935 0
