1653724167659 0.29111847361822923 0
1653724217491 0.16477750373060504 0
1653724266277 0.14339747361714641 0
1653724315590 0.12278432742853959 0
1653724364617 0.1115708889807264 0
1653724413745 0.10208450839165598 0
1653724462898 0.10000159851691375 0
1653724512910 0.09417207329627127 0
1653724563108 0.09174858880545944 0
1653724612128 0.08949315508014212 0
1653724660781 0.08937287712522472 0
1653724710052 0.08658869643788784 0
1653724759829 0.08081043045526991 0
1653724809053 0.08361354206055403 0
1653724858710 0.08053778501184036 0
1653724907712 0.07755749561944976 0
1653724956832 0.07818611003734792 0
1653725005622 0.07614305910275627 0
1653725054908 0.07736502919035654 0
1653725104020 0.07403855271603291 0
1653725153214 0.07325292852910546 0
1653725203046 0.07125646526323011 0
1653725253037 0.07198229403107738 0
1653725302641 0.07042918406883254 0
1653725351590 0.06993521334471492 0
1653725399741 0.06981325699333102 0
1653725449035 0.06571520994137972 0
1653725498049 0.0668450255443342 0
1653725547606 0.06764471135411101 0
1653725596888 0.06769907915480435 0
1653725651206 0.3029745911970735 0
1653725700643 0.16775544604584575 0
1653725749953 0.14756029015630484 0
1653725799076 0.13171852200900516 0
1653725848478 0.11545998827703297 0
1653725897356 0.10983239946117004 0
1653725946212 0.10255984548075746 0
1653725994759 0.09701477965600788 0
1653726043603 0.09408957045773665 0
1653726092954 0.09117156153492009 0
1653726142664 0.08911171264216924 0
1653726191275 0.08883600072662036 0
1653726240322 0.08591798191173002 0
1653726289585 0.085037257302925 0
1653726338345 0.08169326117842769 0
1653726387524 0.08326382970626776 0
1653726436997 0.08028512986134738 0
1653726486627 0.0793192493631194 0
1653726536152 0.07675048882660146 0
1653726585556 0.07954305423395708 0
1653726634338 0.07643549778613572 0
1653726683858 0.07698784643141553 0
1653726732838 0.07536544557044593 0
1653726782248 0.07552270099973928 0
1653726830979 0.07256789164800818 0
1653726879337 0.07541061378705005 0
1653726928144 0.07084931477215141 0
1653726977402 0.07208339579533786 0
1653727026542 0.07332333660436173 0
1653727075993 0.07025220097702307 0
1653727135064 0.2987101122935613 0
1653727184865 0.16795597786605357 0
1653727235028 0.13860555200353264 0
1653727284457 0.12493420362435281 0
1653727333576 0.1119946367289871 0
1653727382834 0.1065662413869674 0
1653727431960 0.09992057040346165 0
1653727480821 0.09769563843589277 0
1653727530084 0.09174116345718503 0
1653727578843 0.09086583416992798 0
1653727627624 0.08818426553206518 0
1653727677180 0.0863564284332407 0
1653727725833 0.08507425841692214 0
1653727774801 0.08203689764691517 0
1653727823583 0.0819609763525116 0
1653727872318 0.08118135227300227 0
1653727921347 0.07874337788742657 0
1653727970660 0.07762326170190548 0
1653728019618 0.07344918547611062 0
1653728068671 0.0767818510294271 0
1653728117611 0.07605481592339153 0
1653728166851 0.07042013189371986 0
1653728215364 0.07248622107980773 0
1653728264959 0.06901259291799118 0
1653728314102 0.07123912882354731 0
1653728363434 0.06986532891363216 0
1653728412919 0.07037555158557371 0
1653728461937 0.06806759520893296 0
1653728510912 0.06754550755755044 0
1653728559895 0.06694691352872179 0
1653728622387 0.29489962532420955 0
1653728671956 0.16298559203222393 0
1653728721536 0.1418795530669391 0
1653728770874 0.12717256700322033 0
1653728819950 0.11528522290959954 0
1653728868839 0.1073167995347331 0
1653728918089 0.09795574193277086 0
1653728967234 0.09552316317887356 0
1653729016127 0.0896286614170298 0
1653729064862 0.09221003818282236 0
1653729114029 0.08563645362673948 0
1653729163515 0.08491419875643527 0
1653729212785 0.08517215419535835 0
1653729262327 0.08510553395139675 0
1653729311653 0.08349790045620563 0
1653729361231 0.0779226400310484 0
1653729410873 0.07879044089573435 0
1653729460656 0.07800384398978204 0
1653729510581 0.07691977479026342 0
1653729560502 0.07450728657186652 0
1653729609692 0.07554537011499828 0
1653729658915 0.07444241719860584 0
1653729708558 0.0727137121626176 0
1653729757579 0.07500647085597739 0
1653729806412 0.07382170242009063 0
1653729855634 0.07284499158266311 0
1653729904092 0.06817793439960418 0
1653729953606 0.07284788484089076 0
1653730003273 0.06992107743319745 0
1653730051849 0.06790416691699065 0
1653730119108 0.29598295293500027 0
1653730168882 0.1624833347690602 0
1653730217959 0.14168162063372633 0
1653730267047 0.12496753300912679 0
1653730316547 0.10979693882036955 0
1653730365991 0.10724846939761191 0
1653730415072 0.09887951172944158 0
1653730464443 0.09234381222650409 0
1653730512758 0.0930908754434747 0
1653730562017 0.08807269346040363 0
1653730611964 0.0857138992531846 0
1653730660809 0.0852364460340701 0
1653730709875 0.08457403862091402 0
1653730759869 0.0798829218389156 0
1653730809445 0.08131464843116701 0
1653730858200 0.07962331358858694 0
1653730907327 0.07826126044283932 0
1653730956597 0.07694758467450738 0
1653731005836 0.07554877496408298 0
1653731054965 0.07507786386171356 0
1653731104657 0.07679354766964291 0
1653731154451 0.07214005700210109 0
1653731203599 0.07334164569059698 0
1653731252891 0.07289243605220691 0
1653731302549 0.07155811263319725 0
1653731352070 0.07107302477449799 0
1653731401488 0.0669381969596725 0
1653731450248 0.06975097147232542 0
1653731499520 0.0689906137354672 0
1653731549450 0.07086057912859445 0
