1644600002017 1.77631046333313 0
1644600004260 1.0921048629760741 0
1644600006561 0.8112473156929016 0
1644600008822 0.6301753040313721 0
1644600011120 0.5471082109928131 0
1644600013386 0.4080456045746803 0
1644600015709 0.28439301280975343 0
1644600018006 0.27058303484916685 0
1644600020244 0.22407500588893892 0
1644600022501 0.17220291039645672 0
1644600026184 1.0082373565673828 0
1644600029658 0.7402601386070251 0
1644600033084 0.5969565487861633 0
1644600036587 0.5293139821529388 0
1644600039997 0.4096951662063599 0
1644600043418 0.3492023699998856 0
1644600046913 0.2960251651763916 0
1644600050452 0.29867763340473175 0
1644600053973 0.2053764153957367 0
1644600057375 0.192980462038517 0
1644600062597 0.7054916289329529 0
1644600067308 0.4869447212060293 0
1644600072041 0.4060974474112193 0
1644600076840 0.34836911393801373 0
1644600081569 0.29198488856951393 0
1644600086290 0.2558146387577057 0
1644600091008 0.20359223206043242 0
1644600095776 0.19568943997224172 0
1644600100517 0.18318710693915685 0
1644600105223 0.14233299726645152 0
