1644600002006 0.4092 0
1644600004248 0.6482 0
1644600006550 0.7378 0
1644600008810 0.7986 0
1644600011109 0.8264 0
1644600013374 0.8724 0
1644600015691 0.915 0
1644600017998 0.9164 0
1644600020233 0.9322 0
1644600022489 0.9464 0
1644600026167 0.665 0
1644600029643 0.7631 0
1644600033069 0.8103 0
1644600036569 0.8321 0
1644600039984 0.8685 0
1644600043405 0.8898 0
1644600046900 0.9077 0
1644600050441 0.9085 0
1644600053958 0.9377 0
1644600057366 0.941 0
1644600062583 0.7727333333333334 0
1644600067289 0.8424666666666667 0
1644600072027 0.8691333333333333 0
1644600076828 0.8902666666666667 0
1644600081554 0.9098 0
1644600086276 0.9218666666666666 0
1644600090990 0.9383333333333334 0
1644600095764 0.9387333333333333 0
1644600100505 0.9438666666666666 0
1644600105207 0.9578666666666666 0
