1651685284368 0.586 0
1651685287395 0.7656 0
1651685290367 0.804 0
1651685293466 0.8288 0
1651685296466 0.866 0
1651685299347 0.8868 0
1651685302313 0.8872 0
1651685305323 0.9112 0
1651685308188 0.9052 0
1651685311243 0.9356 0
1651685314261 0.9384 0
1651685317285 0.9488 0
1651685320345 0.942 0
1651685323311 0.9536 0
1651685326391 0.9624 0
1651685329448 0.9568 0
1651685332459 0.9688 0
1651685335566 0.9572 0
1651685338541 0.9648 0
1651685341579 0.9752 0
1651685344596 0.9644 0
1651685347486 0.9692 0
1651685350466 0.9848 0
1651685353540 0.9812 0
1651685356490 0.9864 0
1651685359472 0.97 0
1651685362607 0.9744 0
1651685365483 0.9828 0
1651685368475 0.98 0
1651685371518 0.9812 0
1651685376719 0.74 0
1651685381826 0.8086 0
1651685386742 0.8534 0
1651685391808 0.8764 0
1651685396861 0.9004 0
1651685402084 0.9222 0
1651685407228 0.9146 0
1651685412262 0.9166 0
1651685417390 0.9488 0
1651685422331 0.9582 0
1651685427634 0.9646 0
1651685432737 0.945 0
1651685437851 0.9664 0
1651685442985 0.9782 0
1651685448031 0.9716 0
1651685453064 0.9716 0
1651685458243 0.9656 0
1651685463290 0.9738 0
1651685468446 0.9768 0
1651685473610 0.9782 0
1651685478687 0.9748 0
1651685483885 0.9808 0
1651685488731 0.9768 0
1651685493816 0.982 0
1651685498913 0.9814 0
1651685504051 0.9854 0
1651685509400 0.9904 0
1651685514633 0.986 0
1651685519927 0.9898 0
1651685524950 0.985 0
1651685532836 0.82 0
1651685540030 0.8810666666666667 0
1651685547503 0.9018666666666667 0
1651685554678 0.9177333333333333 0
1651685562089 0.9293333333333333 0
1651685569615 0.942 0
1651685576725 0.952 0
1651685584050 0.956 0
1651685591522 0.9622666666666667 0
1651685598767 0.962 0
1651685606090 0.9637333333333333 0
1651685613515 0.9769333333333333 0
1651685620914 0.9702666666666667 0
1651685628240 0.9652 0
1651685635498 0.9746666666666667 0
1651685642883 0.9842666666666666 0
1651685650182 0.9836 0
1651685657653 0.98 0
1651685665056 0.9836 0
1651685672222 0.9808 0
1651685679528 0.9874666666666667 0
1651685686880 0.9893333333333333 0
1651685694281 0.9768 0
1651685701595 0.9785333333333334 0
1651685708806 0.9828 0
1651685716310 0.9832 0
1651685723723 0.9790666666666666 0
1651685731199 0.9889333333333333 0
1651685738665 0.9882666666666666 0
1651685746076 0.9884 0
1651685756691 0.9174 0
1651685766147 0.9509 0
1651685775798 0.9596 0
1651685785537 0.9668 0
1651685794914 0.9721 0
1651685804599 0.9693 0
1651685814248 0.9755 0
1651685824008 0.9833 0
1651685834057 0.9807 0
1651685843800 0.9802 0
1651685853474 0.9845 0
1651685863512 0.9843 0
1651685873166 0.9807 0
1651685882720 0.9871 0
1651685892388 0.9806 0
1651685902002 0.9829 0
1651685911482 0.986 0
1651685921200 0.9887 0
1651685930932 0.9862 0
1651685940535 0.9872 0
1651685950310 0.986 0
1651685959821 0.9869 0
1651685969328 0.9862 0
1651685979033 0.991 0
1651685988820 0.9885 0
1651685998460 0.9902 0
1651686008149 0.9884 0
1651686017823 0.9867 0
1651686027461 0.9884 0
1651686036956 0.9904 0
1651686049880 0.89048 0
1651686062019 0.9244 0
1651686074267 0.93336 0
1651686086254 0.94304 0
1651686098505 0.95536 0
1651686110679 0.96208 0
1651686122975 0.96688 0
1651686135265 0.96608 0
1651686147303 0.97496 0
1651686159652 0.97856 0
1651686172173 0.98184 0
1651686184434 0.97848 0
1651686196696 0.97872 0
1651686208670 0.9808 0
1651686220874 0.98568 0
1651686233006 0.98352 0
1651686245175 0.98448 0
1651686257449 0.98472 0
1651686269297 0.98544 0
1651686281027 0.9856 0
1651686293503 0.98504 0
1651686305440 0.98864 0
1651686317824 0.9884 0
1651686329743 0.98824 0
1651686341800 0.9848 0
1651686354444 0.99048 0
1651686366359 0.99072 0
1651686378455 0.98568 0
1651686390353 0.98888 0
1651686402649 0.9868 0
