1645563158114 0.2744 0
1645563166145 0.438 0
1645563174505 0.5194 0
1645563182546 0.5626 0
1645563190797 0.6028 0
1645563198989 0.6462 0
1645563207139 0.6796 0
1645563215478 0.6964 0
1645563223551 0.7248 0
1645563231843 0.7614 0
1645563239930 0.7784 0
1645563248023 0.7936 0
1645563256293 0.8216 0
1645563264323 0.8434 0
1645563272472 0.869 0
1645563280763 0.8794 0
1645563289020 0.884 0
1645563297192 0.9014 0
1645563305358 0.9184 0
1645563313497 0.9174 0
1645563329242 0.6065 0
1645563329878 0.0 0
1645563330543 0.0 0
1645563331182 0.0 0
1645563331818 0.0 0
1645563332455 0.0 0
1645563333087 0.0 0
1645563333735 0.0 0
1645563334368 0.0 0
1645563335016 0.0 0
1645563335650 0.0 0
1645563336261 0.0 0
1645563336915 0.0 0
1645563337554 0.0 0
1645563338225 0.0 0
1645563338921 0.0 0
1645563339583 0.0 0
1645563340244 0.0 0
1645563340877 0.0 0
1645563341521 0.0 0
1645563358210 0.5081 0
1645563358857 0.0 0
1645563359504 0.0 0
1645563360134 0.0 0
1645563360773 0.0 0
1645563361407 0.0 0
1645563362057 0.0 0
1645563362696 0.0 0
1645563363322 0.0 0
1645563363947 0.0 0
1645563364595 0.0 0
1645563365220 0.0 0
1645563365913 0.0 0
1645563366557 0.0 0
1645563367194 0.0 0
1645563367829 0.0 0
1645563368463 0.0 0
1645563369104 0.0 0
1645563369733 0.0 0
1645563370361 0.0 0
