1651768855650 0.4116 0
1651768858845 0.6176 0
1651768862156 0.7136 0
1651768865633 0.7412 0
1651768868951 0.7824 0
1651768872224 0.7692 0
1651768875558 0.8388 0
1651768878871 0.8288 0
1651768882033 0.8468 0
1651768885329 0.8132 0
1651768888629 0.8612 0
1651768892062 0.882 0
1651768895414 0.8888 0
1651768898740 0.896 0
1651768902060 0.8832 0
1651768905340 0.8488 0
1651768908602 0.8952 0
1651768911901 0.8948 0
1651768915169 0.932 0
1651768918516 0.9228 0
1651768921705 0.9368 0
1651768924928 0.9476 0
1651768928222 0.932 0
1651768931599 0.9396 0
1651768934930 0.9244 0
1651768938177 0.95 0
1651768941427 0.9388 0
1651768944699 0.9288 0
1651768947942 0.9536 0
1651768951272 0.9488 0
1651768954544 0.9604 0
1651768957852 0.9392 0
1651768961074 0.9576 0
1651768964413 0.9556 0
1651768967638 0.9464 0
1651768970871 0.9268 0
1651768974190 0.9688 0
1651768977354 0.9628 0
1651768980604 0.9632 0
1651768983852 0.9392 0
1651768987091 0.9156 0
1651768990342 0.9672 0
1651768993703 0.9668 0
1651768997022 0.9768 0
1651769000282 0.9596 0
1651769003574 0.9772 0
1651769006827 0.958 0
1651769010128 0.9612 0
1651769013472 0.9628 0
1651769016876 0.9696 0
1651769023981 0.4508 0
1651769030527 0.664 0
1651769037188 0.6904 0
1651769043895 0.7744 0
1651769050594 0.8128 0
1651769057276 0.816 0
1651769064091 0.8308 0
1651769070790 0.8604 0
1651769077554 0.8532 0
1651769084309 0.8896 0
1651769091223 0.8956 0
1651769098059 0.8844 0
1651769104932 0.8988 0
1651769111848 0.9136 0
1651769118717 0.936 0
1651769125457 0.9352 0
1651769132244 0.9388 0
1651769139074 0.9336 0
1651769145911 0.9484 0
1651769152797 0.8892 0
1651769159622 0.9256 0
1651769166371 0.95 0
1651769173131 0.9672 0
1651769180014 0.964 0
1651769186949 0.948 0
1651769193672 0.9424 0
1651769200703 0.9472 0
1651769207438 0.95 0
1651769214225 0.9572 0
1651769221269 0.9212 0
1651769228190 0.966 0
1651769234991 0.9632 0
1651769241754 0.9612 0
1651769248496 0.9208 0
1651769255253 0.9392 0
1651769262126 0.944 0
1651769269162 0.97 0
1651769276067 0.9656 0
1651769282871 0.9736 0
1651769289497 0.95 0
1651769296505 0.9548 0
1651769303504 0.9676 0
1651769310396 0.9576 0
1651769317480 0.9704 0
1651769324483 0.9696 0
1651769331360 0.9808 0
1651769338339 0.9316 0
1651769345228 0.9044 0
1651769352103 0.9348 0
1651769358997 0.9704 0
