1644595483547 2.301461671447754 0
1644595484971 2.292256067276001 0
1644595486404 2.273567473220825 0
1644595487797 2.211797748184204 0
1644595489215 2.0776244092941285 0
1644595490666 1.9236956768035889 0
1644595492108 1.8167020683288575 0
1644595493484 1.7350275390625 0
1644595494907 1.6749880502700805 0
1644595496317 1.6122387454986573 0
1644595498175 2.2955985431671144 0
1644595499719 2.270481105804443 0
1644595501280 2.2119358875274657 0
1644595502858 2.1021940757751465 0
1644595504437 2.0037972724914552 0
1644595506028 1.9400505867004394 0
1644595507618 1.8808541877746583 0
1644595509208 1.8421544605255127 0
1644595510954 1.7791886220932007 0
1644595512555 1.751687890625 0
1644595514750 2.2741867332458496 0
1644595516416 2.1843495067596437 0
1644595518100 2.065023766708374 0
1644595519842 1.9761095712661743 0
1644595521484 1.9131225479125977 0
1644595523187 1.8738651918411255 0
1644595524832 1.8379443212509154 0
1644595526550 1.8088971511840821 0
1644595528219 1.7757582834243775 0
1644595529881 1.7548458940505982 0
