1653641876904 0.841 0
1653641924552 0.9086166666666666 0
1653641972718 0.9187333333333333 0
1653642020583 0.92275 0
1653642068735 0.9259 0
1653642121425 0.8431333333333333 0
1653642169699 0.9105333333333333 0
1653642217851 0.9156333333333333 0
1653642265747 0.9218833333333334 0
1653642314265 0.9229166666666667 0
1653642371870 0.83175 0
1653642420257 0.9105166666666666 0
1653642467905 0.91765 0
1653642516616 0.9202833333333333 0
1653642565439 0.9254166666666667 0
1653642627070 0.8343333333333334 0
1653642674595 0.9075 0
1653642722980 0.9166 0
1653642770881 0.9190333333333334 0
1653642818992 0.923 0
1653642885832 0.8336666666666667 0
1653642934445 0.9068333333333334 0
1653642982554 0.9166166666666666 0
1653643031131 0.9236166666666666 0
1653643079735 0.9250166666666667 0
