1654545155415 0.546898684290305 0
1654545204753 0.8760080033953799 0
1654545254044 0.9297277632935185 0
1654545304070 0.9332444067180016 0
1654545353685 0.9471897168495725 0
1654545403320 0.9510095191899594 0
1654545452874 0.9571939610743952 0
1654545502711 0.959376705268902 0
1654545552321 0.9576790153398411 0
1654545602418 0.95676953859213 0
1654545661560 0.9590129145698175 0
1654545720596 0.9675013642151216 0
1654545770177 0.968592736312375 0
1654545819514 0.9651973564542533 0
1654545868827 0.9679864184805675 0
1654545918561 0.9712605347723277 0
1654545968026 0.967622627781483 0
1654546017472 0.9675619959983023 0
1654546067070 0.9711999029891469 0
1654546117019 0.9714424301218699 0
1654546166412 0.9752622324622567 0
1654546217181 0.9730794882677499 0
1654546270275 0.9711999029891469 0
1654546323078 0.9763536045595101 0
1654546372931 0.9718062208209544 0
1654546423272 0.9815679379130541 0
1654546476820 0.9699266355423513 0
1654546529595 0.9733826471836536 0
1654546581967 0.9755047595949797 0
1654546634178 0.9856908991693446 0
1654546752437 0.8817911714770797 0
1654546853814 0.9433967984477323 0
1654546951680 0.9490358961920932 0
1654547049599 0.9611933058452583 0
1654547147328 0.956221198156682 0
1654547245542 0.9631942760126122 0
1654547343653 0.9619209313606597 0
1654547441801 0.9685908319185059 0
1654547541768 0.970682755275285 0
1654547643653 0.9668627213194276 0
1654547741425 0.9694700460829493 0
1654547839131 0.9723502304147466 0
1654547936835 0.9695003638127577 0
1654548034491 0.9704098957070094 0
1654548132202 0.9737145282561241 0
1654548229881 0.969439728353141 0
1654548327746 0.9752607324763521 0
1654548425912 0.9727443609022557 0
1654548523621 0.9728656318214892 0
1654548621211 0.9738964346349746 0
1654548718797 0.9722895949551298 0
1654548816679 0.9728656318214892 0
1654548914862 0.9768978898860053 0
1654549012728 0.9745634246907592 0
1654549110636 0.9745331069609507 0
1654549208537 0.9754729565850109 0
1654549306416 0.9744118360417172 0
1654549404223 0.9745937424205675 0
1654549502081 0.9729565850109144 0
1654549599814 0.9767766189667718 0
1654549770514 0.930656049153159 0
1654549917542 0.9569101418812401 0
1654550065138 0.9608310764380128 0
1654550211923 0.9638425158656373 0
1654550358832 0.9658838271555035 0
1654550505735 0.9671369093334411 0
1654550652730 0.9689963215974776 0
1654550799703 0.9714014309390032 0
1654550947320 0.9682080924855492 0
1654551094460 0.9695824406807065 0
1654551241971 0.9725736691054611 0
1654551390418 0.970411091798375 0
1654551538792 0.9710174218844739 0
1654551690852 0.9729374671571204 0
1654551839064 0.9737459072719188 0
1654551986840 0.9721694490480618 0
1654552134688 0.9723513480738915 0
1654552282587 0.9735640082460891 0
1654552429764 0.9747968794211569 0
1654552577183 0.9739075952948786 0
1654552724577 0.9733214762116497 0
1654552872172 0.9729374671571204 0
1654553019569 0.9727555681312907 0
1654553167735 0.9761308056105744 0
1654553315487 0.973705485266179 0
1654553470321 0.9754840535187356 0
1654553619466 0.9764946036622337 0
1654553767900 0.9746554024010672 0
1654553922420 0.9735437972432192 0
1654554070678 0.9764541816564938 0
1654554304174 0.9162775891341256 0
1654554503118 0.9367268978898861 0
1654554708867 0.945473562939607 0
1654554910567 0.9502486053844288 0
1654555110116 0.9518706039291778 0
1654555317939 0.9532500606354596 0
1654555516062 0.9543566577734659 0
1654555714269 0.956766917293233 0
1654555912184 0.9577522435120058 0
1654556109873 0.9573732718894009 0
1654556307890 0.9604959980596653 0
1654556506049 0.960086708707252 0
1654556704374 0.9592681300024254 0
1654556902424 0.9604353626000485 0
1654557101731 0.9618906136308514 0
1654557306160 0.9629365753092408 0
1654557508370 0.9626788746058695 0
1654557706786 0.964497938394373 0
1654557904616 0.9622544263885521 0
1654558104438 0.9641341256366723 0
1654558310540 0.9636035653650254 0
1654558517183 0.9642402376910016 0
1654558714991 0.9653771525588164 0
1654558913654 0.9638157894736842 0
1654559117548 0.9660289837496968 0
1654559314880 0.9648465922871695 0
1654559512260 0.966589861751152 0
1654559709712 0.966514067426631 0
1654559907584 0.9652861993693912 0
1654560105758 0.9678480475382003 0
1654560406481 0.9457165033472398 0
1654560656880 0.9574197147569613 0
1654560907325 0.9608397205782478 0
1654561158611 0.960475890171728 0
1654561414837 0.9618705733967207 0
1654561669819 0.9624284466867178 0
1654561921031 0.9645629184049676 0
1654562172108 0.9632895119821481 0
1654562423013 0.9634835548656253 0
1654562674474 0.964065683516057 0
1654562930239 0.9655452605025711 0
1654563180672 0.9632288735810615 0
1654563430808 0.9644052585621422 0
1654563680970 0.9647448336082274 0
1654563932270 0.9652541961773552 0
1654564192652 0.9648054720093141 0
1654564443285 0.965727175705831 0
1654564693183 0.9648054720093141 0
1654564943323 0.9655210051421365 0
1654565194320 0.9661273891530028 0
1654565449254 0.9649873872125739 0
1654565702089 0.9669763267682158 0
1654565957790 0.9666731347627826 0
1654566207903 0.9647448336082274 0
1654566458402 0.9664548365188707 0
1654566708471 0.9663335597166974 0
1654566959720 0.9657029203453963 0
1654567215584 0.9674493062966916 0
1654567466196 0.9664912195595227 0
1654567716886 0.9670005821286505 0
