1639321565000 0.1476 0
1639321582862 0.2376 0
1639321601112 0.289 0
1639321619219 0.3522 0
1639321637369 0.4078 0
1639321655504 0.4506 0
1639321673894 0.5036 0
1639321692082 0.5426 0
1639321710278 0.5524 0
1639321728437 0.5814 0
1639321746616 0.6032 0
1639321764824 0.6274 0
1639321782944 0.6558 0
1639321800748 0.671 0
1639321818924 0.7114 0
1639321836650 0.7068 0
1639321854962 0.7336 0
1639321872921 0.745 0
1639321891240 0.7692 0
1639321909583 0.778 0
1639321931702 0.2266 0
1639321943327 0.4136 0
1639321954950 0.5206 0
1639321966579 0.5718 0
1639321978190 0.6842 0
1639321989822 0.7222 0
1639322001290 0.7938 0
1639322012876 0.8582 0
1639322024601 0.9134 0
1639322036079 0.9548 0
1639322047660 0.9684 0
1639322059020 0.9542 0
1639322070127 0.9842 0
1639322081718 0.9906 0
1639322093360 0.9944 0
1639322105552 0.9964 0
1639322117781 0.9984 0
1639322129137 0.9988 0
1639322140436 0.9996 0
1639322151956 1.0 0
1639322184565 0.1816 0
1639322197172 0.3828 0
1639322209554 0.443 0
1639322222233 0.5072 0
1639322234824 0.5824 0
1639322247653 0.6606 0
1639322260647 0.6748 0
1639322273566 0.8088 0
1639322286478 0.8644 0
1639322299299 0.9116 0
1639322312074 0.9334 0
1639322324962 0.9634 0
1639322337903 0.9826 0
1639322350468 0.9894 0
1639322363465 0.9782 0
1639322375914 0.9948 0
1639322388293 0.9962 0
1639322400638 0.9984 0
1639322413304 0.9992 0
1639322425941 1.0 0
1639322469346 0.2178 0
1639322482353 0.3922 0
1639322495140 0.4804 0
1639322507817 0.542 0
1639322520575 0.5996 0
1639322533449 0.683 0
1639322546125 0.7402 0
1639322559040 0.7938 0
1639322571707 0.8332 0
1639322584489 0.9048 0
1639322596730 0.936 0
1639322609470 0.961 0
1639322622582 0.9758 0
1639322635281 0.9704 0
1639322648190 0.9882 0
1639322661058 0.9948 0
1639322674489 0.996 0
1639322687341 0.998 0
1639322699965 0.9982 0
1639322712500 0.9992 0
1639322767514 0.141 0
1639322780274 0.3376 0
1639322792776 0.382 0
1639322805455 0.474 0
1639322818078 0.53 0
1639322830473 0.5792 0
1639322842992 0.6696 0
1639322855689 0.7364 0
1639322868446 0.837 0
1639322881240 0.8748 0
1639322893959 0.9158 0
1639322906792 0.9518 0
1639322919566 0.972 0
1639322932296 0.9714 0
1639322944939 0.987 0
1639322957691 0.9922 0
1639322970381 0.9952 0
1639322983005 0.9966 0
1639322995446 0.9988 0
1639323008257 0.999 0
1639323073825 0.2208 0
1639323086587 0.3808 0
1639323099156 0.46 0
1639323111734 0.537 0
1639323124187 0.6022 0
1639323136959 0.679 0
1639323149667 0.7418 0
1639323162425 0.8392 0
1639323175169 0.8846 0
1639323187626 0.9248 0
1639323200294 0.9586 0
1639323213082 0.9744 0
1639323225721 0.9836 0
1639323238567 0.9818 0
1639323251098 0.9912 0
1639323263599 0.9966 0
1639323276334 0.9956 0
1639323289032 0.9978 0
1639323301862 0.9996 0
1639323314623 1.0 0
1639323391835 0.2328 0
1639323404589 0.3924 0
1639323417156 0.4508 0
1639323429827 0.5078 0
1639323442518 0.5746 0
1639323455071 0.6584 0
1639323467819 0.7428 0
1639323480607 0.8222 0
1639323493480 0.8842 0
1639323506264 0.9118 0
1639323518799 0.955 0
1639323531534 0.9752 0
1639323543775 0.9838 0
1639323556481 0.9928 0
1639323569121 0.9946 0
1639323581831 0.9958 0
1639323594584 0.9978 0
1639323607293 0.999 0
1639323619877 0.9992 0
1639323632620 0.9992 0
1639323721030 0.2086 0
1639323733651 0.3612 0
1639323746541 0.4612 0
1639323759330 0.5422 0
1639323771712 0.5966 0
1639323784586 0.659 0
1639323797290 0.7344 0
1639323809744 0.8116 0
1639323822525 0.851 0
1639323835050 0.9092 0
1639323847784 0.946 0
1639323860577 0.9572 0
1639323873480 0.9822 0
1639323886398 0.9872 0
1639323899093 0.9944 0
1639323911940 0.9964 0
1639323924677 0.996 0
1639323937463 0.999 0
1639323950396 0.9994 0
1639323962833 0.9998 0
1639324062699 0.246 0
1639324075532 0.4548 0
1639324088184 0.5262 0
1639324101106 0.6046 0
1639324113605 0.6462 0
1639324126255 0.708 0
1639324138968 0.804 0
1639324151293 0.8436 0
1639324164032 0.909 0
1639324176351 0.9358 0
1639324189033 0.964 0
1639324201795 0.9818 0
1639324214538 0.991 0
1639324227329 0.9936 0
1639324239985 0.998 0
1639324252525 0.9974 0
1639324265422 0.9986 0
1639324278097 0.999 0
1639324290563 0.9996 0
1639324303525 1.0 0
1639324413916 0.2414 0
1639324426209 0.418 0
1639324438895 0.4854 0
1639324451512 0.5346 0
1639324464196 0.5942 0
1639324476931 0.6824 0
1639324489648 0.7716 0
1639324502309 0.8406 0
1639324514924 0.894 0
1639324527667 0.942 0
1639324540500 0.9542 0
1639324553169 0.9732 0
1639324565810 0.981 0
1639324578522 0.989 0
1639324590899 0.9824 0
1639324603356 0.9934 0
1639324616034 0.9652 0
1639324628925 0.9894 0
1639324641758 0.996 0
1639324654321 0.9986 0
