1652195594333 2.202097912979126 0
1652195597746 1.9823251386642455 0
1652195601147 1.859788285636902 0
1652195604513 1.7410774993896485 0
1652195608041 1.6362005008697509 0
1652195611531 1.5270898128509522 0
1652195615038 1.4329673732757569 0
1652195618610 1.3317710836410523 0
1652195622124 1.2130064180374145 0
1652195625554 1.1334763776779175 0
1652195628936 1.0372635588169097 0
1652195632384 0.9165665863037109 0
1652195635850 0.8356812837600708 0
1652195639217 0.7043399954795837 0
1652195642824 0.6484335103988648 0
1652195646309 0.5373886764526368 0
1652195649817 0.4945030816078186 0
1652195653358 0.40678847279548647 0
1652195656986 0.4002044560074806 0
1652195660566 0.3143966591641307 0
1652195664063 0.26227532472610476 0
1652195667518 0.28557038917541505 0
1652195671057 0.234825133728981 0
1652195674667 0.21506809029579163 0
1652195678307 0.18551941351741552 0
1652195681976 0.13661221367120743 0
1652195685580 0.18074316994547843 0
1652195689090 0.1607578951537609 0
1652195692493 0.12831667748093606 0
1652195695963 0.154851778575778 0
1652195701385 1.101638473033905 0
1652195706500 0.8826459094047546 0
1652195711731 0.7855588948249816 0
1652195716936 0.6735020215988159 0
1652195722166 0.6232943457603455 0
1652195727610 0.5361481257915497 0
1652195733279 0.49058019323349 0
1652195738625 0.41273301491737363 0
1652195744022 0.38732639331817625 0
1652195749430 0.3331734214901924 0
1652195754657 0.2842096027135849 0
1652195759871 0.2601674050986767 0
1652195765080 0.21667756763696672 0
1652195770392 0.21255359367132187 0
1652195775562 0.19132417035102844 0
1652195780697 0.19265143966078757 0
1652195785844 0.16574600512981416 0
1652195791043 0.1335934527605772 0
1652195796208 0.12522940181195735 0
1652195801590 0.14940817551016808 0
1652195806927 0.14071609779149294 0
1652195812047 0.13778554784655572 0
1652195817143 0.12040430984199046 0
1652195822297 0.10692358983457088 0
1652195827519 0.11145559624731541 0
1652195832712 0.08912961388826371 0
1652195837807 0.11354627882242203 0
1652195842907 0.09402711190059782 0
1652195847938 0.12662496332526207 0
1652195853097 0.10033900395929814 0
1652195858866 1.0248717433929444 0
1652195863984 0.8438584575653076 0
1652195869065 0.7130910285949708 0
1652195874377 0.6273403794765472 0
1652195879984 0.5587469834804535 0
1652195885350 0.46539092135429383 0
1652195890671 0.404875168299675 0
1652195896010 0.34531108787059783 0
1652195901371 0.2949519729375839 0
1652195906679 0.25833562690019607 0
1652195912209 0.22230620453953742 0
1652195917568 0.18877295716404915 0
1652195922900 0.1797889812141657 0
1652195928540 0.16140206542313099 0
1652195934069 0.13918803129792212 0
1652195939609 0.11270262391716242 0
1652195944981 0.11877502755522729 0
1652195950264 0.1350344305500388 0
1652195955498 0.10015845220834017 0
1652195960832 0.1075876613676548 0
1652195966185 0.10663713559508324 0
1652195971571 0.10735376775413752 0
1652195976891 0.0915892407566309 0
1652195982271 0.07282410502135754 0
1652195987604 0.0809732547968626 0
1652195992801 0.11393622610121966 0
1652195998199 0.09386604445651174 0
1652196003605 0.07352755309939385 0
1652196008913 0.08459874227531254 0
1652196014207 0.07219719084724784 0
1652196020408 0.873951810697337 0
1652196025939 0.6798309573509093 0
1652196031511 0.5607805587478008 0
1652196036997 0.48434536396610567 0
1652196042363 0.3996868694179128 0
1652196047842 0.33586525581411947 0
1652196053130 0.2673152023898432 0
1652196058573 0.21617430393088696 0
1652196063886 0.2060373696679472 0
1652196069228 0.19081317626683564 0
1652196074578 0.14965350252255175 0
1652196079943 0.11879025890478302 0
1652196085362 0.13369124743116453 0
1652196090702 0.12260717252214615 0
1652196095983 0.08616996758098983 0
1652196101257 0.08374694962472552 0
1652196106686 0.09989387089519602 0
1652196112176 0.09112418375150708 0
1652196117359 0.10646247099410608 0
1652196122695 0.10140524606218003 0
1652196128024 0.06928727701291439 0
1652196133351 0.0803447152911025 0
1652196138654 0.06595007203270445 0
1652196144200 0.06205626504294907 0
1652196149626 0.07939243752317092 0
1652196154851 0.08170231271354073 0
1652196160297 0.06435088322213421 0
1652196165613 0.07564442434425854 0
1652196171217 0.061176320175940414 0
1652196176722 0.0588562291560411 0
1652196183206 0.9205554573535919 0
1652196188791 0.7875165412425995 0
1652196194413 0.6756773427248001 0
1652196200061 0.5898838924884796 0
1652196205678 0.4977201180577278 0
1652196211345 0.4216831707000732 0
1652196216866 0.3719689826905727 0
1652196222436 0.30688689407110215 0
1652196228151 0.2516684033095837 0
1652196233631 0.21013628454506397 0
1652196239182 0.18746912834942342 0
1652196244697 0.17537970706522465 0
1652196250309 0.1052283793464303 0
1652196256001 0.09444710915237665 0
1652196261648 0.09672592395395041 0
1652196267375 0.09885634599104523 0
1652196272968 0.0906402240075171 0
1652196278411 0.0903848244011402 0
1652196284055 0.10271877170354128 0
1652196289916 0.08145686091054231 0
1652196295428 0.08006912204995752 0
1652196300806 0.07532153053656221 0
1652196306288 0.06711898482963442 0
1652196312142 0.07737310807704925 0
1652196317799 0.07384667474925519 0
1652196323254 0.10067597389444709 0
1652196328923 0.06983821691535413 0
1652196334526 0.05628623147569597 0
1652196340130 0.060700879099220034 0
1652196345962 0.09095565826371312 0
