1644401989460 1.7405805811882018 0
1644401996316 1.4653796279430389 0
1644402002883 1.3812191561460494 0
1644402009684 1.3094187572002411 0
1644402016257 1.1865598841905594 0
1644402056583 1.3000262503623963 0
1644402096386 0.9553264977633953 0
1644402136043 1.0023137630224228 0
1644402176170 0.9269802780151367 0
1644402216051 0.8441284858882427 0
1644402256221 1.4796370832920074 0
1644402295191 1.1498270033597946 0
1644402334343 1.1316946169137956 0
1644402373456 1.0114720804095267 0
1644402412846 0.9447367897629738 0
