1654318033886 0.4715940095798217 0
1654318048358 0.7788152549566483 0
1654318063089 0.8667313405687261 0
1654318077451 0.8758261080458376 0
1654318091937 0.9074152670830049 0
1654318106233 0.9068695810343782 0
1654318120808 0.9152367671133208 0
1654318135561 0.917783302006912 0
1654318150153 0.9320924028375674 0
1654318164621 0.9297277632935185 0
1654318178890 0.9275450190990117 0
1654318193724 0.9436730734250894 0
1654318208219 0.9396713757351604 0
1654318222827 0.933365670284363 0
1654318237348 0.9373067361911114 0
1654318251938 0.9403383253501485 0
1654318266561 0.9433699145091857 0
1654318280873 0.9417328563633056 0
1654318295504 0.9462196083186807 0
1654318309938 0.9368823137088462 0
1654318324337 0.9466440308009458 0
1654318338775 0.9464015036682228 0
1654318353414 0.9414903292305826 0
1654318368152 0.9537379494330929 0
1654318382793 0.9487055114290911 0
1654318397031 0.9460377129691384 0
1654318411862 0.9411871703146789 0
1654318426254 0.9462802401018614 0
1654318440889 0.9509488874067786 0
1654318455060 0.9579215424725641 0
1654318469821 0.9494330928272601 0
1654318484187 0.9545261626144425 0
1654318498687 0.9448857090887043 0
1654318513214 0.9535560540835506 0
1654318527865 0.94779603468138 0
1654318542510 0.9484629842963681 0
1654318556631 0.954404899048081 0
1654318571325 0.9523434184199357 0
1654318586057 0.9470684532832111 0
1654318600488 0.9490086703449948 0
1654318615198 0.9491905656945371 0
1654318629679 0.9497362517431638 0
1654318644438 0.9533741587340083 0
1654318658664 0.9584065967380101 0
1654318673506 0.9594979688352634 0
1654318687932 0.9472503486327533 0
1654318702579 0.9557387982780574 0
1654318716903 0.9575577517734797 0
1654318731361 0.957012065724853 0
1654318745814 0.9490693021281756 0
1654318801322 0.8536171244921472 0
1654318841277 0.9301437147535019 0
1654318881669 0.9454247771511733 0
1654318922228 0.9470013947001394 0
1654318962842 0.950093990661573 0
1654319003313 0.9516706082105391 0
1654319043673 0.9555515129464557 0
1654319084270 0.9496695167060821 0
1654319124964 0.9556121520829544 0
1654319165890 0.9569462130859256 0
1654319206290 0.9624037353708084 0
1654319247230 0.9539142562609908 0
1654319287776 0.9652537747862471 0
1654319328795 0.9585228306348917 0
1654319369997 0.9549451215814687 0
1654319411599 0.9579770784064034 0
1654319452109 0.9625856527803044 0
1654319492674 0.9586441089078892 0
1654319533387 0.9569462130859256 0
1654319574342 0.9661633618337275 0
1654319614801 0.962464374507307 0
1654319655488 0.9537323388514948 0
1654319695919 0.9575526044509126 0
1654319736537 0.9618579831423201 0
1654319777026 0.9657995270147353 0
1654319817741 0.9614941483233279 0
1654319858966 0.9698623491601479 0
1654319900025 0.9537929779879935 0
1654319940652 0.9614941483233279 0
1654319981339 0.9701049057061427 0
1654320022270 0.9636165181007822 0
1654320063196 0.957067491358923 0
1654320104017 0.9693772360681584 0
1654320144919 0.9650112182402523 0
1654320186169 0.9583409132253957 0
1654320227081 0.9650112182402523 0
1654320268179 0.9648293008307561 0
1654320309190 0.9667697531987145 0
1654320349875 0.9611909526408344 0
1654320390574 0.9713176884361167 0
1654320432061 0.9710751318901218 0
1654320472995 0.9524589169850222 0
1654320513547 0.9710751318901218 0
1654320554531 0.9696804317506519 0
1654320594997 0.9667091140622157 0
1654320635637 0.9669516706082105 0
1654320676756 0.9635558789642835 0
1654320717591 0.9693165969316597 0
1654320758263 0.9608877569583409 0
1654320798634 0.967254866290704 0
1654320870215 0.8773493391536317 0
1654320911243 0.949133018067176 0
1654320952338 0.9559839941797017 0
1654320993213 0.9571359282163211 0
1654321034415 0.9637443919000849 0
1654321075737 0.9617436643627986 0
1654321116908 0.9592579119679884 0
1654321157925 0.9653207226870377 0
1654321199041 0.9608948708621317 0
1654321240128 0.9610767551837032 0
1654321281175 0.9618042924699891 0
1654321322145 0.9733842609433734 0
1654321363177 0.9516187704619862 0
1654321404101 0.9756275009094216 0
1654321445492 0.9668364253668 0
1654321486422 0.9649569540438947 0
1654321526923 0.9595004243967503 0
1654321567349 0.9718079301564205 0
1654321608079 0.9725354674427065 0
1654321648748 0.962046804898751 0
1654321689516 0.9710803928701346 0
1654321730754 0.971626045834849 0
1654321771604 0.9684127561537529 0
1654321812399 0.948041712137747 0
1654321853446 0.9661088880805141 0
1654321894391 0.9689584091184673 0
1654321935715 0.9759912695525645 0
1654321976702 0.9672001940099431 0
1654322017709 0.9733842609433734 0
1654322058857 0.9617436643627986 0
1654322099749 0.9748393355159451 0
1654322140728 0.9554383412149873 0
1654322181596 0.9700497150478962 0
1654322222662 0.9682914999393719 0
1654322263708 0.9721716987995634 0
1654322304615 0.966957681581181 0
1654322345641 0.9735661452649448 0
1654322386624 0.9603492178974172 0
1654322427628 0.962774342185037 0
1654322468798 0.9709591366557536 0
1654322510475 0.9659876318661331 0
1654322551386 0.967563962653086 0
1654322592463 0.9684127561537529 0
1654322633593 0.9732023766218019 0
1654322674740 0.9593791681823693 0
1654322716124 0.9687765247968958 0
1654322757259 0.9702922274766582 0
1654322798340 0.9661695161877046 0
1654322839256 0.9687158966897054 0
1654322880776 0.9681096156178004 0
1654322968531 0.7526379624014554 0
1654323009207 0.8757428744693754 0
1654323050137 0.9002425712553063 0
1654323091328 0.9165554881746513 0
1654323132552 0.9166767738023044 0
1654323173716 0.9275924802910855 0
1654323214943 0.9149181322013341 0
1654323256009 0.9289266221952699 0
1654323297325 0.9311704063068527 0
1654323338875 0.9318981200727714 0
1654323380507 0.937901758641601 0
1654323421652 0.9325651910248636 0
1654323462921 0.935415403274712 0
1654323503854 0.9406306852637962 0
1654323544890 0.935961188599151 0
1654323585921 0.9415403274711946 0
1654323626894 0.93844754396604 0
1654323667783 0.935415403274712 0
1654323708646 0.9442086112795633 0
1654323749551 0.9415403274711946 0
1654323790452 0.9462098241358399 0
1654323831673 0.9337780473013948 0
1654323872495 0.9464523953911461 0
1654323913232 0.9385081867798666 0
1654323954218 0.9501516070345664 0
1654323995303 0.9430563978168587 0
1654324036107 0.9375985445724682 0
1654324076940 0.9447543966040024 0
1654324117840 0.9533656761673742 0
1654324158797 0.9429351121892056 0
1654324199347 0.9395391146149181 0
1654324240161 0.9477865372953305 0
1654324280716 0.9501516070345664 0
1654324321596 0.9400242571255306 0
1654324362327 0.9481503941782898 0
1654324403277 0.9406913280776228 0
1654324444156 0.9453001819284415 0
1654324485056 0.9491206791995148 0
1654324526012 0.9419648271679806 0
1654324567003 0.9480897513644633 0
1654324607739 0.9489387507580351 0
1654324648535 0.9570648878107945 0
1654324689452 0.9469375379017586 0
1654324730524 0.9525773195876288 0
1654324771597 0.9483929654335961 0
1654324812833 0.9445724681625227 0
1654324854021 0.9485142510612492 0
1654324895020 0.9443298969072165 0
1654324936371 0.9535476046088539 0
1654324977563 0.949787750151607 0
1654325081597 0.908418243571082 0
1654325122957 0.9639737991266376 0
1654325164432 0.965429403202329 0
1654325206030 0.972707423580786 0
1654325247603 0.9713731198447355 0
1654325289277 0.9704633672974284 0
1654325331053 0.9676734594856865 0
1654325372852 0.9750727802037845 0
1654325414655 0.9666424065987385 0
1654325456556 0.975376031052887 0
1654325498001 0.9702207666181465 0
1654325539766 0.970402717127608 0
1654325581734 0.9751940805434255 0
1654325623374 0.9754973313925279 0
1654325665412 0.971433770014556 0
1654325707149 0.9710092188258127 0
1654325748969 0.9732532751091703 0
1654325790680 0.9785298398835517 0
1654325832430 0.9716763706938379 0
1654325873887 0.9753153808830665 0
1654325915763 0.9762251334303736 0
1654325957406 0.9728893740902474 0
1654325998968 0.9735565259582727 0
1654326040607 0.9795608927704997 0
1654326082624 0.977680737506065 0
1654326123861 0.9713731198447355 0
1654326165186 0.9723435225618632 0
1654326206604 0.977802037845706 0
1654326248081 0.9745875788452207 0
1654326289798 0.9729500242600679 0
1654326331396 0.9771955361475012 0
1654326373210 0.9697355652595827 0
1654326415024 0.9702207666181465 0
1654326456694 0.9804706453178069 0
1654326498427 0.9767103347889374 0
1654326540196 0.9785904900533722 0
1654326582245 0.9731319747695294 0
1654326624224 0.9785904900533722 0
1654326665912 0.9704633672974284 0
1654326707576 0.9733745754488112 0
1654326749278 0.9800460941290635 0
1654326791022 0.969129063561378 0
1654326832804 0.9719796215429404 0
1654326874664 0.9783478893740902 0
1654326916574 0.9782265890344493 0
1654326958261 0.9725861232411451 0
1654327000185 0.9762251334303736 0
1654327042219 0.9772561863173217 0
1654327083798 0.9748908296943232 0
1654327125335 0.9730106744298884 0
