1651789054257 1.3816603038787842 0
1651789057222 0.9660081424713135 0
1651789060213 0.7086753050088882 0
1651789063085 0.561997648358345 0
1651789066173 0.40058410222530366 0
1651789072174 1.5026011238098145 0
1651789075438 1.1487899078369141 0
1651789078775 1.1279830046653747 0
1651789081941 0.9281749414443969 0
1651789085279 0.8920991069793701 0
1651789091866 1.7235099906921387 0
1651789095494 1.3991741205215453 0
1651789099190 1.3569018096923828 0
1651789102931 1.3991542057037354 0
1651789106674 1.4676026193618774 0
1651789114095 1.6286458751678468 0
1651789118171 1.2469073108673097 0
1651789122109 1.2416034782409668 0
1651789126050 1.1293887825012208 0
1651789129979 1.2559849739074707 0
1651789137471 2.1307294296264647 0
1651789141694 1.9206911251068115 0
1651789145937 1.859482790374756 0
1651789150152 1.9942067142486573 0
1651789154508 2.175212978363037 0
