1651789054251 0.4092 0
1651789057209 0.6408 0
1651789060204 0.722 0
1651789063075 0.7776 0
1651789066161 0.8384 0
1651789072159 0.3808 0
1651789075428 0.5788 0
1651789078756 0.6248 0
1651789081930 0.7048 0
1651789085273 0.7504 0
1651789091860 0.3976 0
1651789095480 0.576 0
1651789099184 0.6352 0
1651789102917 0.6784 0
1651789106663 0.6812 0
1651789114086 0.5744 0
1651789118158 0.7888 0
1651789122097 0.81 0
1651789126038 0.8588 0
1651789129968 0.8472 0
1651789137459 0.4048 0
1651789141686 0.544 0
1651789145926 0.6192 0
1651789150143 0.6224 0
1651789154496 0.6212 0
