1652078825858 1.4976021980285645 0
1652078830681 1.1450364519119263 0
1652078835504 0.9472329203844071 0
1652078840286 0.8142968415260315 0
1652078845023 0.6903793195724487 0
1652078849789 0.5992943274021149 0
1652078854622 0.5286321749687195 0
1652078859295 0.46435424265861514 0
1652078864041 0.4243011518239975 0
1652078868885 0.3649721632838249 0
1652078873756 0.32016879021525385 0
1652078878706 0.28613333694934845 0
1652078883398 0.25238393971920015 0
1652078888184 0.2348510442495346 0
1652078892984 0.19512013001441955 0
1652078897813 0.1622718582391739 0
1652078902590 0.1287864090681076 0
1652078907275 0.11829498320817948 0
1652078912030 0.09949510020911694 0
1652078916795 0.07303229359984398 0
1652078921553 0.06848397905230522 0
1652078926289 0.05955883041024208 0
1652078931008 0.05133453818559647 0
1652078935815 0.04203657201081514 0
1652078940704 0.04537020995235071 0
1652078945471 0.039326139050722124 0
1652078950189 0.031693931491672996 0
1652078954996 0.0377407895065844 0
1652078959794 0.024042557571828365 0
1652078964654 0.018621437875926496 0
1652078969474 0.020567327246069907 0
1652078974256 0.021352444943785666 0
1652078979104 0.021820192883908747 0
1652078983852 0.01736598628088832 0
1652078988605 0.012843319465592504 0
1652078993423 0.012854280284792186 0
1652078998234 0.015600464588031172 0
1652079002902 0.009312149748206138 0
1652079007670 0.008739299405552447 0
1652079012473 0.009531579495593906 0
1652079017233 0.011142212476208805 0
1652079021927 0.01144998992420733 0
1652079026664 0.00987329576164484 0
1652079031518 0.011507573369704188 0
1652079036259 0.012375605119392275 0
1652079041229 0.007596331013739109 0
1652079045998 0.007727879415825009 0
1652079050847 0.008233960527554155 0
1652079055674 0.007091463597677648 0
1652079060390 0.005568904347717762 0
1652079075536 0.7726010437118275 0
1652079090493 0.6877563854312287 0
1652079105490 0.6169973712203414 0
1652079120505 0.5707109627586694 0
1652079135313 0.51844190706849 0
1652079150226 0.48209492417449296 0
1652079165193 0.4477369549839571 0
1652079180139 0.4066602042077164 0
1652079195055 0.38455413688637213 0
1652079209942 0.3462295722029063 0
1652079225016 0.32264206609603224 0
1652079239889 0.2911384287160202 0
1652079254774 0.26750257522081816 0
1652079269471 0.24439786501817481 0
1652079284289 0.21614319548094074 0
1652079299335 0.2008713359713364 0
1652079314485 0.17631834316091927 0
1652079329517 0.16230975234166015 0
1652079344619 0.1422353506278535 0
1652079359483 0.12784971221567912 0
1652079374528 0.11337433861834663 0
1652079389609 0.1013815174115627 0
1652079404474 0.09012276000816728 0
1652079419500 0.07754484820049569 0
1652079434403 0.07159193192964683 0
1652079449241 0.06249045980209745 0
1652079464217 0.05324285878173276 0
1652079479049 0.0525497201746902 0
1652079493931 0.042048239098610586 0
1652079508866 0.037952109371555014 0
1652079523862 0.03304428360792856 0
1652079538817 0.030643122351720203 0
1652079553813 0.026829523941188312 0
1652079568703 0.027162206546141092 0
1652079583556 0.023415235402278085 0
1652079598496 0.020365676497007407 0
1652079613508 0.019439912752336797 0
1652079628524 0.021912269775903614 0
1652079643415 0.01890399947826411 0
1652079658245 0.019334871539324283 0
1652079673278 0.015300337881324047 0
1652079688116 0.016222587195897722 0
1652079703006 0.014528089691271614 0
1652079718012 0.013496119439444324 0
1652079733093 0.014574208460169928 0
1652079747974 0.01572242552036953 0
1652079762813 0.01473559253363731 0
1652079777742 0.012832098524179087 0
1652079792691 0.011923500327044074 0
1652079807451 0.012457449739302396 0
1652079827536 0.754231012424087 0
1652079846823 0.6357995269542109 0
1652079866233 0.5687770751458783 0
1652079885742 0.5056003090960448 0
1652079905187 0.45992166046514 0
1652079924574 0.4235574194815096 0
1652079943914 0.3853377548283515 0
1652079963262 0.3536744121066685 0
1652079982728 0.31481199009315736 0
1652080002066 0.288939753843134 0
1652080021931 0.260741515003341 0
1652080041249 0.23468632501358996 0
1652080060499 0.21000675877284167 0
1652080079972 0.1832897018445009 0
1652080099289 0.15767702352662896 0
1652080118595 0.13926405683813908 0
1652080137855 0.13414831089669005 0
1652080157558 0.10878214751446809 0
1652080177095 0.09781458791931058 0
1652080196680 0.07738749187734016 0
1652080215964 0.072076537892377 0
1652080235316 0.06464889628332515 0
1652080255043 0.05974309423496889 0
1652080274646 0.05300752344747139 0
1652080294221 0.045644417965557224 0
1652080313869 0.0374677453750517 0
1652080333322 0.04036034457608522 0
1652080352648 0.040082981383334326 0
1652080372193 0.04181572054018522 0
1652080391690 0.03332617906043388 0
1652080410969 0.031938053408142625 0
1652080430347 0.030630258630726305 0
1652080449901 0.03724556723542672 0
1652080469157 0.02780280805193631 0
1652080488456 0.029180083165936774 0
1652080507931 0.02793389029134918 0
1652080527371 0.022022307555712255 0
1652080546870 0.015541334225478785 0
1652080566199 0.02075486534913587 0
1652080585596 0.02161522651446503 0
1652080604998 0.01619206482755631 0
1652080624632 0.01952844845422403 0
1652080643952 0.01626016060856646 0
1652080663415 0.019806311932947643 0
1652080682835 0.01181378718079064 0
1652080702241 0.015470991037482751 0
1652080721739 0.014170994403856047 0
1652080741111 0.019286505406549987 0
1652080760720 0.011841791040871325 0
1652080780222 0.007301406921106796 0
1652080804657 0.6727011686596791 0
1652080828434 0.4431824029110378 0
1652080852255 0.33845421305581846 0
1652080876016 0.2705723185743319 0
1652080899552 0.22491699389381972 0
1652080923697 0.1843535316318678 0
1652080947239 0.15957042619776268 0
1652080970979 0.13749838469985573 0
1652080994532 0.11576382838582051 0
1652081018308 0.10081740875162797 0
1652081041748 0.08647769321193242 0
1652081065264 0.07220780833699374 0
1652081088997 0.06879950639422379 0
1652081112854 0.052765698508855256 0
1652081136170 0.04718158590174016 0
1652081159686 0.03752281004377155 0
1652081183466 0.03424617993672871 0
1652081207150 0.0281906901804488 0
1652081230894 0.027031661000129516 0
1652081254775 0.027879656849953763 0
1652081278251 0.024948579323881642 0
1652081302339 0.020518039332380174 0
1652081325948 0.022639712263032474 0
1652081349844 0.017103114103673937 0
1652081373491 0.0200001029282844 0
1652081397357 0.01662782033948497 0
1652081421255 0.01334557984416735 0
1652081445066 0.010202273266376587 0
1652081468847 0.010505925279767724 0
1652081492437 0.009776822862149188 0
1652081516250 0.010988453666605977 0
1652081539992 0.014401670239110613 0
1652081563781 0.009891656219605461 0
1652081587561 0.007939313775476986 0
1652081611268 0.007921951203417488 0
1652081635102 0.009490615480147593 0
1652081658810 0.007860695579775267 0
1652081682495 0.007834784424189606 0
1652081706031 0.007324288774605807 0
1652081729766 0.008777089896392604 0
1652081753676 0.008629035187182027 0
1652081777324 0.0060074743396674665 0
1652081800607 0.006630367476787457 0
1652081824473 0.004860328214208864 0
1652081848274 0.005260122172885291 0
1652081872218 0.005089699898691103 0
1652081895759 0.007934820704854852 0
1652081919443 0.006083456617285752 0
1652081943263 0.004872504954730998 0
1652081967086 0.004710208139057492 0
1652081996089 0.7626503854633234 0
1652082024171 0.678986713920511 0
1652082051873 0.629487668526049 0
1652082079502 0.5651527578984844 0
1652082107506 0.5268932210618937 0
1652082135620 0.46675412598268945 0
1652082163304 0.42387385253704557 0
1652082191157 0.3809457926372481 0
1652082219352 0.3370397568985832 0
1652082247245 0.3054879547140642 0
1652082275056 0.2740825664189608 0
1652082303114 0.2378743289830869 0
1652082331214 0.19954719685214287 0
1652082359132 0.18290488594356577 0
1652082387211 0.15497785235821296 0
1652082415140 0.1438476145341814 0
1652082443247 0.12377173965536682 0
1652082471622 0.1014514320618447 0
1652082499674 0.09596628171718083 0
1652082527565 0.08352000198229637 0
1652082555736 0.07794707611571858 0
1652082584049 0.0740965330543655 0
1652082612179 0.0591546820516788 0
1652082640397 0.05412760284169617 0
1652082668228 0.04540489115124213 0
1652082696498 0.04643567972158729 0
1652082724609 0.04405020830405063 0
1652082752642 0.04321355850889934 0
1652082780735 0.037351136578206816 0
1652082808588 0.03362196726101642 0
1652082836844 0.0336426781655452 0
1652082864662 0.02811743722483813 0
1652082892594 0.028191492785770277 0
1652082920459 0.033018495916877263 0
1652082948231 0.02972428017895719 0
1652082976182 0.028628491709590052 0
1652083004095 0.025850864504861622 0
1652083031911 0.030106587244787885 0
1652083060017 0.027000341957608937 0
1652083088017 0.02597822195791594 0
1652083115985 0.02041160335157777 0
1652083143912 0.017049830774081676 0
1652083171635 0.01431850001590545 0
1652083199736 0.02167955412382984 0
1652083227739 0.018407298994145792 0
1652083255466 0.01786742215130273 0
1652083283983 0.020860567900775104 0
1652083312014 0.01148926639477503 0
1652083339973 0.01705154142337305 0
1652083368073 0.018120302538872837 0
