1645800116419 0.3428 0
1645800121531 0.5512 0
1645800126750 0.6932 0
1645800131936 0.7176 0
1645800137140 0.7824 0
1645800142243 0.8244 0
1645800147342 0.8344 0
1645800152502 0.8716 0
1645800157603 0.9176 0
1645800162729 0.9 0
1645800167864 0.928 0
1645800173006 0.942 0
1645800178123 0.96 0
1645800183258 0.9608 0
1645800188328 0.97 0
1645800193448 0.9848 0
1645800198569 0.964 0
1645800203688 0.9732 0
1645800208720 0.9736 0
1645800213938 0.966 0
1645800219701 0.54 0
1645800225382 0.7064 0
1645800230708 0.7988 0
1645800236607 0.8548 0
1645800242074 0.8848 0
1645800247330 0.9152 0
1645800253011 0.9244 0
1645800258487 0.9196 0
1645800263954 0.95 0
1645800269403 0.962 0
1645800274666 0.97 0
1645800280285 0.9656 0
1645800285945 0.9812 0
1645800291434 0.9888 0
1645800296504 0.9928 0
1645800301869 0.9924 0
1645800307211 0.9976 0
1645800312831 0.9988 0
1645800318312 0.9968 0
1645800323871 1.0 0
1645800330065 0.566 0
1645800335538 0.7624 0
1645800341224 0.8308 0
1645800346333 0.8912 0
1645800351729 0.9156 0
1645800357399 0.9388 0
1645800362702 0.942 0
1645800368094 0.9584 0
1645800373777 0.9408 0
1645800379207 0.9556 0
1645800384826 0.966 0
1645800390548 0.9868 0
1645800395878 0.9868 0
1645800401675 0.9912 0
1645800407660 0.9912 0
1645800413440 0.9976 0
1645800419040 0.9988 0
1645800424192 1.0 0
1645800429574 1.0 0
1645800435159 1.0 0
1645800441352 0.486 0
1645800447019 0.7004 0
1645800452381 0.7744 0
1645800457817 0.8348 0
1645800463522 0.8844 0
1645800468681 0.922 0
1645800474244 0.9228 0
1645800480010 0.9512 0
1645800485340 0.9648 0
1645800490811 0.9604 0
1645800496039 0.9688 0
1645800501420 0.9652 0
1645800507078 0.9804 0
1645800512591 0.98 0
1645800518178 0.9612 0
1645800523739 0.9792 0
1645800529583 0.982 0
1645800534678 0.99 0
1645800540321 0.994 0
1645800545977 0.9976 0
1645800553010 0.4508 0
1645800558401 0.6932 0
1645800563879 0.766 0
1645800569525 0.8468 0
1645800574943 0.9184 0
1645800580344 0.9088 0
1645800585914 0.93 0
1645800591239 0.9468 0
1645800597047 0.9632 0
1645800602672 0.9572 0
1645800608246 0.9836 0
1645800613820 0.9844 0
1645800619210 0.9824 0
1645800624871 0.99 0
1645800630202 0.9788 0
1645800635584 0.9668 0
1645800641114 0.9752 0
1645800646608 0.9828 0
1645800652264 0.9852 0
1645800657648 0.994 0
1645800664660 0.5524 0
1645800670173 0.7972 0
1645800675800 0.8648 0
1645800681375 0.9164 0
1645800686836 0.95 0
1645800692268 0.9628 0
1645800697959 0.9752 0
1645800703703 0.9864 0
1645800709343 0.9924 0
1645800714656 0.9936 0
1645800720178 0.9964 0
1645800725696 0.9992 0
1645800730962 0.9992 0
1645800736617 0.9984 0
1645800742561 0.9996 0
1645800747995 1.0 0
1645800753358 1.0 0
1645800758965 1.0 0
1645800764569 1.0 0
1645800769982 1.0 0
1645800777501 0.6084 0
1645800782920 0.8188 0
1645800788248 0.8488 0
1645800793653 0.9104 0
1645800799193 0.9368 0
1645800804578 0.9608 0
1645800810005 0.9832 0
1645800815779 0.9828 0
1645800820940 0.9788 0
1645800826155 0.994 0
1645800831722 0.9904 0
1645800837174 0.9932 0
1645800842763 0.9992 0
1645800848246 0.9996 0
1645800853788 0.9992 0
1645800859327 1.0 0
1645800864920 1.0 0
1645800870487 1.0 0
1645800876093 1.0 0
1645800881805 1.0 0
1645800889361 0.5704 0
1645800894838 0.7872 0
1645800900487 0.87 0
1645800906128 0.9032 0
1645800911779 0.9428 0
1645800917360 0.962 0
1645800922842 0.97 0
1645800928308 0.9676 0
1645800933764 0.9888 0
1645800939259 0.976 0
1645800944855 0.9896 0
1645800950237 0.9956 0
1645800955849 0.9892 0
1645800961494 0.9952 0
1645800966987 0.9988 0
1645800972266 0.9992 0
1645800977789 1.0 0
1645800983230 1.0 0
1645800988673 0.9996 0
1645800994177 0.9992 0
1645801001926 0.5372 0
1645801007808 0.752 0
1645801013222 0.8256 0
1645801018717 0.8884 0
1645801024311 0.9252 0
1645801030192 0.9492 0
1645801035635 0.9492 0
1645801041255 0.9764 0
1645801046735 0.9796 0
1645801052237 0.99 0
1645801057697 0.994 0
1645801063273 0.9948 0
1645801068626 0.998 0
1645801074178 1.0 0
1645801079620 0.998 0
1645801085195 0.9996 0
1645801090812 1.0 0
1645801096301 1.0 0
1645801101762 1.0 0
1645801107256 1.0 0
1645801115578 0.666 0
1645801120677 0.8336 0
1645801126335 0.8912 0
1645801131619 0.9336 0
1645801137201 0.9588 0
1645801142829 0.9772 0
1645801148411 0.9728 0
1645801153676 0.9876 0
1645801159346 0.9928 0
1645801164976 0.9976 0
1645801170483 0.9976 0
1645801176005 0.9992 0
1645801181286 1.0 0
1645801186959 1.0 0
1645801192411 0.9992 0
1645801197859 1.0 0
1645801203561 1.0 0
1645801209079 1.0 0
1645801214777 1.0 0
1645801220389 1.0 0
1645801229044 0.5012 0
1645801234602 0.682 0
1645801239893 0.7904 0
1645801245567 0.8596 0
1645801251019 0.91 0
1645801256481 0.9372 0
1645801262083 0.932 0
1645801267487 0.9508 0
1645801273034 0.9664 0
1645801278963 0.9708 0
1645801284582 0.978 0
1645801290215 0.9868 0
1645801295768 0.9864 0
1645801301083 0.9948 0
1645801306434 0.994 0
1645801312036 0.9968 0
1645801317704 0.9972 0
1645801323322 1.0 0
1645801328891 0.9996 0
1645801334507 1.0 0
1645801343522 0.5496 0
1645801348803 0.7668 0
1645801354283 0.8416 0
1645801359697 0.8924 0
1645801365090 0.9244 0
1645801370702 0.9516 0
1645801376115 0.9636 0
1645801381692 0.9712 0
1645801387226 0.9876 0
1645801393011 0.988 0
1645801398459 0.9932 0
1645801403869 0.9976 0
1645801409227 0.9992 0
1645801414827 0.9992 0
1645801420484 0.9996 0
1645801425801 0.9996 0
1645801431255 1.0 0
1645801436679 1.0 0
1645801442611 1.0 0
1645801448020 1.0 0
1645801457482 0.5504 0
1645801462989 0.758 0
1645801468751 0.8352 0
1645801474107 0.8956 0
1645801479482 0.9148 0
1645801484877 0.936 0
1645801490236 0.9628 0
1645801495894 0.978 0
1645801501546 0.986 0
1645801507009 0.9932 0
1645801512619 0.9896 0
1645801518318 0.9896 0
1645801523874 0.9964 0
1645801529175 0.9988 0
1645801534658 0.9996 0
1645801540195 0.9996 0
1645801545866 1.0 0
1645801551561 0.9996 0
1645801557128 1.0 0
1645801562454 1.0 0
1645801571719 0.6332 0
1645801577163 0.8184 0
1645801582803 0.876 0
1645801588387 0.9172 0
1645801593876 0.9496 0
1645801599525 0.9604 0
1645801604919 0.9816 0
1645801610602 0.984 0
1645801616136 0.99 0
1645801621952 0.9936 0
1645801627354 0.9944 0
1645801632652 0.9932 0
1645801638396 0.994 0
1645801644036 0.9988 0
1645801649716 0.9992 0
1645801655027 1.0 0
1645801660102 1.0 0
1645801666072 1.0 0
1645801671744 1.0 0
1645801677211 1.0 0
1645801687141 0.6384 0
1645801692541 0.8604 0
1645801697957 0.9312 0
1645801703685 0.9432 0
1645801709040 0.9664 0
1645801714768 0.9764 0
1645801720375 0.9864 0
1645801725898 0.9776 0
1645801731563 0.9928 0
1645801737032 0.9908 0
1645801742804 0.9928 0
1645801748476 0.9992 0
1645801753863 1.0 0
1645801759554 1.0 0
1645801764943 1.0 0
1645801770751 1.0 0
1645801776170 1.0 0
1645801781677 0.9996 0
1645801787152 1.0 0
1645801792684 1.0 0
