1652895369947 0.3006 0
1652895385442 0.4718 0
1652895400644 0.5556 0
1652895415952 0.6 0
1652895431408 0.6578 0
1652895447002 0.6954 0
1652895462628 0.7326 0
1652895477985 0.773 0
1652895493412 0.7982 0
1652895508799 0.8276 0
1652895524397 0.8562 0
1652895540184 0.8744 0
1652895555821 0.8918 0
1652895571356 0.8984 0
1652895586889 0.9044 0
1652895602622 0.9148 0
1652895618261 0.9116 0
1652895633929 0.9174 0
1652895649661 0.9334 0
1652895665121 0.9388 0
1652895680574 0.9406 0
1652895695912 0.9352 0
1652895711619 0.9398 0
1652895727313 0.9416 0
1652895742894 0.9452 0
1652895758549 0.9462 0
1652895773982 0.9478 0
1652895789611 0.9498 0
1652895805272 0.9468 0
1652895820690 0.9528 0
1652895836335 0.9638 0
1652895851891 0.9538 0
1652895867638 0.9542 0
1652895883300 0.9636 0
1652895898709 0.9612 0
1652895914299 0.9648 0
1652895929943 0.9516 0
1652895945549 0.9588 0
1652895961266 0.9624 0
1652895976691 0.961 0
1652895992223 0.9634 0
1652896007744 0.9702 0
1652896023489 0.965 0
1652896038873 0.9624 0
1652896054429 0.969 0
1652896069775 0.9708 0
1652896085552 0.9674 0
1652896101176 0.9708 0
1652896116650 0.9708 0
1652896131971 0.971 0
1652896149197 0.4114 0
1652896160786 0.5622 0
1652896172082 0.615 0
1652896183694 0.6652 0
1652896195285 0.6994 0
1652896206596 0.7328 0
1652896218273 0.778 0
1652896229875 0.7998 0
1652896241497 0.8288 0
1652896253029 0.8464 0
1652896264775 0.8708 0
1652896276459 0.8764 0
1652896287807 0.8994 0
1652896299489 0.9094 0
1652896310985 0.9242 0
1652896322448 0.9194 0
1652896333962 0.9292 0
1652896345522 0.9328 0
1652896357021 0.941 0
1652896368648 0.9412 0
1652896380083 0.9418 0
1652896391465 0.9524 0
1652896403008 0.9522 0
1652896414590 0.943 0
1652896426282 0.9558 0
1652896437884 0.96 0
1652896449303 0.9422 0
1652896460909 0.9552 0
1652896472364 0.966 0
1652896483928 0.9604 0
1652896495356 0.964 0
1652896506786 0.9554 0
1652896518552 0.9664 0
1652896529867 0.9714 0
1652896541177 0.9634 0
1652896552834 0.9618 0
1652896564154 0.9656 0
1652896575712 0.9686 0
1652896587326 0.9698 0
1652896598931 0.9602 0
1652896610542 0.9686 0
1652896621944 0.9672 0
1652896633552 0.9654 0
1652896644993 0.9672 0
1652896656472 0.9728 0
1652896668024 0.9716 0
1652896679594 0.9756 0
1652896691272 0.9674 0
1652896702722 0.968 0
1652896714556 0.9724 0
1652896737489 0.2878 0
1652896749040 0.407 0
1652896760535 0.4826 0
1652896772166 0.5262 0
1652896783720 0.5814 0
1652896795527 0.6346 0
1652896807226 0.679 0
1652896818975 0.7124 0
1652896830810 0.741 0
1652896842441 0.7786 0
1652896854041 0.8086 0
1652896865633 0.8358 0
1652896877427 0.8564 0
1652896888974 0.8626 0
1652896900323 0.888 0
1652896912086 0.8874 0
1652896923558 0.8976 0
1652896935098 0.9032 0
1652896947045 0.9088 0
1652896958690 0.9194 0
1652896970329 0.9248 0
1652896981931 0.9258 0
1652896993326 0.9306 0
1652897004739 0.9382 0
1652897016430 0.9346 0
1652897027868 0.939 0
1652897039618 0.9406 0
1652897050917 0.9398 0
1652897062602 0.9398 0
1652897074252 0.9512 0
1652897086051 0.9452 0
1652897097567 0.9492 0
1652897109120 0.952 0
1652897120833 0.9492 0
1652897132483 0.9498 0
1652897144023 0.9572 0
1652897155671 0.9556 0
1652897167381 0.9586 0
1652897178886 0.951 0
1652897190354 0.9596 0
1652897201965 0.9602 0
1652897213765 0.966 0
1652897225489 0.9558 0
1652897237164 0.9556 0
1652897248686 0.9582 0
1652897260400 0.9688 0
1652897272177 0.9584 0
1652897283612 0.9626 0
1652897295020 0.9678 0
1652897306463 0.9654 0
1652897335632 0.3186 0
1652897347227 0.4792 0
1652897358814 0.5654 0
1652897370219 0.6036 0
1652897381606 0.668 0
1652897393238 0.7028 0
1652897404808 0.74 0
1652897416327 0.7792 0
1652897427890 0.7996 0
1652897439463 0.8164 0
1652897450996 0.8508 0
1652897462689 0.8574 0
1652897474027 0.8754 0
1652897485545 0.8966 0
1652897497054 0.8984 0
1652897508466 0.916 0
1652897520034 0.9106 0
1652897531549 0.926 0
1652897543064 0.93 0
1652897554784 0.9272 0
1652897566101 0.9278 0
1652897577605 0.9382 0
1652897589229 0.9312 0
1652897600851 0.9368 0
1652897612534 0.9486 0
1652897623967 0.9412 0
1652897635581 0.9502 0
1652897647187 0.9502 0
1652897658827 0.9466 0
1652897670337 0.9528 0
1652897682042 0.9554 0
1652897693671 0.9572 0
1652897705311 0.9594 0
1652897716727 0.9534 0
1652897728155 0.956 0
1652897739571 0.9574 0
1652897751271 0.9562 0
1652897762907 0.9626 0
1652897774608 0.959 0
1652897786308 0.9624 0
1652897797985 0.9692 0
1652897809572 0.9682 0
1652897820858 0.9634 0
1652897832427 0.9664 0
1652897844009 0.9604 0
1652897855442 0.9532 0
1652897866836 0.9634 0
1652897878497 0.9696 0
1652897890101 0.971 0
1652897901947 0.9678 0
1652897936465 0.3868 0
1652897948187 0.5234 0
1652897959714 0.599 0
1652897971184 0.6422 0
1652897982878 0.682 0
1652897994465 0.724 0
1652898006154 0.7528 0
1652898017662 0.7928 0
1652898029245 0.82 0
1652898040713 0.833 0
1652898052292 0.8602 0
1652898063864 0.8802 0
1652898075321 0.8954 0
1652898086618 0.895 0
1652898098144 0.9088 0
1652898109791 0.9202 0
1652898121300 0.9194 0
1652898132831 0.9214 0
1652898144163 0.9326 0
1652898155705 0.9316 0
1652898167407 0.94 0
1652898178927 0.948 0
1652898190417 0.946 0
1652898201877 0.9496 0
1652898213723 0.948 0
1652898225132 0.9548 0
1652898236742 0.9472 0
1652898248403 0.9552 0
1652898260020 0.9594 0
1652898271544 0.954 0
1652898282915 0.9568 0
1652898294047 0.9594 0
1652898305637 0.9582 0
1652898317010 0.9586 0
1652898328531 0.965 0
1652898340136 0.969 0
1652898351336 0.9602 0
1652898362876 0.9588 0
1652898374420 0.9734 0
1652898386168 0.966 0
1652898397771 0.9652 0
1652898409353 0.9662 0
1652898421116 0.9714 0
1652898432585 0.9694 0
1652898444416 0.9638 0
1652898455949 0.9732 0
1652898467382 0.969 0
1652898478733 0.9736 0
1652898490221 0.9744 0
1652898501935 0.9682 0
1652898542580 0.3542 0
1652898554223 0.4982 0
1652898566036 0.5438 0
1652898577638 0.601 0
1652898589350 0.6434 0
1652898601099 0.6746 0
1652898612480 0.7072 0
1652898624097 0.7428 0
1652898635681 0.7602 0
1652898647350 0.8 0
1652898658973 0.8228 0
1652898670698 0.8374 0
1652898682441 0.8576 0
1652898694173 0.8768 0
1652898705788 0.884 0
1652898717617 0.89 0
1652898729277 0.9026 0
1652898740824 0.9128 0
1652898752716 0.914 0
1652898764476 0.9134 0
1652898776237 0.9248 0
1652898787843 0.9214 0
1652898799526 0.9358 0
1652898811284 0.936 0
1652898822840 0.9364 0
1652898834466 0.9434 0
1652898845908 0.9322 0
1652898857462 0.95 0
1652898869062 0.9404 0
1652898880738 0.944 0
1652898892445 0.948 0
1652898903947 0.9492 0
1652898915501 0.9436 0
1652898927227 0.9548 0
1652898938757 0.9558 0
1652898950326 0.9518 0
1652898962036 0.9546 0
1652898973602 0.9632 0
1652898985362 0.9578 0
1652898996717 0.9566 0
1652899008442 0.9474 0
1652899019955 0.9662 0
1652899031825 0.9604 0
1652899043311 0.9572 0
1652899055022 0.9646 0
1652899066826 0.966 0
1652899078424 0.9602 0
1652899090035 0.9704 0
1652899101797 0.9634 0
1652899113671 0.9598 0
1652899160171 0.3214 0
1652899171845 0.4632 0
1652899183423 0.522 0
1652899195437 0.5684 0
1652899207277 0.606 0
1652899218823 0.639 0
1652899230470 0.6762 0
1652899242173 0.7094 0
1652899254027 0.7538 0
1652899265943 0.7652 0
1652899277823 0.7996 0
1652899289411 0.8206 0
1652899301364 0.845 0
1652899313308 0.858 0
1652899324754 0.8636 0
1652899336584 0.8668 0
1652899348187 0.8834 0
1652899359746 0.8984 0
1652899371652 0.9026 0
1652899383195 0.914 0
1652899394940 0.9156 0
1652899406553 0.9124 0
1652899418234 0.9122 0
1652899429968 0.9334 0
1652899441351 0.932 0
1652899453304 0.926 0
1652899464826 0.936 0
1652899476603 0.9266 0
1652899488419 0.9406 0
1652899500262 0.9408 0
1652899512090 0.9366 0
1652899523971 0.9462 0
1652899535833 0.9448 0
1652899547645 0.9414 0
1652899559540 0.9564 0
1652899571402 0.9342 0
1652899582947 0.9496 0
1652899594907 0.9506 0
1652899606597 0.9544 0
1652899618385 0.951 0
1652899630289 0.9604 0
1652899641955 0.956 0
1652899653964 0.9552 0
1652899665658 0.9464 0
1652899677337 0.9536 0
1652899689097 0.9616 0
1652899700947 0.9538 0
1652899712498 0.9556 0
1652899723974 0.963 0
1652899735852 0.9552 0
1652899789079 0.3646 0
1652899800485 0.5136 0
1652899812020 0.5894 0
1652899823727 0.6312 0
1652899835367 0.67 0
1652899846813 0.7086 0
1652899858285 0.758 0
1652899869699 0.7838 0
1652899881253 0.8126 0
1652899892828 0.8406 0
1652899904490 0.857 0
1652899916064 0.8764 0
1652899927516 0.8968 0
1652899939113 0.8898 0
1652899950567 0.9106 0
1652899962084 0.9152 0
1652899973731 0.9172 0
1652899985269 0.9314 0
1652899996683 0.9262 0
1652900008462 0.9336 0
1652900020190 0.9478 0
1652900031627 0.9458 0
1652900043137 0.9424 0
1652900054654 0.9486 0
1652900066143 0.9522 0
1652900077660 0.9464 0
1652900089223 0.9514 0
1652900101051 0.9528 0
1652900112587 0.9572 0
1652900123877 0.956 0
1652900135677 0.963 0
1652900147305 0.9584 0
1652900158909 0.9596 0
1652900170263 0.9616 0
1652900181631 0.9602 0
1652900193388 0.9656 0
1652900204806 0.9652 0
1652900216222 0.9642 0
1652900227717 0.9668 0
1652900239208 0.9616 0
1652900250500 0.9648 0
1652900262002 0.9732 0
1652900273612 0.9644 0
1652900285266 0.9684 0
1652900297039 0.9734 0
1652900308501 0.965 0
1652900319880 0.9734 0
1652900331569 0.97 0
1652900342863 0.9694 0
1652900354519 0.9754 0
1652900412709 0.37 0
1652900424504 0.4974 0
1652900436081 0.5544 0
1652900447930 0.5988 0
1652900459558 0.6324 0
1652900471456 0.6496 0
1652900483349 0.6892 0
1652900495053 0.7176 0
1652900506681 0.7354 0
1652900518433 0.7662 0
1652900530417 0.7868 0
1652900542358 0.808 0
1652900553937 0.828 0
1652900565539 0.84 0
1652900577235 0.8626 0
1652900588758 0.8738 0
1652900600544 0.8712 0
1652900612252 0.8978 0
1652900624193 0.9042 0
1652900635959 0.9036 0
1652900647478 0.9124 0
1652900659172 0.9088 0
1652900670819 0.919 0
1652900682420 0.9216 0
1652900694272 0.9298 0
1652900706045 0.9258 0
1652900717906 0.9384 0
1652900729711 0.928 0
1652900741704 0.9384 0
1652900753366 0.9426 0
1652900765249 0.9352 0
1652900776783 0.9492 0
1652900788580 0.9468 0
1652900800135 0.9456 0
1652900811856 0.9458 0
1652900823665 0.955 0
1652900835623 0.948 0
1652900847403 0.9532 0
1652900859086 0.9452 0
1652900870826 0.9644 0
1652900882644 0.9598 0
1652900894108 0.9524 0
1652900905720 0.9516 0
1652900917361 0.9586 0
1652900929380 0.9614 0
1652900941022 0.9642 0
1652900952800 0.9596 0
1652900964557 0.9626 0
1652900976558 0.9566 0
1652900988144 0.961 0
1652901053148 0.4052 0
1652901064623 0.5668 0
1652901076312 0.624 0
1652901088201 0.6724 0
1652901099767 0.704 0
1652901111718 0.7324 0
1652901123373 0.7678 0
1652901134934 0.791 0
1652901146611 0.8286 0
1652901157982 0.839 0
1652901169549 0.8536 0
1652901181253 0.8702 0
1652901192679 0.8912 0
1652901204411 0.8944 0
1652901216236 0.9056 0
1652901227822 0.92 0
1652901239429 0.9234 0
1652901251191 0.9174 0
1652901263000 0.9272 0
1652901274568 0.937 0
1652901286088 0.9368 0
1652901297683 0.9376 0
1652901309243 0.94 0
1652901320853 0.9484 0
1652901332682 0.9444 0
1652901344296 0.9462 0
1652901355938 0.945 0
1652901367461 0.9588 0
1652901379219 0.9582 0
1652901390946 0.9596 0
1652901402683 0.9544 0
1652901414349 0.9542 0
1652901425957 0.9674 0
1652901437751 0.956 0
1652901449602 0.9614 0
1652901461031 0.9574 0
1652901472751 0.9632 0
1652901484367 0.9682 0
1652901495811 0.9604 0
1652901507531 0.967 0
1652901518959 0.9654 0
1652901530713 0.9692 0
1652901541873 0.9652 0
1652901553643 0.9716 0
1652901565118 0.972 0
1652901576685 0.9638 0
1652901588525 0.9654 0
1652901600233 0.971 0
1652901611877 0.9676 0
1652901623742 0.9724 0
1652901694673 0.3344 0
1652901706224 0.4948 0
1652901717923 0.5436 0
1652901729839 0.607 0
1652901741655 0.6282 0
1652901753407 0.6658 0
1652901765179 0.6994 0
1652901777062 0.7388 0
1652901788877 0.7652 0
1652901800706 0.7952 0
1652901812542 0.8312 0
1652901824371 0.8384 0
1652901836200 0.8564 0
1652901847839 0.8688 0
1652901859786 0.8796 0
1652901871417 0.8852 0
1652901882770 0.9042 0
1652901894246 0.918 0
1652901906105 0.9082 0
1652901917657 0.916 0
1652901929336 0.9246 0
1652901941121 0.9266 0
1652901952939 0.9374 0
1652901964679 0.9414 0
1652901976433 0.9356 0
1652901987895 0.937 0
1652901999692 0.9364 0
1652902011299 0.937 0
1652902023129 0.9464 0
1652902034561 0.958 0
1652902046313 0.9464 0
1652902058125 0.9428 0
1652902070106 0.9508 0
1652902081522 0.9612 0
1652902093356 0.9578 0
1652902104992 0.9488 0
1652902116766 0.9542 0
1652902128453 0.9542 0
1652902140070 0.9538 0
1652902151944 0.9522 0
1652902163757 0.962 0
1652902175637 0.9594 0
1652902187528 0.9646 0
1652902199178 0.9598 0
1652902210777 0.9692 0
1652902222622 0.9586 0
1652902234364 0.9574 0
1652902246321 0.9658 0
1652902258237 0.9688 0
1652902269890 0.9604 0
1652902347288 0.3752 0
1652902358934 0.5118 0
1652902370605 0.5612 0
1652902382262 0.608 0
1652902393853 0.6324 0
1652902405676 0.677 0
1652902417336 0.6948 0
1652902429200 0.7314 0
1652902441073 0.7612 0
1652902452906 0.7776 0
1652902464420 0.8026 0
1652902476007 0.8262 0
1652902488095 0.8452 0
1652902499810 0.8634 0
1652902511553 0.8694 0
1652902523178 0.8888 0
1652902534843 0.8904 0
1652902546352 0.8906 0
1652902558040 0.91 0
1652902569784 0.9118 0
1652902581553 0.9316 0
1652902593358 0.9174 0
1652902605121 0.9178 0
1652902616911 0.924 0
1652902628766 0.9336 0
1652902640556 0.9402 0
1652902652157 0.9306 0
1652902663725 0.9426 0
1652902675295 0.9418 0
1652902687041 0.9408 0
1652902698784 0.9482 0
1652902710760 0.945 0
1652902722480 0.9442 0
1652902734256 0.953 0
1652902745754 0.9482 0
1652902757630 0.9436 0
1652902769042 0.9554 0
1652902780676 0.9532 0
1652902792062 0.9542 0
1652902803704 0.9502 0
1652902815550 0.9612 0
1652902827168 0.9554 0
1652902838857 0.9618 0
1652902850587 0.963 0
1652902862259 0.963 0
1652902874351 0.9588 0
1652902886043 0.9608 0
1652902898138 0.97 0
1652902909852 0.963 0
1652902921747 0.965 0
1652903004778 0.3938 0
1652903016788 0.5158 0
1652903028498 0.562 0
1652903040054 0.6084 0
1652903051677 0.644 0
1652903063364 0.6774 0
1652903075330 0.7138 0
1652903086982 0.7336 0
1652903098687 0.7628 0
1652903110012 0.8036 0
1652903121664 0.8222 0
1652903133399 0.8446 0
1652903145119 0.867 0
1652903156894 0.8792 0
1652903168588 0.8976 0
1652903180141 0.894 0
1652903191963 0.8994 0
1652903203612 0.9106 0
1652903215216 0.921 0
1652903226929 0.9256 0
1652903238815 0.9308 0
1652903250351 0.9272 0
1652903262053 0.9324 0
1652903273648 0.9376 0
1652903285276 0.9488 0
1652903297122 0.94 0
1652903309014 0.9448 0
1652903320629 0.9442 0
1652903332001 0.9466 0
1652903343587 0.9492 0
1652903355142 0.951 0
1652903367025 0.9574 0
1652903378947 0.952 0
1652903390656 0.9588 0
1652903402516 0.9616 0
1652903414067 0.9446 0
1652903425712 0.958 0
1652903437418 0.9564 0
1652903449244 0.9634 0
1652903461010 0.9624 0
1652903472439 0.9758 0
1652903484098 0.9612 0
1652903496041 0.9616 0
1652903507658 0.9616 0
1652903519367 0.968 0
1652903531093 0.9656 0
1652903542744 0.9666 0
1652903554541 0.9676 0
1652903566451 0.969 0
1652903578092 0.9692 0
1652903667520 0.4152 0
1652903679365 0.5734 0
1652903691185 0.628 0
1652903703125 0.6794 0
1652903714692 0.7146 0
1652903726241 0.7408 0
1652903737969 0.7686 0
1652903749748 0.7976 0
1652903761489 0.8258 0
1652903773391 0.8436 0
1652903785076 0.8612 0
1652903796814 0.869 0
1652903808760 0.8918 0
1652903820633 0.8942 0
1652903832401 0.903 0
1652903844148 0.9118 0
1652903856001 0.923 0
1652903867697 0.924 0
1652903879245 0.9324 0
1652903890887 0.9328 0
1652903902521 0.9394 0
1652903914441 0.9472 0
1652903926211 0.9388 0
1652903937913 0.9372 0
1652903949567 0.94 0
1652903961399 0.9582 0
1652903973375 0.944 0
1652903985477 0.9602 0
1652903997209 0.9548 0
1652904009085 0.9606 0
1652904020961 0.955 0
1652904032885 0.9556 0
1652904044572 0.959 0
1652904056290 0.96 0
1652904068204 0.9578 0
1652904079707 0.9598 0
1652904091577 0.965 0
1652904103337 0.9584 0
1652904115314 0.9694 0
1652904126933 0.9634 0
1652904138506 0.9742 0
1652904150419 0.9648 0
1652904162284 0.9608 0
1652904174062 0.9744 0
1652904185862 0.9692 0
1652904197992 0.9694 0
1652904209396 0.9692 0
1652904221352 0.968 0
1652904232776 0.9676 0
1652904244457 0.9752 0
1652904340443 0.471 0
1652904352001 0.622 0
1652904363922 0.6746 0
1652904375505 0.7102 0
1652904387245 0.7458 0
1652904399109 0.7708 0
1652904410864 0.8034 0
1652904422807 0.8288 0
1652904434824 0.8436 0
1652904446626 0.8608 0
1652904458306 0.8684 0
1652904469882 0.8872 0
1652904481807 0.9002 0
1652904493439 0.9156 0
1652904505065 0.9196 0
1652904517093 0.9184 0
1652904528922 0.9222 0
1652904540577 0.9304 0
1652904552301 0.9362 0
1652904563917 0.9382 0
1652904575691 0.9354 0
1652904587483 0.9508 0
1652904599121 0.9524 0
1652904610860 0.9474 0
1652904622683 0.9508 0
1652904634727 0.9528 0
1652904646300 0.9502 0
1652904658141 0.9478 0
1652904669545 0.9608 0
1652904681353 0.9616 0
1652904692726 0.9696 0
1652904704597 0.9598 0
1652904716536 0.9578 0
1652904728210 0.963 0
1652904739858 0.9612 0
1652904751540 0.9622 0
1652904763322 0.9694 0
1652904774894 0.966 0
1652904786662 0.9678 0
1652904798638 0.9696 0
1652904810453 0.9722 0
1652904822004 0.9676 0
1652904833684 0.9764 0
1652904845437 0.9752 0
1652904857264 0.9654 0
1652904868968 0.9708 0
1652904880618 0.9722 0
1652904892202 0.972 0
1652904904009 0.9714 0
1652904915816 0.975 0
1652905017826 0.2944 0
1652905029839 0.4094 0
1652905041583 0.4658 0
1652905053475 0.505 0
1652905065158 0.541 0
1652905077029 0.5854 0
1652905088653 0.6224 0
1652905100712 0.6386 0
1652905112613 0.684 0
1652905124328 0.7252 0
1652905136038 0.747 0
1652905147916 0.7596 0
1652905159723 0.7858 0
1652905171497 0.8066 0
1652905183293 0.8262 0
1652905194978 0.8512 0
1652905206776 0.8522 0
1652905218736 0.8664 0
1652905230410 0.8792 0
1652905242094 0.883 0
1652905253938 0.8916 0
1652905265769 0.9062 0
1652905277608 0.9038 0
1652905289788 0.901 0
1652905301714 0.9052 0
1652905313505 0.911 0
1652905325306 0.9292 0
1652905337149 0.9134 0
1652905349122 0.9178 0
1652905360960 0.9292 0
1652905372730 0.9324 0
1652905384432 0.931 0
1652905396413 0.9322 0
1652905408236 0.943 0
1652905420001 0.9366 0
1652905431777 0.9414 0
1652905443778 0.9374 0
1652905455686 0.9384 0
1652905466967 0.942 0
1652905478862 0.9462 0
1652905490657 0.9478 0
1652905502529 0.9366 0
1652905514472 0.9464 0
1652905526505 0.9562 0
1652905538389 0.9504 0
1652905550289 0.9518 0
1652905562137 0.9468 0
1652905574229 0.9492 0
1652905586453 0.9482 0
1652905598442 0.9566 0
1652905706863 0.3468 0
1652905718710 0.4816 0
1652905730037 0.5408 0
1652905741969 0.584 0
1652905753527 0.6302 0
1652905765099 0.6576 0
1652905776908 0.6874 0
1652905788734 0.7272 0
1652905800549 0.7624 0
1652905812305 0.78 0
1652905823717 0.8126 0
1652905835325 0.8246 0
1652905847173 0.8462 0
1652905858928 0.862 0
1652905870605 0.875 0
1652905882331 0.8742 0
1652905894012 0.8924 0
1652905905544 0.9094 0
1652905917260 0.9126 0
1652905929261 0.918 0
1652905940947 0.9146 0
1652905952576 0.914 0
1652905964292 0.9174 0
1652905976145 0.9278 0
1652905987703 0.9262 0
1652905999400 0.9408 0
1652906011252 0.9282 0
1652906022868 0.9366 0
1652906034698 0.9364 0
1652906046324 0.945 0
1652906058111 0.9402 0
1652906069832 0.9426 0
1652906081602 0.9412 0
1652906093397 0.9422 0
1652906105213 0.958 0
1652906117029 0.9474 0
1652906129133 0.9522 0
1652906140922 0.9452 0
1652906152743 0.9562 0
1652906164431 0.9528 0
1652906176192 0.9576 0
1652906188011 0.9548 0
1652906199831 0.952 0
1652906211715 0.9668 0
1652906223460 0.9638 0
1652906235289 0.9532 0
1652906247011 0.959 0
1652906258595 0.9622 0
1652906270063 0.959 0
1652906281843 0.9602 0
1652906396403 0.4034 0
1652906408124 0.5388 0
1652906420006 0.5994 0
1652906431682 0.6296 0
1652906443473 0.678 0
1652906455065 0.7098 0
1652906466981 0.7512 0
1652906478933 0.7714 0
1652906490756 0.7996 0
1652906502285 0.828 0
1652906513963 0.8376 0
1652906525525 0.852 0
1652906536899 0.8674 0
1652906548834 0.8894 0
1652906560635 0.8994 0
1652906572419 0.9036 0
1652906583802 0.9134 0
1652906595351 0.9282 0
1652906606957 0.9244 0
1652906618654 0.9314 0
1652906630094 0.9302 0
1652906641878 0.932 0
1652906653454 0.9384 0
1652906665124 0.946 0
1652906676567 0.9444 0
1652906688462 0.9428 0
1652906700116 0.9472 0
1652906711596 0.9492 0
1652906723247 0.948 0
1652906735031 0.9512 0
1652906746713 0.955 0
1652906758573 0.9538 0
1652906770295 0.9558 0
1652906782123 0.9572 0
1652906793952 0.9552 0
1652906805717 0.9618 0
1652906817303 0.9696 0
1652906828994 0.9594 0
1652906840647 0.9584 0
1652906852086 0.9652 0
1652906863910 0.9624 0
1652906875196 0.964 0
1652906886677 0.9672 0
1652906898143 0.9706 0
1652906909815 0.9702 0
1652906921714 0.9706 0
1652906933312 0.966 0
1652906945055 0.9672 0
1652906956865 0.9676 0
1652906968492 0.9714 0
1652907088552 0.3662 0
1652907100317 0.5174 0
1652907112203 0.572 0
1652907124037 0.6168 0
1652907135932 0.6666 0
1652907147476 0.6978 0
1652907159171 0.7266 0
1652907170992 0.7496 0
1652907182708 0.7796 0
1652907194538 0.8128 0
1652907206311 0.831 0
1652907218186 0.8426 0
1652907230000 0.864 0
1652907241619 0.8852 0
1652907253454 0.8854 0
1652907265413 0.9004 0
1652907277179 0.898 0
1652907289062 0.9078 0
1652907300676 0.9188 0
1652907312285 0.9186 0
1652907324082 0.922 0
1652907336157 0.93 0
1652907347893 0.9406 0
1652907359795 0.9394 0
1652907371698 0.9318 0
1652907383244 0.946 0
1652907394827 0.9378 0
1652907406588 0.9372 0
1652907418447 0.9388 0
1652907430276 0.9466 0
1652907442496 0.9544 0
1652907454457 0.946 0
1652907466264 0.952 0
1652907478100 0.9556 0
1652907489888 0.952 0
1652907501667 0.96 0
1652907513389 0.9536 0
1652907525218 0.9552 0
1652907536919 0.963 0
1652907548536 0.953 0
1652907560414 0.9588 0
1652907572116 0.9568 0
1652907583914 0.962 0
1652907595579 0.9644 0
1652907607491 0.9608 0
1652907619095 0.9608 0
1652907630896 0.9668 0
1652907642264 0.9698 0
1652907654130 0.9666 0
1652907665762 0.9648 0
1652907793540 0.38 0
1652907805390 0.5036 0
1652907817084 0.5556 0
1652907829133 0.6046 0
1652907840918 0.6334 0
1652907852613 0.6638 0
1652907864289 0.709 0
1652907876034 0.7412 0
1652907888020 0.7604 0
1652907899660 0.7942 0
1652907911571 0.8226 0
1652907923277 0.8342 0
1652907934886 0.8544 0
1652907946506 0.8688 0
1652907958032 0.8804 0
1652907969579 0.8774 0
1652907981155 0.913 0
1652907993072 0.9076 0
1652908004913 0.9136 0
1652908016682 0.9176 0
1652908028628 0.9248 0
1652908040370 0.9276 0
1652908052419 0.9242 0
1652908064460 0.9354 0
1652908076212 0.9334 0
1652908087759 0.9386 0
1652908099583 0.94 0
1652908111309 0.943 0
1652908122862 0.9472 0
1652908134531 0.948 0
1652908146488 0.9532 0
1652908158324 0.9564 0
1652908170006 0.954 0
1652908181651 0.9554 0
1652908193311 0.9506 0
1652908205143 0.955 0
1652908216899 0.9502 0
1652908228481 0.9554 0
1652908240282 0.9596 0
1652908252056 0.9634 0
1652908263868 0.9616 0
1652908275560 0.9562 0
1652908287260 0.9562 0
1652908298753 0.9602 0
1652908310654 0.9664 0
1652908322575 0.9588 0
1652908334456 0.9624 0
1652908345934 0.9676 0
1652908357697 0.9602 0
1652908369669 0.9682 0
