1651832500548 0.5516 0
1651832504191 0.7144 0
1651832507828 0.7588 0
1651832511459 0.78 0
1651832515087 0.8304 0
1651832520480 0.452 0
1651832525615 0.5884 0
1651832530967 0.632 0
1651832536109 0.7088 0
1651832541338 0.7584 0
1651832547771 0.4544 0
1651832553598 0.5968 0
1651832559504 0.6496 0
1651832565245 0.7108 0
1651832571415 0.738 0
1651832579196 0.6724 0
1651832585671 0.794 0
1651832592408 0.8264 0
1651832599003 0.8568 0
1651832605623 0.892 0
1651832614620 0.4468 0
1651832621988 0.5732 0
1651832629369 0.6412 0
1651832636710 0.6752 0
1651832644140 0.7196 0
