1651672181613 1.4241886503219605 0
1651672184693 1.0329472644805908 0
1651672187663 0.8572008518904447 0
1651672190646 0.7950731602668762 0
1651672193693 0.6856205389976502 0
1651672196742 0.6949429238319397 0
1651672199648 0.6244704962730407 0
1651672202571 0.6356247390270233 0
1651672205587 0.7078814755916596 0
1651672208628 0.5953789456367493 0
1651672211574 0.6003753020703793 0
1651672214572 0.6085977424383163 0
1651672217693 0.552657516670227 0
1651672220716 0.6501567543029785 0
1651672223519 0.618224105644226 0
1651672226643 0.7143797986030579 0
1651672229730 0.5426158228874206 0
1651672232861 0.5059323177933693 0
1651672235892 0.5557061373233795 0
1651672238901 0.5144869122505188 0
1651672241920 0.6160124130606651 0
1651672244958 0.4909473158836365 0
1651672247942 0.4580794139146805 0
1651672251034 0.5142102769613266 0
1651672254152 0.4860828778266907 0
1651672257254 0.517571530342102 0
1651672260214 0.5296731175631285 0
1651672263226 0.5026013513088227 0
1651672266235 0.6209639179229737 0
1651672269300 0.6807703594207763 0
1651672274696 1.1805825260162353 0
1651672279867 1.0419612327575685 0
1651672284913 1.023832465171814 0
1651672290034 0.9493566996574402 0
1651672295205 0.9386249024391174 0
1651672300474 0.9362330038070679 0
1651672305680 0.9116502418518067 0
1651672310876 0.9333213578224182 0
1651672316006 0.858950121974945 0
1651672321003 0.8218467344284057 0
1651672326331 0.8473753665924072 0
1651672331564 0.8780193452835083 0
1651672336586 0.8828889936447144 0
1651672341624 0.8060104468822479 0
1651672346751 0.7884145927429199 0
1651672351823 0.7954195978164673 0
1651672357101 0.7919942059516907 0
1651672362176 0.8160404613494873 0
1651672367403 0.7508980097770691 0
1651672372806 0.7638147939682007 0
1651672377916 0.6997892151355743 0
1651672382979 0.6828733541965485 0
1651672388117 0.7644271502137184 0
1651672393268 0.74112459897995 0
1651672398441 0.6967146830558777 0
1651672403616 0.716644692325592 0
1651672408930 0.6832300028800964 0
1651672414097 0.7370764518737793 0
1651672419013 0.647022103023529 0
1651672424144 0.7233781477689744 0
1651672431979 1.1016014698028564 0
1651672439426 0.9329142117818197 0
1651672446539 0.9667069369633993 0
1651672453980 0.9457045390605926 0
1651672461236 0.8581958727041881 0
1651672468543 0.8936404318491618 0
1651672475683 0.8886674816449484 0
1651672483103 0.9292165070215861 0
1651672490549 0.875074783039093 0
1651672498008 0.8704512883822123 0
1651672505338 0.879026259915034 0
1651672512711 0.8629022612412771 0
1651672520052 0.8899321562449137 0
1651672527556 0.8624345363616943 0
1651672535089 0.8665585984230042 0
1651672542377 0.8502420720100403 0
1651672549605 0.8545708053588867 0
1651672557064 0.8989207069396973 0
1651672564550 0.8458396269798278 0
1651672572089 0.8420776157697042 0
1651672579609 0.8449957758903504 0
1651672586999 0.8533527893384297 0
1651672594543 0.8116173555374145 0
1651672602012 0.8037490132967631 0
1651672609348 0.8062480120340983 0
1651672616681 0.8093074708302815 0
1651672624001 0.813176069466273 0
1651672631408 0.8210178939819336 0
1651672638817 0.8004833006540935 0
1651672646002 0.8207111505349477 0
1651672656340 1.0140400141716004 0
1651672666359 0.9304506314277649 0
1651672675963 0.9276020962238312 0
1651672685976 0.8843504493713379 0
1651672695532 0.9001806077957153 0
1651672705161 0.8660760378837585 0
1651672714930 0.9072456309556961 0
1651672724625 0.8691675996780396 0
1651672734437 0.8768912945747376 0
1651672743802 0.8957400631904602 0
1651672753032 0.8901784187793732 0
1651672762447 0.8622666663169861 0
1651672772177 0.8602158122062683 0
1651672781975 0.8310626062393188 0
1651672791763 0.8509288944244385 0
1651672801374 0.8419858571052551 0
1651672810933 0.8424919480085373 0
1651672820583 0.9011671987056732 0
1651672830116 0.869482937335968 0
1651672839902 0.8669648303985595 0
1651672849804 0.8220010802268982 0
1651672859559 0.8397280232906341 0
1651672868953 0.8648469550132751 0
1651672878378 0.8260038191318512 0
1651672888048 0.8593968512535095 0
1651672897552 0.8252443689346314 0
1651672907380 0.8154477685809135 0
1651672917152 0.8107615318775176 0
1651672926798 0.8596806527137756 0
1651672936435 0.8443239133358001 0
1651672949597 1.0740777264785766 0
1651672961427 1.0327473940277099 0
1651672973726 1.056189970703125 0
1651672985843 0.9944990075302124 0
1651672998206 1.0469800257110595 0
1651673010557 1.0479993816375732 0
1651673022533 1.001369757232666 0
1651673034703 1.0972480644226075 0
1651673047052 1.028706653060913 0
1651673059332 1.0273946224212647 0
1651673071653 0.9965718577384949 0
1651673083949 1.0102518782806396 0
1651673096214 1.0060474449920653 0
1651673108197 0.9770071577453613 0
1651673120448 1.0363018645477295 0
1651673132548 1.005863631401062 0
1651673144799 1.0031966361045836 0
1651673157021 1.0132369900512694 0
1651673168882 1.0094413254547119 0
1651673180875 0.9934039295005799 0
1651673193243 0.948045915927887 0
1651673205335 1.017898408050537 0
1651673217608 1.0205537508773803 0
1651673229877 0.9843636591720581 0
1651673242028 1.0003818408584595 0
1651673254340 0.9802874607276917 0
1651673266531 0.9728939442253113 0
1651673278659 0.951684202709198 0
1651673290825 1.0261876093673705 0
1651673303089 0.9524756007385254 0
