1653686114421 0.5330213126361371 0
1653686162723 0.3775084777308007 0
1653686211173 0.35392885264282425 0
1653686259058 0.323079627225548 0
1653686307273 0.3190241873826832 0
1653686355731 0.3070765110767757 0
1653686403658 0.29493887031245974 0
1653686452183 0.2941169270927397 0
1653686500491 0.28262865473044413 0
1653686548875 0.2803842242217933 0
1653686597756 0.27651108796043944 0
1653686645890 0.2771269871354103 0
1653686693750 0.2717836946884791 0
1653686742243 0.2608519482646137 0
1653686790647 0.26274465771482014 0
1653686838422 0.26883946078130977 0
1653686886375 0.26525598551382623 0
1653686934773 0.24747918091562265 0
1653686982838 0.2549060647383022 0
1653687030034 0.25207477170846737 0
1653687078074 0.25104364641026283 0
1653687126691 0.24896590868073204 0
1653687174955 0.2539965264443929 0
1653687222674 0.25526981843744095 0
1653687270870 0.23800913801325563 0
1653687319375 0.2493053544030059 0
1653687367098 0.24355121020109702 0
1653687415754 0.2324300503872335 0
1653687464044 0.23487960553038864 0
1653687512346 0.23321828869813277 0
1653687560973 0.23296740688371162 0
1653687609038 0.2409435466758286 0
1653687656998 0.22949796633810426 0
1653687705094 0.22958032420150315 0
1653687753705 0.23687797923136192 0
1653687801259 0.22875307233212516 0
1653687850171 0.22675904343935352 0
1653687898218 0.21394102285310315 0
1653687946255 0.22028613137143355 0
1653687994036 0.22496782736882256 0
1653688042241 0.2199923693509462 0
1653688090777 0.22232802736855423 0
1653688139230 0.21981017985212772 0
1653688187343 0.21295819357360402 0
1653688235390 0.21588201041766442 0
1653688283638 0.21503016171476338 0
1653688332065 0.21154397515887394 0
1653688380105 0.21422758660222171 0
1653688428681 0.21069854366886429 0
1653688476547 0.2282170678615997 0
1653688528898 0.5690343469878038 0
1653688576554 0.35859607240476954 0
1653688624466 0.3417968038722873 0
1653688672865 0.32105806063370157 0
1653688721127 0.32343685696354757 0
1653688769225 0.298047758827731 0
1653688817135 0.30225562970436487 0
1653688865852 0.2972784642222648 0
1653688914165 0.2834646578359728 0
1653688962089 0.2879332878752612 0
1653689010412 0.28497718144313744 0
1653689058295 0.27382843681946395 0
1653689106400 0.2691927091098235 0
1653689154897 0.2637631446066002 0
1653689203081 0.25538034107014534 0
1653689251131 0.2665362082666407 0
1653689300412 0.25260632551405576 0
1653689349612 0.24853936417189737 0
1653689398488 0.2478481893451574 0
1653689447107 0.24419007761521885 0
1653689495824 0.24915633498790363 0
1653689544506 0.24247851943147058 0
1653689592971 0.2428917231249778 0
1653689641625 0.23811861258729672 0
1653689689753 0.23852846385080678 0
1653689738012 0.23133815674382882 0
1653689786607 0.2259151651173209 0
1653689834537 0.22818335075592622 0
1653689882630 0.22025616515831983 0
1653689931141 0.23090637536904154 0
1653689979269 0.2280436503344526 0
1653690027298 0.22433951108828187 0
1653690076054 0.22694651341644154 0
1653690124922 0.22274241311274237 0
1653690173628 0.21904706445224584 0
1653690221662 0.21910161027886593 0
1653690269478 0.21895994067005814 0
1653690318087 0.21978037401390418 0
1653690366607 0.21408830390009098 0
1653690415135 0.2167765614032008 0
1653690463504 0.22651437617482928 0
1653690512075 0.21832966927684805 0
1653690560761 0.21570353640674925 0
1653690609068 0.21630379498720478 0
1653690657339 0.21283879466598543 0
1653690705740 0.21539108771668591 0
1653690754220 0.20677034496186922 0
1653690802220 0.22061394321809832 0
1653690850602 0.21422000055843188 0
1653690898872 0.2053239853061076 0
1653690956107 0.5599181456729769 0
1653691004702 0.37178696803313993 0
1653691052728 0.35553671566347284 0
1653691100830 0.33571408390117186 0
1653691149409 0.32540590088628235 0
1653691197662 0.31262160874481004 0
1653691246257 0.3117728700203821 0
1653691294519 0.30235345140062275 0
1653691341842 0.29385444377679376 0
1653691390687 0.2915845671694105 0
1653691439200 0.28364830025738724 0
1653691487471 0.2844889901249359 0
1653691535622 0.2832430432850495 0
1653691584035 0.2794308024552961 0
1653691632272 0.2780329875772198 0
1653691680997 0.27442201186139137 0
1653691730050 0.270792342471083 0
1653691778782 0.2726529136134001 0
1653691827066 0.2632256566456519 0
1653691875189 0.2681446532159423 0
1653691923115 0.2612701380188577 0
1653691971490 0.26087229464870565 0
1653692019902 0.2590586824381103 0
1653692068430 0.25529370700002957 0
1653692116320 0.25314602946982095 0
1653692165425 0.25694442471309253 0
1653692213182 0.24095464935808752 0
1653692261559 0.24952142898033683 0
1653692309750 0.24112937973514198 0
1653692358175 0.24182767614014447 0
1653692406633 0.24305588089975838 0
1653692455215 0.22874277336142645 0
1653692503432 0.23739701604549773 0
1653692551604 0.22922589949058989 0
1653692599928 0.2289379491205793 0
1653692648209 0.2281856905299394 0
1653692696452 0.22136142275283735 0
1653692744615 0.2212330592417003 0
1653692792705 0.21634381724831958 0
1653692840563 0.23193749451745924 0
1653692888651 0.21607750371405854 0
1653692937299 0.21340353643409907 0
1653692985945 0.23020798889223176 0
1653693033723 0.21729405814327765 0
1653693082269 0.22591527005058404 0
1653693130801 0.21024247930284667 0
1653693180091 0.21310053270555412 0
1653693227913 0.21819970988964196 0
1653693275844 0.2086391604723758 0
1653693324281 0.2183534408024551 0
1653693386364 0.5695412786312402 0
1653693435263 0.3570113246875505 0
1653693483725 0.34796162898776434 0
1653693531621 0.32964949479593586 0
1653693580411 0.326385979044127 0
1653693628368 0.3195793658381328 0
1653693676103 0.3019239322034642 0
1653693724017 0.2972843642858167 0
1653693772251 0.3020892492242778 0
1653693821322 0.28873607349833474 0
1653693869143 0.29243344263819354 0
1653693917182 0.28905358762064326 0
1653693965395 0.27375982651071 0
1653694013534 0.2763269572221829 0
1653694062226 0.2716999859840299 0
1653694111142 0.2785299369088374 0
1653694159572 0.2584654181751733 0
1653694207549 0.2619100528953597 0
1653694255639 0.2648490832546726 0
1653694303468 0.25510239647207783 0
1653694351740 0.2579326942543499 0
1653694399982 0.2560235798904672 0
1653694447902 0.25174483745098114 0
1653694495649 0.24168462235564367 0
1653694544152 0.24852127893726964 0
1653694592473 0.24472559291394427 0
1653694641096 0.24226104162496825 0
1653694689593 0.24591416338047323 0
1653694738108 0.24430495101951527 0
1653694786302 0.23646948097807666 0
1653694834013 0.244279874708162 0
1653694882180 0.2350325501682237 0
1653694930508 0.2334071422941362 0
1653694978572 0.24003221117950355 0
1653695026515 0.23055092814943443 0
1653695075554 0.23088887090266993 0
1653695124142 0.23057738679231454 0
1653695172474 0.22144424351535272 0
1653695220428 0.22214435869644705 0
1653695268779 0.22537815904472178 0
1653695316811 0.2262365224979818 0
1653695364025 0.22620574468950896 0
1653695411943 0.23359188708548123 0
1653695460691 0.22832777973227203 0
1653695509309 0.21916328509207814 0
1653695557484 0.2210362655397039 0
1653695605575 0.22634672214247598 0
1653695653345 0.2200264665012636 0
1653695701590 0.22452392798430906 0
1653695750415 0.21702743892733317 0
1653695817227 0.5482828180174033 0
1653695865254 0.372506009440124 0
1653695913442 0.3493567465466137 0
1653695961399 0.331046130616342 0
1653696010138 0.33255569541594016 0
1653696059073 0.30468196593845887 0
1653696107935 0.31423578904885796 0
1653696156907 0.30115655095965294 0
1653696205311 0.2819755092583597 0
1653696254122 0.29680954471329846 0
1653696302699 0.28210638723351683 0
1653696351309 0.27779371681176124 0
1653696399503 0.2694432502789423 0
1653696447819 0.26243134342096747 0
1653696496479 0.27068910190795237 0
1653696544522 0.26587109323677915 0
1653696591855 0.2690810847243139 0
1653696640460 0.2568090292210691 0
1653696689081 0.2617924162051951 0
1653696737662 0.2504941754146169 0
1653696786057 0.25664281299753733 0
1653696834534 0.25708012585241036 0
1653696882957 0.24555671915562513 0
1653696931034 0.2524217555172121 0
1653696978851 0.24746345209831683 0
1653697027088 0.24410377177603854 0
1653697075551 0.23811657107497256 0
1653697124515 0.23844579359482354 0
1653697173703 0.23563880697366937 0
1653697221284 0.23424321376297932 0
1653697269712 0.23039982636043957 0
1653697317996 0.2331504299736116 0
1653697366775 0.23251520237642495 0
1653697414929 0.23129004257025274 0
1653697462948 0.22786506179446975 0
1653697511576 0.23526636454372202 0
1653697559474 0.21781778734204515 0
1653697607701 0.22393647337830624 0
1653697655950 0.22397942132976217 0
1653697704292 0.22102128964898488 0
1653697752538 0.2226362479306874 0
1653697801203 0.22381977478057766 0
1653697850330 0.21664892150456241 0
1653697898807 0.21241627546821254 0
1653697946748 0.21974257426796637 0
1653697995518 0.21895355519705917 0
1653698043809 0.2188425350147998 0
1653698092123 0.21717154923601387 0
1653698140588 0.2213134140891178 0
1653698188823 0.20855724616379787 0
