1644429780592 0.2208 0
1644429782039 0.3432 0
1644429783707 0.3952 0
1644429785256 0.4052 0
1644429786708 0.42 0
1644429788188 0.4592 0
1644429789641 0.4828 0
1644429791076 0.524 0
1644429792514 0.5656 0
1644429793962 0.5924 0
1644429795365 0.5996 0
1644429796767 0.62 0
1644429798223 0.628 0
1644429799647 0.6504 0
1644429801110 0.6632 0
1644429802539 0.6804 0
1644429803967 0.6844 0
1644429805378 0.692 0
1644429806810 0.7088 0
1644429808252 0.7276 0
1644429809961 0.3236 0
1644429811514 0.4832 0
1644429813037 0.5264 0
1644429814535 0.6196 0
1644429816067 0.6544 0
1644429817571 0.6904 0
1644429819120 0.7244 0
1644429820695 0.7392 0
1644429822248 0.7548 0
1644429823796 0.764 0
1644429825573 0.7748 0
1644429827131 0.7776 0
1644429828652 0.7872 0
1644429830189 0.8 0
1644429831670 0.8144 0
1644429833222 0.8216 0
1644429834778 0.8312 0
1644429836348 0.8464 0
1644429837886 0.852 0
1644429839470 0.8636 0
1644429841424 0.3164 0
1644429843020 0.468 0
1644429844635 0.5684 0
1644429846229 0.6116 0
1644429847817 0.634 0
1644429849397 0.652 0
1644429850952 0.6648 0
1644429852535 0.6788 0
1644429854114 0.7008 0
1644429855716 0.704 0
1644429857313 0.724 0
1644429858916 0.7368 0
1644429860484 0.7484 0
1644429862063 0.7612 0
1644429863639 0.7748 0
1644429865180 0.7804 0
1644429867061 0.7944 0
1644429868632 0.8036 0
1644429870221 0.8164 0
1644429871799 0.832 0
