1645553580902 1.6091696435928344 0
1645553585525 1.467100613975525 0
1645553590048 1.3681253513336182 0
1645553594549 1.2305269035339355 0
1645553599052 1.0521733016967774 0
1645553603701 0.9407514317035675 0
1645553608397 0.8218748014450074 0
1645553613160 0.7231014612197876 0
1645553617923 0.6030866330623627 0
1645553622673 0.5222184390068054 0
1645553627260 0.42888321323394774 0
1645553631877 0.3259262186288834 0
1645553636498 0.2504834140062332 0
1645553641284 0.17931592100858687 0
1645553645926 0.12266115547418595 0
1645553650410 0.08488659505844116 0
1645553654923 0.05822427020072937 0
1645553659576 0.04165633745789528 0
1645553664184 0.02010678741633892 0
1645553668931 0.01478703797161579 0
1645553678848 1.1714350385665893 0
1645553684276 0.6770435628175735 0
1645553689707 0.5104117656707764 0
1645553695081 0.38056476662158967 0
1645553700474 0.30203767499923706 0
1645553705811 0.20929655089378357 0
1645553711101 0.14648840878009797 0
1645553716502 0.1026610626578331 0
1645553721984 0.0668940061300993 0
1645553727293 0.04489787138700485 0
1645553732785 0.027946918570995332 0
1645553738081 0.021112823402881623 0
1645553743415 0.018205394399166106 0
1645553748776 0.016858261242508887 0
1645553754234 0.013545021331310272 0
1645553759562 0.012130225794017315 0
1645553764847 0.011826014059782028 0
1645553770021 0.010610806664824486 0
1645553775519 0.010177517375349998 0
1645553781030 0.009708282908797264 0
1645553791600 1.196952957725525 0
1645553797310 0.7908901514053345 0
1645553803466 0.6276591685771942 0
1645553809689 0.4732234309911728 0
1645553815734 0.36502178099155425 0
1645553821657 0.295861214017868 0
1645553827738 0.225540850558877 0
1645553833773 0.14445559485554696 0
1645553839726 0.12281761522293091 0
1645553845896 0.09506928564310074 0
1645553851980 0.07027295991182328 0
1645553858024 0.04330568730831146 0
1645553864024 0.03386072462797165 0
1645553870082 0.03389400761723518 0
1645553876108 0.02569517530798912 0
1645553882094 0.021154857224225998 0
1645553888174 0.019936743792891502 0
1645553894338 0.018260925924777984 0
1645553900271 0.01718236741423607 0
1645553906162 0.01656813264489174 0
