1645553580883 0.2524 0
1645553585512 0.352 0
1645553590040 0.412 0
1645553594536 0.4752 0
1645553599040 0.572 0
1645553603692 0.6056 0
1645553608383 0.666 0
1645553613149 0.7208 0
1645553617902 0.7836 0
1645553622662 0.8164 0
1645553627249 0.8556 0
1645553631859 0.9028 0
1645553636487 0.9328 0
1645553641267 0.9644 0
1645553645909 0.9804 0
1645553650396 0.9848 0
1645553654908 0.9928 0
1645553659563 0.9956 0
1645553664172 0.9996 0
1645553668918 0.9996 0
1645553678829 0.5384 0
1645553684268 0.7488 0
1645553689696 0.8204 0
1645553695070 0.8712 0
1645553700461 0.9 0
1645553705800 0.946 0
1645553711091 0.9652 0
1645553716482 0.9764 0
1645553721972 0.9872 0
1645553727283 0.9956 0
1645553732776 0.9992 0
1645553738070 0.9988 0
1645553743398 0.9996 0
1645553748767 0.9992 0
1645553754225 1.0 0
1645553759543 1.0 0
1645553764838 1.0 0
1645553770010 1.0 0
1645553775504 1.0 0
1645553781013 1.0 0
1645553791590 0.5132 0
1645553797301 0.702 0
1645553803447 0.7776 0
1645553809673 0.8412 0
1645553815721 0.8904 0
1645553821648 0.9104 0
1645553827729 0.94 0
1645553833760 0.9708 0
1645553839712 0.9728 0
1645553845879 0.9792 0
1645553851968 0.9884 0
1645553858006 0.9956 0
1645553864004 0.9976 0
1645553870070 0.9976 0
1645553876098 0.9984 0
1645553882081 1.0 0
1645553888165 0.9996 0
1645553894328 1.0 0
1645553900255 1.0 0
1645553906146 1.0 0
