1653202725859 0.1156 0
1653202730204 0.1392 0
1653202734628 0.186 0
1653202738984 0.215 0
1653202743227 0.2362 0
1653202748908 0.1526 0
1653202754089 0.223 0
1653202759430 0.2668 0
1653202764715 0.2826 0
1653202770129 0.3114 0
1653202776066 0.1284 0
1653202781437 0.2032 0
1653202786692 0.218 0
1653202791946 0.2462 0
1653202797136 0.263 0
1653202803148 0.1572 0
1653202808299 0.226 0
1653202813601 0.255 0
1653202819037 0.2856 0
1653202824362 0.3152 0
1653202830972 0.1564 0
1653202836247 0.2214 0
1653202841609 0.259 0
1653202847081 0.2962 0
1653202852337 0.3256 0
