1651832651870 1.0704547638893127 0
1651832655585 0.713173828125 0
1651832659023 0.6102070503234863 0
1651832662612 0.5571266163825989 0
1651832666302 0.5043571634292603 0
1651832669794 0.45936447734832764 0
1651832673452 0.46051649048328397 0
1651832677157 0.3040382389068603 0
1651832680758 0.3108969190597534 0
1651832684324 0.25674436064362527 0
1651832689668 1.3744057556152345 0
1651832694800 1.0056814519882202 0
1651832700232 0.8593814182281494 0
1651832705573 0.7336189709663391 0
1651832710832 0.6014004055023193 0
1651832715941 0.5341678174972534 0
1651832721107 0.48822396965026854 0
1651832726358 0.4183001229763031 0
1651832731506 0.3956527045249939 0
1651832736710 0.36333977305293086 0
1651832743231 1.3633641765594482 0
1651832749084 1.0161220004081726 0
1651832755031 0.8268315178871155 0
1651832760946 0.7496379265785217 0
1651832766865 0.634488191986084 0
1651832772762 0.5712158669471741 0
1651832778569 0.4826597222328186 0
1651832784577 0.43335917587280276 0
1651832790406 0.3848049784421921 0
1651832796323 0.33684597351551054 0
1651832804052 0.8831626857280731 0
1651832810690 0.5430795904636383 0
1651832817251 0.4267377680420876 0
1651832823779 0.3766125483512878 0
1651832830368 0.29482413177490235 0
1651832837002 0.2516300431251526 0
1651832843659 0.2446260217241943 0
1651832850242 0.17050284399986268 0
1651832856816 0.14087892376184463 0
1651832863392 0.12018582952320575 0
1651832872353 1.3698577411174775 0
1651832879748 1.0376838834762574 0
1651832887171 0.9866168384552002 0
1651832894665 0.8052477660179138 0
1651832901960 0.6910684352874756 0
1651832909132 0.6337954584121704 0
1651832916548 0.529287648677826 0
1651832923933 0.4743723278999329 0
1651832931426 0.42314239394664765 0
1651832938762 0.31986903245449066 0
