1644435292861 1.5577172763824463 0
1644435294889 1.3816129350662232 0
1644435296954 1.2398448190689086 0
1644435298990 1.103615717124939 0
1644435300991 0.9793171318054199 0
1644435304828 1.459612361717224 0
1644435306671 1.125767578125 0
1644435308519 0.900428581237793 0
1644435310328 0.7260955603599548 0
1644435312178 0.597838130569458 0
1644435317969 1.4998632474899292 0
1644435319816 1.2242699550628662 0
1644435321643 1.020979183292389 0
1644435323438 0.8457289516448975 0
1644435325250 0.707561653137207 0
