1651794804478 1.573760355567932 0
1651794807469 1.31449079246521 0
1651794810416 1.0921578429698944 0
1651794813501 0.9512912240982055 0
1651794816540 0.8621333578109741 0
1651794819482 0.7831534170150757 0
1651794822585 0.7287118974685669 0
1651794825550 0.6549811101913452 0
1651794828706 0.6014169164896012 0
1651794831681 0.5430815244674683 0
1651794837963 1.590717592048645 0
1651794841465 1.4658735460281371 0
1651794845078 1.3667481060028077 0
1651794848538 1.262118799161911 0
1651794851929 1.189999688911438 0
1651794855362 1.1220946886062622 0
1651794858962 1.0690424074172973 0
1651794862411 1.0315358865737916 0
1651794865867 0.965450789642334 0
1651794869423 0.9458920587539673 0
1651794876068 1.6654526117324828 0
1651794879865 1.4924012355804444 0
1651794883475 1.370889711380005 0
1651794887201 1.2902798312187196 0
1651794891054 1.238108831214905 0
1651794894779 1.1912636404037475 0
1651794898493 1.1569299384117127 0
1651794902141 1.125261576461792 0
1651794905822 1.0930305639266968 0
1651794909591 1.0882870899200439 0
1651794916916 1.6405315221786498 0
1651794920964 1.220278521156311 0
1651794924947 1.0231211172103882 0
1651794928988 0.9305754764556885 0
1651794932902 0.9034831919670105 0
1651794936896 0.8552002492904663 0
1651794941112 0.8167556129455567 0
1651794945269 0.7941154476165772 0
1651794949424 0.786230409526825 0
1651794953423 0.7643012855529785 0
1651794961130 1.8610115337371826 0
1651794965317 1.6764745346069336 0
1651794969584 1.5945285596847534 0
1651794973753 1.5555190296173096 0
1651794978060 1.5290430089950562 0
1651794982248 1.4754716373443604 0
1651794986500 1.4717609409332275 0
1651794990813 1.4243726978302003 0
1651794995090 1.4239598052978515 0
1651794999278 1.3982662538528443 0
