1654609831248 0.8972897592918208 0
1654609845892 0.9732613836172922 0
1654609860643 0.9830837324925726 0
1654609875583 0.9869035348329595 0
1654609890197 0.99102649608925 0
1654609904897 0.9930879767173952 0
1654609919635 0.9906020736069848 0
1654609934583 0.9935730309828412 0
1654609949506 0.9886012247620203 0
1654609964161 0.9919966046201418 0
1654610009349 0.937299132860348 0
1654610050123 0.9892668728397308 0
1654610091197 0.9902977381602086 0
1654610132177 0.993208416712146 0
1654610173503 0.9958765387180887 0
1654610215265 0.9951488690801042 0
1654610256561 0.9951488690801042 0
1654610297988 0.9961190952640835 0
1654610339758 0.9961797344005822 0
1654610381062 0.9974531562670548 0
1654610431816 0.9560446222868922 0
1654610473674 0.9922396022796168 0
1654610515455 0.9939978173881412 0
1654610557524 0.995452891960713 0
1654610599563 0.9980599005699042 0
1654610641416 0.9946647265672366 0
1654610682988 0.9958772887110464 0
1654610724572 0.999878743785619 0
1654610766436 0.9939371892809507 0
1654610808216 0.9958772887110464 0
1654610863492 0.9164948453608247 0
1654610906115 0.9825955124317768 0
1654610948412 0.9905397210430564 0
1654610990888 0.9901152213462705 0
1654611032819 0.9948453608247423 0
1654611075873 0.990600363856883 0
1654611117831 0.9951485748938751 0
1654611160277 0.9935718617343845 0
1654611203004 0.9946634323832626 0
1654611245467 0.9949060036385688 0
1654611305661 0.9556647258612324 0
1654611348231 0.99490538573508 0
1654611390680 0.9979378942261038 0
1654611433989 0.996300339640951 0
1654611476598 0.9953905870936438 0
1654611519387 0.9986656962639495 0
1654611563361 0.9999393498301795 0
1654611606067 0.9944201843765162 0
1654611649642 0.99745269286754 0
1654611692290 0.9981804949053857 0
