1651692543786 0.602 0
1651692546862 0.7784 0
1651692550011 0.7976 0
1651692553168 0.8424 0
1651692556158 0.85 0
1651692561423 0.6598 0
1651692566652 0.754 0
1651692571747 0.8068 0
1651692576750 0.8254 0
1651692581744 0.8434 0
1651692589502 0.7534666666666666 0
1651692596813 0.8034666666666667 0
1651692604231 0.828 0
1651692611672 0.8642666666666666 0
1651692618961 0.8741333333333333 0
1651692629523 0.8348 0
1651692639159 0.8794 0
1651692649162 0.9022 0
1651692658781 0.9147 0
1651692668292 0.9279 0
1651692681536 0.83712 0
1651692693704 0.87632 0
1651692706095 0.89624 0
1651692718791 0.91312 0
1651692731095 0.922 0
