1653197218860 2.3240765537261963 0
1653197223271 2.282345935821533 0
1653197227548 2.215719696807861 0
1653197231883 2.149914310455322 0
1653197236200 2.1028567195892336 0
1653197240591 2.0654918434143066 0
1653197244837 2.0135605407714845 0
1653197249147 1.9715103130340577 0
1653197253525 1.9254854782104491 0
1653197258002 1.8854078811645507 0
1653197262350 1.8398941617965698 0
1653197266695 1.8051225425720214 0
1653197271073 1.7678395286560058 0
1653197275456 1.7000313013076782 0
1653197279865 1.665366750717163 0
1653197284276 1.6159898983001708 0
1653197288673 1.5719806844711304 0
1653197293059 1.5187108924865722 0
1653197297401 1.4356298152923583 0
1653197301775 1.3812594827651978 0
1653197306062 1.3275645370483398 0
1653197310417 1.2579343488693238 0
1653197314863 1.195491872406006 0
1653197319184 1.1297816089630126 0
1653197323606 1.0809771717071532 0
1653197327985 0.9898256937026978 0
1653197332354 0.9291459842681885 0
1653197336655 0.8491989744186401 0
1653197341008 0.7735882412910462 0
1653197345402 0.7181755968093873 0
1653197351053 2.213163953208923 0
1653197356334 1.9714670738220215 0
1653197361573 1.8048939786911011 0
1653197366917 1.6786312726974488 0
1653197372229 1.5653060451507568 0
1653197377577 1.4668967189788817 0
1653197382708 1.3760640090942382 0
1653197388041 1.2905734645843505 0
1653197393103 1.208018186378479 0
1653197398375 1.1264589828491212 0
1653197403662 1.0304159168243407 0
1653197408992 0.957705998134613 0
1653197414273 0.8879255149841309 0
1653197419764 0.8039394172668457 0
1653197424962 0.7535750917434693 0
1653197430086 0.6765571725845337 0
1653197435605 0.5838980820655822 0
1653197440884 0.5354355835914612 0
1653197446064 0.4796506314277649 0
1653197451483 0.42990080690383914 0
1653197456846 0.37768272171020506 0
1653197461987 0.3484496612548828 0
1653197467122 0.2958160749912262 0
1653197472439 0.2475306760787964 0
1653197477626 0.2376169831752777 0
1653197482782 0.21777692141532898 0
1653197488100 0.1799545219540596 0
1653197493453 0.17099386117458343 0
1653197498661 0.16320060540437697 0
1653197503951 0.13684474763870239 0
1653197509922 2.180314497756958 0
1653197515179 1.8946816205978394 0
1653197520400 1.6870840593338012 0
1653197525608 1.5633620189666748 0
1653197531156 1.4388139978408814 0
1653197536538 1.3466387826919555 0
1653197541994 1.24228419342041 0
1653197547372 1.1556927530288696 0
1653197552751 1.0660937093734741 0
1653197558075 0.9779984041213989 0
1653197563414 0.898101459980011 0
1653197568748 0.7901311511993409 0
1653197574019 0.7411215611457824 0
1653197579136 0.6430871325492858 0
1653197584427 0.5926227854728698 0
1653197589666 0.5247666488647461 0
1653197594944 0.4580807953596115 0
1653197600133 0.41946121377944945 0
1653197605351 0.36130878853797915 0
1653197610622 0.31814883694648743 0
1653197615844 0.2655555662155151 0
1653197621083 0.26338048397302627 0
1653197626276 0.23159253840446473 0
1653197631622 0.19807641166448592 0
1653197636945 0.1976166069984436 0
1653197642276 0.17095723969936372 0
1653197647495 0.1481578598856926 0
1653197652764 0.14154441236257553 0
1653197658073 0.14478268781900405 0
1653197663476 0.11227811213731766 0
1653197669829 2.0955112838745116 0
1653197675043 1.699323589515686 0
1653197680309 1.4612160451889038 0
1653197685522 1.2834353273391723 0
1653197690847 1.1757184127807616 0
1653197695922 1.0444510299682617 0
1653197701164 0.9636161609649658 0
1653197706470 0.8451675497531891 0
1653197711816 0.7354482392311096 0
1653197717257 0.672826199913025 0
1653197722566 0.5592179188728332 0
1653197727839 0.5037588433265686 0
1653197733302 0.4575960983276367 0
1653197738538 0.39687976350784304 0
1653197743865 0.33109828853607176 0
1653197749127 0.2920242460370064 0
1653197754362 0.2590791974544525 0
1653197759708 0.24586933922171592 0
1653197765237 0.20220160536766052 0
1653197770791 0.18091157377958297 0
1653197776014 0.13996341614723207 0
1653197781369 0.14964306625127793 0
1653197786873 0.12137395262718201 0
1653197792129 0.11857286305427552 0
1653197797632 0.11410694360435009 0
1653197802804 0.09810677485466003 0
1653197808210 0.09844526829719544 0
1653197813411 0.12018505054116249 0
1653197818699 0.08408950518369675 0
1653197823956 0.08930527667999268 0
1653197830623 2.087729714012146 0
1653197835926 1.768994416809082 0
1653197841117 1.6110598178863524 0
1653197846439 1.4929905010223388 0
1653197851756 1.4122495475769044 0
1653197857139 1.3230328393936157 0
1653197862352 1.2249874883651732 0
1653197867689 1.1306213962554932 0
1653197873058 1.0674926811218262 0
1653197878455 0.9638772771835327 0
1653197883676 0.9209495025634765 0
1653197888975 0.8175313015937805 0
1653197894420 0.7354234043598175 0
1653197899801 0.663443920135498 0
1653197905168 0.6107720341682434 0
1653197910531 0.55014386729002 0
1653197915722 0.49465989389419557 0
1653197920843 0.43591043577194216 0
1653197926200 0.3940150299072266 0
1653197931587 0.35297288701534274 0
1653197936859 0.3031950220584869 0
1653197942218 0.265208729839325 0
1653197947665 0.24832547347545625 0
1653197953011 0.23041813547611237 0
1653197958363 0.21272710930705072 0
1653197963736 0.17025166985988616 0
1653197969010 0.17373755099773408 0
1653197974359 0.14794412015080452 0
1653197979594 0.12544212000370025 0
1653197984716 0.12102978677749633 0
