1654512547828 0.48432668404777784 0
1654512556139 0.8588492087552295 0
1654512564588 0.9431880191596435 0
1654512573085 0.9568301703753107 0
1654512581586 0.968107682046929 0
1654512589997 0.9662887285515067 0
1654512598858 0.9711392712059662 0
1654512607091 0.9682895773964713 0
1654512615836 0.9713211665555084 0
1654512624277 0.9700478991087128 0
1654512646017 0.814929355405979 0
1654512664709 0.9300830756170032 0
1654512683239 0.9704081013886362 0
1654512701437 0.9618579831423201 0
1654512720109 0.9618579831423201 0
1654512738413 0.9690740403856649 0
1654512756691 0.9716208841186101 0
1654512775436 0.9713176884361167 0
1654512793522 0.9739251713055606 0
1654512811881 0.9609483960948396 0
1654512840732 0.8567357827088639 0
1654512862195 0.9513156299260337 0
1654512884347 0.9684733842609434 0
1654512906545 0.9601673335758457 0
1654512928540 0.9780526251970414 0
1654512950499 0.9741724263368498 0
1654512971867 0.9771432035891839 0
1654512994164 0.9766581787316599 0
1654513016356 0.9780526251970414 0
1654513038653 0.9750818479447072 0
1654513075194 0.7548211036992116 0
1654513100180 0.9023044269254094 0
1654513125729 0.9343844754396604 0
1654513151369 0.9577926015767132 0
1654513178749 0.954093389933293 0
1654513205543 0.9536082474226805 0
1654513232461 0.9625833838690115 0
1654513258913 0.9585203153426319 0
1654513284745 0.9658580958156459 0
1654513310227 0.9670103092783505 0
1654513356926 0.8475254730713246 0
1654513386281 0.9620936438622029 0
1654513416121 0.9768922852983989 0
1654513446207 0.9725861232411451 0
1654513476155 0.9758612324114507 0
1654513506114 0.9780446385249879 0
1654513536623 0.9827147016011645 0
1654513566611 0.9762251334303736 0
1654513596545 0.9777413876758855 0
1654513626312 0.9831999029597283 0
