1651887797930 0.4188 0
1651887801425 0.612 0
1651887805011 0.6904 0
1651887808420 0.6856 0
1651887811884 0.7028 0
1651887817225 0.3316 0
1651887822391 0.4656 0
1651887827586 0.532 0
1651887832728 0.5532 0
1651887837854 0.5856 0
1651887844261 0.3612 0
1651887850159 0.4916 0
1651887855984 0.5096 0
1651887861928 0.5396 0
1651887867615 0.5748 0
1651887875133 0.5568 0
1651887881571 0.7128 0
1651887887987 0.7376 0
1651887894511 0.7364 0
1651887901029 0.7988 0
1651887910032 0.3276 0
1651887917206 0.4664 0
1651887924432 0.4828 0
1651887931659 0.5288 0
1651887938818 0.5472 0
