1645704193421 1.7348697986602784 0
1645704198315 1.3977093446731568 0
1645704203236 1.2469052641868592 0
1645704208214 1.1881931950569153 0
1645704213199 1.0801179100990295 0
1645704218058 1.0189836699962616 0
1645704222876 0.976587747001648 0
1645704227718 0.8946902445793152 0
1645704232732 0.9489977443695068 0
1645704237634 0.9104555236816406 0
1645704242524 0.9414844959259033 0
1645704247504 0.85295472946167 0
1645704252454 0.7505369979858398 0
1645704257339 0.7631658798217773 0
1645704262224 0.7402370767593384 0
1645704267166 0.8184594202041626 0
1645704272076 0.7108491008758545 0
1645704276960 0.6434260142326355 0
1645704281974 0.8024826000213623 0
1645704286911 0.690355146408081 0
1645704311307 1.0210240586280823 0
1645704335363 0.7750265303611755 0
1645704359370 0.6360273293018341 0
1645704383539 0.7180438865661621 0
1645704408005 0.5928770939111709 0
1645704432242 0.6033356728076935 0
1645704456399 0.4714156394779682 0
1645704480642 0.47055672169327734 0
1645704504805 0.48249030083417893 0
1645704529201 0.4161217075526714 0
1645704553441 0.44220894560515883 0
1645704577632 0.4513517104148865 0
1645704601657 0.40130231887102125 0
1645704625904 0.3759451778650284 0
1645704650048 0.5125298177003861 0
1645704674316 0.3588997653156519 0
1645704698551 0.3881013122536242 0
1645704722819 0.323695595356822 0
1645704747118 0.3263626160234213 0
1645704771262 0.41474890197813513 0
1645704795661 1.236606391429901 0
1645704819561 0.8695517640352249 0
1645704843608 0.6665760259628296 0
1645704867463 0.6224822654604912 0
1645704891415 0.5335067230463028 0
1645704915183 0.6467991021633148 0
1645704939036 0.5266502995014191 0
1645704962933 0.5132484204053879 0
1645704986625 0.5251405941486359 0
1645705010334 0.5190876597106456 0
1645705034253 0.4762506385475397 0
1645705058159 0.38237252372503283 0
1645705081756 0.4238433594763279 0
1645705105445 0.43257318756580354 0
1645705129162 0.5022277107715607 0
1645705152942 0.3766390493632993 0
1645705176651 0.3178624009847641 0
1645705200531 0.3637267791837454 0
1645705224511 0.30126975964531305 0
1645705248349 0.36009668948045 0
