1645704193410 0.312 0
1645704198303 0.4152 0
1645704203224 0.4936 0
1645704208199 0.5296 0
1645704213187 0.5548 0
1645704218033 0.5904 0
1645704222866 0.6152 0
1645704227705 0.6304 0
1645704232717 0.6224 0
1645704237614 0.6416 0
1645704242510 0.6416 0
1645704247492 0.6504 0
1645704252442 0.6992 0
1645704257327 0.6956 0
1645704262211 0.7064 0
1645704267152 0.6804 0
1645704272064 0.7196 0
1645704276949 0.7376 0
1645704281950 0.6944 0
1645704286898 0.7348 0
1645704311291 0.6164 0
1645704335351 0.7288 0
1645704359358 0.7796 0
1645704383518 0.7708 0
1645704407992 0.8 0
1645704432231 0.8072 0
1645704456384 0.8468 0
1645704480626 0.8576 0
1645704504790 0.8472 0
1645704529186 0.8652 0
1645704553429 0.8732 0
1645704577620 0.8724 0
1645704601643 0.8836 0
1645704625890 0.886 0
1645704650036 0.8588 0
1645704674304 0.892 0
1645704698538 0.8868 0
1645704722807 0.9064 0
1645704747099 0.9032 0
1645704771245 0.8836 0
1645704795648 0.5252 0
1645704819546 0.6888 0
1645704843593 0.7744 0
1645704867450 0.7952 0
1645704891397 0.8252 0
1645704915170 0.8064 0
1645704939021 0.8392 0
1645704962903 0.8436 0
1645704986613 0.8356 0
1645705010307 0.848 0
1645705034237 0.86 0
1645705058139 0.882 0
1645705081734 0.8756 0
1645705105432 0.8672 0
1645705129145 0.8564 0
1645705152925 0.8856 0
1645705176638 0.9004 0
1645705200517 0.8892 0
1645705224497 0.904 0
1645705248330 0.8952 0
