1651919543803 0.4952 0
1651919546876 0.7408 0
1651919550035 0.8284 0
1651919553223 0.868 0
1651919556405 0.904 0
1651919559523 0.9192 0
1651919562695 0.9376 0
1651919565760 0.9508 0
1651919568943 0.9612 0
1651919572115 0.9636 0
1651919575122 0.974 0
1651919578218 0.9828 0
1651919581267 0.9872 0
1651919584546 0.988 0
1651919587691 0.9888 0
1651919590725 0.9908 0
1651919593861 0.9916 0
1651919596951 0.994 0
1651919600053 0.9964 0
1651919603185 0.9964 0
1651919606222 0.9972 0
1651919609299 0.9984 0
1651919612409 0.9972 0
1651919615501 0.9984 0
1651919618697 0.9984 0
1651919621799 0.998 0
1651919624890 0.9984 0
1651919627956 0.9976 0
1651919631136 0.9984 0
1651919634259 0.9996 0
1651919638006 0.4124 0
1651919641574 0.6044 0
1651919645232 0.6976 0
1651919648841 0.7796 0
1651919652464 0.8116 0
1651919656100 0.8448 0
1651919659727 0.8664 0
1651919663341 0.8868 0
1651919666871 0.9072 0
1651919670409 0.922 0
1651919674077 0.9296 0
1651919677681 0.95 0
1651919681276 0.9528 0
1651919684923 0.9708 0
1651919688441 0.9736 0
1651919692080 0.9792 0
1651919695721 0.9796 0
1651919699292 0.9868 0
1651919702943 0.9884 0
1651919706571 0.9892 0
1651919710146 0.9936 0
1651919713741 0.9932 0
1651919717233 0.9928 0
1651919720873 0.9924 0
1651919724495 0.996 0
1651919728084 0.994 0
1651919731805 0.9968 0
1651919735370 0.9976 0
1651919739009 0.996 0
1651919742636 0.998 0
1651919746687 0.3976 0
1651919750328 0.6176 0
1651919754034 0.7296 0
1651919757683 0.7624 0
1651919761254 0.8088 0
1651919764817 0.838 0
1651919768534 0.8716 0
1651919772164 0.8876 0
1651919775790 0.9052 0
1651919779502 0.9252 0
1651919783128 0.9332 0
1651919786669 0.94 0
1651919790318 0.9612 0
1651919793940 0.9588 0
1651919797608 0.9672 0
1651919801169 0.9512 0
1651919804673 0.9748 0
1651919808305 0.9788 0
1651919811928 0.9856 0
1651919815438 0.99 0
1651919819075 0.9916 0
1651919822618 0.9904 0
1651919826109 0.9868 0
1651919829822 0.996 0
1651919833410 0.9904 0
1651919837069 0.9908 0
1651919840615 0.9932 0
1651919844253 0.9932 0
1651919847852 0.9932 0
1651919851569 0.9948 0
1651919855831 0.5396 0
1651919859400 0.8268 0
1651919863062 0.8876 0
1651919866720 0.9104 0
1651919870397 0.9316 0
1651919873950 0.9552 0
1651919877599 0.9552 0
1651919881258 0.9644 0
1651919885025 0.9748 0
1651919888674 0.9812 0
1651919892316 0.976 0
1651919895948 0.978 0
1651919899578 0.9896 0
1651919903139 0.9912 0
1651919906756 0.9924 0
1651919910406 0.9908 0
1651919913971 0.992 0
1651919917636 0.992 0
1651919921307 0.996 0
1651919924960 0.9948 0
1651919928607 0.9976 0
1651919932142 0.9976 0
1651919935780 0.9932 0
1651919939488 0.9948 0
1651919943224 0.998 0
1651919946872 0.9968 0
1651919950455 0.998 0
1651919954069 0.9992 0
1651919957699 0.998 0
1651919961273 0.9968 0
1651919965849 0.3264 0
1651919969552 0.5004 0
1651919973042 0.6024 0
1651919976664 0.6824 0
1651919980182 0.7416 0
1651919983744 0.7972 0
1651919987276 0.8316 0
1651919990904 0.8608 0
1651919994654 0.882 0
1651919998258 0.8956 0
1651920001911 0.924 0
1651920005572 0.936 0
1651920009306 0.942 0
1651920012880 0.9396 0
1651920016468 0.9404 0
1651920020043 0.9692 0
1651920023795 0.9764 0
1651920027512 0.9712 0
1651920031036 0.9832 0
1651920034732 0.986 0
1651920038424 0.9844 0
1651920042062 0.9856 0
1651920045719 0.9896 0
1651920049339 0.9872 0
1651920052966 0.996 0
1651920056664 0.9928 0
1651920060254 0.994 0
1651920064006 0.998 0
1651920067672 0.996 0
1651920071510 0.9824 0
