1652877981882 0.1778 0
1652877987269 0.262 0
1652877992517 0.3262 0
1652877997984 0.3836 0
1652878003188 0.436 0
1652878008528 0.481 0
1652878013889 0.5204 0
1652878019412 0.5514 0
1652878024720 0.5988 0
1652878030072 0.6442 0
1652878035297 0.6656 0
1652878040653 0.7126 0
1652878045925 0.7444 0
1652878051180 0.778 0
1652878056286 0.8168 0
1652878061719 0.8404 0
1652878067111 0.8684 0
1652878072480 0.867 0
1652878077699 0.8938 0
1652878083046 0.9104 0
1652878088259 0.9246 0
1652878093696 0.9208 0
1652878099023 0.9226 0
1652878104433 0.9444 0
1652878109676 0.93 0
1652878115088 0.9382 0
1652878120373 0.9522 0
1652878125789 0.9498 0
1652878131144 0.9518 0
1652878136310 0.9556 0
1652878141561 0.9508 0
1652878146962 0.9642 0
1652878152330 0.9524 0
1652878157677 0.947 0
1652878162891 0.9564 0
1652878168235 0.9664 0
1652878173531 0.9666 0
1652878178785 0.949 0
1652878184062 0.9652 0
1652878189291 0.9634 0
1652878194751 0.9574 0
1652878200071 0.9696 0
1652878205587 0.9758 0
1652878211028 0.9656 0
1652878216473 0.9692 0
1652878221877 0.9632 0
1652878227318 0.9698 0
1652878232604 0.9718 0
1652878238087 0.9682 0
1652878243290 0.9658 0
1652878255546 0.3904 0
1652878267198 0.5782 0
1652878278876 0.6614 0
1652878290622 0.7272 0
1652878302298 0.7742 0
1652878313944 0.81 0
1652878325622 0.846 0
1652878337263 0.8778 0
1652878348832 0.8828 0
1652878360566 0.9144 0
1652878372314 0.9178 0
1652878384004 0.921 0
1652878395744 0.95 0
1652878407572 0.9504 0
1652878419327 0.958 0
1652878430977 0.9498 0
1652878442766 0.9536 0
1652878454414 0.955 0
1652878466147 0.9606 0
1652878477949 0.9726 0
1652878489854 0.9628 0
1652878501638 0.973 0
1652878513482 0.9538 0
1652878525208 0.975 0
1652878536881 0.9694 0
1652878548780 0.9796 0
1652878560563 0.9796 0
1652878572347 0.9752 0
1652878584130 0.9768 0
1652878595881 0.9798 0
1652878607549 0.9806 0
1652878619327 0.9744 0
1652878631163 0.9746 0
1652878642878 0.9766 0
1652878654684 0.9794 0
1652878666486 0.9718 0
1652878678246 0.9838 0
1652878689834 0.9668 0
1652878701558 0.9734 0
1652878713474 0.9816 0
1652878725400 0.9756 0
1652878737214 0.9818 0
1652878749009 0.9582 0
1652878760869 0.9862 0
1652878772571 0.986 0
1652878784332 0.9892 0
1652878796062 0.9832 0
1652878807908 0.975 0
1652878819675 0.9878 0
1652878831305 0.9838 0
1652878844228 0.3402 0
1652878856096 0.5018 0
1652878867988 0.5924 0
1652878879773 0.649 0
1652878891685 0.6906 0
1652878903505 0.7594 0
1652878915332 0.809 0
1652878927159 0.8368 0
1652878939076 0.8636 0
1652878950910 0.8962 0
1652878962658 0.9138 0
1652878974463 0.929 0
1652878986469 0.9346 0
1652878998318 0.9338 0
1652879010100 0.9506 0
1652879021988 0.9504 0
1652879033865 0.9592 0
1652879045757 0.9604 0
1652879057718 0.9646 0
1652879069534 0.9624 0
1652879081339 0.955 0
1652879093185 0.9692 0
1652879105027 0.98 0
1652879116827 0.9772 0
1652879128753 0.9616 0
1652879140624 0.97 0
1652879152580 0.9742 0
1652879164446 0.977 0
1652879176246 0.9706 0
1652879188193 0.9648 0
1652879200270 0.976 0
1652879212156 0.981 0
1652879224041 0.9758 0
1652879235892 0.9848 0
1652879247709 0.9806 0
1652879259488 0.9734 0
1652879271286 0.982 0
1652879283171 0.978 0
1652879295130 0.9698 0
1652879307082 0.9734 0
1652879319067 0.9846 0
1652879331020 0.9796 0
1652879342933 0.981 0
1652879354735 0.9818 0
1652879366637 0.9808 0
1652879378336 0.9806 0
1652879390137 0.9634 0
1652879402052 0.9778 0
1652879413928 0.9864 0
1652879425779 0.9862 0
1652879438991 0.3886 0
1652879450903 0.588 0
1652879462820 0.6858 0
1652879474817 0.7356 0
1652879486893 0.7842 0
1652879498641 0.8208 0
1652879510465 0.8644 0
1652879522379 0.8838 0
1652879534307 0.9172 0
1652879546207 0.9274 0
1652879558244 0.9402 0
1652879570223 0.9516 0
1652879582159 0.948 0
1652879594140 0.9538 0
1652879606219 0.9668 0
1652879618186 0.9712 0
1652879630156 0.9694 0
1652879642079 0.9742 0
1652879653946 0.9692 0
1652879665798 0.9748 0
1652879677745 0.9702 0
1652879689696 0.9684 0
1652879701626 0.9796 0
1652879713495 0.9808 0
1652879725567 0.9762 0
1652879737535 0.9744 0
1652879749392 0.9836 0
1652879761342 0.9706 0
1652879773391 0.9812 0
1652879785297 0.9812 0
1652879797176 0.9816 0
1652879809211 0.9778 0
1652879821248 0.981 0
1652879833349 0.9884 0
1652879845268 0.982 0
1652879857168 0.9818 0
1652879869226 0.9808 0
1652879881411 0.98 0
1652879893353 0.9798 0
1652879905304 0.9844 0
1652879917435 0.9796 0
1652879929408 0.986 0
1652879941275 0.9904 0
1652879953286 0.982 0
1652879965352 0.9828 0
1652879977454 0.978 0
1652879989471 0.9838 0
1652880001419 0.9846 0
1652880013463 0.988 0
1652880025374 0.9732 0
1652880039055 0.3998 0
1652880051315 0.596 0
1652880063354 0.6748 0
1652880075383 0.7326 0
1652880087499 0.7854 0
1652880099623 0.8334 0
1652880111741 0.8698 0
1652880123913 0.8982 0
1652880135945 0.9116 0
1652880148077 0.9274 0
1652880160237 0.952 0
1652880172370 0.952 0
1652880184487 0.9526 0
1652880196528 0.9528 0
1652880208762 0.9634 0
1652880220887 0.971 0
1652880232891 0.9726 0
1652880244930 0.9824 0
1652880257039 0.9784 0
1652880269191 0.9778 0
1652880281214 0.9806 0
1652880293219 0.9828 0
1652880305334 0.961 0
1652880317333 0.9684 0
1652880329517 0.9806 0
1652880341744 0.9764 0
1652880353875 0.9772 0
1652880365899 0.9856 0
1652880378077 0.9872 0
1652880390127 0.9862 0
1652880402243 0.9806 0
1652880414352 0.9778 0
1652880426375 0.983 0
1652880438480 0.98 0
1652880450662 0.983 0
1652880462751 0.9868 0
1652880474911 0.9844 0
1652880487028 0.9796 0
1652880499221 0.9884 0
1652880511435 0.9844 0
1652880523512 0.9864 0
1652880535473 0.9822 0
1652880547588 0.9842 0
1652880559749 0.9838 0
1652880571898 0.9872 0
1652880584053 0.9788 0
1652880596099 0.9874 0
1652880608241 0.9904 0
1652880620307 0.9854 0
1652880632496 0.9838 0
1652880646734 0.4234 0
1652880658905 0.5988 0
1652880671071 0.6788 0
1652880683260 0.7274 0
1652880695565 0.7862 0
1652880707740 0.8302 0
1652880719866 0.8664 0
1652880732004 0.8894 0
1652880744210 0.914 0
1652880756484 0.9236 0
1652880768760 0.9426 0
1652880780949 0.9602 0
1652880793107 0.9604 0
1652880805282 0.9548 0
1652880817531 0.9638 0
1652880829760 0.9656 0
1652880841923 0.9706 0
1652880854197 0.9702 0
1652880866321 0.9784 0
1652880878377 0.9834 0
1652880890553 0.9784 0
1652880902673 0.9774 0
1652880914843 0.976 0
1652880927096 0.9804 0
1652880939235 0.9766 0
1652880951564 0.9786 0
1652880963778 0.9782 0
1652880975821 0.9764 0
1652880987937 0.9802 0
1652880999994 0.984 0
1652881012217 0.9774 0
1652881024291 0.9878 0
1652881036588 0.9828 0
1652881048866 0.9732 0
1652881061066 0.9756 0
1652881073277 0.9842 0
1652881085545 0.9816 0
1652881097781 0.9844 0
1652881110181 0.9868 0
1652881122395 0.985 0
1652881134631 0.9808 0
1652881146790 0.9822 0
1652881158995 0.988 0
1652881171160 0.978 0
1652881183390 0.9878 0
1652881195611 0.9886 0
1652881207880 0.986 0
1652881220047 0.987 0
1652881232288 0.9932 0
1652881244448 0.9924 0
1652881258929 0.405 0
1652881271200 0.6044 0
1652881283516 0.6776 0
1652881295706 0.746 0
1652881307842 0.7984 0
1652881320096 0.8354 0
1652881332524 0.8764 0
1652881344915 0.8928 0
1652881357259 0.9198 0
1652881369492 0.93 0
1652881381754 0.941 0
1652881394039 0.9398 0
1652881406399 0.9594 0
1652881418668 0.9644 0
1652881430873 0.9658 0
1652881443011 0.9682 0
1652881455363 0.977 0
1652881467686 0.9752 0
1652881479985 0.9688 0
1652881492259 0.9708 0
1652881504521 0.9814 0
1652881516944 0.9768 0
1652881529255 0.9742 0
1652881541442 0.9764 0
1652881553617 0.9784 0
1652881565932 0.9734 0
1652881578028 0.9806 0
1652881590235 0.9752 0
1652881602349 0.9844 0
1652881614521 0.976 0
1652881626915 0.9796 0
1652881639161 0.9896 0
1652881651429 0.9796 0
1652881663711 0.987 0
1652881676061 0.9846 0
1652881688330 0.974 0
1652881700543 0.983 0
1652881712747 0.9776 0
1652881725098 0.9814 0
1652881737475 0.9884 0
1652881749668 0.9832 0
1652881761967 0.987 0
1652881774296 0.9902 0
1652881786489 0.9874 0
1652881798568 0.9874 0
1652881810690 0.9856 0
1652881823001 0.9904 0
1652881835208 0.9842 0
1652881847477 0.9824 0
1652881859657 0.9854 0
1652881874883 0.4328 0
1652881887285 0.6044 0
1652881899717 0.6864 0
1652881911954 0.739 0
1652881924326 0.7862 0
1652881936665 0.8334 0
1652881949111 0.8682 0
1652881961596 0.8992 0
1652881974011 0.915 0
1652881986335 0.9324 0
1652881998730 0.9496 0
1652882011050 0.9506 0
1652882023457 0.964 0
1652882035837 0.9658 0
1652882048205 0.969 0
1652882060646 0.969 0
1652882073013 0.9778 0
1652882085395 0.9712 0
1652882097843 0.9796 0
1652882110344 0.98 0
1652882122778 0.9858 0
1652882135212 0.9782 0
1652882147618 0.9764 0
1652882160098 0.9798 0
1652882172529 0.9816 0
1652882184855 0.9866 0
1652882197142 0.9778 0
1652882209436 0.9848 0
1652882221878 0.9838 0
1652882234260 0.9838 0
1652882246880 0.9858 0
1652882259339 0.9814 0
1652882271715 0.9838 0
1652882284218 0.9752 0
1652882296607 0.9818 0
1652882308939 0.988 0
1652882321541 0.987 0
1652882334083 0.9894 0
1652882346464 0.9912 0
1652882358857 0.973 0
1652882371283 0.9806 0
1652882383715 0.9868 0
1652882396048 0.9894 0
1652882408395 0.9844 0
1652882420801 0.989 0
1652882433351 0.9838 0
1652882445634 0.9846 0
1652882458097 0.988 0
1652882470444 0.9872 0
1652882482860 0.9876 0
1652882498564 0.3988 0
1652882511162 0.579 0
1652882523819 0.6576 0
1652882536423 0.7212 0
1652882549100 0.7658 0
1652882561677 0.8084 0
1652882574255 0.8386 0
1652882586978 0.8664 0
1652882599657 0.9004 0
1652882612282 0.9092 0
1652882624859 0.9392 0
1652882637403 0.9464 0
1652882649951 0.954 0
1652882662570 0.954 0
1652882675036 0.9636 0
1652882687640 0.9638 0
1652882700358 0.9648 0
1652882712928 0.9682 0
1652882725537 0.978 0
1652882738173 0.9712 0
1652882750764 0.9758 0
1652882763526 0.9764 0
1652882776138 0.981 0
1652882788829 0.983 0
1652882801319 0.9774 0
1652882813863 0.9724 0
1652882826442 0.9764 0
1652882839036 0.9658 0
1652882851813 0.9838 0
1652882864656 0.984 0
1652882877525 0.99 0
1652882890199 0.9886 0
1652882902908 0.9818 0
1652882915465 0.9882 0
1652882928109 0.9852 0
1652882940708 0.9866 0
1652882953372 0.9808 0
1652882966034 0.9808 0
1652882978617 0.9876 0
1652882991138 0.9866 0
1652883003741 0.9824 0
1652883016429 0.9882 0
1652883029032 0.9876 0
1652883041631 0.9852 0
1652883054199 0.9812 0
1652883066895 0.985 0
1652883079459 0.9886 0
1652883092054 0.9828 0
1652883104689 0.9862 0
1652883117460 0.9814 0
1652883133616 0.489 0
1652883146343 0.6638 0
1652883158953 0.7404 0
1652883171619 0.7886 0
1652883184263 0.8352 0
1652883196733 0.8708 0
1652883209367 0.898 0
1652883222155 0.9188 0
1652883234832 0.9334 0
1652883247496 0.9438 0
1652883260150 0.9608 0
1652883272733 0.9616 0
1652883285536 0.9688 0
1652883298346 0.9706 0
1652883310920 0.9738 0
1652883323505 0.9772 0
1652883336110 0.9768 0
1652883348805 0.9792 0
1652883361516 0.9824 0
1652883374043 0.9878 0
1652883386541 0.9832 0
1652883399107 0.9814 0
1652883411885 0.9872 0
1652883424584 0.9834 0
1652883437205 0.9836 0
1652883449789 0.9852 0
1652883462452 0.9836 0
1652883475033 0.9872 0
1652883487706 0.9814 0
1652883500451 0.9774 0
1652883513077 0.9812 0
1652883525540 0.9836 0
1652883538101 0.9898 0
1652883550737 0.9888 0
1652883563377 0.9892 0
1652883576004 0.9834 0
1652883588811 0.9844 0
1652883601503 0.9882 0
1652883614059 0.9854 0
1652883626705 0.9886 0
1652883639397 0.9892 0
1652883652151 0.9912 0
1652883664887 0.9908 0
1652883677504 0.9864 0
1652883690139 0.9872 0
1652883702739 0.9906 0
1652883715398 0.9912 0
1652883727993 0.9888 0
1652883740659 0.99 0
1652883753368 0.9932 0
1652883769803 0.403 0
1652883782443 0.5834 0
1652883795057 0.6696 0
1652883807761 0.7344 0
1652883820579 0.7926 0
1652883833369 0.8412 0
1652883845967 0.8762 0
1652883858733 0.9024 0
1652883871442 0.9252 0
1652883884272 0.939 0
1652883897012 0.9512 0
1652883909758 0.9598 0
1652883922518 0.965 0
1652883935273 0.9748 0
1652883948069 0.9744 0
1652883960744 0.9644 0
1652883973528 0.9738 0
1652883986399 0.978 0
1652883999129 0.9784 0
1652884011830 0.9766 0
1652884024543 0.9756 0
1652884037201 0.9864 0
1652884049825 0.9814 0
1652884062475 0.9816 0
1652884075202 0.9812 0
1652884088012 0.9854 0
1652884100702 0.9808 0
1652884113315 0.9872 0
1652884126095 0.9852 0
1652884138898 0.988 0
1652884151564 0.9878 0
1652884164442 0.9834 0
1652884177194 0.975 0
1652884189806 0.9856 0
1652884202581 0.982 0
1652884215423 0.9918 0
1652884228155 0.9886 0
1652884240876 0.9892 0
1652884253678 0.9924 0
1652884266427 0.9896 0
1652884279081 0.9848 0
1652884291966 0.9866 0
1652884304753 0.9808 0
1652884317481 0.9748 0
1652884330280 0.9892 0
1652884343083 0.9902 0
1652884355743 0.9864 0
1652884368503 0.9886 0
1652884381324 0.9884 0
1652884393989 0.9876 0
1652884411020 0.4308 0
1652884424101 0.6168 0
1652884436917 0.6978 0
1652884449798 0.7576 0
1652884462695 0.8016 0
1652884475696 0.8378 0
1652884488650 0.8748 0
1652884501564 0.8974 0
1652884514476 0.9244 0
1652884527330 0.938 0
1652884540420 0.954 0
1652884553264 0.9628 0
1652884566173 0.9632 0
1652884579110 0.9648 0
1652884592139 0.9736 0
1652884605018 0.9674 0
1652884617942 0.977 0
1652884630929 0.9798 0
1652884643895 0.977 0
1652884657098 0.9806 0
1652884670075 0.9774 0
1652884682935 0.9792 0
1652884695848 0.9826 0
1652884708647 0.9796 0
1652884721574 0.9814 0
1652884734645 0.9824 0
1652884747764 0.9798 0
1652884760561 0.9876 0
1652884773493 0.9784 0
1652884786535 0.9748 0
1652884799512 0.9868 0
1652884812501 0.9836 0
1652884825520 0.973 0
1652884838470 0.989 0
1652884851431 0.9906 0
1652884864521 0.9896 0
1652884877489 0.9808 0
1652884890316 0.9874 0
1652884903248 0.984 0
1652884916274 0.987 0
1652884929220 0.9874 0
1652884942085 0.99 0
1652884955099 0.9788 0
1652884968097 0.9864 0
1652884981166 0.987 0
1652884994127 0.9918 0
1652885006994 0.991 0
1652885020118 0.9872 0
1652885032992 0.9892 0
1652885046050 0.9822 0
1652885063664 0.4416 0
1652885076735 0.6172 0
1652885089753 0.6754 0
1652885102935 0.7238 0
1652885115930 0.7818 0
1652885129039 0.818 0
1652885142190 0.8456 0
1652885155225 0.8904 0
1652885168328 0.9158 0
1652885181320 0.9244 0
1652885194490 0.938 0
1652885207657 0.955 0
1652885220722 0.961 0
1652885233672 0.9684 0
1652885246677 0.969 0
1652885259770 0.9776 0
1652885272861 0.9728 0
1652885285908 0.9772 0
1652885298963 0.9784 0
1652885312171 0.981 0
1652885325308 0.9802 0
1652885338430 0.9814 0
1652885351421 0.9768 0
1652885364480 0.9866 0
1652885377507 0.9846 0
1652885390706 0.979 0
1652885404011 0.9792 0
1652885417124 0.9836 0
1652885430264 0.9872 0
1652885443364 0.9778 0
1652885456257 0.9866 0
1652885469369 0.9832 0
1652885482635 0.9792 0
1652885495729 0.981 0
1652885508680 0.987 0
1652885521876 0.9854 0
1652885534920 0.9878 0
1652885548007 0.9876 0
1652885561203 0.9868 0
1652885574238 0.9894 0
1652885587331 0.9864 0
1652885600298 0.9866 0
1652885613317 0.9916 0
1652885626236 0.9836 0
1652885639383 0.9896 0
1652885652672 0.9948 0
1652885665702 0.991 0
1652885678784 0.9822 0
1652885691841 0.9884 0
1652885704843 0.985 0
1652885722762 0.5008 0
1652885735885 0.6962 0
1652885748893 0.768 0
1652885762007 0.8154 0
1652885775075 0.8626 0
1652885788116 0.8876 0
1652885801337 0.9176 0
1652885814206 0.9356 0
1652885827288 0.9526 0
1652885840489 0.9654 0
1652885853479 0.9638 0
1652885866536 0.9718 0
1652885879616 0.9792 0
1652885892521 0.9706 0
1652885905530 0.9816 0
1652885918663 0.9796 0
1652885931595 0.9862 0
1652885944833 0.983 0
1652885958047 0.9832 0
1652885971120 0.99 0
1652885984167 0.9852 0
1652885997329 0.9836 0
1652886010319 0.9854 0
1652886023356 0.9842 0
1652886036338 0.9858 0
1652886049352 0.9914 0
1652886062355 0.9902 0
1652886075328 0.9866 0
1652886088383 0.9874 0
1652886101416 0.987 0
1652886114306 0.9938 0
1652886127262 0.9918 0
1652886140252 0.9868 0
1652886153217 0.9894 0
1652886166328 0.9888 0
1652886179522 0.9868 0
1652886192426 0.9788 0
1652886205442 0.9934 0
1652886218508 0.9888 0
1652886231642 0.9902 0
1652886244857 0.9884 0
1652886257831 0.9936 0
1652886270857 0.9914 0
1652886283920 0.9828 0
1652886296980 0.991 0
1652886310022 0.9946 0
1652886323080 0.9876 0
1652886336134 0.9896 0
1652886349110 0.9902 0
1652886362079 0.987 0
1652886380610 0.5638 0
1652886393992 0.7548 0
1652886407261 0.8206 0
1652886420511 0.8704 0
1652886433811 0.901 0
1652886447119 0.9288 0
1652886460389 0.9362 0
1652886473652 0.9526 0
1652886486948 0.9632 0
1652886499970 0.97 0
1652886513238 0.9762 0
1652886526444 0.9788 0
1652886539664 0.986 0
1652886552867 0.9778 0
1652886566118 0.985 0
1652886579405 0.9794 0
1652886592657 0.9882 0
1652886605970 0.9882 0
1652886619278 0.9868 0
1652886632633 0.9832 0
1652886646055 0.987 0
1652886659262 0.9854 0
1652886672451 0.9772 0
1652886685778 0.9914 0
1652886699085 0.993 0
1652886712474 0.9892 0
1652886725689 0.9886 0
1652886738962 0.9884 0
1652886752216 0.9882 0
1652886765288 0.9912 0
1652886778597 0.9926 0
1652886791963 0.9832 0
1652886805358 0.99 0
1652886818692 0.991 0
1652886831807 0.9972 0
1652886845292 0.9866 0
1652886858662 0.9812 0
1652886871918 0.9932 0
1652886885066 0.9934 0
1652886898309 0.9888 0
1652886911681 0.9906 0
1652886925061 0.9906 0
1652886938271 0.9804 0
1652886951689 0.9872 0
1652886964944 0.9964 0
1652886978133 0.994 0
1652886991429 0.9872 0
1652887004623 0.9906 0
1652887017879 0.9942 0
1652887031085 0.9896 0
1652887050161 0.333 0
1652887063739 0.528 0
1652887077230 0.6214 0
1652887090700 0.6864 0
1652887104140 0.7422 0
1652887117503 0.7908 0
1652887130956 0.8398 0
1652887144392 0.8774 0
1652887157795 0.9046 0
1652887171328 0.929 0
1652887184614 0.9338 0
1652887198103 0.952 0
1652887211625 0.9634 0
1652887224928 0.9666 0
1652887238408 0.9726 0
1652887251910 0.968 0
1652887265559 0.972 0
1652887278971 0.9788 0
1652887292510 0.978 0
1652887306010 0.977 0
1652887319345 0.9738 0
1652887332866 0.9762 0
1652887346255 0.9804 0
1652887359665 0.981 0
1652887372872 0.974 0
1652887386361 0.9876 0
1652887399883 0.9842 0
1652887413238 0.9816 0
1652887426793 0.978 0
1652887440139 0.9796 0
1652887453441 0.986 0
1652887466894 0.9856 0
1652887480400 0.9866 0
1652887493618 0.9836 0
1652887506970 0.9862 0
1652887520297 0.9878 0
1652887533856 0.98 0
1652887547365 0.9822 0
1652887560760 0.9774 0
1652887574058 0.9876 0
1652887587520 0.9868 0
1652887600906 0.9862 0
1652887614289 0.9874 0
1652887627892 0.9904 0
1652887641347 0.9852 0
1652887654742 0.9838 0
1652887668125 0.9818 0
1652887681523 0.9878 0
1652887695096 0.9888 0
1652887708524 0.9898 0
1652887728419 0.411 0
1652887741941 0.5816 0
1652887755532 0.6754 0
1652887768977 0.7358 0
1652887782503 0.7898 0
1652887796078 0.825 0
1652887809737 0.8596 0
1652887823455 0.884 0
1652887837046 0.9106 0
1652887850671 0.9278 0
1652887864103 0.9454 0
1652887877538 0.9564 0
1652887891079 0.965 0
1652887904696 0.965 0
1652887918333 0.9666 0
1652887931881 0.973 0
1652887945335 0.9778 0
1652887959292 0.9778 0
1652887972893 0.9738 0
1652887986572 0.9728 0
1652888000238 0.9828 0
1652888013835 0.9854 0
1652888027501 0.9856 0
1652888041139 0.98 0
1652888054757 0.984 0
1652888068261 0.973 0
1652888081705 0.9746 0
1652888095178 0.9836 0
1652888108801 0.9834 0
1652888122363 0.9802 0
1652888135899 0.9808 0
1652888149429 0.9816 0
1652888163002 0.9852 0
1652888176677 0.9884 0
1652888190245 0.9906 0
1652888203860 0.9838 0
1652888217342 0.9866 0
1652888230772 0.9914 0
1652888244448 0.9892 0
1652888257940 0.9872 0
1652888271511 0.9812 0
1652888285016 0.9876 0
1652888298516 0.9908 0
1652888311939 0.9874 0
1652888325460 0.983 0
1652888339107 0.9934 0
1652888352802 0.9908 0
1652888366368 0.9894 0
1652888379941 0.9878 0
1652888393578 0.9858 0
1652888413705 0.4526 0
1652888427551 0.6538 0
1652888441103 0.7262 0
1652888454876 0.7768 0
1652888468685 0.8208 0
1652888482187 0.8636 0
1652888495871 0.8854 0
1652888509544 0.9074 0
1652888523166 0.9312 0
1652888536889 0.943 0
1652888550639 0.956 0
1652888564269 0.9656 0
1652888578045 0.9716 0
1652888591770 0.975 0
1652888605592 0.9782 0
1652888619117 0.9676 0
1652888632557 0.9758 0
1652888646158 0.9782 0
1652888659783 0.9808 0
1652888673581 0.9824 0
1652888687178 0.9862 0
1652888700696 0.9922 0
1652888714422 0.988 0
1652888728090 0.9802 0
1652888741700 0.9808 0
1652888755350 0.9854 0
1652888769109 0.986 0
1652888782899 0.9878 0
1652888796498 0.9858 0
1652888810091 0.9848 0
1652888823776 0.9858 0
1652888837479 0.9878 0
1652888851076 0.991 0
1652888864656 0.9892 0
1652888878480 0.9834 0
1652888892290 0.9848 0
1652888905913 0.991 0
1652888919789 0.9908 0
1652888933834 0.9878 0
1652888947480 0.9798 0
1652888961194 0.9914 0
1652888974769 0.989 0
1652888988351 0.9954 0
1652889002060 0.9914 0
1652889015743 0.9888 0
1652889029535 0.9862 0
1652889043020 0.989 0
1652889056838 0.9866 0
1652889070379 0.984 0
1652889084051 0.9906 0
1652889104788 0.471 0
1652889118573 0.6836 0
1652889132259 0.7574 0
1652889145935 0.8002 0
1652889159764 0.8468 0
1652889173468 0.8842 0
1652889187113 0.9118 0
1652889200769 0.9302 0
1652889214354 0.9496 0
1652889228250 0.9586 0
1652889242019 0.9592 0
1652889255729 0.9686 0
1652889269518 0.9752 0
1652889283181 0.9784 0
1652889296743 0.9866 0
1652889310606 0.981 0
1652889324287 0.9792 0
1652889337941 0.984 0
1652889351765 0.9814 0
1652889365655 0.981 0
1652889379224 0.9886 0
1652889392991 0.9858 0
1652889406698 0.9864 0
1652889420610 0.9874 0
1652889434317 0.9878 0
1652889447912 0.9834 0
1652889461799 0.9858 0
1652889475527 0.9886 0
1652889489496 0.9896 0
1652889503168 0.9884 0
1652889516983 0.9896 0
1652889530609 0.98 0
1652889544281 0.9862 0
1652889558063 0.9918 0
1652889571762 0.9878 0
1652889585432 0.989 0
1652889599144 0.9914 0
1652889612866 0.989 0
1652889626705 0.9888 0
1652889640301 0.9882 0
1652889654032 0.9848 0
1652889667736 0.9942 0
1652889681447 0.9936 0
1652889695158 0.9872 0
1652889708817 0.9868 0
1652889722626 0.9874 0
1652889736317 0.9904 0
1652889750081 0.9956 0
1652889763875 0.9906 0
1652889777561 0.9892 0
1652889798750 0.5088 0
1652889812612 0.6734 0
1652889826501 0.7432 0
1652889840301 0.7876 0
1652889854051 0.8356 0
1652889867905 0.8744 0
1652889881528 0.9082 0
1652889895188 0.9174 0
1652889908863 0.9362 0
1652889922644 0.9436 0
1652889936550 0.9594 0
1652889950317 0.9686 0
1652889964105 0.9704 0
1652889977926 0.9776 0
1652889991726 0.981 0
1652890005376 0.9798 0
1652890019050 0.9774 0
1652890032853 0.9764 0
1652890046690 0.9834 0
1652890060531 0.9872 0
1652890074252 0.9878 0
1652890087998 0.987 0
1652890101603 0.979 0
1652890115357 0.982 0
1652890129047 0.984 0
1652890142643 0.9844 0
1652890156362 0.9846 0
1652890170153 0.9886 0
1652890183844 0.9842 0
1652890197570 0.9894 0
1652890211254 0.9958 0
1652890224985 0.9898 0
1652890238696 0.986 0
1652890252355 0.9864 0
1652890266000 0.98 0
1652890279779 0.9878 0
1652890293434 0.9854 0
1652890307158 0.9852 0
1652890320906 0.9886 0
1652890334739 0.993 0
1652890348404 0.994 0
1652890362245 0.9914 0
1652890375980 0.9878 0
1652890389674 0.9904 0
1652890403413 0.9888 0
1652890417220 0.9844 0
1652890430955 0.991 0
1652890444559 0.9888 0
1652890458396 0.9834 0
1652890472048 0.9906 0
