1652724544283 2.413899612045288 0
1652724548533 2.209148123168945 0
1652724552769 2.08374881401062 0
1652724557128 1.9804118312835692 0
1652724561491 1.8435305152893067 0
1652724572747 2.1392534547805786 0
1652724577757 1.9878105304718017 0
1652724582806 1.947196837234497 0
1652724587871 1.9571556030273438 0
1652724592907 1.9936302490234374 0
1652724604930 2.6386272769927976 0
1652724610571 2.4799118785858156 0
1652724616236 2.5021295028686525 0
1652724621687 2.6130119888305665 0
1652724627299 2.668816717529297 0
1652724640472 2.889850227355957 0
1652724646586 2.7565195877075195 0
1652724652834 2.9268910980224607 0
1652724659017 2.948513341522217 0
1652724665296 3.041483397293091 0
1652724679159 3.256434066772461 0
1652724685817 3.100189433288574 0
1652724692377 3.1729543716430664 0
1652724698937 3.2261145774841307 0
1652724705498 3.3105495796203614 0
