1652724544270 0.1466 0
1652724548516 0.2182 0
1652724552761 0.2798 0
1652724557111 0.3156 0
1652724561481 0.3668 0
1652724572736 0.2406 0
1652724577739 0.3568 0
1652724582792 0.4188 0
1652724587858 0.4552 0
1652724592896 0.4686 0
1652724604914 0.2294 0
1652724610554 0.3416 0
1652724616224 0.3926 0
1652724621674 0.4066 0
1652724627285 0.4266 0
1652724640455 0.3052 0
1652724646574 0.4224 0
1652724652823 0.4274 0
1652724659006 0.4364 0
1652724665285 0.4318 0
1652724679146 0.2586 0
1652724685805 0.336 0
1652724692365 0.3554 0
1652724698925 0.3832 0
1652724705488 0.3756 0
