1654532527955 0.8988055538713393 0
1654532542236 0.9753228642454375 0
1654532557001 0.988176802279755 0
1654532571528 0.9843569999393682 0
1654532585758 0.9922391317528648 0
1654532599947 0.9883586976292973 0
1654532614084 0.9864184805675135 0
1654532628168 0.9922997635360455 0
1654532642214 0.9888437518947433 0
1654532656413 0.9899957557751774 0
1654532670440 0.9884799611956587 0
1654532684954 0.9939368216819257 0
1654532699122 0.9910871278724307 0
1654532713262 0.9907233371733463 0
1654532727386 0.991269023221973 0
1654532741298 0.993391135633299 0
1654532755599 0.9941187170314679 0
1654532769983 0.9893288061601891 0
1654532783992 0.9944825077305524 0
1654532798205 0.9927241860183108 0
1654532812200 0.9911477596556115 0
1654532826476 0.9946037712969138 0
1654532841203 0.9930879767173952 0
1654532856019 0.9947856666464561 0
1654532870544 0.9953919844782635 0
1654532884979 0.9963014612259746 0
1654532899023 0.9895713332929121 0
1654532913012 0.9953919844782635 0
1654532927368 0.9922997635360455 0
1654532941536 0.9947856666464561 0
1654532955796 0.9928454495846722 0
1654532970231 0.9913296550051537 0
1654532984332 0.991269023221973 0
1654532998709 0.9950888255623598 0
1654533013027 0.9948462984296368 0
1654533027013 0.9951494573455405 0
1654533041193 0.9916328139210574 0
1654533055202 0.9998787364336386 0
1654533068928 0.9928454495846722 0
1654533082789 0.9910871278724307 0
1654533096739 0.9966652519250592 0
1654533110834 0.9908446007397077 0
1654533124812 0.9936942945492027 0
1654533139106 0.9946644030800946 0
1654533152919 0.9934517674164797 0
1654533167384 0.9924210271024071 0
1654533181389 0.9989086279027466 0
1654533195365 0.993391135633299 0
1654533209413 0.9936336627660219 0
1654533223766 0.9946644030800946 0
1654533242826 0.9438681480701385 0
1654533257767 0.9859933652782897 0
1654533272657 0.9878363435311464 0
1654533287553 0.9892054130904112 0
1654533302557 0.9929966826391449 0
1654533317794 0.9893633826549418 0
1654533332806 0.9902058869991048 0
1654533347734 0.9906271391711864 0
1654533363130 0.9897846348270233 0
1654533378294 0.9921015217734717 0
1654533393482 0.9917329261229003 0
1654533408522 0.9936812174187774 0
1654533423429 0.9909430783002475 0
1654533438350 0.9947870043704913 0
1654533453257 0.990258543520615 0
1654533468524 0.990521826128166 0
1654533483500 0.9935759043757569 0
1654533498742 0.9912063609077985 0
1654533513666 0.9935232478542467 0
1654533528772 0.9899952609130641 0
1654533543814 0.9926807435100837 0
1654533558915 0.9939971565478385 0
1654533574225 0.995260913064083 0
1654533590049 0.9937865304617977 0
1654533605478 0.9924174609025328 0
1654533620792 0.9939971565478385 0
1654533635831 0.9948396608920015 0
1654533651084 0.9903638565636355 0
1654533666060 0.9917855826444105 0
1654533681089 0.9954188826286136 0
1654533696220 0.9962613869727766 0
1654533711426 0.9906271391711864 0
1654533726811 0.9903638565636355 0
1654533742412 0.9946816913274709 0
1654533757884 0.9929966826391449 0
1654533773672 0.9942604391553894 0
1654533788871 0.9950502869780422 0
1654533804524 0.9927860565531041 0
1654533819811 0.9948396608920015 0
1654533834845 0.9928387130746142 0
1654533849783 0.9947343478489811 0
1654533864922 0.9916276130798799 0
1654533879980 0.9936285608972671 0
1654533895132 0.9948396608920015 0
1654533910497 0.992470117424043 0
1654533925638 0.996103417408246 0
1654533940543 0.9946290348059608 0
1654533956083 0.9934179348112264 0
1654533971136 0.989416039176452 0
1654533986170 0.9957874782791849 0
1654534010178 0.9667789828366853 0
1654534025078 0.9895756554701485 0
1654534040213 0.9916815836579973 0
1654534055670 0.9893124144466674 0
1654534070949 0.9914183426345161 0
1654534086623 0.9926292513425292 0
1654534102165 0.9949457723491629 0
1654534117350 0.990418026745288 0
1654534132834 0.9931030851847952 0
1654534148162 0.9928398441613141 0
1654534163474 0.9895756554701485 0
1654534178993 0.9949984205538591 0
1654534194394 0.9946298831209855 0
1654534209676 0.9938401600505423 0
1654534225192 0.9927871959566179 0
1654534240457 0.9895756554701485 0
1654534255638 0.9942613456881121 0
1654534270879 0.989944192903022 0
1654534286384 0.9963672738759608 0
1654534301417 0.9906286195640729 0
1654534316666 0.9946298831209855 0
1654534331909 0.9909445087922502 0
1654534347187 0.9950510687585553 0
1654534362333 0.9948404759397704 0
1654534377883 0.9918921764767822 0
1654534393671 0.9946825313256817 0
1654534409369 0.9946298831209855 0
1654534424631 0.9907865641781616 0
1654534439961 0.9968411077182268 0
1654534455551 0.9915762872486048 0
1654534470879 0.9948931241444666 0
1654534486099 0.9941560492787196 0
1654534501281 0.9921554175002633 0
1654534516730 0.9923660103190481 0
1654534531835 0.9942613456881121 0
1654534547028 0.992576603137833 0
1654534562325 0.9942613456881121 0
1654534577575 0.9934716226176687 0
1654534592785 0.9937348636411498 0
1654534607968 0.9942086974834158 0
1654534623058 0.9955775508055176 0
1654534638356 0.993050436980099 0
1654534653557 0.992313362114352 0
1654534668663 0.9943139938928083 0
1654534683638 0.9944192903022007 0
1654534698607 0.9972096451511003 0
1654534713898 0.9923660103190481 0
1654534729321 0.9927871959566179 0
1654534744585 0.9935242708223649 0
1654534759652 0.9943666420975045 0
1654534787811 0.9335404707988836 0
1654534803162 0.9764073937542788 0
1654534818370 0.9806203591553004 0
1654534834029 0.9862552003791669 0
1654534849599 0.9863605245141924 0
1654534865370 0.9885723313497288 0
1654534880875 0.9869924693243457 0
1654534896488 0.9892569382273948 0
1654534912274 0.990152193375112 0
1654534928071 0.9873611037969351 0
1654534944038 0.9895729106324714 0
1654534959962 0.9899942071725736 0
1654534975617 0.9862025383116542 0
1654534991345 0.9934172415609037 0
1654535006937 0.9887303175522671 0
1654535022747 0.9904155037126757 0
1654535038327 0.9923113381431355 0
1654535053834 0.9873611037969351 0
1654535069873 0.9891516140923693 0
1654535085652 0.993575227763442 0
1654535101224 0.9927852967507504 0
1654535116311 0.9905734899152141 0
1654535131894 0.9873611037969351 0
1654535147346 0.9907841381852651 0
1654535163005 0.9932065932908526 0
1654535178631 0.9880983727421139 0
1654535194643 0.9921533519405972 0
1654535210788 0.9915740691979568 0
1654535226387 0.9923640002106483 0
1654535242082 0.9908368002527779 0
1654535257711 0.9912580967928801 0
1654535273207 0.9931012691558271 0
1654535288375 0.989204276159882 0
1654535303951 0.9915214071304439 0
1654535319557 0.9909421243878035 0
1654535335246 0.9889409658223182 0
1654535350841 0.9950497656537995 0
1654535366182 0.9904681657801885 0
1654535381645 0.9916793933329823 0
1654535397179 0.9921533519405972 0
1654535412464 0.9897308968350097 0
1654535428047 0.9929432829532887 0
1654535443689 0.995892358734004 0
1654535459095 0.9890989520248565 0
1654535474584 0.9926799726157249 0
1654535490158 0.9927852967507504 0
1654535505531 0.9898888830375481 0
1654535520616 0.9943124967086208 0
1654535536256 0.9906788140502396 0
1654535551360 0.9907314761177524 0
1654535583624 0.9709290077943965 0
1654535599212 0.9895196966505161 0
1654535614683 0.9917842848114599 0
1654535630235 0.9918896144933642 0
1654535646133 0.9916262902886033 0
1654535661832 0.987729092058142 0
1654535677729 0.9928375816305035 0
1654535693764 0.9957341478828734 0
1654535709872 0.9917842848114599 0
1654535725541 0.9928902464714556 0
1654535741364 0.9928902464714556 0
1654535757497 0.9916262902886033 0
1654535772968 0.9913103012428902 0
1654535788428 0.9902043395828944 0
1654535804352 0.9932062355171687 0
1654535819943 0.9934168948809775 0
1654535835886 0.9909943121971772 0
1654535851580 0.9942068674952602 0
1654535867473 0.9914682957657468 0
1654535883125 0.9896776911733727 0
1654535899017 0.9934695597219296 0
1654535914930 0.9942068674952602 0
1654535930504 0.9918369496524121 0
1654535946181 0.9936802190857383 0
1654535961639 0.9951021697914473 0
1654535977315 0.9913629660838424 0
1654535993210 0.9897303560143248 0
1654536009284 0.9938382136085949 0
1654536024839 0.9934168948809775 0
1654536040331 0.9915209606066989 0
1654536056046 0.9948388455866863 0
1654536071672 0.9904676637876554 0
1654536087249 0.9915209606066989 0
1654536103379 0.9939962081314514 0
1654536119222 0.9926795871076469 0
1654536134524 0.995312829155256 0
1654536150454 0.9922056035390773 0
1654536166104 0.9908889825152728 0
1654536181899 0.9921529386981252 0
1654536197585 0.994154202654308 0
1654536213165 0.9917316199705077 0
1654536228783 0.9931535706762166 0
1654536244567 0.9918369496524121 0
1654536260311 0.9946281862228776 0
1654536275756 0.9914682957657468 0
1654536291303 0.993574889403834 0
1654536306809 0.9896250263324204 0
1654536322411 0.9933642300400253 0
1654536338028 0.9942595323362123 0
1654536353420 0.993574889403834 0
