1652819236352 2.0169821610450747 0
1652819250289 1.660733520793915 0
1652819263864 1.4506168055534363 0
1652819277494 1.293600612092018 0
1652819290970 1.1353024299144745 0
1652819304691 0.9977016692399978 0
1652819318415 0.8897165318012238 0
1652819332276 0.7774056528091431 0
1652819345930 0.6687586709558964 0
1652819359785 0.5808077182203532 0
1652819374597 1.776662412261963 0
1652819384296 1.354942055273056 0
1652819393898 1.1689426771879197 0
1652819403588 1.0157159052371978 0
1652819413147 0.9025126204967499 0
1652819422659 0.7814910764455796 0
1652819432307 0.691948287320137 0
1652819441956 0.6216661841720342 0
1652819451827 0.5190928107514977 0
1652819461129 0.4505311785459518 0
1652819481157 1.931018022441864 0
1652819491169 1.5567654903411865 0
1652819501055 1.402133451271057 0
1652819510993 1.2599200963258743 0
1652819520798 1.1333671609401703 0
1652819530674 1.0457160564899444 0
1652819540397 0.9466802121162414 0
1652819550364 0.8336463343858719 0
1652819560490 0.7709633794665337 0
1652819570259 0.6622960649907589 0
1652819596057 1.747345848274231 0
1652819606023 1.3888724060058595 0
1652819615687 1.1971552688121796 0
1652819625342 1.0809311650514604 0
1652819635167 0.9590304086923599 0
1652819644974 0.8630052780270576 0
1652819655092 0.7591214632987976 0
1652819664803 0.693547783857584 0
1652819674566 0.617335624575615 0
1652819684468 0.5323892921209336 0
1652819715913 1.9154442781448364 0
1652819725872 1.5668862968444823 0
1652819735816 1.425869733095169 0
1652819745866 1.2830374693393707 0
1652819755941 1.1911836740732193 0
1652819765782 1.0748122459173202 0
1652819775645 0.9560450482845306 0
1652819785276 0.8679068207204342 0
1652819795173 0.7681556886732578 0
1652819805089 0.6704014608561992 0
