1652819236343 0.306 0
1652819250273 0.442 0
1652819263852 0.5144 0
1652819277479 0.5728 0
1652819290959 0.632 0
1652819304674 0.6674 0
1652819318402 0.7128 0
1652819332263 0.7458 0
1652819345918 0.7808 0
1652819359777 0.8102 0
1652819374586 0.3974 0
1652819384284 0.556 0
1652819393880 0.6168 0
1652819403576 0.6616 0
1652819413138 0.6982 0
1652819422644 0.7496 0
1652819432293 0.771 0
1652819441941 0.7932 0
1652819451815 0.8278 0
1652819461116 0.8454 0
1652819481139 0.324 0
1652819491155 0.4694 0
1652819501040 0.5206 0
1652819510981 0.5782 0
1652819520786 0.616 0
1652819530656 0.655 0
1652819540385 0.6814 0
1652819550346 0.73 0
1652819560477 0.7452 0
1652819570245 0.7786 0
1652819596042 0.3856 0
1652819606013 0.5152 0
1652819615678 0.5972 0
1652819625330 0.6348 0
1652819635153 0.669 0
1652819644960 0.7068 0
1652819655083 0.7404 0
1652819664786 0.769 0
1652819674546 0.7896 0
1652819684454 0.8158 0
1652819715901 0.3376 0
1652819725858 0.4748 0
1652819735803 0.5312 0
1652819745853 0.5712 0
1652819755929 0.6004 0
1652819765772 0.643 0
1652819775631 0.6818 0
1652819785261 0.7138 0
1652819795161 0.7476 0
1652819805075 0.782 0
