1652815407777 0.2038 0
1652815413036 0.3158 0
1652815418260 0.3588 0
1652815423578 0.418 0
1652815428843 0.4544 0
1652815434315 0.492 0
1652815439629 0.5252 0
1652815445028 0.568 0
1652815450394 0.597 0
1652815455846 0.6382 0
1652815461204 0.672 0
1652815466398 0.6936 0
1652815471757 0.7314 0
1652815477010 0.7692 0
1652815482250 0.782 0
1652815487522 0.8174 0
1652815492813 0.8476 0
1652815498119 0.8632 0
1652815503445 0.8828 0
1652815508636 0.8966 0
1652815514079 0.9102 0
1652815519398 0.9176 0
1652815524768 0.9152 0
1652815529995 0.9238 0
1652815535210 0.9288 0
1652815540458 0.9256 0
1652815545709 0.9232 0
1652815550815 0.9412 0
1652815556270 0.9456 0
1652815561514 0.9356 0
1652815574080 0.3868 0
1652815585707 0.5562 0
1652815597396 0.6366 0
1652815609049 0.6914 0
1652815620910 0.7378 0
1652815632666 0.766 0
1652815644237 0.8042 0
1652815655860 0.8334 0
1652815667508 0.8464 0
1652815679425 0.8776 0
1652815691074 0.9062 0
1652815702704 0.9096 0
1652815714328 0.9152 0
1652815726063 0.9328 0
1652815737764 0.9264 0
1652815749424 0.9346 0
1652815761143 0.9266 0
1652815773012 0.9472 0
1652815784723 0.949 0
1652815796370 0.951 0
1652815807959 0.953 0
1652815819627 0.95 0
1652815831127 0.9474 0
1652815842829 0.965 0
1652815854465 0.9612 0
1652815866134 0.9662 0
1652815877766 0.9648 0
1652815889447 0.9588 0
1652815901137 0.9564 0
1652815912823 0.9462 0
1652815925862 0.3694 0
1652815937690 0.552 0
1652815949375 0.623 0
1652815961345 0.6802 0
1652815973129 0.7308 0
1652815984923 0.7658 0
1652815996746 0.7998 0
1652816008510 0.8244 0
1652816020329 0.8658 0
1652816032118 0.8824 0
1652816043877 0.8894 0
1652816055625 0.9096 0
1652816067331 0.9112 0
1652816079101 0.928 0
1652816090902 0.9326 0
1652816102739 0.9294 0
1652816114488 0.9442 0
1652816126221 0.9478 0
1652816138005 0.9466 0
1652816149763 0.947 0
1652816161440 0.9538 0
1652816173241 0.9406 0
1652816185093 0.9586 0
1652816196955 0.9624 0
1652816208719 0.9682 0
1652816220511 0.954 0
1652816232303 0.9628 0
1652816243997 0.9472 0
1652816255840 0.9566 0
1652816267626 0.9528 0
1652816280950 0.4652 0
1652816292795 0.6388 0
1652816304879 0.72 0
1652816317095 0.7624 0
1652816329045 0.8008 0
1652816340968 0.8394 0
1652816352736 0.8666 0
1652816364629 0.8778 0
1652816376675 0.8926 0
1652816388830 0.9234 0
1652816400737 0.93 0
1652816412711 0.9398 0
1652816424781 0.9414 0
1652816436845 0.9466 0
1652816448720 0.951 0
1652816460606 0.9536 0
1652816472496 0.9492 0
1652816484535 0.9522 0
1652816496545 0.9668 0
1652816508552 0.9586 0
1652816520536 0.964 0
1652816532476 0.9408 0
1652816544542 0.9474 0
1652816556488 0.9502 0
1652816568424 0.9638 0
1652816580177 0.975 0
1652816592017 0.9672 0
1652816603876 0.9736 0
1652816615790 0.9678 0
1652816627626 0.9594 0
1652816641199 0.3902 0
1652816653237 0.539 0
1652816665228 0.6278 0
1652816677204 0.676 0
1652816689198 0.7188 0
1652816701310 0.7668 0
1652816713379 0.8118 0
1652816725327 0.8316 0
1652816737351 0.873 0
1652816749531 0.8974 0
1652816761563 0.9162 0
1652816773506 0.9254 0
1652816785436 0.9282 0
1652816797433 0.9362 0
1652816809487 0.9318 0
1652816821569 0.9288 0
1652816833566 0.9456 0
1652816845559 0.9508 0
1652816857533 0.953 0
1652816869678 0.9504 0
1652816881622 0.9594 0
1652816893715 0.958 0
1652816905724 0.9546 0
1652816917672 0.9692 0
1652816929821 0.9668 0
1652816941867 0.9416 0
1652816953997 0.9498 0
1652816965960 0.9472 0
1652816978154 0.9656 0
1652816990142 0.9634 0
