1655015249454 0.21347315661463975 0
1655015263124 0.05473981390869107 0
1655015276344 0.01989146892902351 0
1655015289874 0.028682807310628416 0
1655015303109 0.020640144670687047 0
1655015316440 0.027440909352028732 0
1655015329695 0.022276467646780762 0
1655015343123 0.01598698189120532 0
1655015356650 0.020798894005457796 0
1655015369996 0.014619186142747306 0
1655015383432 0.01895766347283084 0
1655015396955 0.011711994510689723 0
1655015410513 0.011907045471697684 0
1655015423944 0.02017922477176964 0
1655015437489 0.007937206315863513 0
1655015450963 0.011687803395003395 0
1655015464316 0.007978964792819494 0
1655015477801 0.013672468038070694 0
1655015491235 0.011167814484111005 0
1655015504738 0.009731552206288066 0
1655015518212 0.0042656435618053466 0
1655015531438 0.019122852134071344 0
1655015545006 0.002271758755457893 0
1655015558363 0.003648093264118263 0
1655015571798 0.008150556710827811 0
1655015585390 0.01791797346107075 0
1655015598986 0.018379447521096038 0
1655015612363 0.005017386100250125 0
1655015625613 0.00023291023148145468 0
1655015639207 4.319187625484775e-05 0
1655015652923 1.5188219858376546e-05 0
1655015666250 2.612449556047987e-05 0
1655015679657 7.559743957917964e-06 0
1655015693245 1.695633623400565e-06 0
1655015706617 7.733680929378889e-07 0
1655015720145 1.1471351168288356e-06 0
1655015733583 0.009105574501871456 0
1655015746934 0.02884140198104056 0
1655015760453 0.003916395303621809 0
1655015773946 0.013268625053231387 0
1655015787578 0.008900241744920013 0
1655015800875 0.005486715206903824 0
1655015814333 0.0050597289847636295 0
1655015827718 0.011883672900997198 0
1655015840936 0.011995471058774316 0
1655015854536 0.0011731838835732711 0
1655015868206 0.0040635777330885435 0
1655015881904 0.018031817530363262 0
1655015895596 0.0034601035671633987 0
1655015909209 0.002757576108917093 0
1655015939331 0.16499205265577419 0
1655015965284 0.0413660752890042 0
1655015991351 0.028110488012187764 0
1655016017187 0.022348096173711224 0
1655016042826 0.01757172046898739 0
1655016068796 0.018774707340024965 0
1655016094771 0.010324453375303582 0
1655016121395 0.021581384773446562 0
1655016147289 0.013644490678935792 0
1655016172945 0.014193447774880592 0
1655016199207 0.016852571903846512 0
1655016224827 0.013788574148356873 0
1655016250722 0.013541484528098596 0
1655016276527 0.014006319693282176 0
1655016302517 0.012604447875611382 0
1655016328390 0.009437526060635141 0
1655016354573 0.010650978106197247 0
1655016380301 0.011478236984805516 0
1655016406209 0.012632965197892147 0
1655016432519 0.010433752966975008 0
1655016458538 0.012096183281026782 0
1655016484522 0.008192685010511852 0
1655016510125 0.010886458444495851 0
1655016536304 0.009061636792020105 0
1655016562285 0.010959238617513944 0
1655016588951 0.008354159484855342 0
1655016614741 0.012279293198400253 0
1655016640928 0.008364564357967215 0
1655016666811 0.012493686237277176 0
1655016692712 0.007899351174838237 0
1655016718691 0.00707386918012337 0
1655016744944 0.014524603947478091 0
1655016770721 0.007665114138836865 0
1655016797000 0.006551433716496527 0
1655016823285 0.013983930427394738 0
1655016849037 0.005853811883289043 0
1655016874913 0.009283759284718685 0
1655016900430 0.009306769332094565 0
1655016926261 0.00916282672748514 0
1655016952269 0.011847781311710028 0
1655016978555 0.007039958930770355 0
1655017004292 0.008311936941367976 0
1655017029986 0.007576040733610559 0
1655017055719 0.004918577991597356 0
1655017081751 0.010515036983408279 0
1655017107374 0.009309326822235096 0
1655017133057 0.008076469389278093 0
1655017159275 0.009554524666756542 0
1655017185384 0.010827630712449328 0
1655017211590 0.006970183598418011 0
1655017259413 0.07718546057916466 0
1655017298294 0.024340517418690942 0
1655017336699 0.020661410549442014 0
1655017375650 0.018742859042334872 0
1655017415272 0.01472847087628177 0
1655017454810 0.011666556879592335 0
1655017493966 0.014183495858176836 0
1655017533274 0.010930897964650937 0
1655017571865 0.013098237454903617 0
1655017610799 0.009520719768116172 0
1655017650354 0.013569112962773414 0
1655017689689 0.0116808914597867 0
1655017729028 0.009947551539993339 0
1655017768485 0.011160385358993455 0
1655017807800 0.012663732274061597 0
1655017847468 0.00930491524669294 0
1655017886962 0.00992304902003871 0
1655017926664 0.011427831515585496 0
1655017966561 0.009212273176196821 0
1655018005270 0.010723721690818231 0
1655018044436 0.012008517724443857 0
1655018083986 0.009945634878514499 0
1655018123376 0.009428967242517973 0
1655018162676 0.009886368834310977 0
1655018201696 0.010882645810311543 0
1655018241540 0.009090354401078218 0
1655018280458 0.008616121713607722 0
1655018319455 0.007572460752384502 0
1655018358857 0.010070386947683384 0
1655018398318 0.009372847692755211 0
1655018437611 0.007838434300295901 0
1655018476829 0.010756676879064524 0
1655018516285 0.0077310575116687616 0
1655018556087 0.011683632564191566 0
1655018595280 0.010855856096453483 0
1655018634559 0.007862729197093818 0
1655018674208 0.009203424801917099 0
1655018713556 0.007660945927875804 0
1655018752809 0.013696367059208105 0
1655018791887 0.00944398284411918 0
1655018830673 0.008158111710640355 0
1655018870021 0.00844834237717444 0
1655018909506 0.008997153389962369 0
1655018948650 0.006008829412192588 0
1655018988210 0.009429097372766777 0
1655019027585 0.006821932814207129 0
1655019066907 0.011649875627082957 0
1655019106353 0.00747831239360589 0
1655019145694 0.009293500015843678 0
1655019185137 0.003618121571839006 0
1655019251078 0.06229052480278496 0
1655019304533 0.022665007645979028 0
1655019357802 0.018656630838881156 0
1655019411220 0.014600058850787375 0
1655019464978 0.01190652494126336 0
1655019518659 0.013951567148558726 0
1655019572201 0.010805529208328115 0
1655019625564 0.011980360123421007 0
1655019679284 0.012255818238360795 0
1655019732693 0.011042404830935047 0
1655019786385 0.007774062377977279 0
1655019839654 0.011813345616897583 0
1655019893959 0.012528586121013034 0
1655019946989 0.011463210807301769 0
1655020000244 0.010761552502735488 0
1655020053620 0.010321054614526124 0
1655020106452 0.0076701179621430395 0
1655020160952 0.012187636163354188 0
1655020214847 0.009531171514484023 0
1655020268669 0.008552660660219973 0
1655020322299 0.009661726505069853 0
1655020375996 0.010067687088579276 0
1655020430343 0.01128155365968405 0
1655020483367 0.010523220726584816 0
1655020537239 0.00980138000948521 0
1655020590811 0.00997701648546398 0
1655020644237 0.008657675637732409 0
1655020697667 0.011810896074840435 0
1655020750887 0.00864072877188152 0
1655020803761 0.01105546893967836 0
1655020857006 0.00751908311011828 0
1655020910225 0.00990358606828145 0
1655020963566 0.008775695793131828 0
1655021017034 0.00872658836830835 0
1655021070562 0.009306633422921068 0
1655021123929 0.009737779823620007 0
1655021177175 0.008903758925773584 0
1655021230465 0.009269994043869094 0
1655021283629 0.009244354856381195 0
1655021336564 0.00832420993448025 0
1655021390329 0.008332733169701134 0
1655021443924 0.008679913562836181 0
1655021497440 0.008854922764209582 0
1655021551364 0.009241615895134905 0
1655021604757 0.009354188641318243 0
1655021658612 0.009347797635235014 0
1655021712472 0.009392426507119992 0
1655021768853 0.00929504908687886 0
1655021822260 0.008476157250470089 0
1655021875689 0.009572328589747162 0
1655021960384 0.04991773870328457 0
1655022028909 0.018192859487031157 0
1655022096819 0.0141792731452414 0
1655022165230 0.01289037878137129 0
1655022234293 0.011308051113321723 0
1655022303134 0.012201777965271348 0
1655022371954 0.011163622786189847 0
1655022440882 0.01233182504392809 0
1655022509816 0.01101982314412767 0
1655022577958 0.012425412788264648 0
1655022646915 0.011679015110580783 0
1655022715075 0.01101976450297061 0
1655022783729 0.00934909720055205 0
1655022852543 0.011707970105482078 0
1655022921433 0.01078640453142455 0
1655022990048 0.008252661062186889 0
1655023059602 0.01110599788648818 0
1655023128408 0.008402127192208403 0
1655023196804 0.012340990881407285 0
1655023265779 0.009538793291728855 0
1655023334266 0.009744753195818995 0
1655023402689 0.011938038797195061 0
1655023471139 0.009857370990363221 0
1655023539647 0.011094065777643157 0
1655023608289 0.009398170682580736 0
1655023676806 0.00946911796450302 0
1655023745753 0.00890045723578408 0
1655023813663 0.010249309968835883 0
1655023882166 0.009632025080535775 0
1655023950161 0.01071735220108623 0
1655024018798 0.009750193160160923 0
1655024087564 0.008925513625490138 0
1655024156261 0.009890643839792476 0
1655024224083 0.009628961525143072 0
1655024291922 0.010993787767451718 0
1655024360774 0.009455080791213297 0
1655024429710 0.010973149428939531 0
1655024498608 0.010059715811806444 0
1655024567462 0.009176791003546163 0
1655024636354 0.009728781293317678 0
1655024705371 0.010178981234467616 0
1655024773686 0.010817424695368423 0
1655024841915 0.00837632613401586 0
1655024911048 0.010602637651385988 0
1655024980376 0.008669152743557798 0
1655025048478 0.011684007627244588 0
1655025116270 0.009080695764291746 0
1655025185098 0.010713710746176991 0
1655025254542 0.007953125004957307 0
1655025323121 0.009488858872739946 0
1655025427916 0.057080439842965784 0
1655025512322 0.022574240266440167 0
1655025595558 0.016160786164283198 0
1655025680245 0.01605379297680297 0
1655025765663 0.014597149342515414 0
1655025850420 0.014332710939342989 0
1655025934056 0.010244629505453729 0
1655026019156 0.012688699823990809 0
1655026103601 0.011011339855265513 0
1655026188688 0.011083532697479581 0
1655026272693 0.014097418432407107 0
1655026356550 0.012080938067967 0
1655026441076 0.012426953586456346 0
1655026524771 0.010262108853514992 0
1655026609327 0.012243130791973556 0
1655026693515 0.011096066829526864 0
1655026776928 0.012281590178219398 0
1655026861353 0.012075412205373762 0
1655026945932 0.01228235345144472 0
1655027030334 0.011136100737457204 0
1655027114443 0.01023958209748433 0
1655027199014 0.012711715367642899 0
1655027283496 0.011835358720883383 0
1655027367581 0.010132360177595452 0
1655027452347 0.01112165697553174 0
1655027537513 0.011214394316167747 0
1655027621781 0.011351523029122653 0
1655027705919 0.011369809105458819 0
1655027790183 0.010654122871072614 0
1655027875116 0.011675907501543577 0
1655027959369 0.010736571408258568 0
1655028043393 0.011285314303863841 0
1655028127750 0.010699224135973375 0
1655028211668 0.011525328081262677 0
1655028296504 0.012277037990490283 0
1655028380930 0.010604161667158194 0
1655028465173 0.010281592637970252 0
1655028549748 0.00912881616496618 0
1655028633642 0.010618434834695501 0
1655028717802 0.010457248104549004 0
1655028801268 0.012424955647045323 0
1655028885389 0.009944551819077883 0
1655028969525 0.011402941353106358 0
1655029054181 0.011657078180740096 0
1655029138949 0.009054476515658697 0
1655029223339 0.011203907715346314 0
1655029306911 0.010431809665058186 0
1655029390827 0.010531143118253428 0
1655029475857 0.010283402525047678 0
1655029560166 0.009882328192830405 0
1655029686566 0.04230556990329383 0
1655029787581 0.017298160015992527 0
1655029888519 0.015305642263793762 0
1655029989160 0.013485242165923497 0
1655030089306 0.012968904626967334 0
1655030191147 0.01163890366180982 0
1655030291623 0.012317120598369142 0
1655030392139 0.011750075814875206 0
1655030493193 0.01372538841398921 0
1655030593941 0.012105832110208384 0
1655030695127 0.011358700097604365 0
1655030794958 0.012237936330281982 0
1655030896333 0.011250061007428274 0
1655030997597 0.010506642663218928 0
1655031098602 0.013271924677665399 0
1655031198974 0.013040459889564137 0
1655031299836 0.011078498664447003 0
1655031401026 0.011148684195729773 0
1655031502794 0.014232257559201628 0
1655031603529 0.009700604479512282 0
1655031703513 0.010823805105009425 0
1655031805544 0.012731691284851574 0
1655031907150 0.010689211622108903 0
1655032007691 0.01283601976430006 0
1655032109014 0.010818395032246955 0
1655032209787 0.011261152688814979 0
1655032310092 0.010437278509168375 0
1655032410902 0.011077473968032898 0
1655032511765 0.01179174372599174 0
1655032612723 0.010819191565846072 0
1655032712760 0.01118900733621732 0
1655032813965 0.01158145199002886 0
1655032914279 0.011709556698334768 0
1655033014783 0.010174256431093046 0
1655033115430 0.008116093201016287 0
1655033216995 0.012600461404563352 0
1655033317975 0.01027378869102571 0
1655033418684 0.011240852954292174 0
1655033519509 0.013570408916355085 0
1655033619864 0.011500564600628592 0
1655033720464 0.01165804367009925 0
1655033820875 0.011314154020203823 0
1655033921173 0.010448615878469937 0
1655034021793 0.00981047486601535 0
1655034122441 0.011590075709179228 0
1655034223693 0.011723143722176803 0
1655034323486 0.01034760817402559 0
1655034423640 0.010122845619077734 0
1655034524553 0.012816340028096418 0
1655034625498 0.009087045177621012 0
1655034772134 0.02752476302096918 0
1655034890780 0.014455011623615854 0
1655035008553 0.01306850482707131 0
1655035125747 0.011978535667257874 0
1655035243848 0.013737519585523042 0
1655035362267 0.01253709037099907 0
1655035479860 0.011364211999904696 0
1655035597605 0.01165329494985978 0
1655035714874 0.01320683670589022 0
1655035831474 0.011979233099629501 0
1655035948851 0.011109877730902037 0
1655036069255 0.011411305239441784 0
1655036186547 0.011058676024549675 0
1655036304222 0.011361392100324972 0
1655036422020 0.011400658790907589 0
1655036539309 0.01153342708481522 0
1655036656779 0.011451292379632423 0
1655036774331 0.010974101812875427 0
1655036892310 0.01220435998703816 0
1655037009807 0.011057690123326157 0
1655037128498 0.013455066445018286 0
1655037246809 0.011038203886700623 0
1655037364295 0.012754210556572177 0
1655037482017 0.01136756744464229 0
1655037599501 0.011442485079097372 0
1655037717577 0.010428523816318811 0
1655037834264 0.011627667398949432 0
1655037952771 0.01221120568030936 0
1655038071262 0.00963958797163912 0
1655038188578 0.012050268907763112 0
1655038306432 0.010810990542299555 0
1655038424064 0.012187442023100481 0
1655038540885 0.011927125760065719 0
1655038658137 0.01215947173138361 0
1655038776313 0.011514679349190239 0
1655038893180 0.010688063581234026 0
1655039011052 0.012874810266514896 0
1655039128775 0.01156934636971364 0
1655039246793 0.011353068827172458 0
1655039364711 0.010888901193883511 0
1655039482508 0.011732362301033583 0
1655039600506 0.010407672779253904 0
1655039718355 0.00892289681941613 0
1655039835305 0.013437822778310638 0
1655039952935 0.010974916230390751 0
1655040072119 0.011914825036949576 0
1655040189782 0.009524618664815573 0
1655040307766 0.01191768240843078 0
1655040424992 0.012176426488788425 0
1655040543162 0.01105074135846739 0
1655040709952 0.02838118543138474 0
1655040845116 0.016361687909752003 0
1655040982209 0.014007210654129928 0
1655041120459 0.013205741582152614 0
1655041256968 0.011788842154409498 0
1655041392229 0.012898562442436548 0
1655041526835 0.012958818876386918 0
1655041661524 0.01268860438942324 0
1655041797726 0.01293779491791392 0
1655041933212 0.012222873114783777 0
1655042068656 0.01266708158623881 0
1655042203310 0.012219788267070845 0
1655042338800 0.011702983483484274 0
1655042473297 0.012490317858803609 0
1655042609577 0.012334273200777167 0
1655042745938 0.011036316608327856 0
1655042881188 0.012271272067662766 0
1655043016129 0.012141520490904542 0
1655043152322 0.0120784572127556 0
1655043286963 0.011798488556067485 0
1655043422313 0.012752256619780739 0
1655043559259 0.01129750740284835 0
1655043694413 0.012421704180727968 0
1655043830181 0.01030577775451941 0
1655043966147 0.013136306466143577 0
1655044100501 0.011415510931468788 0
1655044236327 0.011028169817839212 0
1655044372006 0.011919093919454043 0
1655044508425 0.011706214113180402 0
1655044643972 0.012021088139978263 0
1655044779220 0.012186696192893769 0
1655044914970 0.011148877957344944 0
1655045050316 0.011873862763183808 0
1655045186221 0.011472930078300284 0
1655045321740 0.011959257421005634 0
1655045456554 0.0106170598893347 0
1655045591762 0.011878082349892948 0
1655045727366 0.012836897435857223 0
1655045862761 0.011248902291453543 0
1655045998065 0.012781434983048465 0
1655046133402 0.010545729304571563 0
1655046268285 0.01178537390952887 0
1655046403749 0.011345158874098732 0
1655046539388 0.012460683135709692 0
1655046674327 0.010327282890201754 0
1655046809337 0.01164663280107567 0
1655046946259 0.010682124739617313 0
1655047082859 0.010486234113321554 0
1655047218509 0.011579184627927366 0
1655047353127 0.011907592591324762 0
1655047545117 0.02341962305503697 0
1655047698915 0.013122497361196325 0
1655047852626 0.011594871252148302 0
1655048006042 0.013223997939846166 0
1655048159964 0.012241663694017196 0
1655048313410 0.011400212086157227 0
1655048466232 0.011710315892996929 0
1655048619063 0.012042404011984541 0
1655048772736 0.010662516950570567 0
1655048925986 0.011280938065779423 0
1655049078854 0.011512441060843091 0
1655049232046 0.010376361587490177 0
1655049386903 0.012373849920182697 0
1655049542017 0.011297190671039362 0
1655049695107 0.011556590562808975 0
1655049848931 0.012010980363151234 0
1655050002939 0.01228488507542257 0
1655050157167 0.012139597810831002 0
1655050310573 0.011262701040031733 0
1655050463912 0.011174845339747087 0
1655050617022 0.012008066151447238 0
1655050769838 0.010711727721213279 0
1655050923296 0.011101482715215215 0
1655051077917 0.011380732371423445 0
1655051231282 0.011682464942563886 0
1655051384744 0.010795462541312225 0
1655051538983 0.010240766267539371 0
1655051691298 0.012701332030487728 0
1655051846086 0.011071218667150402 0
1655051999154 0.01169419535883001 0
1655052152965 0.01246351483072061 0
1655052307014 0.011709213248703292 0
1655052459508 0.010791857353650017 0
1655052612997 0.011857926140799254 0
1655052766770 0.01141123758707549 0
1655052919622 0.010880662872980368 0
1655053072836 0.011895043005742935 0
1655053225715 0.010373025851838927 0
1655053379699 0.012141247052394012 0
1655053532547 0.011676851700336693 0
1655053687193 0.00965390878567324 0
1655053840295 0.012673431927610768 0
1655053993695 0.011186167204632747 0
1655054147636 0.0114230876773841 0
1655054300373 0.01181250286028554 0
1655054453433 0.011785759282435665 0
1655054606167 0.011353678791434833 0
1655054760233 0.01140901143536546 0
1655054913441 0.01271050053703526 0
1655055066241 0.010867257440923091 0
