1645806600515 0.1968 0
1645806609058 0.3426 0
1645806617758 0.4226 0
1645806626468 0.504 0
1645806635251 0.5528 0
1645806643984 0.6052 0
1645806652569 0.6516 0
1645806661234 0.702 0
1645806669932 0.7318 0
1645806678722 0.7738 0
1645806687518 0.8056 0
1645806696216 0.8564 0
1645806704936 0.8726 0
1645806713700 0.8908 0
1645806722455 0.9184 0
1645806731180 0.9158 0
1645806739863 0.931 0
1645806748575 0.934 0
1645806757244 0.9478 0
1645806766045 0.9556 0
1645806775511 0.3438 0
1645806785137 0.4972 0
1645806794562 0.5872 0
1645806802920 0.6646 0
1645806812692 0.7122 0
1645806822201 0.759 0
1645806831749 0.8166 0
1645806841034 0.8454 0
1645806850800 0.8642 0
1645806860306 0.8968 0
1645806869947 0.8986 0
1645806879393 0.9204 0
1645806889178 0.9306 0
1645806898595 0.9412 0
1645806908340 0.949 0
1645806917884 0.9562 0
1645806926844 0.97 0
1645806936396 0.963 0
1645806945799 0.9764 0
1645806955835 0.9808 0
1645806966210 0.3764 0
1645806975752 0.5698 0
1645806985027 0.6592 0
1645806994833 0.7388 0
1645807004361 0.7956 0
1645807013838 0.836 0
1645807023661 0.8782 0
1645807033350 0.8996 0
1645807042478 0.9184 0
1645807052214 0.9298 0
1645807061576 0.942 0
1645807071154 0.9492 0
1645807080474 0.9626 0
1645807090076 0.9752 0
1645807099888 0.9866 0
1645807109146 0.9754 0
1645807119135 0.9868 0
1645807128883 0.9932 0
1645807138493 0.9874 0
1645807148291 0.989 0
