1651983189795 2.4936857374191286 0
1651983193043 2.2512513397216796 0
1651983196408 2.197782996749878 0
1651983199761 2.1439515129089357 0
1651983203077 2.053572169113159 0
1651983206397 2.0100925554275513 0
1651983209717 1.894199773979187 0
1651983213068 1.9247703266143799 0
1651983216453 1.8401014766693116 0
1651983219812 1.7623513578414918 0
1651983223111 1.6902477699279785 0
1651983226335 1.615760209274292 0
1651983229677 1.6275417795181275 0
1651983233056 1.5795062614440918 0
1651983236418 1.5079383598327636 0
1651983239653 1.4325764247894288 0
1651983243005 1.3381891870498657 0
1651983246273 1.3143804626464843 0
1651983249534 1.236975424003601 0
1651983252898 1.1888018579483033 0
1651983256264 1.1507761604309081 0
1651983259678 1.1543259342193604 0
1651983263054 1.0417895165681839 0
1651983266444 0.9714850580215454 0
1651983269800 0.8886121808052063 0
1651983273216 0.8252995363235474 0
1651983276496 0.8655720072746277 0
1651983279797 0.7363172546386719 0
1651983283172 0.7879851260185242 0
1651983286504 0.6815390965461731 0
1651983289870 0.5560665553152562 0
1651983293197 0.49809992384910584 0
1651983296549 0.5357950658798217 0
1651983299951 0.5050662807941437 0
1651983303241 0.4632147448539734 0
1651983306536 0.4487354728937149 0
1651983309902 0.43829897735118867 0
1651983313274 0.4490886606693268 0
1651983316645 0.47016151997596023 0
1651983319999 0.3592345160961151 0
1651983323341 0.44647922151088715 0
1651983326661 0.28802503032684323 0
1651983330001 0.3146884746491909 0
1651983333344 0.31288448913097383 0
1651983336618 0.29157779237627984 0
1651983339962 0.2809660215258598 0
1651983343363 0.30446654651761057 0
1651983346701 0.39563581903725864 0
1651983350053 0.2957894174814224 0
1651983353373 0.37990974023342133 0
1651983358733 1.3616117959976197 0
1651983363814 1.214055305480957 0
1651983368942 1.0722324400901795 0
1651983374008 1.046037494277954 0
1651983379051 1.061226896238327 0
1651983384155 0.9909789100646973 0
1651983389254 0.8963202695846557 0
1651983394280 0.8228392323970795 0
1651983399345 0.8503208244800567 0
1651983404299 0.7583983627796174 0
1651983409319 0.7692918587684632 0
1651983414252 0.732096246099472 0
1651983419260 0.679088921546936 0
1651983424242 0.6599094703674316 0
1651983429339 0.6669902645111084 0
1651983434466 0.6012388481378556 0
1651983439588 0.6224862909793853 0
1651983444625 0.6115713300228119 0
1651983449761 0.5520443092823029 0
1651983454832 0.5205721218705177 0
1651983459815 0.5221264871716499 0
1651983464967 0.5435869346141815 0
1651983470012 0.506787010872364 0
1651983475049 0.5172356454133987 0
1651983480126 0.41901416538655756 0
1651983485239 0.48478801105618474 0
1651983490394 0.5992749617516995 0
1651983495439 0.4648435196697712 0
1651983500515 0.4782048209130764 0
1651983505498 0.4769547677397728 0
1651983510610 0.4363872668206692 0
1651983515647 0.41071130955517293 0
1651983520678 0.4510185199826956 0
1651983525730 0.4312695055067539 0
1651983530704 0.4612960228681564 0
1651983535694 0.3871472773104906 0
1651983540773 0.39034626650214194 0
1651983545824 0.40155303115844726 0
1651983550969 0.47304162901192903 0
1651983556013 0.3726760355502367 0
1651983561129 0.37371881670355794 0
1651983566167 0.4499228033453226 0
1651983571231 0.387351246419549 0
1651983576307 0.3912783511161804 0
1651983581344 0.3959949739873409 0
1651983586397 0.4220656851619482 0
1651983591420 0.38091574057638644 0
1651983596374 0.41785996699035166 0
1651983601199 0.3816901753291488 0
1651983606232 0.37878229434639216 0
1651983611925 1.3683208723068236 0
1651983617178 1.2964058639526368 0
1651983622410 1.2413268498420715 0
1651983627598 1.0806920042037964 0
1651983632862 0.993705885887146 0
1651983638078 1.007091496658325 0
1651983643195 0.999867511844635 0
1651983648355 0.8974890927791596 0
1651983653615 0.8965277381420136 0
1651983658523 0.8398384832382202 0
1651983663423 0.8501850879192352 0
1651983668551 0.7187701446771622 0
1651983673709 0.808876292347908 0
1651983678961 0.7495980151176452 0
1651983684117 0.7289300310373307 0
1651983689270 0.672512944483757 0
1651983694343 0.643858577811718 0
1651983699469 0.6677770919561387 0
1651983704704 0.5781483170747757 0
1651983709758 0.6338295222043991 0
1651983715018 0.6082749444961548 0
1651983720179 0.6477293322801589 0
1651983725389 0.5347863433659077 0
1651983730577 0.5819730083703994 0
1651983735642 0.5548833638370038 0
1651983740799 0.6002355204641819 0
1651983745914 0.5012783741146326 0
1651983751198 0.4849081213235855 0
1651983756295 0.6029223655521869 0
1651983761319 0.6525572471141815 0
1651983766428 0.5273461295187474 0
1651983771623 0.4098832123577595 0
1651983776862 0.45165895281210544 0
1651983781995 0.4964488011732697 0
1651983787241 0.4736665295481682 0
1651983792358 0.45965764618217947 0
1651983797544 0.5114967016369104 0
1651983802758 0.4048996662244201 0
1651983807912 0.503096454167366 0
1651983813158 0.447708262167871 0
1651983818338 0.4540659211441874 0
1651983823423 0.47084657004773617 0
1651983828629 0.47432615874744954 0
1651983833741 0.414991008733958 0
1651983838920 0.4129109187781811 0
1651983844148 0.43450534997060897 0
1651983849349 0.4146369275033474 0
1651983854520 0.4088726629603654 0
1651983859647 0.38719056396596135 0
1651983864954 0.4200915140800178 0
1651983871005 1.2139034851905608 0
1651983876222 1.1280020459648799 0
1651983881543 1.0663172312320817 0
1651983886793 0.9225811817140955 0
1651983892308 0.9735381235645207 0
1651983897534 0.9080074876517051 0
1651983902707 0.8451363521472147 0
1651983908067 0.8852858013762405 0
1651983913375 0.7836766782868597 0
1651983918698 0.8187148219515119 0
1651983924026 0.7813851413046701 0
1651983929281 0.6708208729586951 0
1651983934734 0.6051667803471077 0
1651983940097 0.7593633168028412 0
1651983945374 0.5566878623665751 0
1651983950598 0.688091836802648 0
1651983955948 0.6452010254438793 0
1651983961325 0.62160719712929 0
1651983966698 0.506062813927398 0
1651983972019 0.5505658397169727 0
1651983977277 0.5925402053357792 0
1651983982687 0.4882426467757865 0
1651983987872 0.468904082165 0
1651983993206 0.5678501651570377 0
1651983998391 0.573201858695089 0
1651984003685 0.5168636175407949 0
1651984009047 0.49049868254327467 0
1651984014359 0.5053575189918679 0
1651984019749 0.4594075215544837 0
1651984025138 0.49602165811880156 0
1651984030440 0.5923470548054329 0
1651984035791 0.4593408120291952 0
1651984041099 0.5021014476307132 0
1651984046297 0.5066463843742164 0
1651984051635 0.49758389043698287 0
1651984056839 0.39471103990672946 0
1651984062233 0.43541379461922297 0
1651984067547 0.4225559559629108 0
1651984072981 0.5089528909186694 0
1651984078372 0.45165573004063103 0
1651984083597 0.554452609157167 0
1651984088906 0.38488865119635546 0
1651984094224 0.44497701895255004 0
1651984099448 0.46153548941728617 0
1651984104579 0.4162612179658262 0
1651984109886 0.4681789736160243 0
1651984115223 0.3831266959800133 0
1651984120354 0.3724900585772318 0
1651984125708 0.45294970035505283 0
1651984130890 0.40924885837578445 0
1651984137160 1.2995416944503784 0
1651984142565 1.2734173692703248 0
1651984148014 1.2173082015514374 0
1651984153481 1.1240609604358673 0
1651984158854 1.0630537647724152 0
1651984164382 1.0658651107311248 0
1651984169825 0.9931559506893158 0
1651984175342 0.9307959015846252 0
1651984180700 0.9438591163873673 0
1651984186204 0.9070864820957184 0
1651984191534 1.0307657537460326 0
1651984196875 0.8487405054926872 0
1651984202192 0.7774718061208725 0
1651984207627 0.8173135913848877 0
1651984213045 0.8635059755563737 0
1651984218477 0.8095524634838104 0
1651984223998 0.747701933145523 0
1651984229366 0.7595812254786491 0
1651984234870 0.8086459390714764 0
1651984240399 0.5985645177781582 0
1651984245805 0.6665248187839985 0
1651984251122 0.7024509577274323 0
1651984256574 0.678938423705101 0
1651984262000 0.6909930068135262 0
1651984267555 0.5966807481646538 0
1651984272905 0.5499447938978672 0
1651984278388 0.5532793293893338 0
1651984284000 0.6265936555981636 0
1651984289414 0.5047041698455811 0
1651984294700 0.6034355637699366 0
1651984300019 0.6014668549805879 0
1651984305466 0.583055866420269 0
1651984310633 0.5099452417060732 0
1651984316062 0.4784839812517166 0
1651984321572 0.46791716351108625 0
1651984326851 0.48780637965649365 0
1651984332477 0.4953246784687042 0
1651984337806 0.4942930424261838 0
1651984343129 0.5806639248371124 0
1651984348728 0.46981451177857814 0
1651984354299 0.5525400844141841 0
1651984359781 0.4806816843286157 0
1651984365177 0.4734867366552353 0
1651984370772 0.5622625713072718 0
1651984376205 0.5274476628415287 0
1651984381495 0.4836907415434718 0
1651984387072 0.5476328566409647 0
1651984392511 0.4356478223996237 0
1651984398039 0.43058834565654397 0
1651984403588 0.397218168218853 0
