1653276975758 2.235728006362915 0
1653276991215 2.043764236831665 0
1653277006471 1.923607746887207 0
1653277021510 1.8132196871757507 0
1653277036679 1.7496141547203063 0
1653277051933 1.6507156741142273 0
1653277067234 1.5452269055366517 0
1653277082540 1.4850395033836365 0
1653277098191 1.3671906204223634 0
1653277113661 1.2947901113986968 0
1653277129267 1.164537479519844 0
1653277144873 1.0875986954689025 0
1653277159851 0.9766904200196266 0
1653277175133 0.8866127413749695 0
1653277190612 0.808467236995697 0
1653277205981 0.6953765757083893 0
1653277221159 0.6177318825423718 0
1653277236552 0.5535890231072903 0
1653277251836 0.5110979718990624 0
1653277267267 0.43597807746529577 0
1653277282798 0.3526111845627427 0
1653277298088 0.34044891216009854 0
1653277313754 0.3024460275452584 0
1653277329187 0.30136998965218664 0
1653277344595 0.28674382617399097 0
1653277359929 0.22375194988027214 0
1653277375461 0.23733539312891663 0
1653277391080 0.2201079116656445 0
1653277406348 0.20127674795472994 0
1653277421685 0.22786475021010263 0
1653277436894 1.8468362657546997 0
1653277446857 1.5340058444976807 0
1653277456721 1.3856031296730043 0
1653277467007 1.2582640513420105 0
1653277476901 1.1307784352302552 0
1653277486921 1.0183629878997802 0
1653277497006 0.8977396188735962 0
1653277507283 0.7850423686265945 0
1653277517269 0.6705550077915192 0
1653277527124 0.5761494851827621 0
1653277537160 0.5053992921203375 0
1653277547264 0.41178712188601496 0
1653277557300 0.39352603826075794 0
1653277567257 0.3285246351219714 0
1653277577234 0.2941585621293634 0
1653277587243 0.25698160834386946 0
1653277597262 0.23078773450199513 0
1653277607415 0.22115736624374985 0
1653277617726 0.20089933322109282 0
1653277627930 0.17334713955298067 0
1653277638143 0.18056861197277904 0
1653277648243 0.16311842627711595 0
1653277658126 0.1762320727453567 0
1653277668217 0.17622938352199272 0
1653277678219 0.14481073916768655 0
1653277688345 0.14062155445478858 0
1653277698540 0.14128051766529678 0
1653277708808 0.1273652911143843 0
1653277718822 0.1458327802591026 0
1653277729002 0.14595218615648337 0
1653277749402 1.9754569469451904 0
1653277759587 1.649407546043396 0
1653277769976 1.5215603823661805 0
1653277780487 1.3972258108019828 0
1653277791003 1.2833814677238464 0
1653277801087 1.187293851017952 0
1653277811667 1.0517306228637695 0
1653277822021 0.9397935767173767 0
1653277832466 0.8049803276658059 0
1653277842846 0.7334238157272339 0
1653277852957 0.6317894149303436 0
1653277863332 0.5128746851027012 0
1653277873960 0.46276902133524417 0
1653277884316 0.40911908141076564 0
1653277894553 0.3266548254832625 0
1653277905004 0.3443850229941309 0
1653277914800 0.2914951347306371 0
1653277925280 0.2674947558648884 0
1653277935783 0.25160855867117643 0
1653277946214 0.2174776975631714 0
1653277956472 0.2150921205472201 0
1653277966913 0.20358410911615937 0
1653277977113 0.19188648167550565 0
1653277987444 0.18214072985928506 0
1653277997942 0.19803759845811875 0
1653278008270 0.18162236405890436 0
1653278018716 0.16203551975525915 0
1653278028863 0.1551423109760508 0
1653278039065 0.1634009363060817 0
1653278049354 0.15599614291405306 0
1653278074555 1.8145545507431031 0
1653278084797 1.4721848514080047 0
1653278094941 1.3289347264289857 0
1653278105328 1.1932880828857422 0
1653278115513 1.1089924806594849 0
1653278125737 0.9765752917051316 0
1653278135941 0.8837996072530746 0
1653278146315 0.7674789034724235 0
1653278156671 0.6668789744973183 0
1653278166993 0.5648581718206406 0
1653278177485 0.4959386196911335 0
1653278187692 0.4342468353807926 0
1653278198013 0.36760299881100655 0
1653278208504 0.3628081299394369 0
1653278219217 0.2942475934363902 0
1653278229575 0.2481382381260395 0
1653278239912 0.25678058202415704 0
1653278250289 0.22215349566563963 0
1653278260613 0.21021020321175457 0
1653278271073 0.2078933754466474 0
1653278281703 0.18171823426000774 0
1653278291666 0.18407176619395613 0
1653278302014 0.16505416260575875 0
1653278312337 0.16285316731780766 0
1653278322857 0.1513574729584856 0
1653278333274 0.1582521623902954 0
1653278343833 0.1556142826168798 0
1653278354475 0.14522862212625332 0
1653278364801 0.12280044177519157 0
1653278374986 0.14400490341833794 0
1653278405254 1.9485542825698852 0
1653278415779 1.6773990869522095 0
1653278426215 1.574337230682373 0
1653278436931 1.46693744764328 0
1653278447603 1.3643668309688568 0
1653278458001 1.2605685625076295 0
1653278468629 1.1466908000946046 0
1653278479075 1.0354166952371597 0
1653278489622 0.9216615022182465 0
1653278500183 0.8303092319369316 0
1653278510818 0.738836029112339 0
1653278521093 0.6282498899459839 0
1653278531006 0.5572640106379986 0
1653278541580 0.4653861524790525 0
1653278552069 0.39855811429321764 0
1653278562514 0.38356107137203216 0
1653278573216 0.347153872539103 0
1653278583508 0.2935916547015309 0
1653278594181 0.26965466339066624 0
1653278604668 0.2807658947326243 0
1653278615169 0.24923650411367415 0
1653278625654 0.2147749537244439 0
1653278636194 0.22637368283122777 0
1653278646687 0.21266992604546248 0
1653278656989 0.20100506473798305 0
1653278667399 0.18726522308960558 0
1653278677952 0.20190768999811262 0
1653278688655 0.18208577215783298 0
1653278698799 0.18372004212886095 0
1653278709359 0.1747484918163158 0
