1645720724710 2.0920094020843507 0
1645720726635 1.7660101795196532 0
1645720728588 1.6226939155578612 0
1645720730474 1.5281916135787963 0
1645720732430 1.4525242696762084 0
1645720734381 1.3835462802886962 0
1645720736269 1.3087511995315553 0
1645720738206 1.2654478559494018 0
1645720740118 1.2025639085769653 0
1645720741965 1.14259325466156 0
1645720744838 1.998082473373413 0
1645720747386 1.7295096214294434 0
1645720749963 1.6163381565093995 0
1645720752645 1.5265284185409547 0
1645720755199 1.4434785257339477 0
1645720757671 1.363049190711975 0
1645720760250 1.2814686783790588 0
1645720762780 1.2155877556800843 0
1645720765358 1.1424017308235168 0
1645720767909 1.0493626309394837 0
1645720771622 1.8485778060913085 0
1645720774532 1.626354383468628 0
1645720777627 1.5378233335494995 0
1645720780696 1.4617505113601685 0
1645720783762 1.3908355543136597 0
1645720786888 1.3321798566818237 0
1645720789995 1.2574985681533815 0
1645720793025 1.176487675666809 0
1645720795952 1.1107086442947387 0
1645720798940 1.028451628780365 0
1645720803498 1.7817341796875 0
1645720806994 1.401242486000061 0
1645720810560 1.2687303775787353 0
1645720814119 1.1840657327651978 0
1645720817681 1.1146906189918517 0
1645720821217 1.0301579438209534 0
1645720824705 0.9594961176395417 0
1645720828186 0.8729801122665405 0
1645720831698 0.8004383209228516 0
1645720835237 0.7306669102668762 0
1645720840675 1.9336406202316285 0
1645720844668 1.6298658699035644 0
1645720848666 1.517089359474182 0
1645720852643 1.4157161468505859 0
1645720856670 1.333419613456726 0
1645720860706 1.240605327796936 0
1645720864729 1.15916038646698 0
1645720868731 1.0598614562034607 0
1645720872759 0.9903935466766357 0
1645720876855 0.8984746762275696 0
1645720883256 1.9468667467117309 0
1645720887811 1.7047675687789916 0
1645720892358 1.6087361053466798 0
1645720896942 1.523542958831787 0
1645720901416 1.4528394414901733 0
1645720905861 1.3567602996826171 0
1645720910292 1.2946314395904541 0
1645720914845 1.2290155326843262 0
1645720919317 1.1342655499458314 0
1645720923832 1.0557075483322143 0
1645720931117 1.7587023664474488 0
1645720936000 1.4740257263183594 0
1645720940874 1.3629550209045411 0
1645720945931 1.268415030479431 0
1645720950932 1.1761678342819213 0
1645720955885 1.0918586896896363 0
1645720960941 1.006185385608673 0
1645720965889 0.9104060144424438 0
1645720970911 0.8255142862319946 0
1645720976010 0.7336439101219178 0
1645720984269 1.896269224357605 0
1645720989860 1.6590708015441895 0
1645720995373 1.5635268522262573 0
1645721000830 1.490231625366211 0
1645721006237 1.408268081855774 0
1645721011798 1.337140565776825 0
1645721017389 1.2552089981079102 0
1645721022909 1.1786001677513123 0
1645721028447 1.0864485177993775 0
1645721033970 1.0182674877166749 0
1645721043208 1.88009549369812 0
1645721049096 1.653508254623413 0
1645721055042 1.559285938835144 0
1645721060918 1.482333092880249 0
1645721066847 1.41009709482193 0
1645721072790 1.3384565454483033 0
1645721078756 1.2421920936584472 0
1645721084788 1.1555450523376465 0
1645721090752 1.0840108758926392 0
1645721096712 1.0109324573516845 0
1645721107028 1.9660570869445801 0
1645721113439 1.743542037963867 0
1645721119850 1.6433848663330077 0
1645721126221 1.5591880825042725 0
1645721132662 1.4756647394180298 0
1645721139154 1.389138604736328 0
1645721145502 1.3252069883346558 0
1645721152034 1.2387654909133912 0
1645721158541 1.1604263630867004 0
1645721164927 1.0772760865211486 0
1645721176287 1.8631944396972657 0
1645721183132 1.6434324378967284 0
1645721190020 1.543438851737976 0
1645721197015 1.4730304094314575 0
1645721203981 1.4058023204803467 0
1645721211063 1.3336707721710206 0
1645721218047 1.2771226881027222 0
1645721225013 1.1918487747192383 0
1645721231976 1.1257104155540467 0
1645721238998 1.0584278864860535 0
1645721251671 2.0828199909210205 0
1645721259342 1.8885246572494507 0
1645721266854 1.777825290298462 0
1645721274341 1.687239521217346 0
1645721282000 1.607515439605713 0
1645721289614 1.5212696334838867 0
1645721296947 1.4330447122573853 0
1645721304621 1.3278154592514038 0
1645721312079 1.2264874984741212 0
1645721319683 1.1356894268989564 0
1645721333616 1.9428788478851318 0
1645721342077 1.7149127557754518 0
1645721349972 1.6119405435562133 0
1645721358323 1.5335695894241332 0
1645721366472 1.453618671798706 0
1645721374742 1.3949802669525146 0
1645721382887 1.3093675703048706 0
1645721391295 1.2309968832015992 0
1645721399503 1.1505825361251831 0
1645721407564 1.069579132080078 0
1645721422762 1.944530657196045 0
1645721431409 1.7222271633148194 0
1645721440215 1.6379561403274536 0
1645721449015 1.5412037015914917 0
1645721457800 1.4712716093063354 0
1645721466542 1.3980433919906616 0
1645721475396 1.3138183492660522 0
1645721484324 1.2247413033485413 0
1645721493069 1.1275031435012817 0
1645721501896 1.062802730369568 0
1645721518150 1.812394504547119 0
1645721527429 1.5189453958511352 0
1645721536970 1.393309764099121 0
1645721546538 1.3016618120193482 0
1645721556105 1.2040723704338074 0
1645721565487 1.1194357999801636 0
1645721574864 1.0536039100646972 0
1645721584278 0.9535814979553222 0
1645721594106 0.8644417141914368 0
1645721603534 0.7948793801784515 0
1645721621051 1.8422877279281615 0
1645721630946 1.595512201309204 0
1645721640984 1.4780459842681886 0
1645721651291 1.3905336950302125 0
1645721661531 1.2956786781311036 0
1645721671936 1.222868620967865 0
1645721682304 1.1257977387428284 0
1645721692448 1.0522689703941346 0
1645721702537 0.9603529877662659 0
1645721712708 0.858009968662262 0
1645721732358 1.7990823600769044 0
1645721743120 1.5216845613479615 0
1645721753891 1.403340391921997 0
1645721764619 1.329827833366394 0
1645721775493 1.241276842880249 0
1645721786464 1.1538115617752076 0
1645721797151 1.0769307766914367 0
1645721807832 0.9861361336708069 0
1645721818805 0.9015746547698975 0
1645721829790 0.819634132385254 0
1645721850796 1.831776505279541 0
1645721862399 1.580538524055481 0
1645721873907 1.4740597621917724 0
1645721885677 1.403680454826355 0
1645721897279 1.3124119451522827 0
1645721908990 1.2286746406555176 0
1645721920574 1.1393094782829285 0
1645721932190 1.0672193822860718 0
1645721943807 0.9695636403083802 0
1645721955144 0.8892034326553345 0
1645721977652 1.7753714092254638 0
1645721989920 1.5204894548416137 0
1645722002212 1.414922247695923 0
1645722014330 1.3175043663024901 0
1645722026599 1.2349405089378358 0
1645722038911 1.1472602058410644 0
1645722051130 1.0754020827293396 0
1645722063062 0.9927546168327331 0
1645722075279 0.9068405033111572 0
1645722087409 0.8393052125453949 0
1645722111379 1.9604026119232179 0
1645722124506 1.7466276390075683 0
1645722137748 1.6391323187828064 0
1645722150769 1.5526516994476318 0
1645722163698 1.471586199760437 0
1645722176779 1.4049844835281373 0
1645722189700 1.3309369644165039 0
1645722202769 1.2293964597702027 0
1645722215611 1.1651180499076843 0
1645722228716 1.0831831971168517 0
