1654898102985 0.7233139252789907 0
1654898127328 0.9070232896652111 0
1654898152064 0.9530567685589519 0
1654898175740 0.9642163998059194 0
1654898199738 0.9734352256186317 0
1654898223912 0.9786511402231927 0
1654898247863 0.9784691897137312 0
1654898270984 0.9847768073750607 0
1654898295078 0.9829573022804464 0
1654898318884 0.9881732168850073 0
1654898342640 0.9882338670548277 0
1654898367138 0.9905992236778263 0
1654898391559 0.989932071809801 0
1654898414744 0.9895075206210577 0
1654898438652 0.99108442503639 0
1654898462600 0.9910237748665697 0
1654898486553 0.993874332848132 0
1654898509191 0.9924187287724405 0
1654898533112 0.993995633187773 0
1654898556140 0.991205725376031 0
1654898580042 0.9929039301310044 0
1654898604182 0.9944201843765162 0
1654898627457 0.9946021348859777 0
1654898650970 0.9922367782629792 0
1654898674072 0.995269286754003 0
1654898697230 0.9943595342066958 0
1654898721663 0.9944201843765162 0
1654898749270 0.9955118874332848 0
1654898772629 0.9948447355652595 0
1654898795571 0.993995633187773 0
1654898818829 0.9957544881125667 0
1654898843120 0.99490538573508 0
1654898866268 0.9963609898107715 0
1654898890390 0.9967855409995148 0
1654898913756 0.9943595342066958 0
1654898936254 0.9955118874332848 0
1654898959515 0.997331392527899 0
1654898982096 0.9944201843765162 0
1654899005724 0.9963609898107715 0
1654899028032 0.9967855409995148 0
1654899050672 0.995269286754003 0
1654899074390 0.9978165938864629 0
1654899098731 0.9955725376031053 0
1654899121376 0.9959970887918487 0
1654899144265 0.9962396894711305 0
1654899166823 0.9983017952450267 0
1654899189771 0.994784085395439 0
1654899213373 0.9970281416787967 0
1654899238063 0.9964822901504125 0
1654899260799 0.9958757884522077 0
1654899289776 0.8692830280237778 0
1654899305729 0.9660317845444619 0
1654899321449 0.9787092078126896 0
1654899337567 0.9841683852966153 0
1654899353900 0.9874438917869708 0
1654899369925 0.9865340288729831 0
1654899386084 0.9893849326701444 0
1654899401907 0.9907800558049253 0
1654899417537 0.9940555622952808 0
1654899433641 0.9918718913017105 0
1654899449944 0.993752274657285 0
1654899465666 0.9932063569088924 0
1654899482060 0.9946621375712726 0
1654899498084 0.9932063569088924 0
1654899514185 0.9958146305956569 0
1654899529789 0.9953900279024627 0
1654899545894 0.9950867402644669 0
1654899561889 0.996178575761252 0
1654899577780 0.9948441101540701 0
1654899593917 0.9952080553196652 0
1654899610191 0.996845808564843 0
1654899626337 0.9947227950988717 0
1654899642104 0.9959966031784544 0
1654899657784 0.996542520926847 0
1654899673717 0.9959966031784544 0
1654899690000 0.996845808564843 0
1654899706092 0.9964212058716486 0
1654899722288 0.9953900279024627 0
1654899738077 0.9964212058716486 0
1654899754284 0.996906466092442 0
1654899770483 0.9962998908164503 0
1654899786294 0.9967851510372437 0
1654899802273 0.996542520926847 0
1654899818362 0.9973917263132355 0
1654899834413 0.9964818633992478 0
1654899850717 0.9970884386752396 0
1654899866508 0.996906466092442 0
1654899882399 0.9969671236200413 0
1654899898567 0.9971490962028388 0
1654899914811 0.9976343564236322 0
1654899930769 0.9966031784544462 0
1654899946976 0.9976950139512314 0
1654899963125 0.9963605483440495 0
1654899978952 0.9981196166444256 0
1654899995021 0.9976950139512314 0
1654900011392 0.9964818633992478 0
1654900027812 0.9986048768652189 0
1654900043648 0.9980589591168264 0
1654900059304 0.9969671236200413 0
1654900074955 0.9978163290064297 0
1654900117817 0.9308420286338267 0
1654900134563 0.9764013588934725 0
1654900151303 0.9844091239990294 0
1654900168024 0.9884130065518079 0
1654900184564 0.9929022082018928 0
1654900201413 0.9909609318126669 0
1654900218304 0.9938728463965057 0
1654900234841 0.9927808784275661 0
1654900251817 0.9929022082018928 0
1654900268496 0.9957534578985683 0
1654900285397 0.9953894685755884 0
1654900301883 0.9950861441397719 0
1654900318449 0.9952681388012619 0
1654900334995 0.9961174472215482 0
1654900351601 0.9972094151904878 0
1654900368060 0.9962994418830381 0
1654900384614 0.9967847609803446 0
1654900401043 0.9961174472215482 0
1654900417647 0.9967847609803446 0
1654900434033 0.9963601067702014 0
1654900450800 0.997452074739141 0
1654900467596 0.9969667556418345 0
1654900483781 0.998240718272264 0
1654900500450 0.9969060907546712 0
1654900516939 0.9973914098519777 0
1654900533634 0.9966027663188547 0
1654900550421 0.998422712933754 0
1654900566802 0.9979980587236108 0
1654900583428 0.9983013831594273 0
1654900599825 0.9969060907546712 0
1654900616396 0.9976947342877942 0
1654900633407 0.9975127396263043 0
1654900649692 0.9981193884979374 0
1654900666200 0.9981193884979374 0
1654900683010 0.9978160640621209 0
1654900699659 0.9987260373695704 0
1654900715670 0.9981193884979374 0
1654900731921 0.9971487503033244 0
1654900748457 0.9988473671438971 0
1654900764630 0.9993326862412036 0
1654900781268 0.9978160640621209 0
1654900797681 0.9979373938364474 0
1654900813976 0.997452074739141 0
1654900830797 0.9989080320310604 0
1654900847582 0.9975127396263043 0
1654900864430 0.9981193884979374 0
1654900881248 0.9980587236107741 0
1654900898175 0.9981800533851007 0
1654900914634 0.9987867022567338 0
1654900931184 0.9980587236107741 0
1654900988289 0.8690931149529876 0
1654901004688 0.9626933575978162 0
1654901020651 0.9760994843797391 0
1654901036849 0.9827115559599636 0
1654901052888 0.9848346982104944 0
1654901069135 0.9882317258113437 0
1654901084882 0.9904155292690324 0
1654901100221 0.9909614801334546 0
1654901116282 0.9916287534121929 0
1654901132505 0.9933272672126175 0
1654901148538 0.9916894146193509 0
1654901164813 0.994601152562936 0
1654901181053 0.9924173491052471 0
1654901196906 0.9930846223839854 0
1654901213239 0.9957537154989384 0
1654901229206 0.9938732180770398 0
1654901245278 0.9945404913557779 0
1654901260961 0.9957537154989384 0
1654901277118 0.9941158629056718 0
1654901293132 0.994661813770094 0
1654901309233 0.9951471034273582 0
1654901325009 0.9963603275705186 0
1654901341153 0.9953897482559902 0
1654901357266 0.9958750379132545 0
1654901373485 0.9962996663633606 0
1654901389431 0.9962996663633606 0
1654901405257 0.9959963603275706 0
1654901421477 0.9959963603275706 0
1654901437344 0.9967242948134668 0
1654901453558 0.9964816499848347 0
1654901469797 0.9966636336063087 0
1654901485883 0.9959963603275706 0
1654901501967 0.9975735517136791 0
1654901518236 0.9961783439490446 0
1654901534553 0.9966636336063087 0
1654901550629 0.9969062784349408 0
1654901566639 0.9968456172277829 0
1654901582824 0.997512890506521 0
1654901598687 0.9954504094631483 0
1654901614491 0.9976342129208371 0
1654901629952 0.9968456172277829 0
1654901646090 0.9981801637852593 0
1654901662530 0.9969062784349408 0
1654901678908 0.9964209887776767 0
1654901695021 0.9974522292993631 0
1654901710679 0.997330906885047 0
1654901726342 0.9967242948134668 0
1654901741963 0.9979375189566272 0
1654901757849 0.9969669396420989 0
1654901773796 0.997270245677889 0
1654901845150 0.8898926817437701 0
1654901861795 0.968107682046929 0
1654901878000 0.9807797247317044 0
1654901894667 0.9842963681561875 0
1654901911316 0.9875098526647669 0
1654901927956 0.9909658643060693 0
1654901944673 0.9894500697265507 0
1654901961366 0.9928454495846722 0
1654901977525 0.9919359728369611 0
1654901993827 0.9932698720669375 0
1654902010656 0.9945431395137331 0
1654902027243 0.9935123991996605 0
1654902043547 0.9944825077305524 0
1654902060191 0.9958164069605288 0
1654902076940 0.9958770387437095 0
1654902093640 0.9946644030800946 0
1654902110284 0.9955738798278058 0
1654902126426 0.9963620930091553 0
1654902142851 0.9953313526950828 0
1654902159557 0.9967865154914206 0
1654902176429 0.9959376705268902 0
1654902192401 0.995513248044625 0
1654902208880 0.9972715697568666 0
1654902225781 0.9964227247923362 0
1654902242802 0.9966652519250592 0
1654902259121 0.9968471472746013 0
1654902275916 0.9967865154914206 0
1654902292695 0.9966046201418783 0
1654902309684 0.9973322015400473 0
1654902326370 0.9970290426241436 0
1654902342705 0.9967865154914206 0
1654902360011 0.9969684108409629 0
1654902376436 0.9969684108409629 0
1654902393373 0.9979991511550355 0
1654902409830 0.9968471472746013 0
1654902427141 0.997635360455951 0
1654902444277 0.997392833323228 0
1654902461962 0.9989086279027466 0
1654902478990 0.9960589340932516 0
1654902495883 0.9985448372036622 0
1654902513198 0.997635360455951 0
1654902530465 0.9964227247923362 0
1654902547514 0.9984842054204814 0
1654902564393 0.9979991511550355 0
1654902581228 0.9979991511550355 0
1654902598358 0.9970290426241436 0
1654902614848 0.9975140968895895 0
1654902631430 0.9970896744073243 0
1654902647791 0.997877887588674 0
1654902664722 0.9983023100709392 0
1654902752579 0.7982280478184356 0
1654902769545 0.931185144729656 0
1654902786704 0.9562473451058924 0
1654902804070 0.967473754475393 0
1654902821413 0.974755749742096 0
1654902838199 0.9783967473754476 0
1654902855551 0.9814915953637964 0
1654902872675 0.9830086777110262 0
1654902889331 0.987074458401602 0
1654902905834 0.9870137751077128 0
1654902923497 0.9868924085199344 0
1654902940763 0.9899872565082832 0
1654902957836 0.9884701741610534 0
1654902975296 0.9910795557982888 0
1654902992602 0.9918684386188482 0
1654903009872 0.990533406153286 0
1654903028208 0.9935068875538564 0
1654903045355 0.991504338855513 0
1654903062226 0.9916863887371806 0
1654903079143 0.9938103040233024 0
1654903095774 0.9917470720310698 0
1654903113471 0.9922325383821834 0
1654903131161 0.9930214212027428 0
1654903148458 0.994295770374416 0
1654903165751 0.9932034710844104 0
1654903182900 0.99399235390497 0
1654903199831 0.9938103040233024 0
1654903217217 0.99623763577887 0
1654903234153 0.9925359548516294 0
1654903251348 0.9941744037866376 0
1654903268614 0.994659870137751 0
1654903286091 0.994963286607197 0
1654903303395 0.9950846531949754 0
1654903320782 0.9950846531949754 0
1654903337970 0.9950846531949754 0
1654903355058 0.9941137204927484 0
1654903372090 0.9956308028399782 0
1654903389490 0.9952060197827538 0
1654903406097 0.9953880696644214 0
1654903422892 0.9954487529583106 0
1654903439419 0.9967837854238728 0
1654903456431 0.9970265185994296 0
1654903473357 0.995266703076643 0
1654903490198 0.9950846531949754 0
1654903507180 0.99623763577887 0
1654903523274 0.9956308028399782 0
1654903539768 0.9950239699010862 0
1654903556213 0.995873536015535 0
1654903573058 0.997147885187208 0
1654903589286 0.9960555858972026 0
1654903689630 0.8934699569514339 0
1654903706637 0.9649548293215303 0
1654903723587 0.9762323409931486 0
1654903740247 0.9832656278421148 0
1654903757623 0.9875704844479476 0
1654903775210 0.9873885890984054 0
1654903792670 0.9906020736069848 0
1654903809690 0.9910871278724307 0
1654903827250 0.9924210271024071 0
1654903844327 0.9929060813678531 0
1654903861265 0.9918753410537804 0
1654903878739 0.993148608500576 0
1654903896067 0.9937549263323834 0
1654903913207 0.995513248044625 0
1654903929918 0.9941187170314679 0
1654903947482 0.9949069302128175 0
1654903964964 0.995270720911902 0
1654903981997 0.9954526162614442 0
1654903999028 0.9946037712969138 0
1654904016409 0.995270720911902 0
1654904033272 0.9967258837082399 0
1654904050224 0.9956951433941672 0
1654904067495 0.9970290426241436 0
1654904084893 0.9961195658764325 0
1654904102410 0.9950281937791791 0
1654904120029 0.9983023100709392 0
1654904137474 0.9966652519250592 0
1654904154587 0.9953313526950828 0
1654904171820 0.997392833323228 0
1654904189002 0.9961195658764325 0
1654904206041 0.9973322015400473 0
1654904223464 0.9974534651064088 0
1654904241028 0.9967258837082399 0
1654904258570 0.9966046201418783 0
1654904275459 0.9981810465045777 0
1654904292629 0.9969684108409629 0
1654904309665 0.9970896744073243 0
1654904326691 0.9979991511550355 0
1654904344067 0.9959376705268902 0
1654904361224 0.997392833323228 0
1654904378705 0.9972109379736858 0
1654904396116 0.996907779057782 0
1654904413624 0.9970896744073243 0
1654904431206 0.9972109379736858 0
1654904448931 0.9972715697568666 0
1654904466008 0.998120414721397 0
1654904483230 0.9967865154914206 0
1654904499914 0.9984235736373007 0
1654904517115 0.9978172558054932 0
1654904534718 0.998120414721397 0
1654904648920 0.7627365356622998 0
1654904666232 0.920790878214459 0
1654904683911 0.9537845705967977 0
1654904701001 0.9634885977680737 0
1654904718425 0.9765890344492965 0
1654904735140 0.9785904900533722 0
1654904752097 0.9819262493934983 0
1654904769258 0.9819868995633187 0
1654904786515 0.9866569626394954 0
1654904803522 0.982654051431344 0
1654904820828 0.9878093158660844 0
1654904837703 0.9870815138282387 0
1654904855137 0.9884764677341097 0
1654904872362 0.9895075206210577 0
1654904890040 0.990053372149442 0
1654904907275 0.9907205240174672 0
1654904924810 0.991448326055313 0
1654904941732 0.9903566229985444 0
1654904959103 0.9917515769044153 0
1654904976526 0.9919941775836972 0
1654904993852 0.9934497816593887 0
1654905010899 0.9921761280931587 0
1654905027846 0.9919941775836972 0
1654905045189 0.99363173216885 0
1654905062572 0.99235807860262 0
1654905079841 0.9929039301310044 0
1654905096638 0.991327025715672 0
1654905113865 0.9935710819990295 0
1654905131049 0.9938136826783115 0
1654905148103 0.9936923823386705 0
1654905165153 0.9940562833575934 0
1654905182188 0.9953299369238234 0
1654905199046 0.9934497816593887 0
1654905215740 0.9936923823386705 0
1654905233272 0.9935710819990295 0
1654905250145 0.9953299369238234 0
1654905267493 0.9941169335274139 0
1654905283940 0.9967855409995148 0
1654905300537 0.993995633187773 0
1654905317766 0.9935710819990295 0
1654905334611 0.9953299369238234 0
1654905351615 0.9957544881125667 0
1654905368727 0.9953299369238234 0
1654905385992 0.9938136826783115 0
1654905403402 0.9947234352256187 0
1654905420314 0.9958151382823872 0
1654905437388 0.996057738961669 0
1654905454684 0.9956938379427462 0
1654905471679 0.9946627850557982 0
1654905488589 0.9972100921882582 0
1654905619937 0.8011404998786702 0
1654905638010 0.9241688910458626 0
1654905655324 0.9573525843241931 0
1654905673178 0.9699102159669983 0
1654905691335 0.9762193642319825 0
1654905709162 0.9790099490414947 0
1654905726931 0.9817398689638437 0
1654905744448 0.9862290706139286 0
1654905762319 0.9849551079834992 0
1654905780253 0.9875030332443582 0
1654905798193 0.9875636981315215 0
1654905816261 0.9907789371511769 0
1654905833836 0.9890803203106042 0
1654905851975 0.9901722882795438 0
1654905869567 0.9914462509099733 0
1654905887502 0.9914462509099733 0
1654905905549 0.9927808784275661 0
1654905923481 0.9916889104586265 0
1654905941179 0.9922955593302596 0
1654905959269 0.9918102402329532 0
1654905977200 0.992356224217423 0
1654905994882 0.9920528997816064 0
1654906012857 0.9952074739140985 0
1654906030917 0.9925988837660762 0
1654906048612 0.9932055326377093 0
1654906066097 0.9928415433147294 0
1654906083599 0.993144867750546 0
1654906101227 0.994115505945159 0
1654906119034 0.992174229555933 0
1654906136575 0.9939941761708323 0
1654906154312 0.995692793011405 0
1654906171914 0.9936908517350158 0
1654906189968 0.994722154816792 0
1654906208219 0.9951468090269352 0
1654906226048 0.9951468090269352 0
1654906243873 0.9941761708323222 0
1654906261778 0.9950254792526085 0
1654906279964 0.9953894685755884 0
1654906297861 0.9951468090269352 0
1654906315996 0.9945401601553021 0
1654906333747 0.994722154816792 0
1654906351733 0.9969060907546712 0
1654906369595 0.9952681388012619 0
1654906387310 0.9960567823343849 0
1654906404760 0.996663431206018 0
1654906422504 0.9953894685755884 0
1654906440387 0.994904149478282 0
1654906458505 0.9952681388012619 0
1654906476313 0.9965421014316913 0
1654906493788 0.9955107983499151 0
1654906641212 0.8815358485988111 0
1654906659228 0.9564478951837924 0
1654906677023 0.9716729346111852 0
1654906695001 0.9787698653402888 0
1654906712843 0.9833798374378261 0
1654906730826 0.9838650976586194 0
1654906748523 0.9890816450321485 0
1654906765901 0.9887176998665534 0
1654906783519 0.9921145214121072 0
1654906801729 0.991325973553318 0
1654906819021 0.9938129321848841 0
1654906837074 0.9904161106393303 0
1654906854922 0.9950867402644669 0
1654906872451 0.9938129321848841 0
1654906890367 0.9967244935096445 0
1654906908462 0.991689918718913 0
1654906926719 0.9946621375712726 0
1654906944371 0.9953293703748636 0
1654906962493 0.9940555622952808 0
1654906980208 0.9944195074608759 0
1654906997923 0.996906466092442 0
1654907015766 0.9943588499332767 0
1654907033659 0.9939342472400825 0
1654907051122 0.9962998908164503 0
1654907068534 0.9953293703748636 0
1654907086085 0.9962998908164503 0
1654907103763 0.9961179182336528 0
1654907121632 0.9949654252092685 0
1654907139341 0.9961179182336528 0
1654907157301 0.9966638359820453 0
1654907175166 0.9949654252092685 0
1654907193359 0.9973310687856363 0
1654907211428 0.9953293703748636 0
1654907228657 0.9960572607060536 0
1654907246855 0.9971490962028388 0
1654907264687 0.9979983015892272 0
1654907282822 0.9959966031784544 0
1654907300827 0.9950867402644669 0
1654907318847 0.9961179182336528 0
1654907336884 0.9962392332888511 0
1654907354244 0.997209753730438 0
1654907371707 0.9964818633992478 0
1654907389070 0.996542520926847 0
1654907407069 0.9977556714788305 0
1654907425014 0.997573698896033 0
1654907442956 0.9975130413684338 0
1654907461175 0.996178575761252 0
1654907479150 0.9986655343928181 0
1654907496982 0.9960572607060536 0
1654907515057 0.9966031784544462 0
