1654105671997 0.9092607897481758 0
1654105684671 0.18644127287257473 0
1654105697953 0.05601933508395845 0
1654105710839 0.024707260525609263 0
1654105723678 0.008778065864118941 0
1654105736972 0.015953042810343956 0
1654105749983 0.008780803856069629 0
1654105762673 0.0031849544952365885 0
1654105775607 0.0017252997716349363 0
1654105788454 0.0004272215950461821 0
1654105801644 0.0008649007129530188 0
1654105814659 0.0003839296346640409 0
1654105827896 0.003056820921992895 0
1654105840994 0.0037573899314826053 0
1654105854286 0.0071442145176198206 0
1654105867255 0.01314939686785682 0
1654105880487 0.00279241858195434 0
1654105893581 0.0017043990050305158 0
1654105906805 0.0014819678814623335 0
1654105920144 0.0003311865337857341 0
1654105933431 0.0003993334987288819 0
1654105946931 0.00010986898682014203 0
1654105960178 7.233773153252258e-05 0
1654105973217 8.434053801552246e-05 0
1654105986300 0.0011772683461503432 0
1654105999623 0.0063761717963753675 0
1654106012697 0.0027221813904608617 0
1654106026075 0.0011622776848605602 0
1654106039240 0.00019467196104306915 0
1654106052171 0.00011519273640198581 0
1654106108893 0.27311669224419693 0
1654106124190 0.023634659197587178 0
1654106139460 0.013174608632674306 0
1654106154641 0.001488970759655727 0
1654106169946 0.0007713962751718276 0
1654106185440 0.00254425844377312 0
1654106200691 0.005733066865045046 0
1654106215901 0.00914809110974095 0
1654106231126 0.004641802626744501 0
1654106248793 0.0018700881950057164 0
1654106263612 0.003445721403351995 0
1654106278213 0.0009183022709011956 0
1654106293112 0.0010352145818931667 0
1654106307896 0.00021740695102261785 0
1654106322637 0.00021423129485880258 0
1654106337425 0.004320306796881986 0
1654106352248 0.004113781469861857 0
1654106367220 0.0018385959825004165 0
1654106382244 0.0004945195270333605 0
1654106397062 0.00022954240723543535 0
1654106412136 0.00020055692194559464 0
1654106426779 0.00015717286565434873 0
1654106441601 0.0001734500855479679 0
1654106456746 0.00013290184035849646 0
1654106471543 0.00015243940336160262 0
1654106486351 0.0001248105195473975 0
1654106501179 0.0001201875572255852 0
1654106516262 0.00011440632025069744 0
1654106531158 0.00011501588800788163 0
1654106545940 0.00011785773662172001 0
1654106618995 0.1808941625322904 0
1654106635879 0.019171759582780654 0
1654106652816 0.010057934561575617 0
1654106670193 0.006736538381798764 0
1654106687158 0.0017762633721514188 0
1654106704241 0.0005916209660506454 0
1654106721156 0.0005509950759480386 0
1654106738085 0.002069911817997234 0
1654106754958 0.0004908571770066664 0
1654106771760 0.0004603697625757333 0
1654106788261 0.0006637466492111194 0
1654106805077 0.0008223472612487789 0
1654106821821 0.0004183977497587997 0
1654106838715 0.0003599438970978877 0
1654106855366 0.0003425694710800732 0
1654106872277 0.0003552252473086602 0
1654106888971 0.0016206533569863525 0
1654106905896 0.0016232228488139054 0
1654106922866 0.0033576490197625344 0
1654106940027 0.0004729280949239527 0
1654106957127 0.00045068671086342216 0
1654106974003 0.0006486107710205103 0
1654106991077 0.00038780933823575963 0
1654107008208 0.00032216291254880597 0
1654107025034 0.00032179924534066066 0
1654107042216 0.0002982870003126249 0
1654107059017 0.0002910367214029509 0
1654107075877 0.00027860259360194383 0
1654107092706 0.0002778333984690883 0
1654107109669 0.0002746367231006309 0
1654107199829 0.3433427419495391 0
1654107218274 0.05445121216069254 0
1654107237140 0.02648494717602326 0
1654107256033 0.020776721416493078 0
1654107274694 0.005968968722094731 0
1654107293328 0.004686563885688845 0
1654107312324 0.009819046855526325 0
1654107330960 0.0037476537617930454 0
1654107349585 0.0018650177764771827 0
1654107368266 0.0018846458943222982 0
1654107387103 0.009358162181426502 0
1654107405948 0.0027815180414343865 0
1654107424583 0.0011744074320763445 0
1654107443487 0.0008248776081794723 0
1654107461842 0.004347669736112555 0
1654107480480 0.004241879787205692 0
1654107499247 0.008347816492095952 0
1654107517575 0.003277731642982397 0
1654107536009 0.001668469267352295 0
1654107554734 0.0008957304729441302 0
1654107573720 0.0010301299224237152 0
1654107592290 0.0010005539040159708 0
1654107611145 0.0007561960590739546 0
1654107629829 0.0007606116830390523 0
1654107648547 0.0007692094878567492 0
1654107667266 0.000725402215438098 0
1654107685968 0.00069775116097452 0
1654107704663 0.0007158347259285781 0
1654107723351 0.0008663075219338851 0
1654107742137 0.004524142994016484 0
1654107849493 0.1692245511897541 0
1654107869704 0.01781324656162373 0
1654107890549 0.010649233771337143 0
1654107911169 0.009260802738746281 0
1654107931176 0.00844303336110163 0
1654107951785 0.007639588690997761 0
1654107972035 0.006644073070317493 0
1654107992468 0.006249457309207816 0
1654108013406 0.015032923013091174 0
1654108033866 0.017016244680322038 0
1654108054212 0.01331527588716385 0
1654108074375 0.01131527141154116 0
1654108095034 0.012150727939050443 0
1654108115775 0.010004061143637456 0
1654108136355 0.008451778772894847 0
1654108156409 0.009103524638498034 0
1654108176562 0.007590419734832241 0
1654108197120 0.006921005585085834 0
1654108217561 0.006448068040794088 0
1654108238226 0.006066290878820469 0
1654108258782 0.005697060887254901 0
1654108279555 0.005449696786725177 0
1654108299910 0.0052085114583781565 0
1654108320571 0.005015555447241321 0
1654108341188 0.004759096786106879 0
1654108361702 0.004553304197088657 0
1654108382403 0.0046752370016858134 0
1654108402790 0.00438497435212974 0
1654108423896 0.011578516167945968 0
1654108444466 0.03706118627101154 0
