1644243716886 0.6664326542258263 0
1644243732502 0.22823021545410158 0
1644243748262 0.19875685051282246 0
1644243763961 0.19187103567918143 0
1644243779613 0.174177137474219 0
1644243817134 0.25741251597386 0
1644243849993 0.18308703798656314 0
1644243882813 0.17369580756601438 0
1644243915810 0.16264239575604136 0
1644243948841 0.16387906203759733 0
1644244009575 0.21950169119255786 0
1644244061403 0.1752208974281834 0
1644244113286 0.172877533583669 0
1644244165177 0.16704008206392806 0
1644244217241 0.15952823027816007 0
