1644595730900 0.0956 0
1644595732288 0.1772 0
1644595733704 0.2662 0
1644595735051 0.259 0
1644595736466 0.2622 0
1644595737869 0.323 0
1644595739266 0.3604 0
1644595740647 0.4 0
1644595742060 0.4248 0
1644595743446 0.4496 0
1644595744812 0.4628 0
1644595746208 0.4782 0
1644595747608 0.4786 0
1644595749005 0.4942 0
1644595750418 0.507 0
1644595751829 0.5194 0
1644595753214 0.5206 0
1644595754604 0.5376 0
1644595755987 0.553 0
1644595757405 0.554 0
1644595759263 0.1772 0
1644595760860 0.2246 0
1644595762416 0.2582 0
1644595763966 0.3144 0
1644595765562 0.3338 0
1644595767139 0.352 0
1644595768706 0.3672 0
1644595770250 0.3874 0
1644595771848 0.4038 0
1644595773456 0.4152 0
1644595774986 0.4284 0
1644595776573 0.4464 0
1644595778163 0.4636 0
1644595779746 0.4668 0
1644595781335 0.4792 0
1644595782927 0.503 0
1644595784452 0.5186 0
1644595786016 0.5376 0
1644595787597 0.5516 0
1644595789179 0.5634 0
1644595791378 0.1978 0
1644595793045 0.2796 0
1644595794700 0.3278 0
1644595796382 0.3532 0
1644595798014 0.3646 0
1644595799634 0.3772 0
1644595801324 0.3916 0
1644595802965 0.4046 0
1644595804765 0.4132 0
1644595806511 0.4014 0
1644595808181 0.422 0
1644595809922 0.4272 0
1644595811659 0.437 0
1644595813396 0.4458 0
1644595815137 0.4472 0
1644595817011 0.4558 0
1644595818745 0.4666 0
1644595820457 0.4744 0
1644595822150 0.4788 0
1644595823840 0.4854 0
