1644619395909 0.3516 0
1644619398428 0.5926 0
1644619400905 0.6816 0
1644619403398 0.7726 0
1644619405901 0.785 0
1644619408346 0.8406 0
1644619410875 0.8676 0
1644619413378 0.8958 0
1644619415867 0.9248 0
1644619418339 0.9102 0
1644619422371 0.6547 0
1644619426074 0.7571 0
1644619429769 0.8058 0
1644619433461 0.8427 0
1644619437072 0.8624 0
1644619440837 0.8882 0
1644619444531 0.9047 0
1644619448193 0.9323 0
1644619451878 0.9575 0
1644619455425 0.9462 0
1644619460953 0.7642666666666666 0
1644619465747 0.8268666666666666 0
1644619470607 0.8564666666666667 0
1644619475449 0.8766 0
1644619480432 0.9032 0
1644619485216 0.9147333333333333 0
1644619490148 0.9328 0
1644619495063 0.939 0
1644619500004 0.9556 0
1644619504852 0.9569333333333333 0
1644619511900 0.8549 0
1644619518168 0.8995 0
1644619524477 0.9158 0
1644619530702 0.93355 0
1644619536867 0.9438 0
1644619543188 0.9503 0
1644619549336 0.9612 0
1644619555554 0.9633 0
1644619561628 0.96635 0
1644619567792 0.97815 0
1644619576487 0.86616 0
1644619584094 0.89584 0
1644619591612 0.91484 0
1644619599253 0.932 0
1644619606808 0.932 0
1644619614511 0.94656 0
1644619622105 0.95252 0
1644619629769 0.95968 0
1644619637410 0.9654 0
1644619645010 0.97008 0
1644619655407 0.8738666666666667 0
1644619664429 0.9053333333333333 0
1644619673451 0.9201 0
1644619682596 0.9362 0
1644619691703 0.9432 0
1644619700711 0.9530333333333333 0
1644619709645 0.9581666666666667 0
1644619718733 0.9668333333333333 0
1644619727876 0.9684666666666667 0
1644619736903 0.9759666666666666 0
1644619749069 0.8981428571428571 0
1644619759623 0.9298285714285714 0
1644619770024 0.9390571428571428 0
1644619780475 0.9445714285714286 0
1644619790976 0.9532571428571428 0
1644619801369 0.9626571428571429 0
1644619811878 0.9691428571428572 0
1644619822100 0.972 0
1644619832615 0.9749428571428571 0
1644619843192 0.9764571428571429 0
1644619857140 0.911375 0
1644619869131 0.929375 0
1644619881236 0.937025 0
1644619893373 0.948675 0
1644619905356 0.95555 0
1644619917452 0.954675 0
1644619929570 0.961225 0
1644619941680 0.9671 0
1644619953599 0.9725 0
1644619965862 0.97695 0
1644619981763 0.9108222222222222 0
1644619995297 0.9330666666666667 0
1644620009050 0.9387555555555556 0
1644620022660 0.9501777777777778 0
1644620036329 0.9555555555555556 0
1644620050219 0.9565333333333333 0
1644620063745 0.9628222222222222 0
1644620077495 0.9671333333333333 0
1644620091132 0.9718444444444444 0
1644620104906 0.9729555555555556 0
1644620122639 0.9154 0
1644620137835 0.93542 0
1644620153325 0.94428 0
1644620168795 0.9509 0
1644620184192 0.95638 0
1644620199574 0.96174 0
1644620215152 0.96604 0
1644620230716 0.96422 0
1644620246203 0.97176 0
1644620261860 0.97588 0
1644620281664 0.9255272727272728 0
1644620298963 0.9383454545454546 0
1644620316112 0.9455272727272728 0
1644620333191 0.9506363636363636 0
1644620350110 0.9578181818181818 0
1644620367376 0.9609818181818182 0
1644620384471 0.9662545454545455 0
1644620401646 0.9681636363636363 0
1644620418760 0.9667818181818182 0
1644620435665 0.9737636363636364 0
1644620457512 0.9253166666666667 0
1644620476468 0.94045 0
1644620495275 0.94705 0
1644620514141 0.9500333333333333 0
1644620532808 0.9569 0
1644620551488 0.9644333333333334 0
1644620570380 0.9638833333333333 0
1644620589240 0.96905 0
1644620608205 0.9705666666666667 0
1644620627139 0.9734833333333334 0
1644620651227 0.9302 0
1644620671913 0.9480923076923077 0
1644620692656 0.9515384615384616 0
1644620713348 0.9544769230769231 0
1644620734026 0.9616923076923077 0
1644620754859 0.9670923076923077 0
1644620775445 0.9659846153846153 0
1644620795994 0.9701076923076923 0
1644620816561 0.9774923076923077 0
1644620837032 0.9776615384615385 0
1644620863231 0.9372428571428572 0
1644620885533 0.9487 0
1644620908141 0.9537428571428571 0
1644620930526 0.9593571428571429 0
1644620952985 0.9630571428571428 0
1644620975708 0.9662857142857143 0
1644620998153 0.9672 0
1644621020657 0.9695857142857143 0
1644621043296 0.9741714285714286 0
1644621065928 0.9772714285714286 0
1644621094211 0.94268 0
1644621118623 0.9528933333333334 0
1644621142963 0.9619866666666667 0
1644621167349 0.964 0
1644621191715 0.9676266666666666 0
1644621216129 0.96904 0
1644621240477 0.9725466666666667 0
1644621264987 0.97692 0
1644621289137 0.97564 0
1644621313496 0.9772133333333334 0
1644621344032 0.9485 0
1644621370273 0.9584375 0
1644621396637 0.9604375 0
1644621422877 0.9659625 0
1644621449234 0.970175 0
1644621475397 0.9722375 0
1644621501670 0.974575 0
1644621527779 0.9764625 0
1644621554203 0.9758125 0
1644621580433 0.9766375 0
1644621613258 0.9510941176470589 0
1644621641540 0.9620117647058823 0
1644621669651 0.9658 0
1644621697867 0.9666705882352942 0
1644621725938 0.9731058823529412 0
1644621754094 0.9732117647058823 0
1644621782188 0.9763647058823529 0
1644621809998 0.9773764705882353 0
1644621838224 0.9788588235294118 0
1644621866591 0.9769764705882353 0
1644621901943 0.9520777777777778 0
1644621932242 0.9629 0
1644621962171 0.9632333333333334 0
1644621992368 0.9684222222222222 0
1644622022618 0.9705444444444444 0
1644622053036 0.9660111111111112 0
1644622083498 0.9752444444444445 0
1644622113968 0.9745111111111111 0
1644622144332 0.9765666666666667 0
1644622175124 0.9764555555555555 0
1644622212393 0.9540842105263158 0
1644622244669 0.9602526315789474 0
1644622277204 0.9639473684210527 0
1644622309689 0.9687684210526316 0
1644622341965 0.9705157894736842 0
1644622374137 0.9738947368421053 0
1644622406535 0.9740210526315789 0
1644622438921 0.9738947368421053 0
1644622471121 0.9796421052631579 0
1644622503274 0.9793578947368421 0
1644622543572 0.95016 0
1644622578064 0.95763 0
1644622612675 0.96292 0
1644622647053 0.96457 0
1644622681217 0.96699 0
1644622715565 0.96837 0
1644622749889 0.96953 0
1644622784058 0.97223 0
1644622818493 0.97693 0
1644622852837 0.97603 0
