1654602969766 0.5632490115724204 0
1654602978272 0.1091971780887263 0
1654602987043 0.05704106107916877 0
1654602995579 0.043579905309751255 0
1654603004669 0.0473005519941545 0
1654603013659 0.027229231707736678 0
1654603022633 0.026823854936655105 0
1654603031487 0.02048656405126949 0
1654603039887 0.027842170627193512 0
1654603048841 0.02860405535559321 0
1654603057250 0.019919459528556078 0
1654603066045 0.02126614883666079 0
1654603075079 0.02047482563482479 0
1654603084051 0.020919644224562866 0
1654603092533 0.013839810853520469 0
1654603101491 0.011953924663829277 0
1654603110549 0.01283763566111415 0
1654603119568 0.017492271616267853 0
1654603128542 0.001214644333859212 0
1654603136939 0.022734922335716754 0
1654603145648 0.004604216128657631 0
1654603154357 0.013039488435736893 0
1654603163308 0.009384332532419694 0
1654603171768 0.014903483400113566 0
1654603180520 0.007200516574647564 0
1654603189433 0.0002760793268022467 0
1654603197865 0.01660041244170695 0
1654603206452 0.009255855035432803 0
1654603215068 0.0032501750258696702 0
1654603224140 9.46470988420382e-05 0
1654603232935 4.204091705024091e-05 0
1654603242197 0.024320658316098656 0
1654603250643 0.005841162239560044 0
1654603259616 0.002642929565978175 0
1654603268189 0.012944961550395059 0
1654603276533 0.006487422539513038 0
1654603285233 0.0047519828147027906 0
1654603293856 0.0002606995700503135 0
1654603302681 4.132160082737547e-05 0
1654603311611 0.008251224869709004 0
1654603320731 0.008081471046643848 0
1654603329468 0.001920230516814805 0
1654603338016 0.010345239367305624 0
1654603347068 0.0038179318068808266 0
1654603355981 0.000138375063623521 0
1654603365081 0.004356979509606949 0
1654603373907 0.014032870939648947 0
1654603382921 0.003681287591907864 0
1654603392012 0.002154144335789168 0
1654603400613 0.00613744461886036 0
1654603423424 0.3806892583900463 0
1654603442552 0.10925434736405999 0
1654603461673 0.06074243850649277 0
1654603480672 0.04370000433271817 0
1654603499461 0.04749636931393298 0
1654603518419 0.03347090470214009 0
1654603537221 0.029565845220684544 0
1654603556050 0.05024728084805927 0
1654603574455 0.019338936756459504 0
1654603593224 0.022098121206343874 0
1654603611846 0.02031530427113687 0
1654603630674 0.029059978955232612 0
1654603649140 0.01933789642761624 0
1654603668134 0.023678789252471976 0
1654603686918 0.01077413294040406 0
1654603705462 0.018383813049990788 0
1654603724155 0.025565097383596715 0
1654603743221 0.006652863256538241 0
1654603762045 0.010219803844748387 0
1654603781094 0.05485981139356986 0
1654603800298 0.005572443956215261 0
1654603819239 0.0031738540691255606 0
1654603838090 0.015803189977833015 0
1654603856960 0.019054122555761156 0
1654603875810 0.009363215146090289 0
1654603894290 0.010128098482248053 0
1654603913152 0.0081073225932208 0
1654603932406 0.019832759388729426 0
1654603951313 0.008400432230484428 0
1654603970177 0.006571071021757229 0
1654603989131 0.017474148696837225 0
1654604008373 0.0038297235357091135 0
1654604027456 0.010336797988764745 0
1654604046090 0.010318428089725202 0
1654604064766 0.005671925846842993 0
1654604083411 0.014232188047063008 0
1654604102737 0.005080456426194749 0
1654604121695 0.00976978062219681 0
1654604140274 0.007866255055621406 0
1654604159656 0.002614834719888587 0
1654604178061 0.012026903184140096 0
1654604196955 0.009566401914959543 0
1654604215787 0.002959692525172879 0
1654604234704 0.006668439491314198 0
1654604253906 0.008099514816508984 0
1654604273138 0.01101028935092339 0
1654604292295 0.003460163527615682 0
1654604311187 0.004335356600773815 0
1654604330229 0.011605235516532827 0
1654604348772 0.010339620223452917 0
1654604378660 0.3049323466826125 0
1654604401119 0.08711530257264487 0
1654604423526 0.04698288762466854 0
1654604446146 0.03902105637484002 0
1654604467781 0.03593849105582037 0
1654604490405 0.029984776172688583 0
1654604512169 0.023509488914152478 0
1654604534235 0.02751807976091009 0
1654604556573 0.021542174648282942 0
1654604579037 0.019272603730162763 0
1654604601358 0.024220886689660416 0
1654604622991 0.014325821525540086 0
1654604645009 0.015054883586760043 0
1654604667425 0.01971036097839713 0
1654604689770 0.015890438087291688 0
1654604711927 0.019668650410609313 0
1654604734460 0.007230452860659579 0
1654604756770 0.01856302998250488 0
1654604778621 0.012724851303336861 0
1654604800928 0.01439309399127237 0
1654604823404 0.01781168054746467 0
1654604845449 0.009241020785935526 0
1654604868160 0.005359440422768557 0
1654604890765 0.000954401887280285 0
1654604912730 0.02168441290370511 0
1654604934676 0.007975361494830167 0
1654604956905 0.005024990382296988 0
1654604979045 0.011148175189976479 0
1654605001477 0.01654054779102093 0
1654605023981 0.003468071177634438 0
1654605046389 0.007970737858171194 0
1654605068836 0.00628682019044238 0
1654605091078 0.009082688794462147 0
1654605113441 0.009282564787895036 0
1654605135491 0.0035444441270991276 0
1654605157742 0.014116174376190357 0
1654605179929 0.0029717105017248034 0
1654605202184 0.007795329524611619 0
1654605224769 0.008108659586739135 0
1654605246592 0.002853904991367568 0
1654605268854 0.013657104641697311 0
1654605291215 0.001880663769422611 0
1654605313801 0.001949996001457442 0
1654605336490 0.0030683270478162232 0
1654605359091 0.008079185677921086 0
1654605380997 0.009162995864419552 0
1654605403709 0.0033618127278936013 0
1654605426658 0.00543089585080653 0
1654605448700 0.0027390482591646446 0
1654605471161 0.017635838755640298 0
1654605509377 0.30767118022730533 0
1654605535020 0.08921155626841809 0
1654605561537 0.060191035724233996 0
1654605587588 0.04117284479513121 0
1654605613654 0.03782008518202514 0
1654605638980 0.03139427121312925 0
1654605665005 0.030457039879875383 0
1654605690879 0.029287492859405816 0
1654605717233 0.022554559558565286 0
1654605743298 0.0223780708669758 0
1654605769218 0.01587119271028929 0
1654605795429 0.026817290272607056 0
1654605821308 0.018890037864170803 0
1654605847267 0.01738278214822417 0
1654605873660 0.014522069179196115 0
1654605899633 0.014509160519896019 0
1654605926045 0.013218168454299692 0
1654605952553 0.015156262282580858 0
1654605978541 0.015197598853825562 0
1654606004725 0.013339561471116508 0
1654606030675 0.011100003419550902 0
1654606057071 0.008076066425824098 0
1654606082983 0.017984018748935297 0
1654606109731 0.009526769365349214 0
1654606135882 0.007902547817637695 0
1654606162387 0.006585591761755139 0
1654606188599 0.016867019020690325 0
1654606215308 0.009132407395050115 0
1654606241673 0.004238745039477678 0
1654606268254 0.009772100466007117 0
1654606294926 0.01242849665740306 0
1654606321214 0.0026463369683890773 0
1654606347751 0.007468479401185484 0
1654606373845 0.010990865877487831 0
1654606400073 0.009557389435285349 0
1654606426061 0.008416764612907652 0
1654606451564 0.0016964120079758708 0
1654606477416 0.009247950172317188 0
1654606503746 0.009703566575877749 0
1654606530096 0.007230490507569909 0
1654606556236 0.00801897931915116 0
1654606582738 0.004681609314961072 0
1654606608509 0.003580004755236008 0
1654606634726 0.008299997094325516 0
1654606660482 0.009331985428708296 0
1654606686339 0.005104795675343441 0
1654606712296 0.004250135684897945 0
1654606738779 0.007807453255574767 0
1654606764985 0.007180875132276588 0
1654606790904 0.005717673337258357 0
1654606839371 0.32232274815110445 0
1654606869246 0.0898288064940332 0
1654606899550 0.05376736582159459 0
1654606930163 0.04030712194871761 0
1654606960366 0.030624575743880254 0
1654606990630 0.03480142066736541 0
1654607020958 0.025174393336675104 0
1654607051049 0.02468139731044175 0
1654607081196 0.021049630734361988 0
1654607111242 0.019936601311972273 0
1654607141566 0.010791875839610415 0
1654607171799 0.030058634070370575 0
1654607201750 0.015573862353050121 0
1654607231730 0.019650659734060622 0
1654607261903 0.013933778022558218 0
1654607292285 0.019459629219441228 0
1654607322442 0.011688091155471642 0
1654607352303 0.015692304688323548 0
1654607382298 0.0042220179562719945 0
1654607412635 0.013908182193894284 0
1654607442805 0.011046747064554377 0
1654607472372 0.004622457063383518 0
1654607502376 0.007405501104127517 0
1654607532334 0.01411894260725586 0
1654607562313 0.012212625401784163 0
1654607592257 0.012242210002707591 0
1654607622329 0.008088085251116863 0
1654607652235 0.0036277028886368863 0
1654607682066 0.008815611232353983 0
1654607712280 0.009180927025499592 0
1654607742025 0.007245021736132186 0
1654607771358 0.01411597971845502 0
1654607801045 0.004651197060060582 0
1654607830458 0.006839297158648936 0
1654607860195 0.005772102386204771 0
1654607889717 0.009876703531641145 0
1654607919474 0.0049010766201649835 0
1654607949233 0.0014699923522738074 0
1654607979542 0.013162826111050976 0
1654608009811 0.008055801860346053 0
1654608040042 0.003931659246316313 0
1654608070514 0.005356903990404749 0
1654608100373 0.007150703276745955 0
1654608129900 0.0028888928896062863 0
1654608159699 0.005076909446842218 0
1654608189391 0.009996392650516089 0
1654608220142 0.0032699293317779393 0
1654608250185 0.0038927843097909085 0
1654608280075 0.004302299796018436 0
1654608309961 0.00037911603997720924 0
1654608367679 0.3018543637916107 0
1654608401416 0.09949600472481351 0
1654608435720 0.0523717944087203 0
1654608469722 0.04458387998371417 0
1654608503510 0.039659092286543754 0
1654608537622 0.03149938101704747 0
1654608571900 0.027052408426407975 0
1654608605945 0.017800316743590006 0
1654608640005 0.029808244819585134 0
1654608673595 0.02149239296645223 0
1654608707517 0.025439525409081166 0
1654608741689 0.021120086617391218 0
1654608776351 0.019190305843391427 0
1654608810666 0.015918092490739954 0
1654608844465 0.016455928064770524 0
1654608877802 0.013950785036883934 0
1654608911037 0.016133543148584367 0
1654608944798 0.013213457206832669 0
1654608978926 0.01629469630207888 0
1654609012141 0.01229508279736765 0
1654609045310 0.009943294181320964 0
1654609078066 0.00950308942373295 0
1654609111897 0.01429608456961451 0
1654609145532 0.012829780163879725 0
1654609179538 0.010332504509921866 0
1654609214050 0.014823125226478563 0
1654609248594 0.005543615506417051 0
1654609282408 0.007969890141929281 0
1654609316644 0.008676722486120015 0
1654609350076 0.0129468567643504 0
1654609384264 0.008446117320274813 0
1654609418531 0.008225875393263237 0
1654609453099 0.009369717353559816 0
1654609487727 0.007687970168667871 0
1654609521987 0.004593728117875837 0
1654609556014 0.0075053332628844715 0
1654609590393 0.008707020072745512 0
1654609624441 0.009612270234926319 0
1654609658431 0.008975167513290548 0
1654609693174 0.0026128536059119556 0
1654609727311 0.010442456230128495 0
1654609761501 0.00707241422401643 0
1654609795862 0.007089300079415154 0
1654609829947 0.007414852276197207 0
1654609863382 0.0020171977496418825 0
1654609897430 0.004210116066041364 0
1654609931157 0.005510348568090344 0
1654609965389 0.00891714185708102 0
1654609999797 0.007694107803697115 0
1654610033250 0.005793338418091341 0
1654610103555 0.32099444886806194 0
1654610141609 0.08171593453788767 0
1654610179331 0.052977215940005096 0
1654610216998 0.037156513316320736 0
1654610255538 0.034795459473376845 0
1654610293051 0.03703942331729012 0
1654610331486 0.021494276381357428 0
1654610369305 0.022414330442970747 0
1654610407574 0.029149456958848702 0
1654610445277 0.01932822170955847 0
1654610483644 0.021528376778429736 0
1654610522015 0.02219247995517352 0
1654610559665 0.012328029394459544 0
1654610597366 0.008375264961628789 0
1654610635649 0.014245980141479266 0
1654610673589 0.01930209904392766 0
1654610711681 0.012553575473851039 0
1654610749584 0.01821418300013106 0
1654610787239 0.012140215428327324 0
1654610824770 0.014611411831255635 0
1654610863326 0.010964719249094371 0
1654610901677 0.01248528343790865 0
1654610939971 0.01014370427216375 0
1654610978307 0.012605141523387375 0
1654611016164 0.0038287978751248416 0
1654611054351 0.00639504004298718 0
1654611092193 0.009536605623235345 0
1654611129555 0.009360854322375715 0
1654611167826 0.012441589086789318 0
1654611206360 0.006172683890146856 0
1654611244670 0.01251972551726866 0
1654611281907 0.007597685132826509 0
1654611319960 0.0029465062268761964 0
1654611358507 0.008003879005983568 0
1654611396268 0.006260688272323264 0
1654611433927 0.011450371003179785 0
1654611471113 0.005296380760819402 0
1654611508652 0.006083358036213925 0
1654611545846 0.011648099694735474 0
1654611582910 0.0043630236248480905 0
1654611619590 0.0025382615723990765 0
1654611657511 0.005968409256477666 0
1654611694263 0.005154448628748559 0
1654611732004 0.011906344860137804 0
1654611770087 0.008798908455466053 0
1654611808048 0.004282640650211821 0
1654611844870 0.002630010901513818 0
1654611882990 0.007126357592888282 0
1654611921042 0.012026430478915525 0
1654611959018 0.008538829081711078 0
1654612042707 0.1812489815439222 0
1654612084312 0.05336650571558331 0
1654612126440 0.022987768624168955 0
1654612168964 0.023982578172956473 0
1654612211258 0.022595595716816096 0
1654612253071 0.009747813364112798 0
1654612294901 0.02028444170494173 0
1654612336266 0.015630733297441763 0
1654612378531 0.008438642490923002 0
1654612420815 0.0175634522816869 0
1654612463068 0.014209391433444345 0
1654612504830 0.00871115883760421 0
1654612547126 0.009504523412965997 0
1654612589369 0.007842293797058681 0
1654612631456 0.0094862159942947 0
1654612673798 0.006883110730685953 0
1654612716451 0.012314321533265627 0
1654612758264 0.011577777689339276 0
1654612800019 0.004167534969121164 0
1654612841882 0.007458895638879538 0
1654612883690 0.0056116943833559585 0
1654612925692 0.004707850357270928 0
1654612967586 0.009487638582888074 0
1654613009235 0.008527253956418379 0
1654613050637 0.0018688448091671512 0
1654613092955 0.007407282741110627 0
1654613134809 0.007136725727371327 0
1654613177322 0.006967360519953557 0
1654613219795 0.0020004244901461366 0
1654613262067 0.0006901513059005503 0
1654613304120 0.008971211758749029 0
1654613345695 0.007725876905786931 0
1654613388025 0.0012351656944166911 0
1654613431163 0.003906529910781935 0
1654613475486 0.0014837085941132198 0
1654613517560 0.009376615600777096 0
1654613559667 0.002030396616026169 0
1654613602567 0.009537729455060087 0
1654613646050 0.002471617552001481 0
1654613688537 0.0023718583282528734 0
1654613730373 0.004326585887474846 0
1654613772451 0.004039708168013662 0
1654613815352 0.0033368875358445677 0
1654613858046 0.0028795660145037763 0
1654613900482 0.0035436646377029193 0
1654613942827 0.004982200508461642 0
1654613985093 0.0032138659890396538 0
1654614028657 0.0002418931869391082 0
1654614072427 0.00603423706518247 0
1654614115789 0.0055614610735426956 0
1654614214092 0.2246152907311609 0
1654614260135 0.07114347038562993 0
1654614306385 0.036905458936495904 0
1654614352677 0.035382073522389285 0
1654614399129 0.028667604467647188 0
1654614445834 0.01719079557245298 0
1654614491791 0.016379805323647485 0
1654614537340 0.025379097718187943 0
1654614584346 0.02102359210094869 0
1654614631176 0.007778593141944768 0
1654614678553 0.02043214970142791 0
1654614724830 0.020517993068069673 0
1654614771291 0.011826986802376932 0
1654614817640 0.01029098683906351 0
1654614864511 0.009137051333592067 0
1654614911512 0.015712331998896885 0
1654614957884 0.008645029747004186 0
1654615004623 0.008512675148380028 0
1654615051474 0.013520035739204602 0
1654615097934 0.008312432405058197 0
1654615144100 0.008942719738310095 0
1654615190404 0.0036395031449156213 0
1654615236656 0.005863040482333975 0
1654615282074 0.013109147680575941 0
1654615328774 0.0028978576185443913 0
1654615375295 0.00796895484335985 0
1654615421457 0.003994846917027548 0
1654615467253 0.007915251388832128 0
1654615514112 0.01577252919846364 0
1654615560763 0.005502970665391962 0
1654615606628 0.003959966023384711 0
1654615652549 0.000536062850642683 0
1654615698448 0.00762774662821976 0
1654615744724 0.010276566193686209 0
1654615790635 0.004782787665639695 0
1654615836682 0.005134067839850923 0
1654615882286 0.0038048562556340284 0
1654615927556 0.003990008425345395 0
1654615973799 0.007948259827827495 0
1654616019728 0.004981494520227299 0
1654616066704 0.004823806193359622 0
1654616113531 0.0018804478771974247 0
1654616160086 0.0009666430680240429 0
1654616206265 0.008570497352383449 0
1654616251627 0.010886361116586234 0
1654616297517 0.0024530079933724872 0
1654616343174 0.0015287818159823606 0
1654616389013 0.0036768279582450273 0
1654616435327 0.006447908431970219 0
1654616481881 0.00499176010604155 0
1654616597102 0.2168410720338556 0
1654616648339 0.0555313209259364 0
1654616699117 0.030594613480508567 0
1654616749739 0.023909718829918023 0
1654616799718 0.021907451106579316 0
1654616849712 0.01580128385427154 0
1654616899445 0.020042413764603136 0
1654616949011 0.016604826013113975 0
1654616999697 0.0124221340511095 0
1654617050644 0.014269766142336972 0
1654617100601 0.01269521350588125 0
1654617151723 0.00926884449988139 0
1654617203153 0.015048635094715802 0
1654617254169 0.008377894910908637 0
1654617304972 0.004446199084518523 0
1654617355252 0.011187880936904366 0
1654617405839 0.017445814883149037 0
1654617456266 0.006013486762483006 0
1654617507207 0.003968733057054285 0
1654617557955 0.005709288992367432 0
1654617609417 0.010262072143350408 0
1654617660164 0.009198206646682396 0
1654617710977 0.0072383106460058855 0
1654617761862 0.003976418669807612 0
1654617813355 0.003299305516523668 0
1654617864640 0.007737752939996975 0
1654617915721 0.004266673166589362 0
1654617966583 0.004623307790497011 0
1654618017283 0.009890773468688094 0
1654618067812 0.0005039903473099753 0
1654618118527 0.005895343431724028 0
1654618168807 0.0071512410395682315 0
1654618220040 0.0016281893587429153 0
1654618271751 0.001180443529597772 0
1654618323120 0.008095791256112437 0
1654618373844 0.006807544708461455 0
1654618424752 0.006666767408969321 0
1654618475543 0.002181986873508498 0
1654618525329 0.0007666754446456656 0
1654618575967 0.0028106244454928794 0
1654618627400 3.674487683147804e-05 0
1654618677726 0.009299508778008584 0
1654618728508 0.008974082929569749 0
1654618779100 0.0020113141941061827 0
1654618829495 0.003945578760827601 0
1654618880331 0.0009892601587032377 0
1654618931729 0.006195264425194381 0
1654618983213 0.0012792110274639486 0
1654619034728 0.005811719809523597 0
1654619084783 0.0005505628453084821 0
