1645718434351 0.2372 0
1645718436859 0.4024 0
1645718438744 0.4518 0
1645718440606 0.4896 0
1645718442517 0.515 0
1645718444429 0.5428 0
1645718446318 0.555 0
1645718448224 0.5758 0
1645718450157 0.5922 0
1645718452039 0.6144 0
1645718454922 0.256 0
1645718457497 0.3694 0
1645718459953 0.418 0
1645718462570 0.4528 0
1645718465153 0.4798 0
1645718467685 0.5096 0
1645718470279 0.5298 0
1645718472845 0.5544 0
1645718475408 0.5738 0
1645718478001 0.6126 0
1645718481773 0.2812 0
1645718484886 0.402 0
1645718487936 0.4346 0
1645718490978 0.4642 0
1645718493982 0.4894 0
1645718497042 0.5098 0
1645718500065 0.544 0
1645718503124 0.5732 0
1645718506232 0.5916 0
1645718509274 0.6274 0
