1644501343979 1.209823153591156 0
1644501345648 0.6112766906738282 0
1644501347388 0.4817348534107208 0
1644501349081 0.4096345091819763 0
1644501350821 0.35010492572784424 0
1644501353436 0.6494670149803161 0
1644501355744 0.3737908500671387 0
1644501358089 0.33638913373947144 0
1644501360400 0.26877235434651375 0
1644501362783 0.15485047399401664 0
1644501366163 0.4000416166305542 0
1644501369123 0.24627081151008606 0
1644501372062 0.16256286732355754 0
1644501375031 0.1414716838757197 0
1644501378004 0.11976577769915263 0
