1652207318342 2.1709753772735594 0
1652207321779 1.8624604282379151 0
1652207325221 1.6744739933013917 0
1652207328537 1.486143509864807 0
1652207331970 1.3804141382217407 0
1652207335371 1.2620967029571533 0
1652207338809 1.1547836822509765 0
1652207342203 1.0677014379501342 0
1652207345685 0.9603565093994141 0
1652207349108 0.882028137588501 0
1652207354417 1.4282678113937377 0
1652207359542 1.2516901317596436 0
1652207364538 1.122557608795166 0
1652207369602 1.0234516206741333 0
1652207374702 0.9317113127708435 0
1652207379797 0.8288995347976684 0
1652207384861 0.7429857182502747 0
1652207389817 0.6711425910949707 0
1652207394924 0.592761113357544 0
1652207400006 0.5356986023426056 0
1652207405576 1.209377214050293 0
1652207410822 1.025033687400818 0
1652207416075 0.901877795791626 0
1652207421290 0.7858702841758728 0
1652207426451 0.68041740026474 0
1652207431747 0.6052249388217926 0
1652207436937 0.5327686792850495 0
1652207442213 0.44649764394760133 0
1652207447341 0.4152687265872955 0
1652207452534 0.3352977592468262 0
1652207458566 0.993731707185477 0
1652207463956 0.7991806088411515 0
1652207469403 0.7038002083553841 0
1652207474570 0.6365154389262939 0
1652207479852 0.5602561034520022 0
1652207485290 0.4915632510523864 0
1652207490617 0.42556212695509604 0
1652207496092 0.36280293544785314 0
1652207501443 0.339756233283438 0
1652207506750 0.28014977938367214 0
1652207513152 0.8301853144645691 0
1652207518634 0.6382019423484803 0
1652207524025 0.5636145583152771 0
1652207529463 0.45689089105129244 0
1652207534773 0.41244012484550474 0
1652207540232 0.33431525880098345 0
1652207545822 0.2876499828338623 0
1652207551290 0.24895442978143692 0
1652207556715 0.2210376001894474 0
1652207562116 0.20144335440993308 0
1652207569112 0.8963340609550476 0
1652207574685 0.7372006577968597 0
1652207580317 0.6120964250087738 0
1652207585835 0.5421512510061264 0
1652207591513 0.4554131496548653 0
1652207597314 0.3885986953139305 0
1652207603032 0.34147089443206785 0
1652207608671 0.30335119014978407 0
1652207614220 0.2746335489988327 0
1652207619938 0.21095601747632026 0
1652207627356 0.7979939366178671 0
1652207633189 0.6181478683866007 0
1652207639014 0.4838394914467017 0
1652207644797 0.4165293263432788 0
1652207650522 0.3610757205469128 0
1652207656268 0.28175604459070447 0
1652207662123 0.25220378578770375 0
1652207668099 0.19609428450664917 0
1652207673698 0.16579287902644502 0
1652207679304 0.1415783946595566 0
1652207686538 0.8246650083896326 0
1652207692663 0.6422642984612509 0
1652207698674 0.5556070132478759 0
1652207704609 0.45612966087871276 0
1652207710556 0.38248401622720707 0
1652207716477 0.3117870711867727 0
1652207722432 0.26387144610282776 0
1652207728352 0.24060284849654962 0
1652207734165 0.1931412885799053 0
1652207739989 0.1769528260235072 0
1652207748020 0.8195489062309265 0
1652207754092 0.6634682965517044 0
1652207760148 0.5624081724405289 0
1652207766112 0.4651701661348343 0
1652207772164 0.4000296623468399 0
1652207778469 0.34356115050315855 0
1652207784608 0.29573163147568704 0
1652207790777 0.2587826438188553 0
1652207796796 0.19827414444088937 0
1652207802967 0.1825944975346327 0
1652207811348 0.7667804629042961 0
1652207817555 0.6258043116363899 0
1652207823724 0.5144325356354649 0
1652207829905 0.42118917756106866 0
1652207835952 0.3600224723632244 0
1652207842129 0.2911713389052696 0
1652207848251 0.26025341109313505 0
1652207854407 0.2029363732030238 0
1652207860506 0.1823878368715932 0
1652207866739 0.16820855583173744 0
1652207875586 0.8212702068090438 0
1652207882011 0.6462602755069733 0
1652207888379 0.5549369620680809 0
1652207894856 0.4579747952103615 0
1652207900929 0.38619204785823824 0
1652207907252 0.3181384616851807 0
1652207913629 0.2725713756918907 0
1652207919782 0.23619818060100078 0
1652207926109 0.2006102724313736 0
1652207932358 0.17684602690339088 0
1652207941677 0.8735370238065385 0
1652207948167 0.725034047859727 0
1652207954597 0.6121091575342964 0
1652207961058 0.5303115128683572 0
1652207967417 0.46349256123832305 0
1652207973642 0.38108654627984634 0
1652207980234 0.34153496039099807 0
1652207986389 0.2756652048102541 0
1652207992955 0.220786802463229 0
1652207999337 0.18523060661483962 0
1652208008995 0.781383006142272 0
1652208015585 0.6068915655438284 0
1652208022131 0.4787357563407923 0
1652208028753 0.3985962434064111 0
1652208035288 0.33391642172017794 0
1652208041880 0.2645387732363444 0
1652208048339 0.22586714017620269 0
1652208054695 0.18597727452961801 0
1652208061413 0.16146453279402373 0
1652208067863 0.17199662666069904 0
1652208077838 0.8387275540036522 0
1652208084382 0.659001795123156 0
1652208091134 0.5712458885627522 0
1652208097613 0.4749547836778639 0
1652208104301 0.4078154724338849 0
1652208111042 0.34213262834579494 0
1652208117746 0.2744607723104038 0
1652208124285 0.24545491648147447 0
1652208131001 0.20766279601556858 0
1652208137710 0.15409555356857108 0
1652208147959 0.7191294426440143 0
1652208154886 0.5550252722129508 0
1652208161846 0.45150044419737334 0
1652208168704 0.38047769471368065 0
1652208175707 0.32260535650251865 0
1652208182576 0.2533409864449649 0
1652208189422 0.2128850453005812 0
1652208196051 0.21109387694084303 0
1652208202835 0.16128671533240155 0
1652208209514 0.15326654456539449 0
1652208220280 0.7311100626063383 0
1652208227260 0.5519807494837621 0
1652208234085 0.44294164237408357 0
1652208240739 0.347873932621132 0
1652208247635 0.3043627320855424 0
1652208254566 0.23840482636592936 0
1652208261578 0.19892107507567097 0
1652208268377 0.15566847925784888 0
1652208275235 0.13930000727320682 0
1652208282140 0.12063254716844783 0
1652208293380 0.8028226223132245 0
1652208300242 0.6505031641945541 0
1652208307272 0.5569177759204319 0
1652208314323 0.4586120779283816 0
1652208321431 0.3944835499990836 0
1652208328288 0.33395668480387203 0
1652208335339 0.26553368787642856 0
1652208342344 0.254998829934576 0
1652208349354 0.20332356030531556 0
1652208356517 0.18054020089851178 0
1652208368211 0.7004143560760187 0
1652208375453 0.5276268498793582 0
1652208382517 0.42400760105381635 0
1652208389494 0.33059523610692904 0
1652208396540 0.2776247645752696 0
1652208403810 0.23886489109841316 0
1652208410882 0.18712348268136522 0
1652208417996 0.1571403187767616 0
1652208425224 0.14599772072563913 0
1652208432450 0.12373781279936674 0
1652208444419 0.6522598449008727 0
1652208451676 0.5092979394497815 0
1652208458872 0.39197290461191836 0
1652208466043 0.30716195353078335 0
1652208473264 0.27802914055577266 0
1652208480657 0.2328854791630539 0
1652208487926 0.16359825623452054 0
1652208495219 0.16832615197862816 0
1652208502407 0.13648372554945284 0
1652208509743 0.12017063260778928 0
1652208522186 0.7948932251572979 0
1652208529523 0.6220983393170588 0
1652208537002 0.5184418046261008 0
1652208544372 0.4266048174113336 0
1652208551818 0.3418233275169061 0
1652208559157 0.2827277663523905 0
1652208566737 0.2327265794084968 0
1652208574034 0.2143084532358151 0
1652208581427 0.16421378202694642 0
1652208588911 0.13198149774394607 0
