1641566704281 1.566271724319458 0
1641566705990 1.3733669200897216 0
1641566707711 1.1739993661880492 0
1641566709443 0.9852195281982422 0
1641566711150 0.8117013266563415 0
1641566712846 0.678347567653656 0
1641566714560 0.5633521993637085 0
1641566716292 0.462930504989624 0
1641566718006 0.3678112841129303 0
1641566719719 0.2902338320732117 0
1641566721439 0.22286917507648468 0
1641566723152 0.15843467059135438 0
1641566724867 0.1252821900129318 0
1641566726579 0.08896883486509323 0
1641566728296 0.07017883630990981 0
1641566730026 0.056691155570745465 0
1641566731735 0.04559930536746979 0
1641566733445 0.0384532572388649 0
1641566735160 0.032876563662290574 0
1641566736892 0.02758809003531933 0
1641566740209 1.4783580192565917 0
1641566741797 1.2132884397506714 0
1641566743374 1.0465731912612914 0
1641566744978 0.9422054005622864 0
1641566746570 0.8417982299804687 0
1641566748185 0.7610235668182374 0
1641566749796 0.6820928990364075 0
1641566751402 0.6137629108428955 0
1641566752994 0.541636546945572 0
1641566754605 0.4675722012519836 0
1641566756221 0.3783356737613678 0
1641566757811 0.3118049711227417 0
1641566759382 0.25225903260707855 0
1641566760965 0.18910155322551728 0
1641566762550 0.1643480558872223 0
1641566764150 0.13305791426897048 0
1641566765754 0.09801797225475312 0
1641566767341 0.07400850278139115 0
1641566768930 0.06383940982818603 0
1641566770512 0.05465758655667305 0
1641566775471 1.4711319940567016 0
1641566777063 1.170203850364685 0
1641566778648 0.9811156268119812 0
1641566780257 0.8417215763092041 0
1641566781847 0.7151851663589478 0
1641566783442 0.606910920715332 0
1641566785045 0.5209990532875061 0
1641566786666 0.43794083676338197 0
1641566788282 0.3590819163799286 0
1641566789927 0.2883396552085876 0
1641566791552 0.23184454765319823 0
1641566793179 0.17697903835773468 0
1641566794799 0.1476516280889511 0
1641566796423 0.11932795685529708 0
1641566798050 0.09200903126001359 0
1641566799683 0.07937354304790496 0
1641566801310 0.06247849066853523 0
1641566802928 0.04845153348445892 0
1641566804524 0.04414746864438057 0
1641566806124 0.037444572359323504 0
1641566812802 1.5938868476867676 0
1641566814420 1.433960626411438 0
1641566816001 1.321057265853882 0
1641566817604 1.2106310901641846 0
1641566819213 1.1079634212493896 0
1641566820826 1.0086528854370118 0
1641566822413 0.9129228729248047 0
1641566824026 0.8029260617256164 0
1641566825615 0.7073187037467956 0
1641566827224 0.5937027290344238 0
1641566828831 0.5024503876686096 0
1641566830479 0.4159795226573944 0
1641566832144 0.3301199947357178 0
1641566833749 0.2584837068080902 0
1641566835371 0.20044741277694703 0
1641566836962 0.1620295512676239 0
1641566838560 0.13363546061515807 0
1641566840187 0.10771363407373429 0
1641566841826 0.08766174218654632 0
1641566843439 0.0727188927769661 0
1641566851832 1.5905090724945068 0
1641566853470 1.4462105333328248 0
1641566855084 1.3476320419311523 0
1641566856734 1.2445641748428344 0
1641566858332 1.1441143558502198 0
1641566859943 1.039159662246704 0
1641566861546 0.9304170259475708 0
1641566863140 0.8366383774757385 0
1641566864758 0.719825004196167 0
1641566866375 0.6224755019187928 0
1641566867993 0.5240000856399536 0
1641566869620 0.4394083080291748 0
1641566871235 0.33939650683403016 0
1641566872866 0.2789728183269501 0
1641566874477 0.21588981773853302 0
1641566876114 0.16954017915725708 0
1641566877750 0.1380440107345581 0
1641566879380 0.11599137336015701 0
1641566880992 0.0949998009443283 0
1641566882607 0.08178375196456909 0
1641566892754 1.5580436309814454 0
1641566894378 1.3693938053131103 0
1641566895982 1.226241407775879 0
1641566897584 1.1067303108215332 0
1641566899169 0.9994979349136353 0
1641566900784 0.9029852308273315 0
1641566902398 0.8064190441131592 0
1641566904016 0.7249202271461487 0
1641566905675 0.6397970518112183 0
1641566907304 0.5480215391159058 0
1641566908911 0.46172578501701356 0
1641566910529 0.37896212315559386 0
1641566912127 0.30882033977508544 0
1641566913757 0.26336317427158357 0
1641566915363 0.1963527595758438 0
1641566916973 0.1581835786819458 0
1641566918589 0.1319555009126663 0
1641566920212 0.10410801132917404 0
1641566921811 0.08922460560798645 0
1641566923431 0.07453022781610488 0
1641566935170 1.5755124771118163 0
1641566936788 1.4429945333480836 0
1641566938418 1.3527944658279418 0
1641566940013 1.2709727447509767 0
1641566941615 1.1894424489974975 0
1641566943248 1.0993685474395751 0
1641566944841 1.0100979587554932 0
1641566946451 0.9283885220527649 0
1641566948071 0.831032462310791 0
1641566949707 0.7363461071968078 0
1641566951361 0.6403012847900391 0
1641566952988 0.5426033543586731 0
1641566954618 0.4550020783424377 0
1641566956253 0.35099802289009097 0
1641566957872 0.28960828909873965 0
1641566959491 0.2240778829574585 0
1641566961104 0.1800106086730957 0
1641566962735 0.143338343834877 0
1641566964370 0.11632500715255738 0
1641566965966 0.0949119752407074 0
1641566979513 1.5977968656539916 0
1641566981144 1.476267527770996 0
1641566982765 1.3877020275115968 0
1641566984385 1.3065656433105468 0
1641566986017 1.2100047519683839 0
1641566987618 1.125240983581543 0
1641566989227 1.02492566242218 0
1641566990854 0.9193241292953491 0
1641566992489 0.8131348902702331 0
1641566994085 0.7065978465080262 0
1641566995729 0.6035871705055237 0
1641566997356 0.5082084951400757 0
1641566998969 0.41107596130371094 0
1641567000602 0.32638450484275816 0
1641567002232 0.255256906080246 0
1641567003849 0.20346288394927978 0
1641567005474 0.16064306027889252 0
1641567007064 0.1313337272644043 0
1641567008658 0.10900214693546295 0
1641567010286 0.0869476650595665 0
1641567025477 1.4925213611602783 0
1641567027117 1.2406628927230834 0
1641567028741 1.0860315992355347 0
1641567030362 0.966415696144104 0
1641567031998 0.8666121691703796 0
1641567033641 0.7776902593612671 0
1641567035268 0.6856561930656433 0
1641567036891 0.5911576617240906 0
1641567038509 0.5187625529289246 0
1641567040151 0.4360851032733917 0
1641567041776 0.3748827356338501 0
1641567043434 0.2969098547935486 0
1641567045072 0.24938985443115233 0
1641567046699 0.1995880712032318 0
1641567048329 0.16172645270824432 0
1641567049951 0.12502091152668 0
1641567051585 0.09692012506723403 0
1641567053231 0.08529254331588745 0
1641567054841 0.0708021794974804 0
1641567056453 0.059469876194000244 0
1641567073223 1.4413244327545165 0
1641567074844 1.1479687866210937 0
1641567076470 0.9695787666320801 0
1641567078107 0.847223828125 0
1641567079746 0.737456884765625 0
1641567081376 0.6490668683052063 0
1641567083023 0.560124449634552 0
1641567084667 0.47522633323669433 0
1641567086286 0.4141259884357452 0
1641567087904 0.3370200014591217 0
1641567089556 0.2803816776275635 0
1641567091185 0.22403823029994965 0
1641567092797 0.1766120532989502 0
1641567094435 0.14436504825353622 0
1641567096047 0.11627146382331849 0
1641567097685 0.09263542301654816 0
1641567099328 0.07396872681379318 0
1641567100957 0.056509545189142224 0
1641567102589 0.05051859601736069 0
1641567104215 0.04525777825117111 0
1641567122821 1.581176115989685 0
1641567124448 1.459235311126709 0
1641567126064 1.3643591751098634 0
1641567127691 1.281101581954956 0
1641567129332 1.1993738037109376 0
1641567130972 1.1183813278198242 0
1641567132621 1.0298620851516724 0
1641567134266 0.9320989554405212 0
1641567135924 0.8478842901229858 0
1641567137545 0.732917267036438 0
1641567139186 0.6320456438064576 0
1641567140849 0.5283219179153442 0
1641567142498 0.43942536482810973 0
1641567144147 0.3505105249881744 0
1641567145767 0.2912331205844879 0
1641567147409 0.21685592579841614 0
1641567149039 0.16984530630111694 0
1641567150679 0.14450197668075562 0
1641567152314 0.11435904982089996 0
1641567153971 0.09832581254243851 0
1641567174303 1.469949752807617 0
1641567175956 1.1960201745986938 0
1641567177571 1.0390146886825562 0
1641567179214 0.9244879920959472 0
1641567180876 0.8337234977722168 0
1641567182539 0.7466702918052673 0
1641567184168 0.6533724074363708 0
1641567185815 0.5662679428100585 0
1641567187484 0.49526528205871584 0
1641567189125 0.4119385702610016 0
1641567190738 0.3315018425941467 0
1641567192352 0.2837303061008453 0
1641567193981 0.23503328754901887 0
1641567195624 0.1819627674102783 0
1641567197275 0.14455846511125564 0
1641567198913 0.11337014847993851 0
1641567200548 0.08983415035009384 0
1641567202201 0.07533359557390212 0
1641567203829 0.06285855467319489 0
1641567205490 0.05353098624348641 0
1641567227605 1.4736356563568116 0
1641567229258 1.2363622974395752 0
1641567230904 1.0957174577713014 0
1641567232563 0.9845982344627381 0
1641567234182 0.8980188104629516 0
1641567235801 0.7951190202713013 0
1641567237445 0.712147812461853 0
1641567239083 0.6310184391021728 0
1641567240728 0.5536415651321411 0
1641567242388 0.4766285231590271 0
1641567244048 0.3938525306224823 0
1641567245676 0.3376640283584595 0
1641567247317 0.2609878835439682 0
1641567248938 0.21455637497901917 0
1641567250597 0.16821178257465363 0
1641567252252 0.1316755090713501 0
1641567253895 0.10703732199668885 0
1641567255532 0.08837440623044968 0
1641567257182 0.07199877005815505 0
1641567258852 0.06152931781411171 0
1641567282684 1.5350332208633424 0
1641567284323 1.3698971969604492 0
1641567285956 1.2514247137069703 0
1641567287597 1.1512090530395507 0
1641567289227 1.0682532989501954 0
1641567290862 0.9778669782638549 0
1641567292486 0.8785536650657654 0
1641567294112 0.7945700897216796 0
1641567295762 0.6982857067108155 0
1641567297389 0.5995863821983337 0
1641567299018 0.5046164153575897 0
1641567300650 0.44391422929763796 0
1641567302299 0.34832184386253356 0
1641567303949 0.27518235692977905 0
1641567305580 0.20874112393856048 0
1641567307213 0.16905629558563232 0
1641567308883 0.1350021196126938 0
1641567310526 0.10594243385791778 0
1641567312186 0.09119695768356323 0
1641567313846 0.07368026379346848 0
1641567339581 1.5487292770385743 0
1641567341216 1.312263643836975 0
1641567342859 1.1465922061920166 0
1641567344531 1.0207116095542907 0
1641567346187 0.9248311611175537 0
1641567347814 0.8280937843322754 0
1641567349466 0.7335199760437012 0
1641567351113 0.6476023078918457 0
1641567352800 0.5675879940986633 0
1641567354460 0.46574662733078004 0
1641567356102 0.3916306206703186 0
1641567357753 0.31956535820960996 0
1641567359386 0.2559627145767212 0
1641567361065 0.1985407987833023 0
1641567362719 0.16650363435745238 0
1641567364366 0.13095381171703338 0
1641567365990 0.10104236596822738 0
1641567367642 0.08567866389751434 0
1641567369305 0.07460443881154061 0
1641567370972 0.060181056988239286 0
1641567398299 1.5325165830612182 0
1641567399987 1.3439785011291503 0
1641567401661 1.2073123840332032 0
1641567403310 1.119422101020813 0
1641567404939 1.0308294034957886 0
1641567406591 0.9430876847267151 0
1641567408277 0.8612333911895752 0
1641567409923 0.7692734426498413 0
1641567411570 0.6728649473190308 0
1641567413226 0.5822951877117157 0
1641567414884 0.49643687758445737 0
1641567416546 0.40897994413375854 0
1641567418215 0.32931311950683595 0
1641567419879 0.28442045574188235 0
1641567421551 0.21605675795078277 0
1641567423216 0.17143028726577758 0
1641567424860 0.14016433185338975 0
1641567426515 0.11449707608222962 0
1641567428173 0.09176218452453613 0
1641567429824 0.07573936541676521 0
1641567459064 1.4991038465499877 0
1641567460738 1.282816340446472 0
1641567462395 1.1342574003219605 0
1641567464048 1.0189525943756104 0
1641567465723 0.9222494640350342 0
1641567467411 0.8225883590698242 0
1641567469067 0.7486146692276001 0
1641567470733 0.6705517170906067 0
1641567472389 0.594837738609314 0
1641567474066 0.5075051033496857 0
1641567475707 0.43115715804100035 0
1641567477371 0.35831331663131716 0
1641567479025 0.2928362163543701 0
1641567480654 0.2334762796163559 0
1641567482294 0.18584608006477357 0
1641567483941 0.14759918916225434 0
1641567485613 0.1197915987610817 0
1641567487268 0.10140590661764146 0
1641567488944 0.08132605440616608 0
1641567490586 0.06589363678693771 0
1641567521539 1.514445468902588 0
1641567523209 1.2338265579223633 0
1641567524884 1.060040396308899 0
1641567526518 0.9426835411071778 0
1641567528178 0.8436860884666443 0
1641567529834 0.7579761647224427 0
1641567531489 0.6773946701049804 0
1641567533138 0.5993561882019043 0
1641567534784 0.5250634664535523 0
1641567536434 0.44248828639984134 0
1641567538114 0.37293471755981444 0
1641567539778 0.30047158660888673 0
1641567541438 0.2361691237449646 0
1641567543115 0.19318794074058532 0
1641567544777 0.14572591047286987 0
1641567546452 0.11926292433738708 0
1641567548132 0.10284750200510025 0
1641567549808 0.08819001704454422 0
1641567551477 0.07212443900108337 0
1641567553109 0.0617215429186821 0
1641567585842 1.561536605834961 0
1641567587486 1.4029731136322021 0
1641567589144 1.3064555850982666 0
1641567590828 1.2233259424209595 0
1641567592479 1.1407842039108276 0
1641567594143 1.070641106414795 0
1641567595834 0.9791041360855103 0
1641567597508 0.8982446621894836 0
1641567599169 0.7905216574668884 0
1641567600839 0.6917413208007812 0
1641567602514 0.5979070814132691 0
1641567604157 0.49916732149124143 0
1641567605832 0.41959251861572266 0
1641567607498 0.3176498824119568 0
1641567609154 0.2592020277500153 0
1641567610826 0.2065212522506714 0
1641567612478 0.15611154141426087 0
1641567614137 0.12968067038059233 0
1641567615803 0.10063230962753296 0
1641567617453 0.08561287877559662 0
1641567651960 1.5839092956542968 0
1641567653616 1.4456636375427245 0
1641567655269 1.3532817935943604 0
1641567656940 1.270204706954956 0
1641567658587 1.1775072668075561 0
1641567660238 1.0968299938201904 0
1641567661903 1.0027187777519226 0
1641567663562 0.9113596647262573 0
1641567665227 0.8217529067993165 0
1641567666927 0.7074929052352905 0
1641567668599 0.6033532764434815 0
1641567670260 0.5025866607666015 0
1641567671925 0.426559313583374 0
1641567673617 0.33215985155105593 0
1641567675291 0.26239007914066315 0
1641567676951 0.2050239152431488 0
1641567678638 0.16031867208480835 0
1641567680319 0.12861263885498048 0
1641567681979 0.10131006480455398 0
1641567683646 0.08567991619110107 0
