1641770947805 0.7696016187508901 0
1641770960317 0.22910869478384654 0
1641770972802 0.1238767956852913 0
1641770985423 0.06396957607269287 0
1641770998029 0.036313731070359546 0
1641771010575 0.021130137667059897 0
1641771023088 0.018984615282714366 0
1641771035715 0.012262375279019277 0
1641771048379 0.01391703129261732 0
1641771061023 0.011513537663966417 0
1641771073655 0.012657295758773883 0
1641771086234 0.010114519926160574 0
1641771098802 0.008068207081158955 0
1641771111461 0.009062055572370688 0
1641771124113 0.007660080295180281 0
1641771136748 0.007527406963333487 0
1641771149419 0.005690970518005391 0
1641771162107 0.008254903042068084 0
1641771174718 0.006410394306636105 0
1641771187294 0.007374920666217804 0
1641771207834 0.8011210832913717 0
1641771217994 0.2434942522207896 0
1641771228088 0.13501024123032887 0
1641771238229 0.07176595369974773 0
1641771248362 0.03950679926872253 0
1641771258438 0.02239541179810961 0
1641771268523 0.016702455255885918 0
1641771278599 0.016152912173668543 0
1641771288673 0.015404991588244836 0
1641771298831 0.011286520131056507 0
1641771308955 0.011374560744812091 0
1641771319112 0.008137738876789808 0
1641771329206 0.011318829021727045 0
1641771339330 0.007291173792630434 0
1641771349471 0.00841363363408794 0
1641771359568 0.007819917936436832 0
1641771369648 0.007331816216682394 0
1641771379779 0.0068893045755724115 0
1641771389966 0.0068059137519449 0
1641771400077 0.0073061826162661115 0
1641771431353 0.8123875204563141 0
1641771441494 0.2468252640883128 0
1641771451630 0.1379642449061076 0
1641771461827 0.07314786496559779 0
1641771471877 0.037140784909327824 0
1641771481920 0.026246942342817783 0
1641771492074 0.02106980791290601 0
1641771502157 0.015150656560063362 0
1641771512296 0.013492965782930454 0
1641771522410 0.014732355319956938 0
1641771532536 0.009996590450406075 0
1641771542644 0.01046181239609917 0
1641771552772 0.010950405112157266 0
1641771562925 0.00691770869170626 0
1641771572982 0.008176476225877801 0
1641771583063 0.008266052214677135 0
1641771593157 0.009071208579589924 0
1641771603221 0.006155922621364395 0
1641771613313 0.005501601507328451 0
1641771623423 0.0067567116347452 0
1641771665708 0.800183331155777 0
1641771676259 0.2570597653945287 0
1641771686734 0.14841807167927423 0
1641771697230 0.08087842822074891 0
1641771707733 0.045443365919589994 0
1641771718322 0.028680187405149143 0
1641771728841 0.02097087622086207 0
1641771739400 0.017428697995344796 0
1641771749961 0.014369213203589122 0
1641771760485 0.014132855647305648 0
1641771770935 0.013301206375658512 0
1641771781508 0.011612540328254302 0
1641771792095 0.010519415164614717 0
1641771802633 0.010086992885172367 0
1641771813189 0.007655350023632248 0
1641771823757 0.010666476800789436 0
1641771834307 0.00744238774018983 0
1641771844735 0.007425172485224903 0
1641771855257 0.006883620332678159 0
1641771865758 0.007604011473183831 0
1641771919360 0.8146680836757024 0
1641771929864 0.2594561041196187 0
1641771940454 0.15145043776035308 0
1641771950896 0.08134248306353888 0
1641771961447 0.04662249146699905 0
1641771971885 0.02908208347260952 0
1641771982387 0.019160964993635815 0
1641771992891 0.02244554478277763 0
1641772003353 0.01313351722707351 0
1641772013857 0.011910833591471116 0
1641772024338 0.01459653347854813 0
1641772034906 0.014717715386301278 0
1641772045418 0.012962238664676745 0
1641772055963 0.008678518554816644 0
1641772066499 0.0070990730330348015 0
1641772076994 0.011060062828535834 0
1641772087550 0.008271602190782627 0
1641772098089 0.007369176068777839 0
1641772108582 0.006336407560482621 0
1641772119143 0.008296361037467916 0
1641772183490 0.7809778193791708 0
1641772193641 0.2446175687154134 0
1641772203739 0.13531173435052235 0
1641772213823 0.07265803989171982 0
1641772223922 0.04008908871014913 0
1641772234001 0.02177951632539431 0
1641772244119 0.021089782801270485 0
1641772254294 0.01764164337317149 0
1641772264479 0.0118306354145209 0
1641772274589 0.011267466595520576 0
1641772284646 0.01297079501276215 0
1641772294837 0.009662032380203406 0
1641772304918 0.0072717563224956394 0
1641772315073 0.009134685420617461 0
1641772325181 0.009570368811488152 0
1641772335383 0.0071824968790014584 0
1641772345558 0.008556066827103496 0
1641772355629 0.008155458910949528 0
1641772365712 0.004776057637203485 0
1641772375906 0.005925739532026152 0
1641772451297 0.7857010420163473 0
1641772461776 0.2587610883394877 0
1641772472278 0.14810510805447896 0
1641772482732 0.08351780520478884 0
1641772493264 0.04419100280006726 0
1641772503802 0.02904724323451519 0
1641772514351 0.019474409053723017 0
1641772524866 0.0209921352421244 0
1641772535370 0.015209144094089667 0
1641772545863 0.014630359047651292 0
1641772556380 0.013222678251812855 0
1641772566836 0.01190751821131756 0
1641772577352 0.010961099042370916 0
1641772587819 0.008181890818600853 0
1641772598436 0.00866591786419352 0
1641772608858 0.00936799210558335 0
1641772619361 0.008712394273405274 0
1641772629855 0.007128041822401186 0
1641772640304 0.007776462328558166 0
1641772650790 0.009365220575903853 0
1641772736747 0.7782519855976104 0
1641772746909 0.23792266883850097 0
1641772757072 0.13529351090192795 0
1641772767210 0.0722604732453823 0
1641772777295 0.03927092958490054 0
1641772787523 0.02403997081567844 0
1641772797637 0.018061249147355556 0
1641772807738 0.01772954380636414 0
1641772817905 0.014308428775022428 0
1641772828159 0.010591940066218376 0
1641772838206 0.01155511622329553 0
1641772848304 0.010588182914505402 0
1641772858343 0.010021579522142807 0
1641772868494 0.006525395110622049 0
1641772878607 0.01004185271076858 0
1641772888701 0.007809117369974653 0
1641772898851 0.006684087028975288 0
1641772909025 0.008608302685804665 0
1641772919194 0.006058602846662204 0
1641772929377 0.004512375950316588 0
1641773026555 0.8220583023230235 0
1641773037003 0.2607145635763804 0
1641773047507 0.14853371500174203 0
1641773058075 0.08314527398347854 0
1641773068624 0.04480328484177589 0
1641773079112 0.030103056343396505 0
1641773089637 0.023584854567299286 0
1641773100191 0.016654397572328648 0
1641773110677 0.015238043816387653 0
1641773121214 0.015208331081767877 0
1641773131671 0.011791408244272073 0
1641773142157 0.012612078511590758 0
1641773152733 0.011580095245937507 0
1641773163248 0.009520041259874901 0
1641773173801 0.008256032073994477 0
1641773184315 0.007332138603925705 0
1641773194889 0.008698247846712668 0
1641773205364 0.010222772516372302 0
1641773215973 0.008425968631977837 0
1641773226523 0.006844591357434789 0
1641773334265 0.7845470477422078 0
1641773344334 0.23861017967859904 0
1641773354451 0.1308116916457812 0
1641773364577 0.06836316766738891 0
1641773374668 0.034453848040103915 0
1641773384824 0.022072636965910594 0
1641773394914 0.018291175783177217 0
1641773405010 0.015831215673685072 0
1641773415095 0.014591851478815079 0
1641773425138 0.012624161825577417 0
1641773435220 0.009876638677716255 0
1641773445293 0.008706603522598744 0
1641773455499 0.009957086266577243 0
1641773465596 0.007207172117630641 0
1641773475713 0.00926650904379785 0
1641773485783 0.006377452369282643 0
1641773495929 0.009872936160986622 0
1641773506106 0.0056620727111274995 0
1641773516224 0.005249980602972209 0
1641773526392 0.006169350558612495 0
1641773645398 0.8243478975137075 0
1641773655896 0.2701835382382075 0
1641773666378 0.15725881555875143 0
1641773676978 0.08891043296257654 0
1641773687493 0.05164412755171458 0
1641773697957 0.02873007206916809 0
1641773708452 0.02071949128905932 0
1641773719025 0.017580830698211987 0
1641773729535 0.020353698388238747 0
1641773740023 0.01740477337638537 0
1641773750514 0.011303440513213475 0
1641773761019 0.011794606410712003 0
1641773771585 0.013332936980575322 0
1641773782123 0.009515083093071978 0
1641773792710 0.010194380201896032 0
1641773803210 0.009319971881310144 0
1641773813705 0.010015853889534871 0
1641773824231 0.008502885822455088 0
1641773834694 0.0070038372201224166 0
1641773845189 0.006532196135570606 0
1641773975094 0.8186285937627157 0
1641773985688 0.26447368478775024 0
1641773996169 0.15266749430497487 0
1641774006710 0.08450656528075536 0
1641774017246 0.04658662665486336 0
1641774027798 0.02849409037629763 0
1641774038265 0.020324926487604776 0
1641774048728 0.015241804650922616 0
1641774059241 0.015709022233386834 0
1641774069796 0.01396027906636397 0
1641774080388 0.013702740893264611 0
1641774090968 0.011748691289126874 0
1641774101498 0.012417658312618733 0
1641774111997 0.008501459457725286 0
1641774122513 0.009082415714487433 0
1641774132997 0.008163161033019423 0
1641774143523 0.00662728949294736 0
1641774154056 0.008272290629396837 0
1641774164606 0.008106914919366439 0
1641774175163 0.007135672490981718 0
1641774316082 0.8339275296529134 0
1641774327094 0.2804046424627304 0
1641774338068 0.16348903189500172 0
1641774349024 0.09349551553328832 0
1641774360034 0.050980743018786114 0
1641774371006 0.03164809058606625 0
1641774382100 0.0256220256626606 0
1641774393059 0.01997853614836931 0
1641774403932 0.016956194777290025 0
1641774414857 0.016641084454456966 0
1641774425833 0.014674044162283342 0
1641774436945 0.014835710711528857 0
1641774447997 0.009078915365412832 0
1641774458908 0.01031672567402323 0
1641774469878 0.010595835717519124 0
1641774480900 0.01020043386903902 0
1641774491817 0.007932690462718408 0
1641774502872 0.008385202662895124 0
1641774513821 0.009688463700811068 0
1641774524791 0.007098438528242211 0
1641774677663 0.8253978157043457 0
1641774688160 0.2627612284183502 0
1641774698705 0.15149002718925475 0
1641774709252 0.08473845746517182 0
1641774719762 0.045688488269845645 0
1641774730236 0.029376858483751614 0
1641774740813 0.023854284597933293 0
1641774751325 0.01743905433565378 0
1641774761837 0.016124426908791064 0
1641774772438 0.015423460482060908 0
1641774782918 0.011954383058845997 0
1641774793440 0.010549181478222211 0
1641774803953 0.009770661283036074 0
1641774814508 0.011236673821508884 0
1641774824986 0.007242713360860944 0
1641774835503 0.010670813565825422 0
1641774846028 0.008288243747254212 0
1641774856590 0.006306562869685391 0
1641774867098 0.010052512663975359 0
1641774877677 0.006695394905904929 0
1641775042312 0.8163520600795746 0
1641775053268 0.2714890638033549 0
1641775064322 0.16256368583043415 0
1641775075255 0.09494463855822881 0
1641775086164 0.053137795770168306 0
1641775097091 0.03555371187627315 0
1641775108064 0.02408430475840966 0
1641775119099 0.02005765114426613 0
1641775130176 0.017079135385900737 0
1641775141153 0.015389854254821936 0
1641775152091 0.016010940351088843 0
1641775163070 0.011989952231943607 0
1641775174101 0.012418737394486864 0
1641775185080 0.01026097135618329 0
1641775195973 0.010207932600627342 0
1641775206977 0.009602515754352014 0
1641775217892 0.009322027342766524 0
1641775228930 0.00810178142550091 0
1641775239963 0.008335748524963856 0
1641775250960 0.007747654002904892 0
1641775427792 0.8469286602814993 0
1641775438818 0.2823709035078685 0
1641775449729 0.16438670529127122 0
1641775460748 0.09406690764625868 0
1641775471693 0.05305602807203929 0
1641775482645 0.03661717276374499 0
1641775493671 0.024184715475638708 0
1641775504682 0.0212668679262201 0
1641775515667 0.016865885563194752 0
1641775526580 0.016229399208227795 0
1641775537555 0.011998343370854855 0
1641775548611 0.013336031968643268 0
1641775559648 0.010312625723083814 0
1641775570678 0.013484578696389993 0
1641775581660 0.009018237662563721 0
1641775592612 0.009888560184463858 0
1641775603500 0.0099498487016807 0
1641775614421 0.009078467087199291 0
1641775625411 0.005769928440762063 0
1641775636408 0.008872340324893594 0
1641775824955 0.790052176586787 0
1641775835437 0.2518700591087341 0
1641775846047 0.14456061352888744 0
1641775856590 0.08107833268841108 0
1641775867047 0.04412630437612534 0
1641775877548 0.025235671230157217 0
1641775888129 0.020264906446139017 0
1641775898697 0.016464540544648965 0
1641775909229 0.016095110355814297 0
1641775919734 0.01333673103749752 0
1641775930303 0.012401080615570147 0
1641775940785 0.011014515446126461 0
1641775951241 0.01133586394637823 0
1641775961708 0.007491907785460353 0
1641775972195 0.008111960268765688 0
1641775982749 0.008654087922597925 0
1641775993172 0.007782923426479101 0
1641776003647 0.009431960821896792 0
1641776014218 0.008294412416840593 0
1641776024752 0.005918045094112555 0
1641776224002 0.8240081329186757 0
1641776235026 0.274849919851621 0
1641776245930 0.16266650029023488 0
1641776256948 0.09402886025508245 0
1641776268052 0.0524121156980594 0
1641776279049 0.03568874689141909 0
1641776290085 0.02532840422739585 0
1641776301055 0.01927983380059401 0
1641776312031 0.01957863755126794 0
1641776323005 0.012873287319391967 0
1641776333965 0.013532979413370292 0
1641776344930 0.012272804755717516 0
1641776355939 0.011583252312242985 0
1641776366948 0.010878807917858163 0
1641776377906 0.010074971338982384 0
1641776388874 0.008137735191980997 0
1641776399813 0.009839918123433987 0
1641776410813 0.007301270115810136 0
1641776421792 0.009127127907673518 0
1641776432648 0.007153770894526194 0
1641776644019 0.8667439882437388 0
1641776655502 0.30561408535639445 0
1641776666907 0.18969923082987467 0
1641776678347 0.1127501004378001 0
1641776689716 0.0643560662249724 0
1641776701111 0.04211721818645795 0
1641776712576 0.028899318797389665 0
1641776724049 0.02367756571273009 0
1641776735500 0.019757087861498195 0
1641776746911 0.01916442241470019 0
1641776758299 0.014940634129444758 0
1641776769745 0.018413814869523048 0
1641776781133 0.01300596988250812 0
1641776792519 0.008917574698850513 0
1641776803906 0.009738412766717374 0
1641776815293 0.011966897954791784 0
1641776826694 0.013251866077135006 0
1641776838115 0.007940361421058575 0
1641776849520 0.007902194109434883 0
1641776860956 0.008808174708982309 0
1641777083956 0.8235318293094634 0
1641777094922 0.2774177112023036 0
1641777105893 0.1661417756875356 0
1641777116877 0.09950712432463964 0
1641777127780 0.05444427735209465 0
1641777138804 0.032315729977687196 0
1641777149776 0.022886559000611307 0
1641777160774 0.01991193093707164 0
1641777171826 0.01633814109514157 0
1641777182795 0.017210156049827733 0
1641777193823 0.014167950028181076 0
1641777204768 0.012916984023153782 0
1641777215783 0.01178308765652279 0
1641777226705 0.010899293534954389 0
1641777237778 0.0093612324838837 0
1641777248752 0.010348706310490768 0
1641777259684 0.008973998874550065 0
1641777270595 0.010064538510764639 0
1641777281567 0.005558879861980677 0
1641777292538 0.009657447379827499 0
1641777527913 0.8394452214399973 0
1641777538892 0.2838553405046463 0
1641777549937 0.16661455967823666 0
1641777560877 0.0942823977470398 0
1641777571836 0.05142925276557604 0
1641777582820 0.03355883371333281 0
1641777593729 0.0250152232358853 0
1641777604682 0.020999388666947682 0
1641777615708 0.018964369775354862 0
1641777626620 0.01688555010507504 0
1641777637504 0.012820122933884463 0
1641777648444 0.01014172608529528 0
1641777659478 0.01300743089231352 0
1641777670363 0.010899389066671332 0
1641777681350 0.010215364307910204 0
1641777692230 0.011226710930466652 0
1641777703105 0.006802588168190171 0
1641777714106 0.007975207748822868 0
1641777724977 0.00702648382242769 0
1641777735919 0.009718580562248827 0
1641777981827 0.8725455529530843 0
1641777993604 0.3116972135066986 0
1641778005359 0.19060758074124654 0
1641778017199 0.11636398142973582 0
1641778029046 0.06542634088993073 0
1641778040828 0.041681977462768555 0
1641778052645 0.027662938258051873 0
1641778064411 0.02614009289344152 0
1641778076273 0.021976089709748823 0
1641778088094 0.01822709725300471 0
1641778099869 0.015688365247597296 0
1641778111719 0.01676758153438568 0
1641778123579 0.011851656167705853 0
1641778135455 0.013923743616044522 0
1641778147235 0.011907124567652742 0
1641778159085 0.011833739065378905 0
1641778170897 0.011024182327712576 0
1641778182688 0.006571651216844718 0
1641778194508 0.009929621100177368 0
1641778206333 0.010560228476052484 0
1641778465428 0.8060839816888173 0
1641778476434 0.267939981285731 0
1641778487459 0.15848437155882517 0
1641778498401 0.09215296787818272 0
1641778509347 0.05091726890007655 0
1641778520367 0.03018941293358803 0
1641778531418 0.025402406886219978 0
1641778542413 0.01824656730145216 0
1641778553342 0.019558255844563246 0
1641778564359 0.012792756047596533 0
1641778575378 0.01241652006705602 0
1641778586269 0.012800078876068195 0
1641778597289 0.01006249070589741 0
1641778608260 0.009602446933587392 0
1641778619213 0.00929141380103926 0
1641778630278 0.01058931123179694 0
1641778641380 0.009192946317357321 0
1641778652313 0.00786880285218358 0
1641778663331 0.007818123769698043 0
1641778674265 0.0077690212582548455 0
1641778944871 0.8299583030382792 0
1641778955870 0.2775843137025833 0
1641778966846 0.16497193319002787 0
1641778977846 0.09599250726898512 0
1641778988790 0.05234018292824427 0
1641778999697 0.03186251458972692 0
1641779010721 0.02094575782020887 0
1641779021758 0.02400317184726397 0
1641779032778 0.018362879248460133 0
1641779043781 0.01639244231879711 0
1641779054745 0.014476633497451742 0
1641779065737 0.015134060813983281 0
1641779076616 0.010042283351222673 0
1641779087617 0.0111337765712291 0
1641779098618 0.008912100752443076 0
1641779109580 0.009845173716917633 0
1641779120559 0.008809478222206235 0
1641779131484 0.006541484529400865 0
1641779142439 0.011665338434651494 0
1641779153454 0.00829955042724808 0
1641779438233 0.8579005568663279 0
1641779450005 0.3088113378683726 0
1641779461901 0.194759539047877 0
1641779473741 0.11458334427277247 0
1641779485528 0.06877762260039648 0
1641779497348 0.04792824870944023 0
1641779509105 0.032554335871338845 0
1641779520963 0.027513323127230007 0
1641779532825 0.02141273634980122 0
1641779544620 0.019604051069666943 0
1641779556440 0.01580239042689403 0
1641779568233 0.013717953652391831 0
1641779580065 0.014894055380672216 0
1641779591868 0.012201068941007058 0
1641779603678 0.0111318493993332 0
1641779615589 0.009360362261285384 0
1641779627406 0.011004259426581363 0
1641779639220 0.011860868819554646 0
1641779651083 0.009953262342885136 0
1641779662925 0.012216678150867423 0
1641779959082 0.8853736739476522 0
1641779970829 0.31398829765319825 0
1641779982743 0.19478849597771963 0
1641779994638 0.1157318683664004 0
1641780006507 0.06835724233686924 0
1641780018266 0.04221211263934771 0
1641780030031 0.03367966626385848 0
1641780041838 0.023861061542729538 0
1641780053587 0.021824867816269397 0
1641780065440 0.019947734187046685 0
1641780077251 0.019107440889875094 0
1641780089069 0.014006781671444575 0
1641780100850 0.01547589345400532 0
1641780112678 0.013688407509525618 0
1641780124487 0.012644884326308966 0
1641780136298 0.00934793997593224 0
1641780148208 0.01244623881590863 0
1641780160048 0.010418459735810758 0
1641780171875 0.009322459536169966 0
1641780183742 0.010932741403828064 0
1641780493375 0.9139053442319234 0
1641780505730 0.33495107367833454 0
1641780518097 0.20879638475577036 0
1641780530456 0.12818032064437868 0
1641780542809 0.072787170590957 0
1641780555005 0.04596766241590182 0
1641780567281 0.03287084542016188 0
1641780579565 0.028631275691588718 0
1641780591941 0.022033436347047488 0
1641780604216 0.017918550552924475 0
1641780616383 0.020058598170181116 0
1641780628649 0.01603592820763588 0
1641780640908 0.015261583916097879 0
1641780653065 0.013805127036074798 0
1641780665268 0.012247819892068704 0
1641780677619 0.011990854051957527 0
1641780689877 0.010479925267770886 0
1641780702200 0.01378778446043531 0
1641780714600 0.009707143100226918 0
1641780726892 0.009332846610123912 0
1641781048734 0.8649211738904318 0
1641781060586 0.30893919123013813 0
1641781072448 0.19233684621651967 0
1641781084271 0.11354594620466232 0
1641781096138 0.06906852432886759 0
1641781107997 0.04363190695643425 0
1641781119865 0.03392263162235419 0
1641781131744 0.026333342086772123 0
1641781143528 0.022529461433986823 0
1641781155316 0.016059641317029794 0
1641781167115 0.016903775451580682 0
1641781178972 0.016236398134628932 0
1641781190845 0.015320562067627906 0
1641781202669 0.013972201879074176 0
1641781214448 0.012293213424831629 0
1641781226341 0.009232077708592017 0
1641781238196 0.013754469694197177 0
1641781249954 0.009258709143847228 0
1641781261863 0.01112438856586814 0
1641781273638 0.0071289791695773605 0
1641781609536 0.8943307750066122 0
1641781621892 0.3232028165976206 0
1641781634142 0.20661406662861506 0
1641781646478 0.12363485360940298 0
1641781658819 0.07393581655621528 0
1641781671057 0.04612609268128872 0
1641781683312 0.030890849755207696 0
1641781695639 0.02738319717645645 0
1641781707860 0.022230192746718724 0
1641781720122 0.022592782745758693 0
1641781732379 0.018553971283137797 0
1641781744714 0.014538387744128705 0
1641781757037 0.015171533427387475 0
1641781769282 0.011037084865321716 0
1641781781519 0.012401696946968636 0
1641781793845 0.014173755738387505 0
1641781806101 0.011340577285240095 0
1641781818379 0.011344651113202174 0
1641781830713 0.011455504137525956 0
1641781843068 0.009544548522308469 0
1641782189687 0.8790325651486715 0
1641782201419 0.3131127959251404 0
1641782213264 0.1943247034708659 0
1641782225106 0.11799861681461334 0
1641782236926 0.06955135994752248 0
1641782248676 0.046615631020069125 0
1641782260478 0.02970869407951832 0
1641782272299 0.026462560826539992 0
1641782284114 0.0183544178545475 0
1641782295995 0.019645796840886274 0
1641782307853 0.01830586430678765 0
1641782319714 0.016210409093399842 0
1641782331549 0.013418014536301296 0
1641782343301 0.012869425248354674 0
1641782355099 0.012004837712148825 0
1641782366928 0.012974365666260321 0
1641782378730 0.01188002030638357 0
1641782390590 0.009232770843803882 0
1641782402470 0.009819326056850453 0
1641782414300 0.009165664781009157 0
1641782776493 0.8992834518909454 0
1641782788737 0.3223615589300791 0
1641782801004 0.2051650519768397 0
1641782813257 0.125911407383283 0
1641782825536 0.07403540562788645 0
1641782837817 0.0456449107537667 0
1641782850175 0.030561778206626575 0
1641782862348 0.02855678129295508 0
1641782874604 0.0268501634200414 0
1641782886903 0.01895258213033279 0
1641782899143 0.01736123372837901 0
1641782911323 0.014843661987781524 0
1641782923484 0.015489352499941985 0
1641782935716 0.01622835402985414 0
1641782947993 0.012574421152969202 0
1641782960197 0.01172207062728703 0
1641782972461 0.010808139277870457 0
1641782984817 0.00843854202652971 0
1641782997097 0.01056365594814221 0
1641783009458 0.011007290671765804 0
1641783381312 0.8631935698191325 0
1641783393092 0.30498395462830863 0
1641783404900 0.18847881786823273 0
1641783416802 0.11010097564061483 0
1641783428629 0.06384311618606249 0
1641783440490 0.03747184854497512 0
1641783452340 0.025979554930329322 0
1641783464228 0.02697725056906541 0
1641783476036 0.02121262535651525 0
1641783487895 0.01308006312350432 0
1641783499721 0.01638688771178325 0
1641783511593 0.014728767485916614 0
1641783523446 0.014965272218734026 0
1641783535317 0.012077984659870466 0
1641783547183 0.012570151237398386 0
1641783559111 0.008767040421937903 0
1641783570855 0.009265483007455865 0
1641783582765 0.010205758876850208 0
1641783594552 0.0076059645123779775 0
1641783606404 0.009194445788860322 0
1641783991695 0.8980279452323914 0
1641784003928 0.3311563220024109 0
1641784016206 0.2064936470190684 0
1641784028541 0.12495143091281255 0
1641784040841 0.07321924298206965 0
1641784053207 0.04477090083360672 0
1641784065479 0.03210522806048393 0
1641784077802 0.02995410293738047 0
1641784090188 0.02171084427634875 0
1641784102515 0.023559841845184566 0
1641784114846 0.01595181122372548 0
1641784127200 0.016583398425082364 0
1641784139546 0.01582156584287683 0
1641784151870 0.016956774641325077 0
1641784164242 0.012266199843833843 0
1641784176542 0.012217157156765461 0
1641784188911 0.011774884516994159 0
1641784201294 0.01054053111722072 0
1641784213631 0.011692440953105688 0
1641784225967 0.008646230791509151 0
1641784627073 0.867174926106135 0
1641784639379 0.31877750401496885 0
1641784651724 0.20231908633708953 0
1641784664031 0.12426374132235844 0
1641784676416 0.07439446844855944 0
1641784688699 0.04394015402793884 0
1641784701004 0.03208076630930106 0
1641784713235 0.024774909697969756 0
1641784725594 0.02094819425791502 0
1641784737952 0.017637546043346327 0
1641784750198 0.01709516290873289 0
1641784762463 0.017147054722408454 0
1641784774858 0.015621247258782387 0
1641784787177 0.01373718015452226 0
1641784799524 0.013680556987722714 0
1641784811822 0.009001593231161436 0
1641784824139 0.010963896870054305 0
1641784836496 0.012414239165683587 0
1641784848781 0.009858524934574961 0
1641784861056 0.008155258022310832 0
1641785271384 0.8426289852937062 0
1641785282827 0.2971753080924352 0
1641785294305 0.18259386875629424 0
1641785305758 0.10745180459419887 0
1641785317154 0.06162501695056757 0
1641785328657 0.034125577572981514 0
1641785340135 0.023099988557895024 0
1641785351612 0.023106622371077537 0
1641785362973 0.01732448544750611 0
1641785374344 0.019302161995569864 0
1641785385826 0.015859962767238417 0
1641785397231 0.012881677077710629 0
1641785408680 0.010442127736657859 0
1641785420171 0.014293340905755758 0
1641785431642 0.01024104814666013 0
1641785443039 0.008699035889406998 0
1641785454509 0.010360630667209625 0
1641785465880 0.007754924729714791 0
1641785477344 0.009634463829485079 0
1641785488765 0.008488298687835535 0
1641785914959 0.8824834790706635 0
1641785927324 0.3212867181460063 0
1641785939688 0.20485527118047078 0
1641785951946 0.12313105961879095 0
1641785964263 0.07321710613965988 0
1641785976633 0.04405499751766523 0
1641785989038 0.03410770089129607 0
1641786001286 0.026019423701862495 0
1641786013578 0.021374842594067255 0
1641786025926 0.022315953031678996 0
1641786038205 0.014540642659862836 0
1641786050425 0.014530937390526136 0
1641786062680 0.016448007418215276 0
1641786075001 0.012974537968759735 0
1641786087401 0.013994399189203978 0
1641786099713 0.012344825301567714 0
1641786112042 0.00974842943114539 0
1641786124319 0.011543637085457643 0
1641786136685 0.00825993260256946 0
1641786149089 0.010316367898508906 0
1641786586814 0.8933656300385793 0
1641786599510 0.3371978482246399 0
1641786612264 0.2147331966718038 0
1641786624925 0.1337431430498759 0
1641786637572 0.07826570898095767 0
1641786650317 0.04992142730752627 0
1641786663011 0.03636588073174159 0
1641786675673 0.03252117294867833 0
1641786688326 0.022895872530341147 0
1641786700976 0.021744981285432976 0
1641786713716 0.017985413307944932 0
1641786726472 0.018250711520016193 0
1641786739189 0.016300820512821276 0
1641786751975 0.01203599027171731 0
1641786764702 0.013519247626637419 0
1641786777461 0.010952493527531623 0
1641786790230 0.012485211164255937 0
1641786803017 0.012769123656799396 0
1641786815660 0.012028795344755053 0
1641786828337 0.00784439913854003 0
1641787279257 0.8835602328936258 0
1641787291636 0.3272694448630015 0
1641787303986 0.20659063010215759 0
1641787316404 0.12645567629337312 0
1641787328783 0.07008658244212468 0
1641787341180 0.046108699534336724 0
1641787353577 0.032931889097889265 0
1641787365915 0.023583531605203947 0
1641787378225 0.022491278186440467 0
1641787390576 0.022848634106914203 0
1641787402820 0.01884659688125054 0
1641787415240 0.01587579248100519 0
1641787427533 0.01587283815443516 0
1641787439869 0.012024982957790295 0
1641787452160 0.011700682604809602 0
1641787464478 0.011665901733686526 0
1641787476807 0.011818157366290688 0
1641787489150 0.01223623201350371 0
1641787501407 0.009115365542347232 0
1641787513791 0.01062161187119782 0
1641787979624 0.8383021953105927 0
1641787991099 0.29054003081321716 0
1641788002564 0.17759494173526763 0
1641788013975 0.10414347270727158 0
1641788025442 0.05933742575645447 0
1641788036866 0.03685851898988088 0
1641788048312 0.02519149373571078 0
1641788059829 0.023863279247283934 0
1641788071219 0.02142088108062744 0
1641788082653 0.014593151156107584 0
1641788094088 0.014324135258297125 0
1641788105505 0.019040453630437455 0
1641788116933 0.012128165541713436 0
1641788128436 0.009269847902158896 0
1641788139913 0.012779522971808911 0
1641788151366 0.010798254108056427 0
1641788162861 0.007210080087184906 0
1641788174344 0.00858208005061994 0
1641788185805 0.010077559929837783 0
1641788197289 0.007291850263377031 0
1641788675026 0.8687053739706675 0
1641788687409 0.3212448264280955 0
1641788699766 0.20503527366717655 0
1641788712128 0.12848237307071686 0
1641788724460 0.0758275309840838 0
1641788736677 0.04715976057449977 0
1641788748977 0.03764327813138565 0
1641788761342 0.02701751565535863 0
1641788773674 0.025067789867023627 0
1641788786021 0.022606333855787912 0
1641788798368 0.013688267728189627 0
1641788810587 0.01900387400140365 0
1641788822953 0.013022751218577227 0
1641788835268 0.017646934491892655 0
1641788847588 0.011884029962184529 0
1641788859963 0.012648542804767689 0
1641788872384 0.010750508001446724 0
1641788884688 0.010579885174582401 0
1641788896900 0.012338605842987696 0
1641788909262 0.00971304901142915 0
1641789398883 0.9022574108600616 0
1641789411194 0.3341477531750997 0
1641789423559 0.21154855284690857 0
1641789435831 0.1301206362525622 0
1641789448141 0.07576842979192734 0
1641789460432 0.051547012190024055 0
1641789472653 0.031790872802337014 0
1641789484945 0.030200084546208383 0
1641789497299 0.020959722136954465 0
1641789509564 0.022955963171025117 0
1641789521868 0.018265535671512286 0
1641789534202 0.02026172079195579 0
1641789546500 0.016225096506873767 0
1641789558854 0.011948133533447982 0
1641789571245 0.012119540373484294 0
1641789583523 0.010660076090196768 0
1641789595806 0.015351272173225879 0
1641789608110 0.011652723065639536 0
1641789620406 0.009798801885917783 0
1641789632753 0.010304511786748965 0
1641790139789 0.919174354616801 0
1641790152547 0.34612326137224836 0
1641790165288 0.22099768551190693 0
1641790178076 0.13487391704320909 0
1641790190771 0.07864128627777099 0
1641790203491 0.04776291719079018 0
1641790216310 0.03706961345374584 0
1641790228985 0.029157926482955614 0
1641790241746 0.02325471376578013 0
1641790254472 0.020431370171904564 0
1641790267165 0.021183234302699566 0
1641790279934 0.014816030152638753 0
1641790292709 0.01513316077341636 0
1641790305522 0.017946014650911092 0
1641790318263 0.013801390093192457 0
1641790331013 0.011816574215888977 0
1641790343655 0.013205962320541342 0
1641790356404 0.012840209884941578 0
1641790369121 0.009476039614280065 0
1641790381879 0.011017600122094155 0
1641790900400 0.9253775471687317 0
1641790913081 0.3513036531130473 0
1641790925717 0.22490759403705596 0
1641790938393 0.14082766359647114 0
1641790951026 0.08298687564531962 0
1641790963749 0.04989783183137576 0
1641790976436 0.03592632581194242 0
1641790989119 0.0272327985227108 0
1641791001776 0.02714479476958513 0
1641791014507 0.022638238299886385 0
1641791027241 0.02058065174346169 0
1641791039896 0.0180626023846368 0
1641791052581 0.016783213369424146 0
1641791065304 0.011108858567724625 0
1641791078038 0.01420561757683754 0
1641791090805 0.013985964981714885 0
1641791103472 0.011804203835874796 0
1641791116306 0.01203998138209184 0
1641791129025 0.011621079730490843 0
1641791141745 0.008424013507987061 0
1641791675028 0.8343772331555684 0
1641791686113 0.2825713936805725 0
1641791697070 0.16925892049868901 0
1641791708234 0.09678521643082301 0
1641791719215 0.055438340197006865 0
1641791730223 0.04055085607767105 0
1641791741244 0.028755314148465792 0
1641791752296 0.021986686570445696 0
1641791763282 0.014793584297597409 0
1641791774250 0.01732664870421092 0
1641791785260 0.014482362523426611 0
1641791796275 0.014510654281824827 0
1641791807337 0.01289038747958839 0
1641791818415 0.010959698071330785 0
1641791829450 0.011858446078499158 0
1641791840414 0.008705027990415693 0
1641791851428 0.010714632796434065 0
1641791862521 0.01025005823864291 0
1641791873566 0.008152857791508237 0
1641791884565 0.009397779536247253 0
1641792427824 0.8424696111838023 0
1641792439311 0.29090422863960264 0
1641792450702 0.17759943028291067 0
1641792462108 0.10509015080332756 0
1641792473477 0.05981265778541565 0
1641792484909 0.036803357990582784 0
1641792496402 0.028403196519613268 0
1641792507841 0.023242253541946412 0
1641792519279 0.020092535191277662 0
1641792530700 0.01867955347051223 0
1641792542204 0.016475393521785738 0
1641792553610 0.013795532338321209 0
1641792565101 0.01379952668932577 0
1641792576584 0.009451656897862752 0
1641792588102 0.012069178188343842 0
1641792599594 0.012741835476085544 0
1641792610939 0.007449264197920759 0
1641792622436 0.009265371030941605 0
1641792633905 0.01047223877646029 0
1641792645395 0.006895066934420417 0
1641793205487 0.8924832902908325 0
1641793218261 0.33841653537750244 0
1641793230999 0.22272686977386474 0
1641793243746 0.1391276322166125 0
1641793256482 0.08353282211621603 0
1641793269301 0.05262503934502601 0
1641793282033 0.03562062289963166 0
1641793294676 0.025961856576800346 0
1641793307346 0.025742855394631625 0
1641793320038 0.02210901881655057 0
1641793332755 0.02178483512053887 0
1641793345484 0.017242494494467974 0
1641793358178 0.01383048834229509 0
1641793370946 0.016879641099522513 0
1641793383654 0.0130400448679924 0
1641793396345 0.010885963418583075 0
1641793409113 0.01178787532436351 0
1641793421828 0.011918819158151746 0
1641793434548 0.010007872704789042 0
1641793447275 0.01261710515357554 0
1641794015807 0.8306380976200104 0
1641794026872 0.2791433230002721 0
1641794037946 0.16459523590803146 0
1641794048908 0.09363247466484706 0
1641794059971 0.05245818472504616 0
1641794070948 0.03422955183486144 0
1641794082035 0.021179074681798617 0
1641794093100 0.018392583863437176 0
1641794104042 0.020208981251716614 0
1641794115092 0.012448658218979836 0
1641794126107 0.01270761395394802 0
1641794137105 0.013991589987029632 0
1641794148160 0.013179600232094526 0
1641794159114 0.0093828711003686 0
1641794170195 0.009190271035333474 0
1641794181298 0.010678237043693662 0
1641794192377 0.00692210221029818 0
1641794203480 0.009437060423443715 0
1641794214532 0.008151420384769638 0
1641794225567 0.00729114398068438 0
1641794807203 0.8363962031523386 0
1641794818275 0.2833233552138011 0
1641794829294 0.17015326733589173 0
1641794840298 0.09742554766337076 0
1641794851425 0.05654402598341306 0
1641794862450 0.03336380559901397 0
1641794873472 0.01937914164463679 0
1641794884523 0.021372567373514176 0
1641794895626 0.018689779967069626 0
1641794906696 0.018698385975758236 0
1641794917717 0.012318721174945434 0
1641794928705 0.011324609299004078 0
1641794939807 0.01078580801213781 0
1641794950904 0.010898129730609557 0
1641794962035 0.00834940559491515 0
1641794973074 0.013133550871163607 0
1641794984042 0.010492462159258625 0
1641794995081 0.00877803078169624 0
1641795006172 0.008414938266575337 0
1641795017207 0.007170667835573356 0
1641795646611 0.8100592798550924 0
1641795657186 0.25728612267573675 0
1641795667797 0.14561179676453273 0
1641795678317 0.08067838400204977 0
1641795688886 0.043092434372504554 0
1641795699475 0.0269208128174146 0
1641795710033 0.022231004340946676 0
1641795720584 0.018779581824938458 0
1641795731222 0.01635417966445287 0
1641795741889 0.009135612578938405 0
1641795752493 0.013320750693728527 0
1641795763123 0.013216323613623779 0
1641795773682 0.011340324423027535 0
1641795784191 0.009193380628650388 0
1641795794770 0.007836597146342198 0
1641795805310 0.009603711951524018 0
1641795815893 0.007350179433574279 0
1641795826489 0.009661010883189738 0
1641795837097 0.009312984723752986 0
1641795847715 0.004227395484161874 0
1641796454635 0.901898547856013 0
1641796466969 0.3378871023337046 0
1641796479237 0.21497435836791992 0
1641796491448 0.13281534548997878 0
1641796503792 0.07921105604171753 0
1641796516094 0.04926638943751653 0
1641796528377 0.03613664594391982 0
1641796540729 0.025703967040777206 0
1641796552966 0.021297002240022022 0
1641796565341 0.022921574107309182 0
1641796577717 0.017362418075899284 0
1641796590084 0.01904395623356104 0
1641796602405 0.01784971775263548 0
1641796614688 0.012396224647263686 0
1641796627039 0.013238139946137865 0
1641796639398 0.012409269671514631 0
1641796651845 0.011247247563675046 0
1641796664210 0.012459221504131953 0
1641796676498 0.008783128212143977 0
1641796688794 0.011633045554937174 0
