1644414242570 0.2384 0
1644414244313 0.4048 0
1644414246001 0.5096 0
1644414247763 0.5552 0
1644414249523 0.632 0
1644414251256 0.6588 0
1644414252931 0.6896 0
1644414254645 0.742 0
1644414256367 0.756 0
1644414258110 0.8 0
1644414260497 0.2876 0
1644414262532 0.5768 0
1644414264544 0.6824 0
1644414266598 0.7428 0
1644414268652 0.7852 0
1644414270727 0.8012 0
1644414272782 0.8324 0
1644414274832 0.8536 0
1644414276865 0.872 0
1644414278872 0.8924 0
1644414281346 0.3768 0
1644414283376 0.5788 0
1644414285443 0.6852 0
1644414287497 0.7488 0
1644414289520 0.7668 0
1644414291598 0.808 0
1644414293647 0.8216 0
1644414295698 0.8468 0
1644414297781 0.8628 0
1644414299802 0.8872 0
