1644399723872 1.209313558769226 0
1644399725499 0.6253115723609924 0
1644399727058 0.501318597984314 0
1644399728634 0.3874084545135498 0
1644399730198 0.32811790289878845 0
1644399733382 0.4457502529144287 0
1644399736414 0.2280173756837845 0
1644399739447 0.16146894717216492 0
1644399742512 0.1031238468527794 0
1644399745537 0.07806229649335146 0
1644399751000 0.22364273310903413 0
1644399756061 0.09797712836276602 0
1644399761239 0.08089307605752667 0
1644399766387 0.054859756069533805 0
1644399771606 0.03726524078917647 0
