1652151217538 0.5932 0
1652151219990 0.77 0
1652151222431 0.814 0
1652151224798 0.8384 0
1652151227262 0.8404 0
1652151229724 0.88 0
1652151232154 0.892 0
1652151234592 0.9168 0
1652151237045 0.9048 0
1652151239513 0.934 0
1652151241963 0.9204 0
1652151244429 0.944 0
1652151246899 0.9444 0
1652151249345 0.9388 0
1652151251780 0.9548 0
1652151254217 0.912 0
1652151256606 0.9504 0
1652151259078 0.9532 0
1652151261535 0.9628 0
1652151263919 0.964 0
1652151266377 0.9544 0
1652151268814 0.9684 0
1652151271275 0.9704 0
1652151273736 0.9832 0
1652151276208 0.9828 0
1652151278671 0.9844 0
1652151281140 0.9828 0
1652151283599 0.9636 0
1652151286064 0.9168 0
1652151288522 0.98 0
1652151291669 0.7306 0
1652151294656 0.803 0
1652151297624 0.8428 0
1652151300506 0.8712 0
1652151303435 0.8902 0
1652151306240 0.8996 0
1652151309126 0.9122 0
1652151311964 0.9134 0
1652151314904 0.9326 0
1652151317557 0.9202 0
1652151320491 0.9428 0
1652151323319 0.9474 0
1652151326302 0.947 0
1652151329238 0.9476 0
1652151332087 0.9356 0
1652151335023 0.9556 0
1652151337938 0.9632 0
1652151340761 0.9644 0
1652151343595 0.9682 0
1652151346575 0.9558 0
1652151349537 0.9582 0
1652151352500 0.9598 0
1652151355391 0.966 0
1652151358327 0.9674 0
1652151361219 0.9706 0
1652151364120 0.9578 0
1652151367010 0.9592 0
1652151369887 0.9656 0
1652151372869 0.9734 0
1652151375664 0.972 0
1652151380152 0.8197333333333333 0
1652151384226 0.8649333333333333 0
1652151388169 0.8792 0
1652151392270 0.9050666666666667 0
1652151396110 0.9093333333333333 0
1652151400235 0.9212 0
1652151404273 0.9278666666666666 0
1652151408184 0.9317333333333333 0
1652151412230 0.9352 0
1652151416346 0.9473333333333334 0
1652151420482 0.9361333333333334 0
1652151424615 0.9412 0
1652151428727 0.9512 0
1652151432830 0.9577333333333333 0
1652151436914 0.9532 0
1652151441034 0.9517333333333333 0
1652151445086 0.9597333333333333 0
1652151449087 0.9545333333333333 0
1652151453282 0.9624 0
1652151457331 0.9594666666666667 0
1652151461410 0.9490666666666666 0
1652151465431 0.962 0
1652151469535 0.9705333333333334 0
1652151473696 0.9661333333333333 0
1652151477791 0.9649333333333333 0
1652151481863 0.9613333333333334 0
1652151486010 0.9617333333333333 0
1652151490151 0.9610666666666666 0
1652151494234 0.9694666666666667 0
1652151498338 0.9701333333333333 0
1652151503252 0.8822352627367298 0
1652151507477 0.9171779141104295 0
1652151511804 0.9277140570818885 0
1652151516118 0.9465190717524673 0
1652151520319 0.9486529741264337 0
1652151524590 0.9543878367564684 0
1652151528747 0.9630568151507068 0
1652151532915 0.9557215257401974 0
1652151537120 0.9557215257401974 0
1652151541308 0.9678580954921312 0
1652151545523 0.9618564950653508 0
1652151549672 0.9665244065084022 0
1652151553843 0.968124833288877 0
1652151557942 0.9591891170978928 0
1652151562231 0.9581221659109096 0
1652151566567 0.9705254734595892 0
1652151570736 0.9697252600693518 0
1652151575000 0.9710589490530808 0
1652151579274 0.9631901840490797 0
1652151583319 0.9671912510002667 0
1652151587574 0.9669245132035209 0
1652151591807 0.9662576687116564 0
1652151596092 0.9703921045612163 0
1652151600255 0.9741264337156575 0
1652151604564 0.9741264337156575 0
1652151608767 0.970792211256335 0
1652151613023 0.9710589490530808 0
1652151617160 0.9706588423579621 0
1652151621453 0.9714590557481996 0
1652151625266 0.9713256868498267 0
1652151630302 0.8205333333333333 0
1652151634821 0.87 0
1652151639307 0.8838666666666667 0
1652151643466 0.9074666666666666 0
1652151647875 0.9149333333333334 0
1652151652060 0.9217333333333333 0
1652151656466 0.9346666666666666 0
1652151660740 0.9468 0
1652151664920 0.9473333333333334 0
1652151669352 0.9568 0
1652151673707 0.95 0
1652151678192 0.9564 0
1652151682439 0.9565333333333333 0
1652151686887 0.956 0
1652151691344 0.9630666666666666 0
1652151695776 0.9598666666666666 0
1652151700053 0.9622666666666667 0
1652151704287 0.9678666666666667 0
1652151708768 0.9685333333333334 0
1652151713092 0.9642666666666667 0
1652151717642 0.9645333333333334 0
1652151721916 0.9626666666666667 0
1652151726324 0.9674666666666667 0
1652151730750 0.9657333333333333 0
1652151735112 0.9690666666666666 0
1652151739503 0.9713333333333334 0
1652151743891 0.9664 0
1652151748126 0.9648 0
1652151752520 0.9612 0
1652151756849 0.9722666666666666 0
