1645566148233 0.245 0
1645566156665 0.3568 0
1645566165198 0.4214 0
1645566173500 0.474 0
1645566181763 0.5228 0
1645566189999 0.5696 0
1645566198445 0.6066 0
1645566206770 0.6466 0
1645566215313 0.694 0
1645566223991 0.7332 0
1645566232469 0.7694 0
1645566240712 0.8178 0
1645566249118 0.8414 0
1645566257417 0.8728 0
1645566265916 0.8984 0
1645566274344 0.9096 0
1645566282601 0.9134 0
1645566291055 0.9226 0
1645566299304 0.9298 0
1645566307434 0.958 0
1645566323309 0.6183 0
1645566323987 0.0 0
1645566324649 0.0 0
1645566325299 0.0 0
1645566325940 0.0 0
1645566326581 0.0 0
1645566327238 0.0 0
1645566327874 0.0 0
1645566328509 0.0 0
1645566329154 0.0 0
1645566329807 0.0 0
1645566330443 0.0 0
1645566331085 0.0 0
1645566331720 0.0 0
1645566332357 0.0 0
1645566333017 0.0 0
1645566333720 0.0 0
1645566334397 0.0 0
1645566335053 0.0 0
1645566335689 0.0 0
1645566352409 0.5105 0
1645566353039 0.0 0
1645566353704 0.0 0
1645566354406 0.0 0
1645566355093 0.0 0
1645566355717 0.0 0
1645566356375 0.0 0
1645566357005 0.0 0
1645566357649 0.0 0
1645566358280 0.0 0
1645566358923 0.0 0
1645566359569 0.0 0
1645566360223 0.0 0
1645566360885 0.0 0
1645566361540 0.0 0
1645566362198 0.0 0
1645566362842 0.0 0
1645566363473 0.0 0
1645566364109 0.0 0
1645566364793 0.0 0
1645566382232 0.4872974594918984 0
1645566382903 0.0 0
1645566383552 0.0 0
1645566384190 0.0 0
1645566384798 0.0 0
1645566385488 0.0 0
1645566386155 0.0 0
1645566386815 0.0 0
1645566387453 0.0 0
1645566388109 0.0 0
1645566388754 0.0 0
1645566389394 0.0 0
1645566390025 0.0 0
1645566390666 0.0 0
1645566391301 0.0 0
1645566391946 0.0 0
1645566392578 0.0 0
1645566393239 0.0 0
1645566393889 0.0 0
1645566394537 0.0 0
1645566412467 0.5332 0
1645566413118 0.0 0
1645566413755 0.0 0
1645566414423 0.0 0
1645566415083 0.0 0
1645566415746 0.0 0
1645566416427 0.0 0
1645566417137 0.0 0
1645566417809 0.0 0
1645566418474 0.0 0
1645566419159 0.0 0
1645566419833 0.0 0
1645566420502 0.0 0
1645566421168 0.0 0
1645566421818 0.0 0
1645566422445 0.0 0
1645566423098 0.0 0
1645566423745 0.0 0
1645566424402 0.0 0
1645566425044 0.0 0
1645566443975 0.5362 0
1645566444631 0.0 0
1645566445275 0.0 0
1645566445951 0.0 0
1645566446602 0.0 0
1645566447256 0.0 0
1645566447908 0.0 0
1645566448538 0.0 0
1645566449185 0.0 0
1645566449834 0.0 0
1645566450499 0.0 0
1645566451162 0.0 0
1645566451780 0.0 0
1645566452438 0.0 0
1645566453067 0.0 0
1645566453703 0.0 0
1645566454337 0.0 0
1645566454974 0.0 0
1645566455590 0.0 0
1645566456234 0.0 0
1645566475642 0.5288057611522304 0
1645566476293 0.0 0
1645566476930 0.0 0
1645566477550 0.0 0
1645566478178 0.0 0
1645566478866 0.0 0
1645566479521 0.0 0
1645566480156 0.0 0
1645566480802 0.0 0
1645566481459 0.0 0
1645566482087 0.0 0
1645566482712 0.0 0
1645566483381 0.0 0
1645566484041 0.0 0
1645566484690 0.0 0
1645566485364 0.0 0
1645566486018 0.0 0
1645566486675 0.0 0
1645566487293 0.0 0
1645566487938 0.0 0
1645566507480 0.5659131826365273 0
1645566508142 0.0 0
1645566508791 0.0 0
1645566509436 0.0 0
1645566510070 0.0 0
1645566510712 0.0 0
1645566511414 0.0 0
1645566512124 0.0 0
1645566512778 0.0 0
1645566513415 0.0 0
1645566514052 0.0 0
1645566514694 0.0 0
1645566515335 0.0 0
1645566515970 0.0 0
1645566516595 0.0 0
1645566517238 0.0 0
1645566517868 0.0 0
1645566518517 0.0 0
1645566519155 0.0 0
1645566519811 0.0 0
1645566539780 0.5351 0
1645566540436 0.0 0
1645566541083 0.0 0
1645566541740 0.0 0
1645566542391 0.0 0
1645566543036 0.0 0
1645566543693 0.0 0
1645566544392 0.0 0
1645566545055 0.0 0
1645566545687 0.0 0
1645566546343 0.0 0
1645566546977 0.0 0
1645566547621 0.0 0
1645566548276 0.0 0
1645566548927 0.0 0
1645566549578 0.0 0
1645566550207 0.0 0
1645566550839 0.0 0
1645566551483 0.0 0
1645566552146 0.0 0
1645566573435 0.55887943971986 0
1645566574106 0.0 0
1645566574731 0.0 0
1645566575380 0.0 0
1645566576051 0.0 0
1645566576722 0.0 0
1645566577383 0.0 0
1645566578043 0.0 0
1645566578668 0.0 0
1645566579330 0.0 0
1645566579983 0.0 0
1645566580599 0.0 0
1645566581235 0.0 0
1645566581876 0.0 0
1645566582505 0.0 0
1645566583176 0.0 0
1645566583845 0.0 0
1645566584471 0.0 0
1645566585118 0.0 0
1645566585742 0.0 0
1645566607443 0.5719 0
1645566608088 0.0 0
1645566608753 0.0 0
1645566609466 0.0 0
1645566610124 0.0 0
1645566610767 0.0 0
1645566611417 0.0 0
1645566612079 0.0 0
1645566612752 0.0 0
1645566613416 0.0 0
1645566614071 0.0 0
1645566614719 0.0 0
1645566615362 0.0 0
1645566616024 0.0 0
1645566616684 0.0 0
1645566617334 0.0 0
1645566617975 0.0 0
1645566618641 0.0 0
1645566619310 0.0 0
1645566620014 0.0 0
1645566641968 0.5890534320592355 0
1645566642628 0.0 0
1645566643294 0.0 0
1645566643966 0.0 0
1645566644624 0.0 0
1645566645257 0.0 0
1645566645896 0.0 0
1645566646541 0.0 0
1645566647202 0.0 0
1645566647856 0.0 0
1645566648500 0.0 0
1645566649161 0.0 0
1645566649824 0.0 0
1645566650463 0.0 0
1645566651112 0.0 0
1645566651772 0.0 0
1645566652494 0.0 0
1645566653175 0.0 0
1645566653836 0.0 0
1645566654490 0.0 0
1645566678061 0.5969775820656525 0
1645566678724 0.0 0
1645566679380 0.0 0
1645566680028 0.0 0
1645566680676 0.0 0
1645566681324 0.0 0
1645566681970 0.0 0
1645566682660 0.0 0
1645566683345 0.0 0
1645566684038 0.0 0
1645566684664 0.0 0
1645566685305 0.0 0
1645566685965 0.0 0
1645566686630 0.0 0
1645566687282 0.0 0
1645566687935 0.0 0
1645566688576 0.0 0
1645566689233 0.0 0
1645566689880 0.0 0
1645566690564 0.0 0
1645566714404 0.6182946357085669 0
1645566715063 0.0 0
1645566715721 0.0 0
1645566716367 0.0 0
1645566717062 0.0 0
1645566717765 0.0 0
1645566718451 0.0 0
1645566719117 0.0 0
1645566719759 0.0 0
1645566720409 0.0 0
1645566721068 0.0 0
1645566721742 0.0 0
1645566722394 0.0 0
1645566723032 0.0 0
1645566723699 0.0 0
1645566724351 0.0 0
1645566725002 0.0 0
1645566725661 0.0 0
1645566726325 0.0 0
1645566726957 0.0 0
1645566751760 0.5992198439687938 0
1645566752408 0.0 0
1645566753063 0.0 0
1645566753721 0.0 0
1645566754370 0.0 0
1645566755024 0.0 0
1645566755664 0.0 0
1645566756343 0.0 0
1645566757001 0.0 0
1645566757661 0.0 0
1645566758302 0.0 0
1645566758969 0.0 0
1645566759605 0.0 0
1645566760260 0.0 0
1645566760894 0.0 0
1645566761525 0.0 0
1645566762227 0.0 0
1645566762901 0.0 0
1645566763579 0.0 0
1645566764244 0.0 0
1645566788850 0.6578289144572286 0
1645566789519 0.0 0
1645566790168 0.0 0
1645566790821 0.0 0
1645566791463 0.0 0
1645566792121 0.0 0
1645566792772 0.0 0
1645566793439 0.0 0
1645566794094 0.0 0
1645566794748 0.0 0
1645566795398 0.0 0
1645566796101 0.0 0
1645566796775 0.0 0
1645566797457 0.0 0
1645566798101 0.0 0
1645566798746 0.0 0
1645566799390 0.0 0
1645566800063 0.0 0
1645566800700 0.0 0
1645566801338 0.0 0
1645566826643 0.6092874299439551 0
1645566827288 0.0 0
1645566827910 0.0 0
1645566828560 0.0 0
1645566829238 0.0 0
1645566829886 0.0 0
1645566830562 0.0 0
1645566831248 0.0 0
1645566831945 0.0 0
1645566832599 0.0 0
1645566833258 0.0 0
1645566833921 0.0 0
1645566834578 0.0 0
1645566835226 0.0 0
1645566835864 0.0 0
1645566836518 0.0 0
1645566837169 0.0 0
1645566837831 0.0 0
1645566838522 0.0 0
1645566839168 0.0 0
1645566865419 0.6622324464892979 0
1645566866114 0.0 0
1645566866769 0.0 0
1645566867403 0.0 0
1645566868070 0.0 0
1645566868721 0.0 0
1645566869386 0.0 0
1645566870044 0.0 0
1645566870695 0.0 0
1645566871346 0.0 0
1645566871991 0.0 0
1645566872647 0.0 0
1645566873289 0.0 0
1645566873923 0.0 0
1645566874564 0.0 0
1645566875194 0.0 0
1645566875860 0.0 0
1645566876508 0.0 0
1645566877209 0.0 0
1645566877908 0.0 0
1645566904503 0.6482074904866814 0
1645566905147 0.0 0
1645566905802 0.0 0
1645566906440 0.0 0
1645566907088 0.0 0
1645566907731 0.0 0
1645566908457 0.0 0
1645566909149 0.0 0
1645566909814 0.0 0
1645566910470 0.0 0
1645566911259 0.0 0
1645566911895 0.0 0
1645566912536 0.0 0
1645566913185 0.0 0
1645566913859 0.0 0
1645566914507 0.0 0
1645566915185 0.0 0
1645566915838 0.0 0
1645566916496 0.0 0
1645566917138 0.0 0
1645566944700 0.6913073922176654 0
1645566945337 0.0 0
1645566946018 0.0 0
1645566946677 0.0 0
1645566947329 0.0 0
1645566947986 0.0 0
1645566948665 0.0 0
1645566949328 0.0 0
1645566949998 0.0 0
1645566950643 0.0 0
1645566951277 0.0 0
1645566951958 0.0 0
1645566952630 0.0 0
1645566953309 0.0 0
1645566953976 0.0 0
1645566954623 0.0 0
1645566955262 0.0 0
1645566955923 0.0 0
1645566956630 0.0 0
1645566957311 0.0 0
