1654780767740 0.9129949056548549 0
1654780781133 0.18117543501872158 0
1654780794168 0.06114903660991978 0
1654780807248 0.027068063552689963 0
1654780820595 0.014553026560550368 0
1654780833914 0.018690383688219826 0
1654780847048 0.012217880564917037 0
1654780860156 0.00817093654115986 0
1654780873194 0.00516274279332628 0
1654780886434 0.0003687101640224133 0
1654780899810 0.00024279562081926044 0
1654780912799 0.000572489487620366 0
1654780926225 0.0012636707515674061 0
1654780939343 0.0005873386175098173 0
1654780952631 0.0003480578993463162 0
1654780965659 0.00024214970245369633 0
1654780978825 0.00013630959478349216 0
1654780992058 0.0004103282215679886 0
1654781005007 0.0012770337615390732 0
1654781018306 0.0020823287285131114 0
1654781031625 0.000964557615251849 0
1654781045176 0.0027736197553736674 0
1654781058684 0.0001471232628515916 0
1654781071751 0.00011863102669506967 0
1654781085150 6.969192937261175e-05 0
1654781098729 0.00013189397480183466 0
1654781112048 7.174959325474267e-05 0
1654781125087 0.0002010219694998382 0
1654781138497 0.00011193804606822805 0
1654781151949 4.0652201260158146e-05 0
1654781165252 4.2253543501347284e-05 0
1654781178211 9.022101096725774e-05 0
1654781191493 3.389531950555767e-05 0
1654781204698 0.00013689262068562123 0
1654781217968 0.013011395490236957 0
1654781231496 0.002541651002202326 0
1654781244630 0.00021981292630973595 0
1654781257963 8.734113493450673e-05 0
1654781271620 0.00022450004464739446 0
1654781284835 7.529314322082933e-05 0
1654781298081 5.4147493198974704e-05 0
1654781311219 4.322487309521952e-05 0
1654781324596 5.107170694527154e-05 0
1654781338103 0.00016809442207654888 0
1654781351444 3.805329399060611e-05 0
1654781364534 0.0003708417376219619 0
1654781377747 7.526189518241654e-05 0
1654781391158 5.4822283727262155e-05 0
1654781404302 4.8882369506753886e-05 0
1654781417427 5.081355818327367e-05 0
1654781438007 0.2793398996324095 0
1654781454789 0.026029485847180203 0
1654781471698 0.014867611395680921 0
1654781488518 0.004072020932010184 0
1654781505037 0.001966715585146359 0
1654781521787 0.003907978985849332 0
1654781538360 0.0004311127143678396 0
1654781554862 0.0005028037541244826 0
1654781571565 0.0010293914251015429 0
1654781588096 0.0004508253710332708 0
1654781604677 0.00014632344455404927 0
1654781621770 0.00011990709975923747 0
1654781638622 0.0006716627681247908 0
1654781655241 0.000401164716771784 0
1654781671927 9.731059505412554e-05 0
1654781688658 7.59238302003875e-05 0
1654781705337 0.00016108421751524023 0
1654781722270 0.0008711593039878095 0
1654781739088 0.016889909861533693 0
1654781756056 0.007100471662931852 0
1654781772694 0.0009446000670138604 0
1654781789343 0.0018848145533615578 0
1654781805954 0.0002288798973417393 0
1654781823059 0.0008216198332102637 0
1654781839695 0.0001370135736184409 0
1654781856812 0.0007112151990912338 0
1654781873289 0.0002811721577502921 0
1654781889784 0.0004175347697923681 0
1654781906329 0.00020351395573526936 0
1654781922738 0.0011434442136415706 0
1654781939343 0.0020002100691678525 0
1654781956116 0.001129646835538391 0
1654781972531 0.0002391114030884012 0
1654781989022 0.00016897936719605195 0
1654782005754 9.702112463724183e-05 0
1654782022609 5.7470378146537226e-05 0
1654782039426 0.002214147383123373 0
1654782056451 0.00017836835918732776 0
1654782073324 9.401088072635391e-05 0
1654782089955 4.6669566331018414e-05 0
1654782106583 0.0009178038548401745 0
1654782123636 0.00031227225027406666 0
1654782140282 0.00010270801621359769 0
1654782156840 0.0012236499740959333 0
1654782173690 7.160712494665882e-05 0
1654782190363 4.3115945200639094e-05 0
1654782207472 4.685462001470421e-05 0
1654782224241 3.868908819613393e-05 0
1654782240796 0.0007457811823420042 0
1654782257304 0.0001321649087240811 0
1654782282932 0.19538783298537601 0
1654782299768 0.015762092475570436 0
1654782316861 0.009878289810806103 0
1654782333592 0.0035851509738622314 0
1654782350387 0.0026525784582092753 0
1654782367699 0.0047615519154249565 0
1654782384560 0.0003706948506817002 0
1654782401530 0.0006328872418949855 0
1654782418354 0.000188454626021127 0
1654782435575 0.00012206209101197545 0
1654782452411 0.00011072672310466478 0
1654782469179 0.00011077991880771035 0
1654782486030 0.0001005308607683241 0
1654782502865 7.689324710459328e-05 0
1654782519653 0.001178724452082726 0
1654782536447 0.0012986671897042825 0
1654782553337 0.00019006696208580893 0
1654782570478 0.00010209503833863033 0
1654782587432 9.636028013807296e-05 0
1654782604339 8.193468197523264e-05 0
1654782621285 8.985541418997348e-05 0
1654782638098 5.038733733882869e-05 0
1654782654861 5.9230751857717185e-05 0
1654782671563 5.7821399954346986e-05 0
1654782688176 4.306235392963739e-05 0
1654782705104 0.00014406115360427686 0
1654782722051 4.727822686392674e-05 0
1654782739085 4.2052283424466835e-05 0
1654782755937 3.774396740318089e-05 0
1654782772931 3.5287529438342345e-05 0
1654782789536 3.39862914457283e-05 0
1654782806044 3.513622673944167e-05 0
1654782822804 3.0400668587920775e-05 0
1654782839542 2.8929380826087604e-05 0
1654782856239 0.0006202398122626043 0
1654782872924 0.0006777682187552907 0
1654782889487 6.517519497942387e-05 0
1654782906224 4.6566350250025246e-05 0
1654782923120 3.9735861742395905e-05 0
1654782939804 3.6968793942299934e-05 0
1654782956374 4.141878310219772e-05 0
1654782973154 3.2301264219595e-05 0
1654782989814 2.67912427897207e-05 0
1654783006482 3.1334582667497864e-05 0
1654783023006 2.5982116814333966e-05 0
1654783039774 2.286039278834339e-05 0
1654783056552 2.6878601429188165e-05 0
1654783073376 2.1828045961508676e-05 0
1654783090097 2.205113731632853e-05 0
1654783106862 3.4088522928593286e-05 0
1654783136214 0.3262078009640686 0
1654783152674 0.05747842809570566 0
1654783169333 0.020125584828159324 0
1654783185924 0.028268824795570524 0
1654783202688 0.008853154335927932 0
1654783219179 0.004456430064160797 0
1654783235852 0.008715271118009184 0
1654783252585 0.009357935307307982 0
1654783269397 0.0027066987885674843 0
1654783285893 0.0005102222271950795 0
1654783302654 0.00028351260019075737 0
1654783319199 0.00012884019150777887 0
1654783335658 0.00019863319027352245 0
1654783352733 0.0011159214896513934 0
1654783369155 0.0026343387889917877 0
1654783385857 0.005633897028498158 0
1654783402380 0.004437672752233136 0
1654783419250 0.001919672163152705 0
1654783436051 0.0003093402622170629 0
1654783452707 0.0006506546552033839 0
1654783469359 0.00013443748497744457 0
1654783486157 8.992549528661786e-05 0
1654783502907 5.081223998747691e-05 0
1654783519666 5.07203340602405e-05 0
1654783536399 0.003915690544240928 0
1654783552951 0.0002983591251449152 0
1654783569295 0.00010149534303901144 0
1654783586397 8.376612531410866e-05 0
1654783602889 5.3468753627129096e-05 0
1654783619511 4.506855481953064e-05 0
1654783636254 0.0005420696856679221 0
1654783653174 0.0001599849985962637 0
1654783670163 5.045742951455833e-05 0
1654783686972 3.53042738260487e-05 0
1654783703903 4.6768365340046e-05 0
1654783720464 3.17614803874077e-05 0
1654783737264 2.9636810886134053e-05 0
1654783753885 2.571180586943259e-05 0
1654783770666 2.9125371449245402e-05 0
1654783787563 2.4522162188002337e-05 0
1654783804209 0.00552314209754238 0
1654783820860 0.006632625144438139 0
1654783837321 0.0006308875640380194 0
1654783854416 0.0005651713234409307 0
1654783870890 0.0006259606488229998 0
1654783887318 0.0037078828539387648 0
1654783904196 0.00010738260589950953 0
1654783921284 0.00015839372926948746 0
1654783938198 6.109063609594034e-05 0
1654783955141 5.135078971943144e-05 0
1654783989210 0.16030775427839536 0
1654784006177 0.007330848740655314 0
1654784022825 0.003393295011831927 0
1654784039310 0.0025784529284295058 0
1654784055803 0.0007625386206906407 0
1654784072639 0.001098360937542697 0
1654784089305 0.00026922864023764826 0
1654784105840 0.00019493998549347357 0
1654784122736 0.00013878833326467704 0
1654784138993 0.00013797078891854142 0
1654784156067 0.00010080525080702712 0
1654784172581 0.0001034954975504082 0
1654784189420 0.0006187617649455961 0
1654784206351 0.00016028450936317844 0
1654784223017 0.00019573117609519112 0
1654784239476 9.032686397420063e-05 0
1654784256192 6.794045577923239e-05 0
1654784272877 7.324007201232291e-05 0
1654784289388 6.417318859434649e-05 0
1654784306278 5.852449845575682e-05 0
1654784323243 5.411616245154112e-05 0
1654784339764 5.08820091265824e-05 0
1654784356382 4.888446976017019e-05 0
1654784373397 5.330024047891172e-05 0
1654784390289 4.508544216331695e-05 0
1654784406892 4.675540113663609e-05 0
1654784423569 8.86175754271536e-05 0
1654784440527 4.106223397732176e-05 0
1654784457775 4.80492017514306e-05 0
1654784474351 3.8211421620189754e-05 0
1654784490919 4.6167432350410255e-05 0
1654784507480 3.5282614538329145e-05 0
1654784524495 3.408486961116479e-05 0
1654784541201 3.391649513768478e-05 0
1654784558130 3.182955354795618e-05 0
1654784574853 3.5598138046556764e-05 0
1654784591778 3.4361213979883256e-05 0
1654784608630 3.7701669747233215e-05 0
1654784625686 3.205668506569121e-05 0
1654784642609 2.635391347198896e-05 0
1654784659425 2.8285127565268544e-05 0
1654784676083 2.6030640996530993e-05 0
1654784693198 2.755151617465773e-05 0
1654784710211 2.6022735890992368e-05 0
1654784726837 2.430822791756972e-05 0
1654784743701 2.500716780534147e-05 0
1654784760707 2.349955674472193e-05 0
1654784777586 2.2351926835213165e-05 0
1654784794634 2.19057995663326e-05 0
1654784811487 2.1660178206872147e-05 0
