1645824034326 0.486 0
1645824037290 0.6448 0
1645824040252 0.7056 0
1645824043212 0.7296 0
1645824046221 0.7736 0
1645824066439 0.5156 0
1645824086309 0.6628 0
1645824106071 0.7156 0
1645824125621 0.752 0
1645824145376 0.808 0
1645824165597 0.6408 0
1645824185181 0.7912 0
1645824204552 0.838 0
1645824224067 0.8668 0
1645824243624 0.88 0
1645824263834 0.482 0
1645824282982 0.6296 0
1645824302700 0.6912 0
1645824321906 0.7576 0
1645824341093 0.7924 0
1645824362067 0.5556 0
1645824381497 0.708 0
1645824400826 0.7796 0
1645824420223 0.8024 0
1645824439463 0.8392 0
1645824460402 0.6976 0
1645824479751 0.8404 0
1645824499103 0.8752 0
1645824518592 0.892 0
1645824538265 0.9236 0
1645824559845 0.6476 0
1645824579216 0.7848 0
1645824598537 0.834 0
1645824618023 0.8732 0
1645824637652 0.8968 0
1645824659245 0.488 0
1645824678389 0.6484 0
1645824697402 0.7272 0
1645824716552 0.7576 0
1645824735593 0.8008 0
1645824757651 0.6364 0
1645824776974 0.778 0
1645824796292 0.8372 0
1645824815545 0.8712 0
1645824834805 0.8988 0
1645824857054 0.6412 0
1645824876147 0.7944 0
1645824895621 0.854 0
1645824915109 0.8932 0
1645824934477 0.9204 0
1645824957004 0.4552 0
1645824976029 0.63 0
1645824995095 0.7132 0
1645825014167 0.7772 0
1645825033187 0.8276 0
1645825056250 0.5776 0
1645825075599 0.7704 0
1645825094971 0.8324 0
1645825114217 0.8664 0
1645825133420 0.908 0
1645825156814 0.6392 0
1645825176056 0.8032 0
1645825195450 0.8696 0
1645825214586 0.9012 0
1645825233773 0.9176 0
1645825257211 0.6496 0
1645825276298 0.7912 0
1645825295465 0.8496 0
1645825314617 0.8864 0
1645825333568 0.9124 0
1645825357845 0.57 0
1645825377189 0.7052 0
1645825396468 0.7772 0
1645825415714 0.8108 0
1645825435033 0.8532 0
1645825459997 0.6096 0
1645825479598 0.7928 0
1645825499003 0.8396 0
1645825518654 0.8844 0
1645825538299 0.9064 0
1645825563714 0.8248 0
1645825583372 0.9204 0
1645825603030 0.9492 0
1645825622662 0.9592 0
1645825642312 0.9676 0
1645825668576 0.7492 0
1645825688344 0.8928 0
1645825708059 0.934 0
1645825727662 0.9392 0
1645825747299 0.9572 0
1645825773390 0.6708 0
1645825792935 0.7956 0
1645825812463 0.8336 0
1645825831911 0.8776 0
1645825851407 0.8856 0
1645825877704 0.6868 0
1645825897212 0.8432 0
1645825916503 0.886 0
1645825936102 0.9136 0
1645825955520 0.9412 0
