1643844635537 1.0089776508013408 0
1643844690169 0.6158681887944539 0
1643844750395 0.5256489308198293 0
1643844817423 0.5090870041449864 0
1643844890631 0.5478628804206848 0
1643844970037 0.5387936349709829 0
1643845055537 0.5159661769151688 0
1643845146363 0.5302414790471395 0
1643845243773 0.5467929306825002 0
1643845345906 0.553884307940801 0
1643845454733 0.5832488166491191 0
1643845568103 0.5846791782061259 0
1643845687786 0.5997769304593404 0
1643845812734 0.6234813087463379 0
1643845943954 0.6050300805091858 0
1643846080500 0.6304752146402994 0
1643846222447 0.6225119316736857 0
1643846370017 0.6174148276964824 0
1643846523983 0.6598479425112407 0
1643846683106 0.6676910085995992 0
1643846848339 0.6531408692042033 0
1643847018607 0.6704939472834269 0
1643847228202 0.6565987012863159 0
1643847411410 0.6861733551025391 0
1643847599209 0.686764301554362 0
1643847792678 0.6947803296089172 0
1643847991698 0.7213126910845439 0
1643848197757 0.7293494806925456 0
1643848408970 0.718632939974467 0
1643848626291 0.7328085922876993 0
