1652812982698 2.1862180381774903 0
1652812987978 1.9512820133209228 0
1652812993173 1.8593177459716796 0
1652812998462 1.6968498622894288 0
1652813003741 1.6028428958892822 0
1652813016177 1.8545350942611694 0
1652813027896 1.5189001564979554 0
1652813039782 1.3407189966201782 0
1652813051639 1.207338067817688 0
1652813063321 1.0924422409057617 0
1652813076150 1.8050345329284667 0
1652813087982 1.4610715225219726 0
1652813099865 1.3214150663375854 0
1652813111759 1.2077112348556518 0
1652813123566 1.0982813554763793 0
1652813136846 1.610145129776001 0
1652813148671 1.257178462600708 0
1652813160484 1.0985189266204833 0
1652813172293 0.990409051322937 0
1652813184064 0.8604730950832367 0
1652813197804 1.7443017513275147 0
1652813209805 1.4991071073532105 0
1652813222078 1.3245655878067017 0
1652813234038 1.1920656280517579 0
1652813246019 1.0885795440673829 0
