1652742869453 0.1152 0
1652742873975 0.1384 0
1652742878491 0.1876 0
1652742883085 0.2158 0
1652742887613 0.2324 0
1652742892224 0.2578 0
1652742896700 0.274 0
1652742901226 0.2878 0
1652742905672 0.3074 0
1652742910237 0.3314 0
1652742921853 0.1606 0
1652742927099 0.2444 0
1652742932306 0.2746 0
1652742937607 0.3144 0
1652742942948 0.3374 0
1652742948315 0.3522 0
1652742953387 0.3628 0
1652742958718 0.3942 0
1652742963881 0.3946 0
1652742969295 0.4276 0
1652742982144 0.1436 0
1652742988072 0.211 0
1652742994018 0.2278 0
1652742999953 0.2542 0
1652743005852 0.2968 0
1652743011730 0.3094 0
1652743017468 0.3212 0
1652743023386 0.3418 0
1652743029378 0.3556 0
1652743034991 0.38 0
1652743048818 0.1596 0
1652743055155 0.256 0
1652743061629 0.2954 0
1652743067897 0.3208 0
1652743074409 0.3496 0
1652743080940 0.3648 0
1652743087331 0.3868 0
1652743093644 0.412 0
1652743099987 0.4188 0
1652743106635 0.4282 0
1652743121183 0.1628 0
1652743128168 0.268 0
1652743134931 0.2918 0
1652743141688 0.3188 0
1652743148569 0.3272 0
1652743155488 0.3424 0
1652743162415 0.353 0
1652743169412 0.3602 0
1652743176337 0.365 0
1652743183237 0.3714 0
