1644593233615 0.207 0
1644593235878 0.444 0
1644593238098 0.5412 0
1644593240335 0.5812 0
1644593242579 0.627 0
1644593244769 0.665 0
1644593247026 0.7078 0
1644593249294 0.7424 0
1644593251504 0.774 0
1644593253698 0.8114 0
1644593255930 0.8428 0
1644593258114 0.8744 0
1644593260310 0.8974 0
1644593262521 0.9198 0
1644593264726 0.9414 0
1644593266936 0.9552 0
1644593269181 0.9704 0
1644593271385 0.9832 0
1644593273605 0.9876 0
1644593275838 0.9922 0
1644593279767 0.1658 0
1644593281718 0.3784 0
1644593283647 0.4618 0
1644593285557 0.519 0
1644593287508 0.5476 0
1644593289451 0.5814 0
1644593291342 0.6328 0
1644593293257 0.67 0
1644593295166 0.7092 0
1644593297077 0.7362 0
1644593299004 0.7704 0
1644593300913 0.8044 0
1644593302823 0.8322 0
1644593304714 0.8696 0
1644593306649 0.8954 0
1644593308576 0.92 0
1644593310498 0.9446 0
1644593312420 0.9574 0
1644593314327 0.9726 0
1644593316202 0.981 0
1644593322032 0.1982 0
1644593323951 0.4122 0
1644593325871 0.5268 0
1644593327823 0.579 0
1644593329793 0.6138 0
1644593331674 0.6482 0
1644593333591 0.6782 0
1644593335538 0.7108 0
1644593337501 0.741 0
1644593339416 0.7708 0
1644593341336 0.8146 0
1644593343306 0.8468 0
1644593345259 0.8748 0
1644593347233 0.9044 0
1644593349182 0.9258 0
1644593351070 0.953 0
1644593352948 0.9684 0
1644593354874 0.9744 0
1644593356808 0.9824 0
1644593358752 0.9914 0
