1645790761268 2.187046116256714 0
1645790765673 1.8118666790008544 0
1645790770110 1.5167669090270997 0
1645790774653 1.2668247817993163 0
1645790779129 1.0682051305770874 0
1645790783533 0.8489466891288757 0
1645790787906 0.6546368783473968 0
1645790792356 0.4827719561576843 0
1645790796621 0.3283137296915054 0
1645790800955 0.23773052660226823 0
1645790805309 0.1465088217139244 0
1645790809724 0.10490870578885078 0
1645790814210 0.08127629761099815 0
1645790818649 0.06884250846505165 0
1645790822980 0.05760458867549896 0
1645790827483 0.044779062047600744 0
1645790831890 0.04097628872394562 0
1645790836258 0.024599323869496585 0
1645790840620 0.04093268039524555 0
1645790844932 0.06355812020450831 0
1645790851336 2.1826417547225954 0
1645790854819 1.8207602195739747 0
1645790858380 1.4703955249786378 0
1645790861970 1.2010415231704712 0
1645790865485 0.9618553732872009 0
1645790869088 0.7310576272964477 0
1645790872704 0.5231375843524932 0
1645790876315 0.4037358103752136 0
1645790880059 0.26802944885492325 0
1645790883617 0.192074898147583 0
1645790887240 0.12362674738168716 0
1645790890920 0.09647468005418777 0
1645790894490 0.06143389921784401 0
1645790898147 0.04696627407670021 0
1645790901720 0.04071441367864609 0
1645790905310 0.03776313743442297 0
1645790908913 0.03189846337735653 0
1645790912497 0.0387107080295682 0
1645790916083 0.06828539691269397 0
1645790919709 0.052286011849343776 0
1645790929168 2.1014025550842286 0
1645790932837 1.6359605825424195 0
1645790936491 1.2990240299224853 0
1645790940136 1.0257746786117554 0
1645790943677 0.798565762424469 0
1645790947369 0.5968014851093292 0
1645790951116 0.44065735716819765 0
1645790954821 0.30226589829921724 0
1645790958525 0.22356119468212127 0
1645790962181 0.15699500223398208 0
1645790965853 0.12706528239250184 0
1645790969530 0.08330123552083969 0
1645790973224 0.055826978209614755 0
1645790976852 0.04223119715452194 0
1645790980532 0.03846975209116936 0
1645790984369 0.03597040708810091 0
1645790988062 0.04926869932115078 0
1645790991602 0.05092802012860775 0
1645790995283 0.036787326779961584 0
1645790998874 0.044844949112832544 0
1645791011173 2.150956878662109 0
1645791014934 1.7625039083480836 0
1645791018724 1.4640136041641236 0
1645791022590 1.2186032863616942 0
1645791026370 0.9942105487823486 0
1645791030317 0.7699442564964294 0
1645791034077 0.6017901898860931 0
1645791037860 0.4655425882816315 0
1645791041650 0.31942551579475403 0
1645791045455 0.23936101876497268 0
1645791049237 0.16886439270973205 0
1645791053042 0.1267286543250084 0
1645791056806 0.08067721881270408 0
1645791060594 0.06725710881352424 0
1645791064361 0.05553130931556225 0
1645791068152 0.06792785568535328 0
1645791071883 0.05016273975670338 0
1645791075720 0.05427309301197529 0
1645791079479 0.05108540140092373 0
1645791083252 0.048767944984138015 0
1645791098793 2.0708173307418822 0
1645791102737 1.5874942794799805 0
1645791106646 1.2977369760513306 0
1645791110594 1.091861798095703 0
1645791114410 0.897442257976532 0
1645791118303 0.7036372591972351 0
1645791122185 0.5355537269115448 0
1645791126115 0.41774880657196045 0
1645791130023 0.2976305174827576 0
1645791133976 0.2441735562801361 0
1645791137916 0.15977488116025926 0
1645791141796 0.1224822803914547 0
1645791145720 0.09825387454628945 0
1645791149631 0.08405873215794564 0
1645791153498 0.06279256892204285 0
1645791157344 0.042921477407217024 0
1645791161269 0.05672931201159954 0
1645791165126 0.05354644905924797 0
1645791168961 0.06485784538686276 0
1645791172833 0.04788321980088949 0
1645791191574 2.067707730484009 0
1645791195615 1.6296469367980957 0
1645791199736 1.3527594003677368 0
1645791203729 1.1302926774978637 0
1645791207944 0.9528651467323304 0
1645791212035 0.7813036623001098 0
1645791216078 0.5921253918647766 0
1645791220292 0.4550719786167145 0
1645791224596 0.3402454026222229 0
1645791228551 0.24703177151679992 0
1645791232599 0.1969411888241768 0
1645791236766 0.13745702019929887 0
1645791240866 0.08899212659597397 0
1645791244928 0.08499248033165932 0
1645791249169 0.07005038043707609 0
1645791253217 0.047128228083252906 0
1645791257226 0.04144695520401001 0
1645791261331 0.04654216593503952 0
1645791265358 0.059825774823129174 0
1645791269404 0.06991785923540592 0
1645791291587 2.146517459106445 0
1645791295652 1.8085589056015015 0
1645791299648 1.5772673719406127 0
1645791303670 1.3742707357406616 0
1645791307734 1.200625944328308 0
1645791311701 1.0078491302490233 0
1645791315709 0.8070049990177155 0
1645791319790 0.6429096847534179 0
1645791323827 0.4571869601726532 0
1645791327953 0.3477736228704453 0
1645791332050 0.27190702023506164 0
1645791336032 0.1820336407482624 0
1645791339987 0.13225320938229562 0
1645791344153 0.09902048597335815 0
1645791348179 0.07272827993631363 0
1645791352365 0.07689255887269973 0
1645791356466 0.0655170461922884 0
1645791360482 0.0792302286952734 0
1645791364529 0.06677012599110603 0
1645791368580 0.0698411898419261 0
1645791393846 2.064473071861267 0
1645791397882 1.631727446937561 0
1645791401902 1.3824840845108033 0
1645791405896 1.2040771512985229 0
1645791409943 1.030130609512329 0
1645791413956 0.8461728447914123 0
1645791417911 0.695398760509491 0
1645791421842 0.5281605295181274 0
1645791425785 0.41276915774345396 0
1645791429787 0.28953022878170015 0
1645791433779 0.21376742930412293 0
1645791437786 0.16247121356725694 0
1645791441783 0.11803212916254997 0
1645791445752 0.0827199275970459 0
1645791449779 0.06260261625945568 0
1645791453804 0.07109828862547875 0
1645791457826 0.052499450001120565 0
1645791461875 0.0671809252589941 0
1645791465891 0.035477680233120916 0
1645791469886 0.06519420091956854 0
1645791498397 2.1478202781677247 0
1645791502443 1.8246281955718995 0
1645791506480 1.614935327911377 0
1645791510696 1.421663397026062 0
1645791514818 1.2439501491546632 0
1645791518872 1.0756135938644409 0
1645791522965 0.8840066795349121 0
1645791527060 0.6883587174892426 0
1645791531104 0.5258479883193969 0
1645791535247 0.38008011627197263 0
1645791539337 0.2853428368806839 0
1645791543403 0.21801671530008315 0
1645791547400 0.14554902116060256 0
1645791551553 0.12082854725718498 0
1645791555634 0.08474764803051948 0
1645791559697 0.08941610229313374 0
1645791563732 0.08626533502340317 0
1645791567834 0.07771760455965995 0
1645791571926 0.06735432677567005 0
1645791576064 0.06889618780612945 0
1645791608032 2.113867432785034 0
1645791612213 1.7487577980041504 0
1645791616421 1.5126881345748902 0
1645791620553 1.3197748264312743 0
1645791624944 1.1462233743667603 0
1645791629204 0.9611472502708435 0
1645791633304 0.764961259841919 0
1645791637429 0.6146721358299255 0
1645791641576 0.44598460097312925 0
1645791645697 0.33102972099781036 0
1645791649759 0.25718150914907456 0
1645791653850 0.16865646468400955 0
1645791657912 0.13561907056570052 0
1645791661967 0.13044856264591217 0
1645791666042 0.09376049745082855 0
1645791670158 0.07629113861620426 0
1645791674266 0.04924065260887146 0
1645791678405 0.03766437805593014 0
1645791682515 0.055550124871730805 0
1645791686578 0.07522131304442882 0
1645791721745 2.1598950595855713 0
1645791725854 1.8154794948577881 0
1645791729963 1.5710474935531615 0
1645791734055 1.3573467582702636 0
1645791738073 1.1710601974487305 0
1645791742085 1.002768031692505 0
1645791746167 0.798249582862854 0
1645791750243 0.639278831577301 0
1645791754239 0.46292606222629545 0
1645791758354 0.3537876899242401 0
1645791762358 0.25744817448854446 0
1645791766374 0.17246268236637116 0
1645791770455 0.12892222868800163 0
1645791774514 0.09657128358483315 0
1645791778552 0.08487051312923431 0
1645791782762 0.07750936580002307 0
1645791786859 0.06758435305953026 0
1645791790827 0.06598459241986275 0
1645791794874 0.0673859873086214 0
1645791798905 0.06357909097671509 0
1645791837419 2.038683103752136 0
1645791841450 1.5875837066650391 0
1645791845484 1.3422987962722779 0
1645791849466 1.1523671480178832 0
1645791853528 0.9664170708656311 0
1645791857553 0.8036177817344665 0
1645791861620 0.6187552767276764 0
1645791865619 0.4764440659046173 0
1645791869558 0.3487666996717453 0
1645791873613 0.2520006758332253 0
1645791877702 0.18641167266368866 0
1645791881793 0.14705303788781166 0
1645791885838 0.12385863472819328 0
1645791889897 0.0820482213407755 0
1645791893810 0.08048134909570218 0
1645791897867 0.05682051160037518 0
1645791901929 0.054660661339759824 0
1645791905949 0.05603125143051148 0
1645791910005 0.0625743016988039 0
1645791914126 0.04779768293052912 0
1645791956441 2.081149673080444 0
1645791960487 1.684703981590271 0
1645791964527 1.426244692993164 0
1645791968554 1.245730360031128 0
1645791972552 1.0308345176696778 0
1645791976528 0.8542707522392273 0
1645791980483 0.6896012157917023 0
1645791984483 0.5084318202018738 0
1645791988525 0.3903455076932907 0
1645791992518 0.2725640436172485 0
1645791996534 0.1961564714074135 0
1645792000550 0.14682418867349625 0
1645792004655 0.0967441943347454 0
1645792008768 0.08597772521376609 0
1645792012885 0.07396601837277413 0
1645792016925 0.048157392650842665 0
1645792020948 0.06358349798619747 0
1645792024948 0.045904748743772504 0
1645792029021 0.07043772521615028 0
1645792033165 0.07532793702185155 0
1645792078443 2.1057611236572265 0
1645792082441 1.7123577285766602 0
1645792086449 1.4470296041488648 0
1645792090601 1.2274607355117797 0
1645792094837 1.0463588159561157 0
1645792098954 0.8528473543643952 0
1645792102989 0.6648155702590942 0
1645792106975 0.5205580800533295 0
1645792111086 0.3830669308423996 0
1645792115152 0.2655632303714752 0
1645792119131 0.20486941475868226 0
1645792123098 0.15040725739002228 0
1645792127360 0.12234068590402603 0
1645792131496 0.08184032222628593 0
1645792135623 0.07581005668342114 0
1645792139671 0.06690638155937195 0
1645792143723 0.057511336293816565 0
1645792147747 0.06402789919674397 0
1645792151790 0.05074858929514885 0
1645792155802 0.047315924802422527 0
1645792204784 1.9585415508270263 0
1645792208873 1.4516386556625367 0
1645792212986 1.2006549795150756 0
1645792217150 1.0143355832099914 0
1645792221228 0.8375115767478943 0
1645792225372 0.6691309967041016 0
1645792229547 0.5326150859832763 0
1645792233722 0.4238640357971191 0
1645792237828 0.28916480350494383 0
1645792241960 0.2358867548108101 0
1645792246077 0.16252479370832443 0
1645792250208 0.14003270528316497 0
1645792254289 0.09088561380505562 0
1645792258391 0.07175729307532311 0
1645792262535 0.06800848935544491 0
1645792266638 0.06435860929489136 0
1645792270794 0.08072676419317722 0
1645792274942 0.040825947922468186 0
1645792279017 0.04991451115012169 0
1645792283144 0.054415206567943096 0
1645792335913 1.9956775024414062 0
1645792339991 1.501603491973877 0
1645792344144 1.2663813558578492 0
1645792348188 1.0763030992507934 0
1645792352259 0.9138782159805298 0
1645792356463 0.7659899213790894 0
1645792360562 0.5883660719394684 0
1645792364658 0.4600328169345856 0
1645792368688 0.34424480555057524 0
1645792372777 0.25503532713651655 0
1645792376886 0.1822274041891098 0
1645792380885 0.13281553255915643 0
1645792384889 0.11198130864500999 0
1645792389006 0.06441485470533372 0
1645792393080 0.06905172041654586 0
1645792397140 0.05728484975397587 0
1645792401199 0.047891344261169436 0
1645792405294 0.0630924653545022 0
1645792409384 0.0632040598332882 0
1645792413393 0.06589817237704992 0
1645792469504 2.0849066705703736 0
1645792473716 1.6770713382720948 0
1645792477862 1.4188177358627319 0
1645792482177 1.2228229375839232 0
1645792486491 1.0389640435218812 0
1645792490615 0.8585331062316894 0
1645792494756 0.7054997460365295 0
1645792498949 0.54446786236763 0
1645792503123 0.4113970629930496 0
1645792507330 0.30119358072280883 0
1645792511483 0.23214563208818437 0
1645792515683 0.15003477655053138 0
1645792519834 0.11072741717100143 0
1645792523967 0.10053054577112198 0
1645792528087 0.07914401375949383 0
1645792532188 0.07340070639848709 0
1645792536453 0.07181218619048596 0
1645792540610 0.061331707605719564 0
1645792544849 0.060699697276949884 0
1645792549082 0.06274767464548349 0
1645792608485 2.1142562278747556 0
1645792612654 1.7385635288238526 0
1645792616728 1.4875246826171875 0
1645792620860 1.2922792242050172 0
1645792624893 1.095375869178772 0
1645792629028 0.9154467372894287 0
1645792633355 0.727389251089096 0
1645792637384 0.5668860587120056 0
1645792641487 0.4189453137278557 0
1645792645562 0.31732320828437804 0
1645792649704 0.22667680045366287 0
1645792653761 0.15641060526371003 0
1645792657853 0.12328751040697097 0
1645792661962 0.08833881455659866 0
1645792665976 0.07649696136116982 0
1645792670054 0.054807221537828445 0
1645792674114 0.056473268711566924 0
1645792678151 0.07000623197555542 0
1645792682282 0.06070750116705895 0
1645792686405 0.059494230794906615 0
1645792749945 2.093206924438477 0
1645792754225 1.679246559524536 0
1645792758572 1.432293557548523 0
1645792763011 1.250490443611145 0
1645792767220 1.0649536670684814 0
1645792771492 0.8942191872596741 0
1645792775731 0.7112106718540192 0
1645792779908 0.5861754756450653 0
1645792784188 0.43351077067852023 0
1645792788422 0.3459391390323639 0
1645792792727 0.22056372736692428 0
1645792797044 0.18294661586284638 0
1645792801171 0.15791445748209954 0
1645792805351 0.10146966694593429 0
1645792809509 0.09241610994338989 0
1645792813747 0.08251817879974842 0
1645792818004 0.06295806230008602 0
1645792822214 0.07215458571612834 0
1645792826392 0.05851607648432255 0
1645792830606 0.05194193967580795 0
1645792896952 2.100354617881775 0
1645792901280 1.7265272605895996 0
1645792905632 1.5048804321289062 0
1645792909950 1.3126314823150635 0
1645792914225 1.1366110140800476 0
1645792918485 0.9452148071289063 0
1645792922778 0.7887503905296326 0
1645792927067 0.6152739535808563 0
1645792931385 0.46903969492912295 0
1645792935607 0.33636365971565246 0
1645792939884 0.2575507176876068 0
1645792944201 0.16596969014406204 0
1645792948531 0.14483339683413504 0
1645792952806 0.09393710711598396 0
1645792957080 0.08141354324519634 0
1645792961394 0.07738176938891411 0
1645792965667 0.07375222569704055 0
1645792969909 0.06475975694060325 0
1645792974217 0.06289243132770062 0
1645792978471 0.05773950490802526 0
