1651732371094 0.6376 0
1651732373938 0.862 0
1651732376862 0.9176 0
1651732379731 0.9456 0
1651732382628 0.9588 0
1651732385499 0.9772 0
1651732388383 0.9788 0
1651732391340 0.9908 0
1651732394236 0.9524 0
1651732397146 0.9788 0
1651732403096 0.4664 0
1651732406284 0.7404 0
1651732409425 0.8264 0
1651732412710 0.8692 0
1651732415996 0.8784 0
1651732419157 0.9256 0
1651732422418 0.8836 0
1651732425730 0.8684 0
1651732429088 0.9496 0
1651732432275 0.9596 0
1651732438791 0.496 0
1651732442362 0.74 0
1651732445960 0.8016 0
1651732449527 0.8544 0
1651732453164 0.88 0
1651732456657 0.9108 0
1651732460241 0.9 0
1651732463772 0.8604 0
1651732467324 0.904 0
1651732470992 0.9224 0
1651732477958 0.6372 0
1651732481951 0.886 0
1651732485772 0.9144 0
1651732489694 0.9272 0
1651732493664 0.9216 0
1651732497698 0.9468 0
1651732501465 0.9624 0
1651732505324 0.9656 0
1651732509258 0.9652 0
1651732513198 0.9644 0
1651732520735 0.4724 0
1651732524801 0.6796 0
1651732528875 0.7584 0
1651732532953 0.8044 0
1651732536917 0.7764 0
1651732540727 0.8296 0
1651732544783 0.858 0
1651732548940 0.8716 0
1651732552971 0.8692 0
1651732557026 0.8636 0
