1644439062025 0.7641651588201522 0
1644439077268 0.22848442959785462 0
1644439092270 0.12290167681376139 0
1644439107466 0.06369835905830065 0
1644439122443 0.034761984221140546 0
1644439137594 0.021632175571719807 0
1644439152627 0.01492072604894638 0
1644439167750 0.014219984238470594 0
1644439182853 0.012724327311168114 0
1644439197862 0.014207402290900548 0
1644439213063 0.010584862629820902 0
1644439227919 0.008181208043793837 0
1644439243182 0.00913214768692851 0
1644439258175 0.010056523130213222 0
1644439273222 0.007988630840679009 0
1644439288095 0.006727408970085283 0
1644439303399 0.006324253934559722 0
1644439318551 0.0075580319343755645 0
1644439333866 0.005081753750704229 0
1644439348954 0.005325017293232183 0
1644439371824 0.785149627494812 0
1644439383108 0.23685225165685017 0
1644439394326 0.12960622739394506 0
1644439405685 0.06988038835922877 0
1644439416955 0.04007429711222649 0
1644439428250 0.026421603853007156 0
1644439439572 0.016398195283859968 0
1644439450762 0.016016137627263866 0
1644439462124 0.01603126882960399 0
1644439473503 0.013005955315877994 0
1644439485044 0.00981981377551953 0
1644439496333 0.00978112572208047 0
1644439507727 0.011714006473931173 0
1644439519028 0.007899028220524391 0
1644439530425 0.007540242304590841 0
1644439541769 0.007329381641000509 0
1644439553128 0.007312774835899472 0
1644439564459 0.006618781987639765 0
1644439575722 0.006890745614282787 0
1644439586907 0.006096747846901417 0
1644439621574 0.8131364471276601 0
1644439632891 0.2492767957687378 0
1644439644262 0.14032628343900044 0
1644439655464 0.07466596154769262 0
1644439666747 0.040504040213425956 0
1644439678140 0.026851288480559985 0
1644439689535 0.017738938545187315 0
1644439700792 0.017465315766632558 0
1644439712191 0.013510978221893311 0
1644439723554 0.010809612914547325 0
1644439734930 0.013024408295502264 0
1644439746298 0.009966712618867557 0
1644439757642 0.008055401261771719 0
1644439768980 0.008642893699804942 0
1644439780375 0.009189369568973779 0
1644439791668 0.007692296081657211 0
1644439803080 0.009035613602772354 0
1644439814390 0.008519740377987424 0
1644439825766 0.0068782246869678295 0
1644439837038 0.005367632910485069 0
