1654384144444 0.874795367731765 0
1654384157968 0.9878130115806706 0
1654384171508 0.9957557751773479 0
1654384184883 0.997150306190505 0
1654384198205 0.9998787364336386 0
1654384244661 0.9323873628039536 0
1654384260301 0.9964829300830756 0
1654384275994 0.9972712388575586 0
1654384291883 0.9993329694985144 0
1654384307736 0.9976350736765508 0
1654384360767 0.9501030677822239 0
1654384378330 0.9916939493149024 0
1654384395951 0.9935127925306172 0
1654384413694 0.9939978173881412 0
1654384431796 0.9964835697829514 0
1654384490291 0.9205579138872043 0
1654384510439 0.9788963007883565 0
1654384530210 0.9835051546391752 0
1654384549582 0.9878714372346877 0
1654384569460 0.9842935112189205 0
1654384633433 0.95536147501213 0
1654384655022 0.9925400291120815 0
1654384676368 0.9967248908296943 0
1654384697783 0.9941775836972343 0
1654384719147 0.9971494420184377 0
