1651366269722 0.5452 0
1651366273872 0.7752 0
1651366277784 0.844 0
1651366281879 0.8996 0
1651366285899 0.9288 0
1651366289831 0.9576 0
1651366293874 0.9736 0
1651366298079 0.9768 0
1651366302249 0.9804 0
1651366306346 0.9912 0
1651366310347 0.9924 0
1651366314441 0.9932 0
1651366318485 0.996 0
1651366322575 0.994 0
1651366326619 0.994 0
1651366330584 0.9912 0
1651366334593 0.9924 0
1651366338652 0.9908 0
1651366342744 0.994 0
1651366346750 0.9948 0
1651366350894 0.9932 0
1651366355020 0.996 0
1651366359162 0.9884 0
1651366363329 0.996 0
1651366367523 0.9928 0
1651366371687 0.996 0
1651366375776 0.994 0
1651366379864 0.994 0
1651366383955 0.9948 0
1651366387955 0.9948 0
1651366394290 0.4228 0
1651366397807 0.6464 0
1651366401258 0.7484 0
1651366404741 0.8124 0
1651366408144 0.874 0
1651366411588 0.9148 0
1651366415073 0.9384 0
1651366418508 0.962 0
1651366421971 0.9708 0
1651366425518 0.9824 0
1651366429032 0.9804 0
1651366432567 0.984 0
1651366436096 0.9892 0
1651366439546 0.992 0
1651366443059 0.9932 0
1651366446511 0.9912 0
1651366450027 0.9856 0
1651366453532 0.992 0
1651366457031 0.9864 0
1651366460556 0.9892 0
1651366464072 0.9868 0
1651366467606 0.988 0
1651366471125 0.9832 0
1651366474597 0.988 0
1651366478110 0.992 0
1651366481571 0.9968 0
1651366485083 0.9936 0
1651366488576 0.992 0
1651366492110 0.9912 0
1651366495621 0.9924 0
1651366504912 0.694 0
1651366508404 0.8608 0
1651366511890 0.9264 0
1651366515325 0.948 0
1651366518838 0.9676 0
1651366522277 0.9812 0
1651366525759 0.9868 0
1651366529273 0.9876 0
1651366532836 0.9948 0
1651366536326 0.992 0
1651366539782 0.9972 0
1651366543275 0.9996 0
1651366546735 0.9996 0
1651366550223 0.9916 0
1651366553696 0.9896 0
1651366557178 0.9888 0
1651366560682 0.9904 0
1651366564119 0.9968 0
1651366567619 0.992 0
1651366571074 0.9972 0
1651366574670 0.9956 0
1651366578212 0.9932 0
1651366581741 0.9968 0
1651366585248 1.0 0
1651366588770 0.9972 0
1651366592300 0.998 0
1651366595832 0.9972 0
1651366599308 0.9968 0
1651366602861 0.9964 0
1651366606359 0.9968 0
1651366618742 0.5036 0
1651366622385 0.6996 0
1651366626060 0.7952 0
1651366629757 0.8368 0
1651366633307 0.8972 0
1651366636870 0.9296 0
1651366640481 0.9568 0
1651366644023 0.9636 0
1651366647622 0.9684 0
1651366651243 0.982 0
1651366654836 0.9848 0
1651366658356 0.9892 0
1651366661943 0.9948 0
1651366665520 0.9868 0
1651366669171 0.9856 0
1651366672704 0.9876 0
1651366676233 0.9928 0
1651366679847 0.9932 0
1651366683423 0.9876 0
1651366686969 0.9828 0
1651366690527 0.9928 0
1651366694126 0.9852 0
1651366697656 0.9892 0
1651366701234 0.9952 0
1651366704767 0.9848 0
1651366708355 0.9932 0
1651366711886 0.9984 0
1651366715452 0.9952 0
1651366719055 0.9924 0
1651366722635 0.9896 0
1651366738126 0.6592 0
1651366741781 0.8368 0
1651366745399 0.8972 0
1651366748989 0.9376 0
1651366752572 0.962 0
1651366756201 0.9672 0
1651366759840 0.9684 0
1651366763443 0.9872 0
1651366766986 0.9924 0
1651366770580 0.9924 0
1651366774212 0.994 0
1651366777847 0.9964 0
1651366781437 0.996 0
1651366785057 0.9908 0
1651366788691 0.9872 0
1651366792318 0.992 0
1651366795893 0.9908 0
1651366799476 0.9968 0
1651366803054 0.9936 0
1651366806658 0.9952 0
1651366810332 0.9916 0
1651366813916 0.9948 0
1651366817530 0.9976 0
1651366821190 0.9892 0
1651366824741 0.9964 0
1651366828288 0.9904 0
1651366831842 0.9956 0
1651366835388 0.9956 0
1651366839014 0.998 0
1651366842647 0.9992 0
1651366861229 0.6284 0
1651366864864 0.7836 0
1651366868516 0.8508 0
1651366872109 0.8876 0
1651366875691 0.9204 0
1651366879265 0.9484 0
1651366882828 0.9688 0
1651366886466 0.9712 0
1651366890026 0.9804 0
1651366893587 0.986 0
1651366897202 0.9852 0
1651366900806 0.992 0
1651366904362 0.9844 0
1651366907929 0.9932 0
1651366911532 0.9888 0
1651366915250 0.9912 0
1651366918843 0.9936 0
1651366922454 0.9908 0
1651366926057 0.9896 0
1651366929651 0.988 0
1651366933229 0.9916 0
1651366936777 0.9916 0
1651366940396 1.0 0
1651366943988 1.0 0
1651366947592 1.0 0
1651366951201 1.0 0
1651366954808 1.0 0
1651366958442 1.0 0
1651366962097 1.0 0
1651366965720 1.0 0
1651366987542 0.694 0
1651366991226 0.8268 0
1651366994924 0.8896 0
1651366998611 0.9176 0
1651367002306 0.9496 0
1651367005985 0.9644 0
1651367009688 0.9688 0
1651367013383 0.9824 0
1651367017105 0.986 0
1651367020777 0.9864 0
1651367024461 0.9908 0
1651367028213 0.9912 0
1651367031882 0.9904 0
1651367035568 0.9924 0
1651367039291 0.9944 0
1651367043033 0.9928 0
1651367046743 0.9864 0
1651367050408 0.9908 0
1651367054088 0.992 0
1651367057836 0.9952 0
1651367061602 0.9956 0
1651367065319 0.9956 0
1651367068953 0.9948 0
1651367072612 0.996 0
1651367076239 0.9984 0
1651367079844 0.9876 0
1651367083466 0.9972 0
1651367087195 0.9996 0
1651367090878 0.9972 0
1651367094557 0.9944 0
1651367119334 0.5108 0
1651367122937 0.7132 0
1651367126625 0.8084 0
1651367130270 0.8696 0
1651367133913 0.9116 0
1651367137602 0.9324 0
1651367141208 0.9644 0
1651367144794 0.9736 0
1651367148428 0.9812 0
1651367152017 0.9852 0
1651367155620 0.9816 0
1651367159145 0.9852 0
1651367162755 0.988 0
1651367166413 0.9928 0
1651367170082 0.9944 0
1651367173679 0.9952 0
1651367177341 0.9828 0
1651367180958 0.9928 0
1651367184577 0.9908 0
1651367188193 0.9936 0
1651367191829 0.9984 0
1651367195531 0.9984 0
1651367199166 0.9912 0
1651367202802 0.9868 0
1651367206375 0.9832 0
1651367209972 0.9904 0
1651367213573 0.9908 0
1651367217174 0.9944 0
1651367220793 0.994 0
1651367224453 0.996 0
1651367252530 0.6532 0
1651367256281 0.8428 0
1651367260048 0.8936 0
1651367263805 0.926 0
1651367267524 0.9572 0
1651367271308 0.9712 0
1651367275103 0.9832 0
1651367278846 0.9824 0
1651367282600 0.9868 0
1651367286319 0.996 0
1651367289991 0.9868 0
1651367293680 0.9824 0
1651367297393 0.9944 0
1651367301081 0.9908 0
1651367304748 0.996 0
1651367308477 0.9924 0
1651367312198 0.988 0
1651367315941 0.992 0
1651367319655 0.9984 0
1651367323377 0.9952 0
1651367327074 0.9936 0
1651367330803 0.9952 0
1651367334581 0.9936 0
1651367338288 0.9988 0
1651367342010 0.9932 0
1651367345695 0.9988 0
1651367349396 0.9992 0
1651367353054 0.9832 0
1651367356735 0.9976 0
1651367360492 0.9952 0
1651367391866 0.5288 0
1651367395506 0.7012 0
1651367399154 0.7944 0
1651367402774 0.8616 0
1651367406407 0.9 0
1651367410071 0.9348 0
1651367413691 0.9564 0
1651367417326 0.9712 0
1651367420986 0.9824 0
1651367424586 0.9864 0
1651367428181 0.9832 0
1651367431827 0.9868 0
1651367435503 0.9904 0
1651367439098 0.9868 0
1651367442701 0.9872 0
1651367446271 0.9888 0
1651367449895 0.99 0
1651367453558 0.9876 0
1651367457119 0.9904 0
1651367460745 0.9924 0
1651367464365 0.988 0
1651367468049 0.9972 0
1651367471678 0.9908 0
1651367475339 0.9988 0
1651367478925 1.0 0
1651367482544 0.9848 0
1651367486165 0.9884 0
1651367489645 0.9928 0
1651367493185 0.9856 0
1651367496853 0.9928 0
1651367531415 0.6524 0
1651367535005 0.8224 0
1651367538639 0.8956 0
1651367542349 0.9344 0
1651367545970 0.9528 0
1651367549654 0.9708 0
1651367553268 0.9748 0
1651367556905 0.9836 0
1651367560627 0.9896 0
1651367564211 0.9924 0
1651367567852 0.9912 0
1651367571542 0.9884 0
1651367575208 0.9948 0
1651367578898 0.992 0
1651367582527 0.9936 0
1651367586153 0.9972 0
1651367589727 0.9924 0
1651367593272 0.9864 0
1651367596836 0.9984 0
1651367600445 0.9956 0
1651367604016 0.9992 0
1651367607638 1.0 0
1651367611252 1.0 0
1651367614882 1.0 0
1651367618502 0.9828 0
1651367622193 0.9912 0
1651367625822 0.9932 0
1651367629414 0.994 0
1651367633053 0.9956 0
1651367636712 0.9956 0
1651367674823 0.6244 0
1651367678516 0.8024 0
1651367682260 0.8596 0
1651367686032 0.9176 0
1651367689809 0.9428 0
1651367693559 0.9592 0
1651367697295 0.9736 0
1651367701027 0.9784 0
1651367704807 0.9812 0
1651367708544 0.9896 0
1651367712238 0.984 0
1651367715934 0.988 0
1651367719664 0.9896 0
1651367723377 0.9916 0
1651367727079 0.9944 0
1651367730804 0.996 0
1651367734581 0.992 0
1651367738341 0.9924 0
1651367742083 0.9908 0
1651367745855 0.9916 0
1651367749520 0.9936 0
1651367753180 0.9984 0
1651367756932 0.9964 0
1651367760617 0.9848 0
1651367764326 0.9956 0
1651367768091 0.996 0
1651367771860 0.992 0
1651367775555 0.9952 0
1651367779314 0.994 0
1651367783093 0.9964 0
1651367824478 0.6792 0
1651367828187 0.8628 0
1651367831940 0.8916 0
1651367835638 0.9408 0
1651367839406 0.9572 0
1651367843171 0.9688 0
1651367846886 0.972 0
1651367850601 0.9856 0
1651367854415 0.98 0
1651367858150 0.9848 0
1651367861880 0.9936 0
1651367865619 0.9912 0
1651367869354 0.9932 0
1651367873139 0.9924 0
1651367876876 0.9928 0
1651367880614 0.9944 0
1651367884327 0.99 0
1651367888070 0.9928 0
1651367891850 0.9872 0
1651367895609 0.9932 0
1651367899295 0.998 0
1651367903021 0.996 0
1651367906830 0.9944 0
1651367910499 0.9956 0
1651367914206 0.9972 0
1651367917927 0.9944 0
1651367921639 0.9936 0
1651367925342 0.9888 0
1651367929076 0.9964 0
1651367932781 0.9972 0
1651367977198 0.5344 0
1651367980993 0.7152 0
1651367984751 0.794 0
1651367988434 0.856 0
1651367992133 0.8888 0
1651367995875 0.928 0
1651367999606 0.9448 0
1651368003345 0.9552 0
1651368007106 0.9776 0
1651368010767 0.9752 0
1651368014509 0.9772 0
1651368018246 0.9756 0
1651368022030 0.99 0
1651368025800 0.9928 0
1651368029470 0.9848 0
1651368033193 0.9916 0
1651368036956 0.9808 0
1651368040659 0.994 0
1651368044459 0.9912 0
1651368048219 0.978 0
1651368051915 0.996 0
1651368055692 0.9932 0
1651368059352 0.9944 0
1651368063093 0.984 0
1651368066843 0.9868 0
1651368070607 0.992 0
1651368074372 0.992 0
1651368078126 0.9856 0
1651368081815 0.998 0
1651368085624 0.9952 0
1651368133406 0.652 0
1651368137261 0.8028 0
1651368141069 0.8464 0
1651368144854 0.9064 0
1651368148709 0.9256 0
1651368152641 0.9452 0
1651368156508 0.9576 0
1651368160407 0.9748 0
1651368164184 0.9796 0
1651368168030 0.9892 0
1651368171903 0.98 0
1651368175819 0.9804 0
1651368179626 0.9912 0
1651368183482 0.992 0
1651368187325 0.9924 0
1651368191159 0.9964 0
1651368194975 0.9812 0
1651368198823 0.992 0
1651368202698 0.9968 0
1651368206577 0.9932 0
1651368210422 0.9968 0
1651368214247 0.99 0
1651368218039 0.9956 0
1651368221877 0.996 0
1651368225718 0.996 0
1651368229534 0.994 0
1651368233307 0.9864 0
1651368237163 0.9916 0
1651368241003 0.9928 0
1651368244844 0.9888 0
1651368296221 0.6152 0
1651368300092 0.7556 0
1651368304019 0.816 0
1651368307926 0.8636 0
1651368311800 0.902 0
1651368315661 0.9296 0
1651368319547 0.958 0
1651368323380 0.9684 0
1651368327222 0.98 0
1651368331125 0.9836 0
1651368334982 0.9836 0
1651368338889 0.982 0
1651368342724 0.9872 0
1651368346572 0.9864 0
1651368350415 0.9824 0
1651368354312 0.9892 0
1651368358148 0.9912 0
1651368361965 0.9904 0
1651368365791 0.9904 0
1651368369605 0.9924 0
1651368373438 0.9896 0
1651368377306 0.9924 0
1651368381190 0.992 0
1651368385061 0.984 0
1651368388927 0.9936 0
1651368392754 0.9956 0
1651368396621 0.9924 0
1651368400508 0.9952 0
1651368404394 0.9944 0
1651368408298 0.9996 0
1651368463402 0.4524 0
1651368467306 0.6236 0
1651368471183 0.694 0
1651368475121 0.7632 0
1651368478971 0.818 0
1651368482797 0.8524 0
1651368486570 0.9168 0
1651368490388 0.9344 0
1651368494230 0.9532 0
1651368498058 0.9616 0
1651368501874 0.9572 0
1651368505705 0.9748 0
1651368509626 0.9844 0
1651368513563 0.98 0
1651368517482 0.984 0
1651368521320 0.9808 0
1651368525083 0.982 0
1651368528853 0.9916 0
1651368532730 0.9928 0
1651368536581 0.9804 0
1651368540394 0.9812 0
1651368544242 0.9872 0
1651368548094 0.9848 0
1651368551918 0.988 0
1651368555787 0.9868 0
1651368559670 0.9924 0
1651368563481 0.99 0
1651368567379 0.9868 0
1651368571198 0.9924 0
1651368575090 0.9912 0
1651368633614 0.502 0
1651368637530 0.7056 0
1651368641338 0.7864 0
1651368645175 0.8392 0
1651368649027 0.8872 0
1651368652946 0.9204 0
1651368656884 0.9408 0
1651368660771 0.9568 0
1651368664580 0.9788 0
1651368668421 0.9764 0
1651368672278 0.9792 0
1651368676079 0.984 0
1651368679982 0.984 0
1651368683751 0.9928 0
1651368687667 0.9788 0
1651368691558 0.9896 0
1651368695435 0.9888 0
1651368699270 0.9848 0
1651368703216 0.988 0
1651368706982 0.9872 0
1651368710903 0.9896 0
1651368714750 0.9932 0
1651368718601 0.9908 0
1651368722437 0.9872 0
1651368726313 0.9968 0
1651368730187 0.9908 0
1651368734033 0.9904 0
1651368737895 0.9896 0
1651368741806 0.9908 0
1651368745679 0.998 0
1651368808039 0.4588 0
1651368811871 0.6296 0
1651368815778 0.7184 0
1651368819641 0.7784 0
1651368823565 0.8316 0
1651368827472 0.8644 0
1651368831448 0.918 0
1651368835394 0.9444 0
1651368839253 0.9532 0
1651368843150 0.9604 0
1651368846959 0.968 0
1651368850840 0.982 0
1651368854723 0.9832 0
1651368858524 0.982 0
1651368862404 0.9748 0
1651368866290 0.99 0
1651368870159 0.9836 0
1651368874039 0.9836 0
1651368877906 0.9896 0
1651368881815 0.9848 0
1651368885661 0.986 0
1651368889531 0.984 0
1651368893390 0.9896 0
1651368897393 0.994 0
1651368901296 0.986 0
1651368905174 0.9888 0
1651368909096 0.9908 0
1651368912995 0.9956 0
1651368916858 0.9844 0
1651368920753 0.986 0
1651368985968 0.6196 0
1651368989919 0.79 0
1651368993853 0.8492 0
1651368997764 0.8924 0
1651369001615 0.9332 0
1651369005528 0.95 0
1651369009398 0.9628 0
1651369013322 0.974 0
1651369017215 0.9836 0
1651369021048 0.9872 0
1651369024928 0.986 0
1651369028869 0.9892 0
1651369032807 0.9944 0
1651369036640 0.9916 0
1651369040542 0.9872 0
1651369044423 0.9944 0
1651369048310 0.99 0
1651369052244 0.9988 0
1651369056147 1.0 0
1651369060046 0.9856 0
1651369063937 0.9908 0
1651369067733 0.9916 0
1651369071654 0.9884 0
1651369075529 0.992 0
1651369079494 0.9868 0
1651369083396 0.9952 0
1651369087279 0.9868 0
1651369091190 0.998 0
1651369095082 1.0 0
1651369099019 1.0 0
