1654200385825 0.5172497423149215 0
1654200400012 0.847632328866792 0
1654200414620 0.9208148911659492 0
1654200428665 0.9388225307706299 0
1654200442885 0.9522221548535742 0
1654200472515 0.861566004949713 0
1654200487860 0.9146437786319835 0
1654200502810 0.9396556263493233 0
1654200517975 0.9332841872465905 0
1654200533001 0.9487652045705861 0
1654200578182 0.9044435084763609 0
1654200593518 0.929609350321154 0
1654200608892 0.9434558281562598 0
1654200624530 0.9465620722333369 0
1654200640878 0.9436664209750447 0
1654200700776 0.8390647216809732 0
1654200716115 0.8913581547211543 0
1654200731636 0.9134235610090052 0
1654200746946 0.925851808942019 0
1654200762122 0.9301174364105534 0
1654200838290 0.9341689488097746 0
1654200853634 0.9414366968611755 0
1654200869238 0.9514430166420897 0
1654200884656 0.9514956814830419 0
1654200899923 0.9553928797135033 0
