1644594571724 2.2514859703063963 0
1644594573923 2.0566924041748047 0
1644594576198 1.8861571718215941 0
1644594578422 1.7247699718475342 0
1644594580650 1.5802753480911256 0
1644594582888 1.4452770858764648 0
1644594585137 1.3211167373657227 0
1644594587278 1.201441939163208 0
1644594589483 1.0790718872070313 0
1644594591709 0.9764889181137085 0
1644594595769 2.271109383392334 0
1644594597679 2.1279116344451903 0
1644594599618 2.010384404373169 0
1644594601564 1.8864382572174072 0
1644594603501 1.7660429601669312 0
1644594605425 1.6555337490081787 0
1644594607330 1.543044543838501 0
1644594609261 1.4470134759902955 0
1644594611188 1.3432831436157227 0
1644594613100 1.2459486957550048 0
1644594618978 2.2615203033447266 0
1644594620898 2.1091805068969727 0
1644594622830 1.9739600561141968 0
1644594624779 1.8310724891662598 0
1644594626712 1.6936638820648193 0
1644594628644 1.5577740171432495 0
1644594630562 1.4335920728683471 0
1644594632509 1.3065704662322999 0
1644594634423 1.1907298544883729 0
1644594636362 1.0682651615142822 0
