1651459695880 0.486 0
1651459700181 0.6476 0
1651459704340 0.7084 0
1651459708491 0.7104 0
1651459712686 0.7508 0
1651459716859 0.7528 0
1651459721065 0.7624 0
1651459725379 0.7644 0
1651459729545 0.7712 0
1651459733749 0.7824 0
1651459737927 0.7896 0
1651459742086 0.7848 0
1651459746263 0.7944 0
1651459750441 0.7852 0
1651459754654 0.8032 0
1651459758880 0.8056 0
1651459763138 0.8056 0
1651459767387 0.8172 0
1651459771682 0.8124 0
1651459775992 0.806 0
1651459780192 0.8192 0
1651459784366 0.812 0
1651459788656 0.816 0
1651459792952 0.8196 0
1651459797165 0.8208 0
1651459801487 0.8208 0
1651459805762 0.8368 0
1651459809993 0.8364 0
1651459814204 0.8252 0
1651459818391 0.832 0
1651459822617 0.8252 0
1651459826828 0.844 0
1651459831092 0.826 0
1651459835404 0.8356 0
1651459839603 0.842 0
1651459843739 0.8392 0
1651459847940 0.8396 0
1651459852081 0.8436 0
1651459856268 0.8528 0
1651459860636 0.8444 0
1651459864911 0.8492 0
1651459869191 0.8464 0
1651459873449 0.8404 0
1651459877737 0.8544 0
1651459882030 0.846 0
1651459886258 0.862 0
1651459890515 0.854 0
1651459894793 0.8488 0
1651459899075 0.86 0
1651459903382 0.8564 0
1651459910092 0.4424 0
1651459913770 0.5688 0
1651459917455 0.602 0
1651459921079 0.632 0
1651459924723 0.6404 0
1651459928344 0.652 0
1651459931992 0.6512 0
1651459935658 0.6728 0
1651459939374 0.6556 0
1651459943075 0.6916 0
1651459946791 0.6832 0
1651459950410 0.6908 0
1651459954042 0.6992 0
1651459957679 0.714 0
1651459961345 0.7088 0
1651459964987 0.6932 0
1651459968688 0.7156 0
1651459972287 0.7216 0
1651459975986 0.724 0
1651459979622 0.7248 0
1651459983302 0.7208 0
1651459986941 0.7388 0
1651459990636 0.744 0
1651459994239 0.7324 0
1651459997835 0.746 0
1651460001526 0.7436 0
1651460005244 0.7412 0
1651460008864 0.7432 0
1651460012442 0.7516 0
1651460016062 0.7492 0
1651460019679 0.7528 0
1651460023286 0.7616 0
1651460026913 0.7584 0
1651460030470 0.7616 0
1651460034188 0.7648 0
1651460037757 0.7612 0
1651460041425 0.7532 0
1651460045136 0.7612 0
1651460048736 0.77 0
1651460052363 0.784 0
1651460056030 0.7628 0
1651460059602 0.768 0
1651460063238 0.7812 0
1651460066846 0.7724 0
1651460070497 0.7712 0
1651460074167 0.7816 0
1651460077767 0.776 0
1651460081455 0.7824 0
1651460085166 0.7788 0
1651460088813 0.7868 0
1651460098530 0.6256 0
1651460102218 0.762 0
1651460105859 0.8008 0
1651460109510 0.832 0
1651460113219 0.8424 0
1651460116873 0.8392 0
1651460120504 0.8472 0
1651460124166 0.8732 0
1651460127835 0.8604 0
1651460131407 0.872 0
1651460134987 0.8612 0
1651460138682 0.8688 0
1651460142353 0.8724 0
1651460146009 0.8816 0
1651460149651 0.8808 0
1651460153225 0.8768 0
1651460156893 0.8752 0
1651460160627 0.89 0
1651460164269 0.8896 0
1651460167953 0.8968 0
1651460171620 0.8868 0
1651460175309 0.8872 0
1651460178988 0.9 0
1651460182625 0.8956 0
1651460186283 0.888 0
1651460189922 0.8968 0
1651460193618 0.9024 0
1651460197291 0.9064 0
1651460200951 0.8992 0
1651460204614 0.906 0
1651460208253 0.9068 0
1651460211866 0.9056 0
1651460215447 0.9008 0
1651460219114 0.9056 0
1651460222708 0.91 0
1651460226259 0.918 0
1651460229969 0.9048 0
1651460233625 0.9164 0
1651460237328 0.9116 0
1651460240975 0.9224 0
1651460244637 0.916 0
1651460248251 0.9148 0
1651460251951 0.9196 0
1651460255585 0.9112 0
1651460259240 0.9236 0
1651460262942 0.9164 0
1651460266683 0.916 0
1651460270327 0.9216 0
1651460273988 0.9296 0
1651460277641 0.9236 0
1651460290666 0.5148 0
1651460294394 0.6408 0
1651460298147 0.6836 0
1651460301896 0.7092 0
1651460305657 0.7164 0
1651460309360 0.72 0
1651460313152 0.7264 0
1651460316851 0.7416 0
1651460320597 0.7536 0
1651460324341 0.768 0
1651460328144 0.7772 0
1651460331959 0.768 0
1651460335681 0.774 0
1651460339392 0.7816 0
1651460343168 0.7964 0
1651460346903 0.7896 0
1651460350698 0.7864 0
1651460354409 0.8032 0
1651460358134 0.7984 0
1651460361882 0.802 0
1651460365604 0.8044 0
1651460369359 0.8104 0
1651460373140 0.8096 0
1651460376870 0.8044 0
1651460380584 0.8172 0
1651460384288 0.8064 0
1651460388050 0.8148 0
1651460391808 0.7952 0
1651460395582 0.8128 0
1651460399299 0.8136 0
1651460402907 0.8104 0
1651460406613 0.8336 0
1651460410352 0.8184 0
1651460414215 0.8248 0
1651460417987 0.832 0
1651460421678 0.8224 0
1651460425456 0.8332 0
1651460429134 0.8248 0
1651460432879 0.848 0
1651460436651 0.8268 0
1651460440391 0.8456 0
1651460444156 0.8404 0
1651460447921 0.8332 0
1651460451648 0.838 0
1651460455408 0.8452 0
1651460459083 0.8408 0
1651460462749 0.8492 0
1651460466480 0.8388 0
1651460470258 0.8528 0
1651460474003 0.8504 0
1651460490199 0.6408 0
1651460493936 0.7972 0
1651460497703 0.8264 0
1651460501475 0.8348 0
1651460505254 0.8564 0
1651460509052 0.8512 0
1651460512815 0.8644 0
1651460516534 0.8652 0
1651460520244 0.8828 0
1651460524011 0.8812 0
1651460527807 0.8692 0
1651460531581 0.8896 0
1651460535393 0.888 0
1651460539195 0.8816 0
1651460542947 0.89 0
1651460546716 0.8972 0
1651460550579 0.8912 0
1651460554396 0.896 0
1651460558189 0.8932 0
1651460561918 0.8992 0
1651460565624 0.9052 0
1651460569268 0.9024 0
1651460573055 0.898 0
1651460576825 0.9036 0
1651460580606 0.9028 0
1651460584405 0.9032 0
1651460588067 0.912 0
1651460591779 0.912 0
1651460595571 0.9036 0
1651460599292 0.9112 0
1651460603053 0.9104 0
1651460606852 0.9184 0
1651460610602 0.914 0
1651460614367 0.9128 0
1651460618059 0.9152 0
1651460621784 0.9256 0
1651460625520 0.9148 0
1651460629188 0.924 0
1651460632910 0.922 0
1651460636564 0.9192 0
1651460640325 0.914 0
1651460644140 0.9332 0
1651460647927 0.922 0
1651460651710 0.918 0
1651460655526 0.9284 0
1651460659302 0.9336 0
1651460663030 0.9232 0
1651460666761 0.9336 0
1651460670534 0.92 0
1651460674303 0.9332 0
1651460693600 0.5992 0
1651460697350 0.7336 0
1651460701071 0.7696 0
1651460704738 0.8004 0
1651460708573 0.7876 0
1651460712272 0.8152 0
1651460715985 0.8032 0
1651460719668 0.8116 0
1651460723406 0.8312 0
1651460727197 0.8344 0
1651460731002 0.828 0
1651460734734 0.8384 0
1651460738439 0.8356 0
1651460742152 0.8404 0
1651460745853 0.8384 0
1651460749619 0.8464 0
1651460753364 0.8528 0
1651460757032 0.8568 0
1651460760793 0.8488 0
1651460764551 0.848 0
1651460768287 0.8556 0
1651460771996 0.862 0
1651460775724 0.8584 0
1651460779482 0.8712 0
1651460783284 0.8612 0
1651460787007 0.8732 0
1651460790716 0.856 0
1651460794459 0.8696 0
1651460798187 0.8752 0
1651460802000 0.868 0
1651460805763 0.8764 0
1651460809395 0.8692 0
1651460813103 0.872 0
1651460816852 0.8784 0
1651460820641 0.876 0
1651460824449 0.8732 0
1651460828184 0.8884 0
1651460831974 0.8756 0
1651460835749 0.8796 0
1651460839445 0.8844 0
1651460843215 0.8864 0
1651460847006 0.8876 0
1651460850703 0.8868 0
1651460854374 0.884 0
1651460858187 0.8852 0
1651460861839 0.8912 0
1651460865607 0.8824 0
1651460869263 0.8892 0
1651460872955 0.8844 0
1651460876771 0.8912 0
1651460899399 0.63 0
1651460903175 0.7448 0
1651460906974 0.7704 0
1651460910757 0.78 0
1651460914505 0.8028 0
1651460918229 0.8004 0
1651460921957 0.7924 0
1651460925776 0.8048 0
1651460929486 0.812 0
1651460933237 0.816 0
1651460936948 0.8196 0
1651460940768 0.8264 0
1651460944508 0.8368 0
1651460948304 0.8356 0
1651460952035 0.8308 0
1651460955802 0.832 0
1651460959560 0.8336 0
1651460963367 0.842 0
1651460967169 0.8284 0
1651460970906 0.8524 0
1651460974634 0.8488 0
1651460978409 0.8372 0
1651460982185 0.846 0
1651460985938 0.8608 0
1651460989698 0.8532 0
1651460993483 0.846 0
1651460997257 0.8624 0
1651461001020 0.8544 0
1651461004828 0.8552 0
1651461008644 0.8516 0
1651461012397 0.8608 0
1651461016181 0.85 0
1651461019913 0.8588 0
1651461023713 0.87 0
1651461027499 0.8636 0
1651461031228 0.8676 0
1651461035056 0.8644 0
1651461038818 0.8676 0
1651461042619 0.868 0
1651461046382 0.8644 0
1651461050153 0.8768 0
1651461053999 0.866 0
1651461057806 0.8652 0
1651461061587 0.8864 0
1651461065363 0.8764 0
1651461069154 0.8696 0
1651461072944 0.8824 0
1651461076735 0.8796 0
1651461080544 0.888 0
1651461084321 0.8744 0
1651461110165 0.4672 0
1651461113933 0.5952 0
1651461117643 0.6296 0
1651461121503 0.66 0
1651461125278 0.662 0
1651461129097 0.684 0
1651461132904 0.6992 0
1651461136699 0.7168 0
1651461140553 0.7252 0
1651461144306 0.7328 0
1651461148068 0.7276 0
1651461151849 0.7408 0
1651461155673 0.7452 0
1651461159494 0.7476 0
1651461163305 0.7416 0
1651461167091 0.7552 0
1651461170811 0.7564 0
1651461174593 0.7632 0
1651461178344 0.7664 0
1651461182137 0.7568 0
1651461185907 0.7692 0
1651461189677 0.766 0
1651461193402 0.7716 0
1651461197228 0.7788 0
1651461200993 0.7736 0
1651461204769 0.7736 0
1651461208575 0.7728 0
1651461212378 0.7844 0
1651461216143 0.796 0
1651461219914 0.7868 0
1651461223681 0.7916 0
1651461227485 0.788 0
1651461231295 0.7972 0
1651461235104 0.7904 0
1651461238903 0.7948 0
1651461242708 0.7976 0
1651461246503 0.7884 0
1651461250325 0.8124 0
1651461254126 0.8052 0
1651461257908 0.8168 0
1651461261765 0.7968 0
1651461265587 0.8184 0
1651461269341 0.8132 0
1651461273114 0.8124 0
1651461276952 0.8028 0
1651461280732 0.818 0
1651461284427 0.8052 0
1651461288235 0.8136 0
1651461291948 0.8076 0
1651461295763 0.8196 0
1651461324901 0.6756 0
1651461328776 0.792 0
1651461332586 0.8092 0
1651461336438 0.848 0
1651461340329 0.8408 0
1651461344153 0.8452 0
1651461348021 0.8548 0
1651461351810 0.8656 0
1651461355700 0.862 0
1651461359577 0.8576 0
1651461363436 0.8744 0
1651461367286 0.8624 0
1651461371062 0.8732 0
1651461374908 0.8752 0
1651461378748 0.8784 0
1651461382602 0.8876 0
1651461386420 0.876 0
1651461390218 0.8884 0
1651461394106 0.8836 0
1651461397961 0.878 0
1651461401806 0.888 0
1651461405729 0.8876 0
1651461409606 0.8896 0
1651461413467 0.896 0
1651461417327 0.8924 0
1651461421175 0.9 0
1651461425108 0.9016 0
1651461429033 0.9008 0
1651461432922 0.8904 0
1651461436708 0.898 0
1651461440629 0.9052 0
1651461444544 0.8952 0
1651461448455 0.8924 0
1651461452329 0.9004 0
1651461456142 0.9048 0
1651461460106 0.908 0
1651461464027 0.9128 0
1651461467902 0.9088 0
1651461471788 0.9128 0
1651461475719 0.91 0
1651461479600 0.9072 0
1651461483389 0.9128 0
1651461487210 0.9084 0
1651461491045 0.9184 0
1651461494862 0.9148 0
1651461498702 0.9136 0
1651461502573 0.9124 0
1651461506409 0.922 0
1651461510222 0.9192 0
1651461514110 0.9116 0
1651461546848 0.5328 0
1651461550701 0.646 0
1651461554459 0.6884 0
1651461558279 0.7156 0
1651461562063 0.7192 0
1651461565865 0.72 0
1651461569640 0.7488 0
1651461573436 0.754 0
1651461577190 0.7428 0
1651461580964 0.7752 0
1651461584684 0.76 0
1651461588452 0.772 0
1651461592269 0.7764 0
1651461596069 0.7892 0
1651461599901 0.7808 0
1651461603719 0.7912 0
1651461607528 0.7776 0
1651461611369 0.802 0
1651461615170 0.7908 0
1651461618946 0.8048 0
1651461622727 0.8028 0
1651461626579 0.8004 0
1651461630431 0.8128 0
1651461634228 0.7984 0
1651461637968 0.8052 0
1651461641699 0.8112 0
1651461645412 0.8124 0
1651461649208 0.8172 0
1651461652941 0.8196 0
1651461656715 0.8188 0
1651461660536 0.8256 0
1651461664315 0.8304 0
1651461668113 0.828 0
1651461671979 0.8084 0
1651461675741 0.824 0
1651461679539 0.8304 0
1651461683325 0.8372 0
1651461687118 0.8448 0
1651461690881 0.83 0
1651461694686 0.8416 0
1651461698348 0.8264 0
1651461702092 0.8344 0
1651461705834 0.8364 0
1651461709713 0.8544 0
1651461713499 0.8348 0
1651461717283 0.8312 0
1651461721010 0.854 0
1651461724826 0.8484 0
1651461728609 0.8476 0
1651461732392 0.8468 0
1651461768605 0.5712 0
1651461772485 0.7012 0
1651461776510 0.7236 0
1651461780504 0.7456 0
1651461784563 0.7344 0
1651461788552 0.766 0
1651461792500 0.764 0
1651461796425 0.7736 0
1651461800425 0.77 0
1651461804442 0.7752 0
1651461808388 0.7844 0
1651461812368 0.7928 0
1651461816302 0.7876 0
1651461820288 0.7904 0
1651461824162 0.7944 0
1651461828061 0.8108 0
1651461831957 0.794 0
1651461835952 0.8088 0
1651461839853 0.8152 0
1651461843742 0.8128 0
1651461847619 0.818 0
1651461851503 0.8148 0
1651461855400 0.8264 0
1651461859301 0.8236 0
1651461863260 0.8208 0
1651461867174 0.8232 0
1651461871157 0.8204 0
1651461875123 0.8128 0
1651461879109 0.8116 0
1651461883110 0.8336 0
1651461887092 0.8312 0
1651461891095 0.8272 0
1651461895051 0.8404 0
1651461899070 0.828 0
1651461903056 0.8388 0
1651461906971 0.8316 0
1651461910970 0.836 0
1651461914807 0.844 0
1651461918744 0.8372 0
1651461922736 0.8388 0
1651461926747 0.846 0
1651461930668 0.8392 0
1651461934616 0.836 0
1651461938549 0.8384 0
1651461942493 0.842 0
1651461946480 0.848 0
1651461950432 0.8496 0
1651461954439 0.8572 0
1651461958391 0.85 0
1651461962290 0.8436 0
1651462001993 0.6148 0
1651462005852 0.7312 0
1651462009761 0.7544 0
1651462013638 0.766 0
1651462017536 0.7776 0
1651462021409 0.7928 0
1651462025292 0.7948 0
1651462029238 0.7976 0
1651462033185 0.8076 0
1651462037077 0.8084 0
1651462040990 0.8116 0
1651462044862 0.8144 0
1651462048803 0.8248 0
1651462052733 0.8256 0
1651462056623 0.8332 0
1651462060552 0.8272 0
1651462064462 0.8312 0
1651462068374 0.8288 0
1651462072278 0.838 0
1651462076097 0.8364 0
1651462079979 0.8492 0
1651462083720 0.8472 0
1651462087565 0.842 0
1651462091387 0.8436 0
1651462095244 0.856 0
1651462099018 0.8452 0
1651462102906 0.8568 0
1651462106827 0.8556 0
1651462110807 0.8532 0
1651462114653 0.8472 0
1651462118519 0.8608 0
1651462122451 0.8636 0
1651462126316 0.852 0
1651462130234 0.86 0
1651462134128 0.8704 0
1651462138036 0.8724 0
1651462141934 0.87 0
1651462145834 0.8732 0
1651462149787 0.868 0
1651462153662 0.8752 0
1651462157544 0.8804 0
1651462161500 0.8656 0
1651462165415 0.88 0
1651462169332 0.8644 0
1651462173161 0.8744 0
1651462177086 0.8792 0
1651462181010 0.8792 0
1651462184909 0.8844 0
1651462188822 0.8884 0
1651462192735 0.8844 0
1651462235839 0.5708 0
1651462239580 0.7008 0
1651462243403 0.7276 0
1651462247287 0.752 0
1651462251140 0.7608 0
1651462254978 0.7892 0
1651462258824 0.782 0
1651462262604 0.81 0
1651462266521 0.7984 0
1651462270310 0.8152 0
1651462274111 0.8012 0
1651462277950 0.8228 0
1651462281747 0.8256 0
1651462285601 0.8328 0
1651462289390 0.812 0
1651462293220 0.8324 0
1651462297037 0.8248 0
1651462300859 0.838 0
1651462304707 0.8368 0
1651462308550 0.8352 0
1651462312386 0.8396 0
1651462316262 0.8348 0
1651462320093 0.8372 0
1651462323938 0.8484 0
1651462327804 0.8496 0
1651462331614 0.838 0
1651462335422 0.8504 0
1651462339148 0.854 0
1651462342971 0.8476 0
1651462346810 0.8484 0
1651462350607 0.868 0
1651462354425 0.8532 0
1651462358237 0.8728 0
1651462362068 0.8652 0
1651462365811 0.866 0
1651462369534 0.8704 0
1651462373396 0.8636 0
1651462377303 0.8696 0
1651462381130 0.8712 0
1651462384950 0.866 0
1651462388742 0.8736 0
1651462392570 0.8724 0
1651462396383 0.876 0
1651462400194 0.872 0
1651462403999 0.8824 0
1651462407843 0.8832 0
1651462411645 0.8716 0
1651462415517 0.8784 0
1651462419376 0.878 0
1651462423209 0.8756 0
1651462469243 0.4708 0
1651462473038 0.5668 0
1651462476860 0.618 0
1651462480617 0.654 0
1651462484451 0.6484 0
1651462488322 0.6636 0
1651462492208 0.6868 0
1651462496036 0.6948 0
1651462499844 0.6916 0
1651462503708 0.716 0
1651462507572 0.7192 0
1651462511452 0.7004 0
1651462515284 0.7252 0
1651462519157 0.724 0
1651462523035 0.732 0
1651462526716 0.7336 0
1651462530543 0.7492 0
1651462534437 0.7456 0
1651462538290 0.736 0
1651462542100 0.7496 0
1651462545928 0.7504 0
1651462549775 0.7508 0
1651462553577 0.7664 0
1651462557374 0.752 0
1651462561222 0.7708 0
1651462565065 0.7764 0
1651462568929 0.7592 0
1651462572750 0.7568 0
1651462576576 0.7736 0
1651462580498 0.7696 0
1651462584292 0.7844 0
1651462588194 0.7828 0
1651462592096 0.7768 0
1651462595895 0.7808 0
1651462599748 0.7764 0
1651462603593 0.7952 0
1651462607358 0.7936 0
1651462611203 0.7832 0
1651462615047 0.7772 0
1651462618789 0.806 0
1651462622549 0.8032 0
1651462626396 0.8008 0
1651462630270 0.8072 0
1651462634043 0.8028 0
1651462637849 0.7944 0
1651462641672 0.8004 0
1651462645430 0.8112 0
1651462649214 0.7972 0
1651462653079 0.802 0
1651462656857 0.8128 0
1651462706745 0.5468 0
1651462710598 0.6872 0
1651462714503 0.7112 0
1651462718402 0.74 0
1651462722263 0.7528 0
1651462726030 0.7588 0
1651462729913 0.7708 0
1651462733761 0.7816 0
1651462737619 0.784 0
1651462741417 0.7804 0
1651462745240 0.7944 0
1651462749139 0.7952 0
1651462753039 0.7992 0
1651462756918 0.8024 0
1651462760776 0.792 0
1651462764716 0.8088 0
1651462768608 0.814 0
1651462772487 0.824 0
1651462776254 0.8188 0
1651462780075 0.8252 0
1651462783828 0.8104 0
1651462787724 0.8304 0
1651462791594 0.828 0
1651462795523 0.8308 0
1651462799382 0.8316 0
1651462803134 0.8448 0
1651462806991 0.8284 0
1651462810816 0.8412 0
1651462814682 0.8312 0
1651462818550 0.8384 0
1651462822422 0.8428 0
1651462826220 0.8428 0
1651462830041 0.846 0
1651462833866 0.8456 0
1651462837671 0.8508 0
1651462841610 0.8496 0
1651462845535 0.8568 0
1651462849372 0.8588 0
1651462853234 0.8528 0
1651462857068 0.8496 0
1651462860935 0.85 0
1651462864732 0.8488 0
1651462868579 0.8532 0
1651462872435 0.8548 0
1651462876211 0.8584 0
1651462880015 0.8592 0
1651462883795 0.866 0
1651462887656 0.858 0
1651462891477 0.8672 0
1651462895339 0.8656 0
1651462948758 0.5608 0
1651462952649 0.7132 0
1651462956521 0.7212 0
1651462960330 0.7404 0
1651462964205 0.7588 0
1651462968021 0.7728 0
1651462971887 0.7728 0
1651462975783 0.7804 0
1651462979658 0.788 0
1651462983532 0.792 0
1651462987395 0.7988 0
1651462991174 0.7992 0
1651462995071 0.8128 0
1651462998890 0.798 0
1651463002676 0.8032 0
1651463006503 0.8052 0
1651463010215 0.8028 0
1651463014085 0.8212 0
1651463017840 0.8136 0
1651463021738 0.8228 0
1651463025594 0.8184 0
1651463029465 0.8236 0
1651463033292 0.8308 0
1651463037132 0.8408 0
1651463040905 0.8252 0
1651463044746 0.8356 0
1651463048574 0.83 0
1651463052492 0.8284 0
1651463056336 0.8316 0
1651463060134 0.8336 0
1651463063917 0.8552 0
1651463067699 0.8368 0
1651463071509 0.8384 0
1651463075295 0.8464 0
1651463079222 0.8388 0
1651463082956 0.8536 0
1651463086721 0.8492 0
1651463090441 0.8444 0
1651463094276 0.8508 0
1651463098190 0.86 0
1651463101994 0.8424 0
1651463105789 0.8528 0
1651463109630 0.8584 0
1651463113406 0.8568 0
1651463117268 0.8648 0
1651463121155 0.8536 0
1651463125044 0.866 0
1651463128904 0.8596 0
1651463132718 0.86 0
1651463136582 0.8616 0
1651463193486 0.488 0
1651463197271 0.5952 0
1651463201178 0.6312 0
1651463205060 0.6364 0
1651463208943 0.6528 0
1651463212739 0.666 0
1651463216580 0.6824 0
1651463220415 0.6892 0
1651463224207 0.6936 0
1651463228003 0.7028 0
1651463231893 0.7128 0
1651463235731 0.7144 0
1651463239569 0.7124 0
1651463243454 0.7264 0
1651463247275 0.7224 0
1651463251131 0.7316 0
1651463255193 0.734 0
1651463259043 0.7416 0
1651463262873 0.7388 0
1651463266748 0.7324 0
1651463270615 0.7484 0
1651463274535 0.7552 0
1651463278349 0.7464 0
1651463282167 0.7424 0
1651463286021 0.752 0
1651463289860 0.7452 0
1651463293642 0.7604 0
1651463297498 0.748 0
1651463301373 0.7572 0
1651463305240 0.7544 0
1651463309053 0.7548 0
1651463312948 0.7452 0
1651463316803 0.7656 0
1651463320625 0.772 0
1651463324505 0.7588 0
1651463328405 0.7632 0
1651463332250 0.7612 0
1651463336110 0.78 0
1651463339936 0.7724 0
1651463343722 0.7832 0
1651463347535 0.7652 0
1651463351374 0.7788 0
1651463355260 0.7932 0
1651463359155 0.7828 0
1651463362987 0.7836 0
1651463366843 0.7936 0
1651463370707 0.7836 0
1651463374587 0.792 0
1651463378520 0.7864 0
1651463382373 0.7832 0
1651463442807 0.6116 0
1651463446793 0.682 0
1651463450784 0.696 0
1651463454793 0.7136 0
1651463458739 0.7284 0
1651463462769 0.7428 0
1651463466806 0.7416 0
1651463470828 0.7608 0
1651463474851 0.7656 0
1651463478875 0.7588 0
1651463482930 0.756 0
1651463486984 0.7664 0
1651463491008 0.7576 0
1651463495080 0.7688 0
1651463499108 0.7632 0
1651463503108 0.7752 0
1651463507138 0.7852 0
1651463511217 0.7784 0
1651463515273 0.7804 0
1651463519270 0.7912 0
1651463523256 0.7924 0
1651463527263 0.7924 0
1651463531354 0.794 0
1651463535350 0.7928 0
1651463539366 0.7948 0
1651463543388 0.8024 0
1651463547418 0.7948 0
1651463551499 0.8076 0
1651463555487 0.8 0
1651463559554 0.8096 0
1651463563531 0.7992 0
1651463567520 0.7996 0
1651463571546 0.8072 0
1651463575587 0.8168 0
1651463579594 0.8228 0
1651463583629 0.8044 0
1651463587704 0.82 0
1651463591975 0.818 0
1651463596057 0.8232 0
1651463600039 0.8164 0
1651463604108 0.8164 0
1651463608103 0.8104 0
1651463612138 0.8364 0
1651463616233 0.8104 0
1651463620324 0.818 0
1651463624394 0.8216 0
1651463628400 0.828 0
1651463632486 0.8304 0
1651463636500 0.83 0
1651463640539 0.8284 0
1651463704871 0.4024 0
1651463708753 0.522 0
1651463712659 0.5596 0
1651463716551 0.5896 0
1651463720344 0.604 0
1651463724260 0.6136 0
1651463728139 0.6252 0
1651463732023 0.638 0
1651463735899 0.6372 0
1651463739750 0.6576 0
1651463743658 0.6652 0
1651463747566 0.6728 0
1651463751444 0.6772 0
1651463755392 0.6632 0
1651463759288 0.6812 0
1651463763108 0.6728 0
1651463766911 0.6836 0
1651463770793 0.6832 0
1651463774679 0.692 0
1651463778594 0.712 0
1651463782445 0.6912 0
1651463786262 0.7124 0
1651463790050 0.7036 0
1651463793955 0.6996 0
1651463797771 0.7084 0
1651463801631 0.7104 0
1651463805427 0.7104 0
1651463809305 0.71 0
1651463813186 0.7256 0
1651463817092 0.7224 0
1651463820929 0.7116 0
1651463824830 0.7276 0
1651463828696 0.7292 0
1651463832602 0.7312 0
1651463836495 0.7396 0
1651463840321 0.7336 0
1651463844144 0.7444 0
1651463847991 0.736 0
1651463851873 0.7476 0
1651463855741 0.7272 0
1651463859615 0.748 0
1651463863470 0.75 0
1651463867405 0.742 0
1651463871406 0.7448 0
1651463875304 0.738 0
1651463879180 0.7512 0
1651463883026 0.744 0
1651463886912 0.7492 0
1651463890802 0.7524 0
1651463894624 0.7532 0
1651463962369 0.6188 0
1651463966437 0.7252 0
1651463970484 0.7508 0
1651463974520 0.7688 0
1651463978555 0.7752 0
1651463982540 0.7792 0
1651463986564 0.7944 0
1651463990601 0.7944 0
1651463994657 0.806 0
1651463998753 0.8164 0
1651464002802 0.7996 0
1651464006826 0.8076 0
1651464010901 0.8116 0
1651464015014 0.8192 0
1651464018990 0.8124 0
1651464023101 0.8276 0
1651464027140 0.8264 0
1651464031150 0.8276 0
1651464035239 0.8348 0
1651464039268 0.8376 0
1651464043297 0.8364 0
1651464047360 0.8304 0
1651464051375 0.8368 0
1651464055410 0.8472 0
1651464059480 0.8412 0
1651464063536 0.8512 0
1651464067653 0.8512 0
1651464071720 0.8412 0
1651464075749 0.8508 0
1651464079773 0.8504 0
1651464083842 0.8552 0
1651464087856 0.8592 0
1651464091825 0.8516 0
1651464095871 0.8524 0
1651464099831 0.8576 0
1651464103844 0.8564 0
1651464107906 0.86 0
1651464111894 0.8684 0
1651464115961 0.858 0
1651464120026 0.8684 0
1651464124077 0.8636 0
1651464128136 0.8652 0
1651464132176 0.8664 0
1651464136193 0.8668 0
1651464140261 0.866 0
1651464144398 0.8708 0
1651464148489 0.8724 0
1651464152551 0.8752 0
1651464156514 0.8768 0
1651464160591 0.8788 0
