1652448818293 0.1756 0
1652448823069 0.3 0
1652448827966 0.387 0
1652448832882 0.4564 0
1652448837739 0.5094 0
1652448842654 0.5532 0
1652448847573 0.5932 0
1652448852686 0.6288 0
1652448857748 0.6684 0
1652448862786 0.7044 0
1652448874860 0.2858 0
1652448880450 0.4944 0
1652448885946 0.5604 0
1652448891609 0.629 0
1652448897124 0.6558 0
1652448902950 0.6978 0
1652448908497 0.7166 0
1652448914043 0.74 0
1652448919730 0.761 0
1652448925257 0.7766 0
1652448938288 0.2962 0
1652448944472 0.4428 0
1652448950658 0.5218 0
1652448957055 0.5518 0
1652448963196 0.596 0
1652448969437 0.6124 0
1652448975751 0.6412 0
1652448982110 0.657 0
1652448988262 0.6818 0
1652448994658 0.6848 0
1652449008745 0.3422 0
1652449015655 0.5384 0
1652449022424 0.599 0
1652449029518 0.621 0
1652449036359 0.6454 0
1652449043216 0.6682 0
1652449049988 0.691 0
1652449056685 0.7114 0
1652449063550 0.7228 0
1652449070512 0.7142 0
1652449085030 0.3506 0
1652449092456 0.485 0
1652449099841 0.5282 0
1652449107356 0.56 0
1652449114744 0.5844 0
1652449122093 0.5946 0
1652449129448 0.6186 0
1652449136853 0.6274 0
1652449144244 0.6254 0
1652449151495 0.6492 0
