1651734037593 0.6356 0
1651734040453 0.8524 0
1651734043221 0.9 0
1651734046108 0.9408 0
1651734048840 0.954 0
1651734051671 0.9624 0
1651734054483 0.9764 0
1651734057416 0.9752 0
1651734060234 0.988 0
1651734063077 0.992 0
1651734065996 0.99 0
1651734068784 0.9944 0
1651734071599 0.9992 0
1651734074415 0.9916 0
1651734077243 0.994 0
1651734080117 0.9896 0
1651734083040 0.9944 0
1651734085907 0.9992 0
1651734088756 0.9972 0
1651734091567 0.9964 0
1651734094461 0.996 0
1651734097404 0.9944 0
1651734100221 0.964 0
1651734103027 0.9952 0
1651734105882 0.9924 0
1651734108692 0.9928 0
1651734111549 0.9952 0
1651734114446 0.996 0
1651734117308 0.9976 0
1651734120213 0.9956 0
1651734126222 0.5272 0
1651734129415 0.7304 0
1651734132708 0.816 0
1651734135872 0.848 0
1651734139185 0.912 0
1651734142201 0.9392 0
1651734145422 0.9604 0
1651734148513 0.9432 0
1651734151603 0.9488 0
1651734154751 0.9516 0
1651734158028 0.9688 0
1651734161287 0.9776 0
1651734164497 0.964 0
1651734167750 0.9612 0
1651734170919 0.9708 0
1651734174144 0.9884 0
1651734177337 0.9904 0
1651734180794 0.9892 0
1651734184074 0.988 0
1651734187428 0.9808 0
1651734190745 0.9784 0
1651734194074 0.9696 0
1651734197302 0.9608 0
1651734200541 0.9456 0
1651734203814 0.9752 0
1651734207229 0.9896 0
1651734210648 0.99 0
1651734213910 0.984 0
1651734217260 0.9816 0
1651734220570 0.9848 0
1651734227222 0.4948 0
1651734230760 0.7352 0
1651734234285 0.8112 0
1651734237917 0.844 0
1651734241593 0.8652 0
1651734245147 0.8816 0
1651734248567 0.924 0
1651734251966 0.9304 0
1651734255412 0.934 0
1651734259010 0.9252 0
1651734262531 0.9644 0
1651734266057 0.9476 0
1651734269697 0.9444 0
1651734273074 0.9492 0
1651734276595 0.9548 0
1651734280270 0.9652 0
1651734283801 0.9732 0
1651734287403 0.9632 0
1651734291065 0.962 0
1651734294626 0.9436 0
1651734298122 0.9816 0
1651734301700 0.9732 0
1651734305259 0.9668 0
1651734308768 0.9804 0
1651734312261 0.9348 0
1651734315886 0.9764 0
1651734319561 0.9732 0
1651734323111 0.9728 0
1651734326753 0.9292 0
1651734330254 0.9712 0
1651734337114 0.6504 0
1651734340979 0.8788 0
1651734344777 0.934 0
1651734348605 0.9452 0
1651734352520 0.954 0
1651734356372 0.9668 0
1651734360192 0.9756 0
1651734363913 0.9772 0
1651734367642 0.9816 0
1651734371520 0.9844 0
1651734375204 0.9884 0
1651734378948 0.9848 0
1651734382723 0.9612 0
1651734386615 0.9352 0
1651734390372 0.984 0
1651734394023 0.9928 0
1651734397855 0.9948 0
1651734401617 0.9956 0
1651734405324 0.99 0
1651734409201 0.9804 0
1651734412923 0.986 0
1651734416716 0.9912 0
1651734420513 0.9632 0
1651734424300 0.9884 0
1651734428127 0.9944 0
1651734432064 0.9964 0
1651734435917 0.9988 0
1651734439791 0.9988 0
1651734443569 0.9964 0
1651734447300 1.0 0
1651734454511 0.4784 0
1651734458392 0.7276 0
1651734462427 0.7896 0
1651734466418 0.8564 0
1651734470534 0.888 0
1651734474620 0.8724 0
1651734478613 0.9116 0
1651734482472 0.9172 0
1651734486380 0.938 0
1651734490308 0.9508 0
1651734494273 0.896 0
1651734498338 0.942 0
1651734502351 0.9316 0
1651734506266 0.9684 0
1651734510278 0.9632 0
1651734514266 0.9648 0
1651734518261 0.964 0
1651734522220 0.9504 0
1651734526205 0.9644 0
1651734530225 0.9812 0
1651734534159 0.9552 0
1651734538042 0.9616 0
1651734542052 0.962 0
1651734545842 0.98 0
1651734549773 0.9768 0
1651734553848 0.9676 0
1651734557885 0.9664 0
1651734561898 0.9796 0
1651734565766 0.9728 0
1651734569945 0.96 0
