1654501063852 0.30414421657368657 0
1654501077519 0.0842276676546947 0
1654501091445 0.04554363255536585 0
1654501105178 0.03828898604122341 0
1654501119085 0.03517467385097071 0
1654501132970 0.039556705123150696 0
1654501146583 0.026179765637577544 0
1654501160356 0.028686317733906216 0
1654501174255 0.023992323326381446 0
1654501188328 0.02711626472345636 0
1654501207308 0.1708793825167382 0
1654501221812 0.04470172194089176 0
1654501236567 0.04026183831122424 0
1654501251219 0.031735882375401085 0
1654501265907 0.041220090882221526 0
1654501280435 0.020936886239991445 0
1654501294924 0.035371678238944985 0
1654501309743 0.032406415829188406 0
1654501324408 0.03093600673186243 0
1654501339175 0.01925843141837643 0
1654501362256 0.10916564619611696 0
1654501377103 0.03759919765352255 0
1654501392216 0.039896561130408514 0
1654501407123 0.0213556935871601 0
1654501422043 0.033770107421163 0
1654501436711 0.01815666902765193 0
1654501451290 0.0227403515481144 0
1654501465804 0.03197690335337392 0
1654501480438 0.02210822644238183 0
1654501495344 0.03510522607184795 0
1654501522865 0.17666044416626744 0
1654501537991 0.06836132817319551 0
1654501553085 0.05040249683927519 0
1654501568209 0.045984867495203176 0
1654501582936 0.038329039316745445 0
1654501598072 0.02833208850997255 0
1654501613276 0.04000223578808294 0
1654501628524 0.03062180055184428 0
1654501643596 0.026178185049523718 0
1654501658556 0.033647921709901926 0
1654501690241 0.10894323867322511 0
1654501705351 0.04340008884654715 0
1654501720615 0.026442882109954106 0
1654501735956 0.03723008693174543 0
1654501751073 0.02773517675316382 0
1654501766358 0.02454867066254399 0
1654501781647 0.021617883649132422 0
1654501797964 0.026857789210063467 0
1654501813656 0.025713303420017267 0
1654501829736 0.019302909243742034 0
