1645812727774 0.119 0
1645812736555 0.1956 0
1645812745237 0.2686 0
1645812753868 0.3438 0
1645812762591 0.3928 0
1645812771342 0.4392 0
1645812780057 0.493 0
1645812788753 0.5314 0
1645812797537 0.5902 0
1645812806193 0.6356 0
1645812814989 0.685 0
1645812823738 0.7338 0
1645812832583 0.7826 0
1645812841252 0.8358 0
1645812850038 0.8762 0
1645812858703 0.9124 0
1645812867539 0.9496 0
1645812876280 0.9674 0
1645812884912 0.9844 0
1645812893585 0.992 0
1645812903552 0.2096 0
1645812913178 0.3722 0
1645812922535 0.441 0
1645812931959 0.5116 0
1645812941405 0.585 0
1645812950716 0.6252 0
1645812959812 0.6886 0
1645812969294 0.7486 0
1645812979309 0.8052 0
1645812988716 0.839 0
1645812998366 0.8762 0
1645813007174 0.907 0
1645813016601 0.9402 0
1645813025867 0.958 0
1645813035265 0.9726 0
1645813044864 0.9844 0
1645813054389 0.9926 0
1645813063880 0.9976 0
1645813073754 0.998 0
1645813083052 0.9994 0
1645813093562 0.277 0
1645813103292 0.4312 0
1645813113398 0.5292 0
1645813123197 0.5966 0
1645813132482 0.6682 0
1645813141975 0.732 0
1645813151211 0.7858 0
1645813160643 0.823 0
1645813170534 0.8612 0
1645813180344 0.8978 0
1645813190009 0.9218 0
1645813199711 0.9484 0
1645813209429 0.9674 0
1645813218886 0.9838 0
1645813228687 0.9906 0
1645813238157 0.9924 0
1645813247657 0.9976 0
1645813256902 0.997 0
1645813265939 0.9986 0
1645813276016 0.9992 0
