1651912651941 0.6376 0
1651912654987 0.8516 0
1651912658097 0.9008 0
1651912661219 0.9536 0
1651912664276 0.9536 0
1651912667434 0.9552 0
1651912670524 0.9548 0
1651912673565 0.9592 0
1651912676430 0.974 0
1651912679633 0.9908 0
1651912682748 0.9936 0
1651912685964 0.9944 0
1651912689130 0.99 0
1651912692242 0.986 0
1651912695385 0.9856 0
1651912698394 0.9772 0
1651912701515 0.992 0
1651912704795 0.9816 0
1651912707867 0.9956 0
1651912711029 0.9956 0
1651912714055 0.996 0
1651912717227 0.9968 0
1651912720296 0.9948 0
1651912723507 0.9964 0
1651912726656 0.9928 0
1651912729816 0.9984 0
1651912733015 0.9984 0
1651912736138 0.998 0
1651912739300 0.9992 0
1651912742466 0.9992 0
1651912745673 1.0 0
1651912748835 0.9956 0
1651912751957 0.9988 0
1651912755128 0.9992 0
1651912758143 0.9972 0
1651912761330 0.9468 0
1651912764522 0.9852 0
1651912767547 0.9896 0
1651912770673 0.9944 0
1651912773642 0.9956 0
1651912776933 0.9976 0
1651912780167 0.998 0
1651912783415 0.9996 0
1651912786564 0.9992 0
1651912789584 0.9992 0
1651912792744 1.0 0
1651912795825 0.9996 0
1651912798938 0.9996 0
1651912802040 1.0 0
1651912805244 0.9996 0
1651912809205 0.5144 0
1651912812844 0.7128 0
1651912816256 0.8268 0
1651912819911 0.8684 0
1651912823420 0.904 0
1651912827035 0.9076 0
1651912830643 0.9396 0
1651912834290 0.9268 0
1651912837861 0.9492 0
1651912841529 0.9772 0
1651912845217 0.982 0
1651912848880 0.9832 0
1651912852464 0.9884 0
1651912855923 0.9872 0
1651912859520 0.9844 0
1651912863147 0.9876 0
1651912866843 0.9908 0
1651912870421 0.9876 0
1651912874045 0.9936 0
1651912877664 0.9888 0
1651912881219 0.98 0
1651912884826 0.9924 0
1651912888315 0.9976 0
1651912891979 0.9944 0
1651912895600 0.95 0
1651912899057 0.986 0
1651912902556 0.9872 0
1651912906093 0.9956 0
1651912909733 0.9948 0
1651912913329 0.9972 0
1651912916894 0.9996 0
1651912920478 0.9992 0
1651912924046 0.9976 0
1651912927632 0.998 0
1651912931282 0.9992 0
1651912934864 0.9992 0
1651912938334 0.9992 0
1651912942082 0.998 0
1651912945547 0.998 0
1651912949092 0.9992 0
1651912952753 0.9956 0
1651912956272 0.9944 0
1651912959845 0.9936 0
1651912963529 0.9388 0
1651912967072 0.9824 0
1651912970713 0.992 0
1651912974288 0.9972 0
1651912977904 0.9968 0
1651912981523 0.9912 0
1651912985146 0.9936 0
1651912988999 0.4932 0
1651912992605 0.708 0
1651912996212 0.8028 0
1651912999741 0.8628 0
1651913003328 0.8912 0
1651913007009 0.9284 0
1651913010700 0.944 0
1651913014248 0.9308 0
1651913017753 0.9476 0
1651913021285 0.9708 0
1651913024848 0.9652 0
1651913028505 0.9624 0
1651913032153 0.9668 0
1651913035721 0.9824 0
1651913039320 0.9788 0
1651913042838 0.9752 0
1651913046531 0.974 0
1651913050098 0.9868 0
1651913053673 0.9864 0
1651913057281 0.99 0
1651913060869 0.974 0
1651913064599 0.9904 0
1651913068224 0.9928 0
1651913071749 0.9964 0
1651913075424 0.9876 0
1651913079069 0.9952 0
1651913082679 0.992 0
1651913086237 0.9936 0
1651913089724 0.9792 0
1651913093248 0.9844 0
1651913096882 0.9924 0
1651913100383 0.9872 0
1651913103908 0.992 0
1651913107510 0.994 0
1651913111003 0.9932 0
1651913114582 0.9948 0
1651913118247 0.9836 0
1651913121775 0.9664 0
1651913125327 0.9348 0
1651913128863 0.9912 0
1651913132328 0.9956 0
1651913136000 0.9992 0
1651913139578 0.9932 0
1651913143132 0.9968 0
1651913146712 0.9976 0
1651913150292 0.9992 0
1651913153838 0.9992 0
1651913157468 0.9996 0
1651913161057 1.0 0
1651913164542 0.9996 0
1651913168714 0.6592 0
1651913172180 0.8696 0
1651913175726 0.9352 0
1651913179317 0.9404 0
1651913182891 0.9688 0
1651913186469 0.9788 0
1651913189982 0.9804 0
1651913193538 0.9856 0
1651913197034 0.9568 0
1651913200532 0.9848 0
1651913204112 0.9708 0
1651913207530 0.9892 0
1651913211162 0.9956 0
1651913214639 0.9936 0
1651913218289 0.9972 0
1651913221884 0.9996 0
1651913225487 0.9996 0
1651913229162 0.9988 0
1651913232744 0.9984 0
1651913236308 0.9968 0
1651913239841 0.9964 0
1651913243458 0.9976 0
1651913247051 0.9992 0
1651913250547 0.9984 0
1651913254043 0.9988 0
1651913257569 0.9984 0
1651913261131 0.9988 0
1651913264598 0.9988 0
1651913268056 1.0 0
1651913271708 0.9996 0
1651913275208 1.0 0
1651913278810 0.9992 0
1651913282395 0.9992 0
1651913285994 0.9996 0
1651913289635 0.998 0
1651913293143 0.9992 0
1651913296695 0.9536 0
1651913300214 0.9964 0
1651913303681 0.9988 0
1651913307302 0.9924 0
1651913310870 0.9972 0
1651913314514 0.9928 0
1651913318082 0.9964 0
1651913321588 0.9988 0
1651913325187 0.998 0
1651913328676 0.9988 0
1651913332262 1.0 0
1651913335707 1.0 0
1651913339372 1.0 0
1651913342914 1.0 0
1651913347362 0.4364 0
1651913350930 0.6728 0
1651913354570 0.7668 0
1651913358098 0.846 0
1651913361693 0.8796 0
1651913365379 0.9168 0
1651913368964 0.922 0
1651913372578 0.932 0
1651913376145 0.9524 0
1651913379729 0.9728 0
1651913383292 0.954 0
1651913386922 0.968 0
1651913390494 0.96 0
1651913394000 0.97 0
1651913397495 0.9764 0
1651913401109 0.9788 0
1651913404643 0.984 0
1651913408190 0.9784 0
1651913411815 0.9696 0
1651913415402 0.9844 0
1651913419064 0.9928 0
1651913422649 0.9896 0
1651913426224 0.9876 0
1651913429977 0.9956 0
1651913433701 0.9964 0
1651913437221 0.9988 0
1651913440750 0.9964 0
1651913444343 0.9876 0
1651913447902 0.9832 0
1651913451515 0.9944 0
1651913455059 0.9952 0
1651913458636 0.9964 0
1651913462132 0.9968 0
1651913465634 0.996 0
1651913469209 0.992 0
1651913472731 0.996 0
1651913476256 0.9992 0
1651913479814 0.9996 0
1651913483387 0.9984 0
1651913487060 0.9976 0
1651913490657 0.998 0
1651913494264 0.9988 0
1651913497801 1.0 0
1651913501322 0.9996 0
1651913504998 0.9992 0
1651913508629 0.9968 0
1651913512255 0.9984 0
1651913515825 0.9996 0
1651913519306 0.9976 0
1651913522776 0.9996 0
