1651970742700 0.4132 0
1651970745993 0.616 0
1651970749284 0.6976 0
1651970752529 0.774 0
1651970755703 0.832 0
1651970759594 0.348 0
1651970763317 0.58 0
1651970766915 0.65 0
1651970770538 0.7348 0
1651970774294 0.78 0
1651970778562 0.4104 0
1651970782374 0.5912 0
1651970785954 0.648 0
1651970789727 0.7308 0
1651970793557 0.738 0
1651970798010 0.6056 0
1651970801797 0.8176 0
1651970805549 0.8684 0
1651970809302 0.9048 0
1651970813014 0.9268 0
1651970817742 0.4104 0
1651970821455 0.5564 0
1651970825156 0.6524 0
1651970828880 0.7084 0
1651970832662 0.7484 0
