1645564596752 2.046583185958862 0
1645564604984 1.6421163549423219 0
1645564613201 1.4022831684112549 0
1645564621469 1.2312016966819763 0
1645564629598 1.113197416973114 0
1645564637737 0.9885126837730408 0
1645564646063 0.9022911565303803 0
1645564654396 0.8057141612052917 0
1645564662499 0.7306510612010956 0
1645564670763 0.6579043571949005 0
1645564678781 0.5853762291669845 0
1645564687065 0.49734742901325224 0
1645564695062 0.4227241839647293 0
1645564703233 0.380690446639061 0
1645564711895 0.333984265178442 0
1645564720616 0.2854357684135437 0
1645564729572 0.28493156724572183 0
1645564738639 0.27675443355739116 0
1645564747286 0.2439078001141548 0
1645564756304 0.19294246682077645 0
1645564773449 1.0901893305778503 0
1645564774093 0.0 0
1645564774737 0.0 0
1645564775377 0.0 0
1645564776030 0.0 0
1645564776707 0.0 0
1645564777377 0.0 0
1645564778027 0.0 0
1645564778679 0.0 0
1645564779343 0.0 0
1645564780002 0.0 0
1645564780687 0.0 0
1645564781364 0.0 0
1645564782017 0.0 0
1645564782650 0.0 0
1645564783330 0.0 0
1645564783993 0.0 0
1645564784614 0.0 0
1645564785268 0.0 0
1645564785946 0.0 0
1645564803713 1.386280483531952 0
1645564804418 0.0 0
1645564805099 0.0 0
1645564805753 0.0 0
1645564806402 0.0 0
1645564807053 0.0 0
1645564807682 0.0 0
1645564808351 0.0 0
1645564808981 0.0 0
1645564809639 0.0 0
1645564810264 0.0 0
1645564810902 0.0 0
1645564811530 0.0 0
1645564812156 0.0 0
1645564812813 0.0 0
1645564813461 0.0 0
1645564814097 0.0 0
1645564814744 0.0 0
1645564815374 0.0 0
1645564816044 0.0 0
