1654667893034 0.7677196386345723 0
1654667908118 0.9578609106893834 0
1654667923488 0.9755047595949797 0
1654667939042 0.9770205541744983 0
1654667954379 0.9821742557448615 0
1654667969804 0.9827199417934881 0
1654667985108 0.9819923603953192 0
1654668000168 0.9836294185411993 0
1654668015323 0.985569635602983 0
1654668030937 0.9883586976292973 0
1654668046265 0.9839932092402838 0
1654668061869 0.9904201782574426 0
1654668077352 0.9863578487843327 0
1654668092270 0.9887831201115624 0
1654668107770 0.9896319650760929 0
1654668123326 0.9880555387133936 0
1654668138164 0.9842963681561875 0
1654668153591 0.9880555387133936 0
1654668168633 0.9913296550051537 0
1654668184277 0.9896925968592736 0
1654668199356 0.9934517674164797 0
1654668214762 0.9876311162311283 0
1654668230011 0.9896319650760929 0
1654668245019 0.991754077487419 0
1654668260352 0.9918753410537804 0
1654668275792 0.9927848178014915 0
1654668291222 0.9899351239919966 0
1654668306167 0.9902382829079003 0
1654668321585 0.9902989146910811 0
1654668336824 0.9949675619959983 0
1654668352404 0.9861759534347905 0
1654668367591 0.9947856666464561 0
1654668382840 0.9913296550051537 0
1654668398067 0.9914509185715152 0
1654668413533 0.9922391317528648 0
1654668428697 0.9950888255623598 0
1654668444034 0.9892075425938277 0
1654668459249 0.9923603953192264 0
1654668474612 0.9914509185715152 0
1654668490101 0.9936336627660219 0
1654668505160 0.9896319650760929 0
1654668520382 0.9942399805978294 0
1654668535987 0.9943006123810101 0
1654668551185 0.989146910810647 0
1654668566608 0.9944218759473716 0
1654668581792 0.9886012247620203 0
1654668596903 0.9962408294427939 0
1654668611947 0.9908446007397077 0
1654668627186 0.9944218759473716 0
1654668642269 0.9922997635360455 0
1654668687695 0.9246861924686193 0
1654668725901 0.9853859681038142 0
1654668763958 0.9872657813352738 0
1654668802235 0.9921169122551695 0
1654668840709 0.988417924928749 0
1654668878817 0.9902370990237099 0
1654668917662 0.991995633982172 0
1654668956158 0.9926626644836577 0
1654668994238 0.9861136377417986 0
1654669032373 0.995209508216603 0
1654669070464 0.9934509732581408 0
1654669108772 0.9945424777151174 0
1654669147377 0.9889030380207385 0
1654669185742 0.9923594688011643 0
1654669225155 0.9936935298041356 0
1654669263000 0.993814808077133 0
1654669300900 0.9922381905281669 0
1654669338765 0.995209508216603 0
1654669377064 0.9950882299436056 0
1654669415079 0.9929052210296525 0
1654669453151 0.9934509732581408 0
1654669490831 0.9939360863501304 0
1654669528881 0.99860529986053 0
1654669566836 0.9898732642047178 0
1654669605244 0.9949063125341095 0
1654669643136 0.992602025347159 0
1654669680977 0.996604208356073 0
1654669718828 0.9913286034806864 0
1654669756489 0.9948456733976108 0
1654669794400 0.9937541689406343 0
1654669832612 0.9975137954035534 0
1654669870812 0.9935722515311382 0
1654669909004 0.9930871384391486 0
1654669946860 0.9951488690801042 0
1654669984736 0.99721059972106 0
1654670022396 0.9931477775756473 0
1654670060219 0.9932690558486447 0
1654670098825 0.9944211994421199 0
1654670136790 0.9931477775756473 0
1654670174742 0.9947850342611121 0
1654670212542 0.9985446607240313 0
1654670250621 0.9954520647625977 0
1654670288488 0.993814808077133 0
1654670326878 0.995209508216603 0
1654670364805 0.9968467649020678 0
1654670402812 0.9939360863501304 0
1654670440841 0.9942392820326239 0
1654670478864 0.9964829300830756 0
1654670516843 0.9929658601661512 0
1654670555196 0.9967861257655691 0
1654670601739 0.952710076391415 0
1654670639147 0.9825997332363283 0
1654670676584 0.9923002303868074 0
1654670713993 0.9935127925306172 0
1654670751406 0.9904813871710925 0
1654670789013 0.9940584454953316 0
1654670826414 0.9932096519946647 0
1654670863814 0.9936340487449982 0
1654670901121 0.9966048259973324 0
1654670938469 0.9909664120286165 0
1654670975989 0.9984842973202377 0
1654671013377 0.9919364617436643 0
1654671050627 0.9943009579240936 0
1654671087991 0.9931490238874743 0
1654671125544 0.9970292227476658 0
1654671163104 0.9943009579240936 0
1654671200478 0.9918152055292834 0
1654671237756 0.9968473384260943 0
1654671275200 0.9958772887110464 0
1654671312793 0.9939371892809507 0
1654671350141 0.9929671395659028 0
1654671387605 0.9967260822117133 0
1654671424924 0.995695404389475 0
1654671462309 0.9962410573541894 0
1654671499851 0.9923002303868074 0
1654671537454 0.9967867103189039 0
1654671574803 0.9961804292469989 0
1654671612267 0.995331635746332 0
1654671649924 0.9938159330665697 0
1654671687414 0.995331635746332 0
1654671724828 0.9955741481750939 0
1654671762216 0.9964229416757608 0
1654671799711 0.9973323632836183 0
1654671837115 0.9923608584939978 0
1654671874662 0.9935734206378077 0
1654671912079 0.9990905783921425 0
1654671949487 0.9987268097489996 0
1654671987106 0.991148296350188 0
1654672024682 0.9959985449254274 0
1654672062158 0.9934521644234267 0
1654672099763 0.9964835697829514 0
1654672137395 0.9963623135685704 0
1654672174829 0.9931490238874743 0
1654672212493 0.99508912331757 0
1654672249987 0.9973929913908087 0
1654672287739 0.9945434703528556 0
1654672325183 0.9992724627137141 0
1654672362718 0.9916333212077119 0
1654672400153 0.9972717351764278 0
1654672437455 0.9944828422456651 0
1654672487920 0.8815645845967253 0
1654672525095 0.9726500909642207 0
1654672562114 0.97883565797453 0
1654672599394 0.9833232261976955 0
1654672636570 0.9849605821710128 0
1654672673763 0.9910248635536689 0
1654672711128 0.9824742268041237 0
1654672748772 0.9895087932080049 0
1654672786519 0.9866585809581565 0
1654672823923 0.9891449363250455 0
1654672861188 0.9894481503941783 0
1654672898673 0.9855063674954518 0
1654672936053 0.9918132201334142 0
1654672973324 0.9916312916919345 0
1654673010557 0.9912067919951486 0
1654673047857 0.9862947240751971 0
1654673085331 0.9902971497877502 0
1654673122559 0.9929654335961189 0
1654673159681 0.9891449363250455 0
1654673196949 0.9893875075803518 0
1654673234080 0.9924802910855064 0
1654673271312 0.9926015767131595 0
1654673308576 0.9900545785324439 0
1654673345798 0.9938144329896907 0
1654673382970 0.9904790782292299 0
1654673420163 0.9936931473620376 0
1654673457394 0.994602789569436 0
1654673494647 0.9895694360218315 0
1654673531732 0.9887204366282596 0
1654673569098 0.9924802910855064 0
1654673606245 0.9899939357186174 0
1654673643427 0.9932686476652517 0
1654673680913 0.9935718617343845 0
1654673718278 0.9929654335961189 0
1654673755436 0.9927228623408126 0
1654673792620 0.9929047907822923 0
1654673829911 0.9913887204366283 0
1654673867125 0.9936325045482111 0
1654673904433 0.9932686476652517 0
1654673941778 0.9977562158884172 0
1654673979042 0.9897513644633111 0
1654674016409 0.9902971497877502 0
1654674053578 0.9952698605215282 0
1654674090869 0.9905397210430564 0
1654674127974 0.9910248635536689 0
1654674165355 0.9959369314736204 0
1654674202855 0.9917525773195877 0
1654674240339 0.992540933899333 0
1654674277431 0.9972104305639782 0
1654674314940 0.9893268647665252 0
1654674370103 0.9639737991266376 0
1654674407751 0.9935710819990295 0
1654674446004 0.9918728772440563 0
1654674483578 0.9953905870936438 0
1654674520968 0.9945414847161572 0
1654674558494 0.9972707423580786 0
1654674596033 0.9944201843765162 0
1654674633756 0.996421639980592 0
1654674671116 0.9958757884522077 0
1654674708705 0.9972100921882582 0
1654674746448 0.9942382338670548 0
1654674784014 0.9933891314895682 0
1654674821447 0.9981804949053857 0
1654674858869 0.9950873362445415 0
1654674896258 0.9998180494905385 0
1654674933555 0.9904779233381853 0
1654674971081 0.9969068413391557 0
1654675008829 0.9973920426977195 0
1654675046098 0.993995633187773 0
1654675083565 0.9984837457544881 0
1654675121350 0.991327025715672 0
1654675159459 0.9971494420184377 0
1654675196897 0.998605046094129 0
1654675234410 0.99363173216885 0
1654675272385 0.9956331877729258 0
1654675309794 0.9959970887918487 0
1654675347217 0.9966035904900534 0
1654675384511 0.99490538573508 0
1654675422654 0.9959364386220282 0
1654675460103 0.9980591945657448 0
1654675497304 0.9952086365841825 0
1654675534826 0.9983624454148472 0
1654675572417 0.9943595342066958 0
1654675609925 0.9964822901504125 0
1654675647444 0.9948447355652595 0
1654675684817 0.9999393498301795 0
1654675722285 0.9932071809801067 0
1654675760430 0.9978165938864629 0
1654675798193 0.9979378942261038 0
1654675835722 0.9965429403202329 0
1654675873305 0.9946627850557982 0
1654675910498 0.99617903930131 0
1654675947768 0.9978772440562833 0
1654675986088 0.9978772440562833 0
1654676023331 0.9938136826783115 0
1654676060815 0.9963609898107715 0
1654676098577 0.9990295972828724 0
1654676136268 0.9948447355652595 0
1654676174568 0.9965429403202329 0
1654676212016 1.0 0
