1654441510687 0.8465191782070162 0
1654441524370 0.11991282770197749 0
1654441537391 0.03439074423226696 0
1654441551488 0.016876146753752222 0
1654441565085 0.009836422909600724 0
1654441612661 0.46080441666223376 0
1654441627994 0.06321082650889105 0
1654441643641 0.027113692120456737 0
1654441658866 0.01719954235094192 0
1654441674230 0.014057275976496171 0
1654441727474 0.3666305377893308 0
1654441745293 0.07769251308998253 0
1654441763564 0.04943060901160997 0
1654441781426 0.037587648001491 0
1654441799268 0.035816523794961565 0
1654441858794 0.47576737930515883 0
1654441878665 0.14898233520326792 0
1654441898065 0.10527754434858257 0
1654441917472 0.08815977972445885 0
1654441936853 0.07668023941876889 0
1654442001390 0.40672226419716656 0
1654442023214 0.11948365379036312 0
1654442044545 0.09486174934454648 0
1654442065464 0.08503098493059649 0
1654442086561 0.07702917448746123 0
