1652402903162 0.1334 0
1652402908177 0.179 0
1652402913127 0.1894 0
1652402917962 0.2096 0
1652402922869 0.2142 0
1652402927778 0.2246 0
1652402932634 0.2416 0
1652402937461 0.2548 0
1652402942406 0.25 0
1652402947301 0.2566 0
1652402956232 0.1656 0
1652402964910 0.1882 0
1652402973470 0.1919 0
1652402982171 0.1989 0
1652402990539 0.2145 0
1652402999119 0.2127 0
1652403007692 0.2287 0
1652403016384 0.231 0
1652403025040 0.2367 0
1652403033729 0.2328 0
1652403047018 0.19346666666666668 0
1652403059826 0.21313333333333334 0
1652403072356 0.22013333333333332 0
1652403084817 0.22433333333333333 0
1652403097193 0.2332 0
1652403109718 0.237 0
1652403122200 0.24453333333333332 0
1652403134756 0.2488 0
1652403147204 0.25826666666666664 0
1652403159955 0.2557333333333333 0
1652403177760 0.2307 0
1652403194734 0.2465 0
1652403211694 0.26075 0
1652403228563 0.26545 0
1652403245283 0.2687 0
1652403262204 0.27765 0
1652403279214 0.2821 0
1652403295801 0.2855 0
1652403312767 0.278 0
1652403329371 0.28565 0
1652403351722 0.25368 0
1652403372872 0.2686 0
1652403394117 0.26464 0
1652403415476 0.27916 0
1652403437003 0.27756 0
1652403458553 0.28044 0
1652403479831 0.2924 0
1652403501590 0.2916 0
1652403523055 0.29384 0
1652403544540 0.2952 0
