1644430737873 1.6090182773590087 0
1644430739340 1.6083664375305176 0
1644430740779 1.607696583175659 0
1644430742295 1.6071319177627563 0
1644430743790 1.6063756023406983 0
1644430745243 1.6054896701812744 0
1644430746713 1.6049928676605225 0
1644430748155 1.603904655456543 0
1644430749626 1.6031520154953003 0
1644430751073 1.6021695390701294 0
1644430752510 1.601431194114685 0
1644430753979 1.60049773979187 0
1644430755433 1.599487410926819 0
1644430756927 1.5985089977264404 0
1644430758411 1.597223740386963 0
1644430759880 1.5961992938995362 0
1644430761292 1.5945354782104493 0
1644430762789 1.5932273393630982 0
1644430764232 1.5916818548202514 0
1644430765659 1.5902603694915771 0
1644430767377 1.6097836751937866 0
1644430768940 1.6050815242767333 0
1644430770482 1.6003797231674195 0
1644430772051 1.5956085189819336 0
1644430773588 1.5907316373825073 0
1644430775115 1.5854628551483154 0
1644430776649 1.5795631912231445 0
1644430778242 1.5729927923202514 0
1644430779785 1.565019679260254 0
1644430781338 1.556416478729248 0
1644430782873 1.5462918306350708 0
1644430784386 1.534572109222412 0
1644430785952 1.5213892433166505 0
1644430787493 1.5064852380752562 0
1644430789011 1.4904816549301148 0
1644430790569 1.4740801557540895 0
1644430792110 1.4573080339431763 0
1644430793683 1.440320400619507 0
1644430795183 1.422990676689148 0
1644430796764 1.404315756416321 0
1644430798737 1.6111186500549317 0
1644430800512 1.6090153022766114 0
1644430802112 1.6067121387481689 0
1644430803732 1.6044547233581543 0
1644430805283 1.6023707372665406 0
1644430806883 1.6002896381378173 0
1644430808502 1.5978844873428344 0
1644430810073 1.595529669570923 0
1644430811666 1.5934030939102173 0
1644430813270 1.5913820602416993 0
1644430814857 1.5886216426849364 0
1644430816522 1.586190330505371 0
1644430818163 1.5832701765060424 0
1644430819777 1.5805448532104491 0
1644430821363 1.5778935558319092 0
1644430822948 1.575182155418396 0
1644430824557 1.5713645908355713 0
1644430826135 1.5680329608917236 0
1644430827753 1.564458031654358 0
1644430829377 1.5603451839447022 0
