1654763425592 0.8957249030966861 0
1654763438771 0.17155794158866414 0
1654763452251 0.05514439117604546 0
1654763466084 0.019377704482436198 0
1654763479422 0.018284579697329606 0
1654763492795 0.012597839656743232 0
1654763505910 0.0044979808224310455 0
1654763519433 0.014449724802030906 0
1654763532805 0.005768467778589739 0
1654763546506 0.008251466714283496 0
1654763567577 0.2872977456254332 0
1654763584579 0.03806055064666814 0
1654763601602 0.010732877256642001 0
1654763618548 0.002148237853820735 0
1654763635195 0.0011152646538869712 0
1654763652075 0.001189728324793828 0
1654763669043 0.0022407820945206415 0
1654763685895 0.00040493335094511835 0
1654763702680 0.0003583415441020406 0
1654763719501 0.00033211366066808104 0
1654763744777 0.19451065912117296 0
1654763761580 0.01129008257683451 0
1654763778504 0.01397065723007179 0
1654763795385 0.0006946514380044514 0
1654763812300 0.0003103366154624908 0
1654763829210 0.0019000686410763931 0
1654763846244 0.00038273479315392765 0
1654763863204 0.00023578522869345859 0
1654763880323 0.00014336428009790778 0
1654763897288 0.00012761906520877692 0
1654763927083 0.35047356442222455 0
1654763944263 0.06481166231615967 0
1654763961155 0.030499307826043345 0
1654763978363 0.021114556803543114 0
1654763995469 0.006563547693061542 0
1654764012580 0.009266222108884338 0
1654764029671 0.012479396528742864 0
1654764046663 0.0016564500104777008 0
1654764063851 0.0003240375680538468 0
1654764080715 0.00016155009176363952 0
1654764114755 0.18015283410286478 0
1654764131849 0.007071678807768268 0
1654764148850 0.0010407065110670177 0
1654764165992 0.0021267618198434752 0
1654764183376 0.000601622334342881 0
1654764200474 0.0003415752227379941 0
1654764217503 0.00034975573314657827 0
1654764234474 0.0003236147685134108 0
1654764251547 0.0001625264068377579 0
1654764268146 0.00015695496005859507 0
