1652108027911 0.6464 0
1652108032654 0.7992 0
1652108037546 0.8536 0
1652108042384 0.892 0
1652108047279 0.9108 0
1652108052103 0.9216 0
1652108057069 0.94 0
1652108061892 0.9396 0
1652108066692 0.9576 0
1652108071539 0.9636 0
1652108076342 0.9508 0
1652108081091 0.9756 0
1652108085940 0.9792 0
1652108090858 0.9896 0
1652108095742 0.9676 0
1652108100543 0.976 0
1652108105396 0.9776 0
1652108110210 0.9776 0
1652108114931 0.98 0
1652108119740 0.982 0
1652108124576 0.98 0
1652108129464 0.9832 0
1652108134306 0.9924 0
1652108139175 0.9964 0
1652108143949 0.9948 0
1652108148815 0.9972 0
1652108153522 0.9984 0
1652108158374 0.9972 0
1652108163242 0.9992 0
1652108167996 0.998 0
1652108172930 0.9928 0
1652108177818 0.996 0
1652108182658 0.9952 0
1652108187441 0.9944 0
1652108192160 0.984 0
1652108197044 0.984 0
1652108201860 0.992 0
1652108206694 0.9984 0
1652108211474 0.9992 0
1652108216317 0.9992 0
1652108221189 0.9996 0
1652108226063 0.9968 0
1652108231027 0.9944 0
1652108235950 0.9924 0
1652108240768 0.9912 0
1652108245517 0.9916 0
1652108250436 0.9904 0
1652108255237 0.9972 0
1652108259987 0.9972 0
1652108264728 0.9996 0
1652108280265 0.7990822027134876 0
1652108295469 0.898244213886672 0
1652108311119 0.9283719074221868 0
1652108326415 0.9577015163607342 0
1652108341364 0.9750598563447725 0
1652108356336 0.9784517158818835 0
1652108371361 0.9854349561053471 0
1652108386527 0.9888268156424581 0
1652108401447 0.9884277733439745 0
1652108416618 0.9948124501197126 0
1652108432045 0.9938148443735035 0
1652108447353 0.9984038308060654 0
1652108462667 0.9980047885075818 0
1652108477727 0.9984038308060654 0
1652108493072 0.9980047885075818 0
1652108508306 0.9988028731045491 0
1652108523845 0.9996009577015164 0
1652108539137 0.9984038308060654 0
1652108554494 0.9982043096568236 0
1652108569697 0.9996009577015164 0
1652108584845 0.9998004788507582 0
1652108600024 1.0 0
1652108615332 1.0 0
1652108630423 1.0 0
1652108645613 0.9996009577015164 0
1652108661146 0.9994014365522745 0
1652108676526 0.9992019154030327 0
1652108691436 1.0 0
1652108706675 0.9990023942537909 0
1652108721842 1.0 0
1652108736999 0.9998004788507582 0
1652108752084 0.9996009577015164 0
1652108767316 0.9996009577015164 0
1652108782517 1.0 0
1652108797604 1.0 0
1652108812668 1.0 0
1652108827680 1.0 0
1652108842874 0.9998004788507582 0
1652108858045 0.9996009577015164 0
1652108873254 0.9990023942537909 0
1652108888684 1.0 0
1652108903809 0.9980047885075818 0
1652108918895 0.9990023942537909 0
1652108933974 0.99780526735834 0
1652108949030 0.9972067039106145 0
1652108964342 0.9994014365522745 0
1652108979550 0.9968076616121309 0
1652108994710 0.99780526735834 0
1652109009847 0.9988028731045491 0
1652109024911 0.9954110135674381 0
1652109045073 0.8172386272944933 0
1652109064743 0.8974461292897047 0
1652109084242 0.9359537110933759 0
1652109103851 0.9515163607342378 0
1652109123444 0.9618914604948124 0
1652109143105 0.9720670391061452 0
1652109162608 0.9776536312849162 0
1652109182301 0.984437350359138 0
1652109201826 0.990023942537909 0
1652109221409 0.9910215482841181 0
1652109241279 0.9946129289704708 0
1652109260845 0.9968076616121309 0
1652109280384 0.9954110135674381 0
1652109299988 0.9930167597765364 0
1652109319802 0.9908220271348763 0
1652109339371 0.9950119712689545 0
1652109359043 0.9956105347166799 0
1652109378761 0.9936153232242618 0
1652109398396 0.9952114924181963 0
1652109418013 0.9972067039106145 0
1652109437731 0.9990023942537909 0
1652109457245 0.99780526735834 0
1652109476932 0.9984038308060654 0
1652109496651 0.9958100558659218 0
1652109516373 0.9956105347166799 0
1652109535944 0.9994014365522745 0
1652109555647 0.9992019154030327 0
1652109575220 0.9986033519553073 0
1652109595026 0.9994014365522745 0
1652109614851 0.9994014365522745 0
1652109634575 0.9998004788507582 0
1652109654393 0.9992019154030327 0
1652109674085 1.0 0
1652109693674 0.9994014365522745 0
1652109713255 0.9968076616121309 0
1652109732881 0.9948124501197126 0
1652109752773 0.9958100558659218 0
1652109772402 0.9982043096568236 0
1652109792040 0.9988028731045491 0
1652109811822 0.9982043096568236 0
1652109831598 0.9990023942537909 0
1652109851189 0.9998004788507582 0
1652109870799 0.9998004788507582 0
1652109890401 0.9998004788507582 0
1652109910068 0.9996009577015164 0
1652109929480 0.9996009577015164 0
1652109949169 0.9994014365522745 0
1652109968811 0.9998004788507582 0
1652109988335 1.0 0
1652110007941 1.0 0
1652110032751 0.8282122905027933 0
1652110057159 0.9251795690343176 0
1652110081533 0.9549082202713488 0
1652110105761 0.9730646448523543 0
1652110129891 0.979050279329609 0
1652110154053 0.9864325618515563 0
1652110178216 0.9916201117318436 0
1652110202323 0.9908220271348763 0
1652110226228 0.9960095770151636 0
1652110250335 0.9948124501197126 0
1652110274710 0.9970071827613727 0
1652110299116 0.9954110135674381 0
1652110323194 0.9932162809257782 0
1652110347299 0.996608140462889 0
1652110371438 0.9990023942537909 0
1652110395637 0.9986033519553073 0
1652110419818 0.9976057462090981 0
1652110443934 0.9986033519553073 0
1652110468181 0.990023942537909 0
1652110492168 0.9954110135674381 0
1652110516352 0.9988028731045491 0
1652110540383 0.9992019154030327 0
1652110564262 0.9998004788507582 0
1652110588142 0.9994014365522745 0
1652110612096 0.9992019154030327 0
1652110635739 0.9998004788507582 0
1652110659738 1.0 0
1652110683841 0.9998004788507582 0
1652110708015 1.0 0
1652110732091 1.0 0
1652110755868 0.9998004788507582 0
1652110779761 0.9998004788507582 0
1652110803894 0.9996009577015164 0
1652110828057 0.9996009577015164 0
1652110852546 0.9986033519553073 0
1652110876845 0.9994014365522745 0
1652110901141 0.9998004788507582 0
1652110925349 1.0 0
1652110949721 1.0 0
1652110973939 0.9998004788507582 0
1652110998309 1.0 0
1652111022491 0.9992019154030327 0
1652111046516 0.9984038308060654 0
1652111070903 0.9994014365522745 0
1652111095210 0.996608140462889 0
1652111119478 0.9990023942537909 0
1652111143607 1.0 0
1652111167871 0.9988028731045491 0
1652111192160 0.9998004788507582 0
1652111216560 1.0 0
1652111245994 0.8657222665602554 0
1652111274878 0.9489225857940942 0
1652111303263 0.9628890662410216 0
1652111331629 0.9776536312849162 0
1652111360178 0.9872306464485235 0
1652111388788 0.9936153232242618 0
1652111417186 0.9938148443735035 0
1652111445680 0.994413407821229 0
1652111473979 0.9976057462090981 0
1652111502600 0.9994014365522745 0
1652111531076 0.9992019154030327 0
1652111559440 0.9996009577015164 0
1652111587943 0.9996009577015164 0
1652111616351 0.9986033519553073 0
1652111644738 1.0 0
1652111673140 0.9994014365522745 0
1652111701781 0.9996009577015164 0
1652111730495 0.9984038308060654 0
1652111758993 0.9982043096568236 0
1652111787428 0.9990023942537909 0
1652111816290 0.9980047885075818 0
1652111844660 0.9992019154030327 0
1652111873282 0.9988028731045491 0
1652111901596 0.9974062250598563 0
1652111929980 0.9998004788507582 0
1652111958422 0.9996009577015164 0
1652111986765 1.0 0
1652112015211 0.9992019154030327 0
1652112043622 0.9992019154030327 0
1652112072202 0.9996009577015164 0
1652112100565 0.9998004788507582 0
1652112129189 0.9998004788507582 0
1652112157522 1.0 0
1652112185997 1.0 0
1652112214704 0.9994014365522745 0
1652112243099 1.0 0
1652112271602 1.0 0
1652112300056 1.0 0
1652112328193 0.9992019154030327 0
1652112356713 1.0 0
1652112384709 0.9998004788507582 0
1652112413299 1.0 0
1652112441695 0.9998004788507582 0
1652112470017 1.0 0
1652112498562 0.9996009577015164 0
1652112527181 0.9992019154030327 0
1652112555898 0.9992019154030327 0
1652112584431 1.0 0
1652112612974 1.0 0
1652112641350 0.9996009577015164 0
1652112675156 0.8254189944134078 0
1652112707922 0.9233838786911412 0
1652112740728 0.9533120510774142 0
1652112773402 0.9626895450917797 0
1652112806179 0.973463687150838 0
1652112838938 0.9858339984038308 0
1652112871544 0.9902234636871509 0
1652112904570 0.9926177174780527 0
1652112937377 0.9958100558659218 0
1652112970123 0.9980047885075818 0
1652113002932 0.9964086193136472 0
1652113035815 0.9972067039106145 0
1652113068805 0.9988028731045491 0
1652113101618 0.9988028731045491 0
1652113134389 0.9984038308060654 0
1652113167091 0.9962090981644054 0
1652113199790 0.9984038308060654 0
1652113232817 0.9970071827613727 0
1652113265489 0.9964086193136472 0
1652113298010 0.9992019154030327 0
1652113330810 0.9998004788507582 0
1652113363498 0.9996009577015164 0
1652113396302 0.9972067039106145 0
1652113429099 0.9994014365522745 0
1652113461690 0.9994014365522745 0
1652113494190 0.9994014365522745 0
1652113527071 0.9998004788507582 0
1652113559647 1.0 0
1652113592636 0.9998004788507582 0
1652113625389 0.9998004788507582 0
1652113658200 1.0 0
1652113691130 1.0 0
1652113723982 1.0 0
1652113756772 1.0 0
1652113789560 1.0 0
1652113822304 1.0 0
1652113854849 0.9998004788507582 0
1652113887425 1.0 0
1652113919978 1.0 0
1652113952472 1.0 0
1652113985441 0.9998004788507582 0
1652114018229 1.0 0
1652114050960 1.0 0
1652114083828 1.0 0
1652114116385 1.0 0
1652114148978 1.0 0
1652114181243 1.0 0
1652114213794 1.0 0
1652114246530 1.0 0
1652114279377 0.9986033519553073 0
1652114317932 0.7934956105347167 0
1652114354588 0.8822825219473264 0
1652114391602 0.9171987230646449 0
1652114428131 0.9449321628092577 0
1652114465093 0.9626895450917797 0
1652114501858 0.9672785315243416 0
1652114538682 0.9854349561053471 0
1652114575767 0.9860335195530726 0
1652114612884 0.9876296887470072 0
1652114649552 0.990023942537909 0
1652114686565 0.9938148443735035 0
1652114723228 0.996608140462889 0
1652114760175 0.9952114924181963 0
1652114797129 0.996608140462889 0
1652114834059 0.9970071827613727 0
1652114871364 0.9920191540303273 0
1652114908579 0.9970071827613727 0
1652114945340 0.9970071827613727 0
1652114982090 0.9974062250598563 0
1652115018869 0.9992019154030327 0
1652115055864 0.9984038308060654 0
1652115092448 0.9994014365522745 0
1652115129214 0.9998004788507582 0
1652115166187 0.9996009577015164 0
1652115203253 0.9972067039106145 0
1652115240178 0.9988028731045491 0
1652115277362 0.9980047885075818 0
1652115314049 0.9984038308060654 0
1652115351340 0.9992019154030327 0
1652115388218 0.9992019154030327 0
1652115425298 0.9998004788507582 0
1652115462225 0.9996009577015164 0
1652115499249 0.9998004788507582 0
1652115536339 0.9998004788507582 0
1652115573295 0.9998004788507582 0
1652115610540 1.0 0
1652115647386 1.0 0
1652115684335 0.9998004788507582 0
1652115721474 1.0 0
1652115758372 0.9974062250598563 0
1652115795348 0.9990023942537909 0
1652115832274 0.9996009577015164 0
1652115869007 0.9962090981644054 0
1652115905575 0.9970071827613727 0
1652115942268 0.9998004788507582 0
1652115979207 0.9996009577015164 0
1652116015965 0.9998004788507582 0
1652116052805 0.9994014365522745 0
1652116090000 0.9996009577015164 0
1652116126936 1.0 0
1652116169997 0.8288108539505188 0
1652116211212 0.9080207501995211 0
1652116252620 0.9339584996009577 0
1652116294172 0.9543096568236233 0
1652116335581 0.9652833200319234 0
1652116376683 0.9764565043894653 0
1652116417867 0.985634477254589 0
1652116459179 0.9906225059856345 0
1652116500429 0.9922186751795691 0
1652116541831 0.9956105347166799 0
1652116583543 0.9972067039106145 0
1652116625203 0.9968076616121309 0
1652116666467 0.99780526735834 0
1652116707953 0.9968076616121309 0
1652116749204 0.9954110135674381 0
1652116790428 0.9998004788507582 0
1652116831661 0.9954110135674381 0
1652116872957 0.9962090981644054 0
1652116914471 0.9988028731045491 0
1652116956125 0.99780526735834 0
1652116997611 0.9982043096568236 0
1652117039112 0.9980047885075818 0
1652117080537 0.9992019154030327 0
1652117122205 0.9992019154030327 0
1652117163673 0.9998004788507582 0
1652117205024 0.9990023942537909 0
1652117246355 0.9984038308060654 0
1652117287604 0.9994014365522745 0
1652117329145 0.9992019154030327 0
1652117370713 0.9998004788507582 0
1652117412176 1.0 0
1652117453711 0.9984038308060654 0
1652117495054 0.9998004788507582 0
1652117536498 1.0 0
1652117577846 0.9994014365522745 0
1652117619455 0.9998004788507582 0
1652117660904 0.9996009577015164 0
1652117702171 0.9998004788507582 0
1652117743433 0.9992019154030327 0
1652117785024 0.9998004788507582 0
1652117826591 1.0 0
1652117868226 0.9998004788507582 0
1652117909448 1.0 0
1652117951002 1.0 0
1652117992803 0.9996009577015164 0
1652118034161 1.0 0
1652118075539 0.9992019154030327 0
1652118117071 0.9994014365522745 0
1652118158776 0.9996009577015164 0
1652118200298 1.0 0
1652118247862 0.7942936951316839 0
1652118293438 0.8902633679169992 0
1652118338659 0.9098164405426975 0
1652118384011 0.9329608938547486 0
1652118429771 0.9537110933758979 0
1652118475404 0.961292897047087 0
1652118521078 0.9760574620909817 0
1652118566572 0.9810454908220272 0
1652118612110 0.9788507581803672 0
1652118657703 0.9884277733439745 0
1652118703143 0.9880287310454908 0
1652118748603 0.9902234636871509 0
1652118794004 0.9880287310454908 0
1652118839675 0.9876296887470072 0
1652118885399 0.9938148443735035 0
1652118931182 0.9932162809257782 0
1652118976643 0.994413407821229 0
1652119022233 0.990023942537909 0
1652119067884 0.9976057462090981 0
1652119113427 0.9982043096568236 0
1652119158932 0.9982043096568236 0
1652119204327 0.99780526735834 0
1652119250035 0.9972067039106145 0
1652119295516 0.9982043096568236 0
1652119341050 0.99780526735834 0
1652119386590 0.994413407821229 0
1652119432061 0.9988028731045491 0
1652119477438 0.9984038308060654 0
1652119522935 0.9992019154030327 0
1652119568613 0.9982043096568236 0
1652119614024 0.9980047885075818 0
1652119659904 0.9980047885075818 0
1652119705756 0.9984038308060654 0
1652119751469 0.99780526735834 0
1652119797022 0.9994014365522745 0
1652119842480 0.9992019154030327 0
1652119887836 0.9988028731045491 0
1652119933358 0.99780526735834 0
1652119978758 0.99780526735834 0
1652120024196 0.9974062250598563 0
1652120069702 0.9994014365522745 0
1652120115479 0.9996009577015164 0
1652120161184 1.0 0
1652120206951 0.9976057462090981 0
1652120252438 0.9990023942537909 0
1652120297848 0.9990023942537909 0
1652120343184 0.9982043096568236 0
1652120388679 0.9990023942537909 0
1652120434149 0.9998004788507582 0
1652120480056 1.0 0
1652120532092 0.8731045490822027 0
1652120581870 0.9377494014365523 0
1652120631611 0.9620909816440543 0
1652120681536 0.9776536312849162 0
1652120731573 0.9842378292098962 0
1652120781326 0.9892258579409418 0
1652120831201 0.9910215482841181 0
1652120881012 0.9922186751795691 0
1652120930769 0.9946129289704708 0
1652120980548 0.9970071827613727 0
1652121030183 0.9982043096568236 0
1652121080130 0.9960095770151636 0
1652121129953 0.9990023942537909 0
1652121179718 0.9994014365522745 0
1652121229724 0.9998004788507582 0
1652121279514 0.9992019154030327 0
1652121329156 0.9980047885075818 0
1652121379064 0.9990023942537909 0
1652121428907 0.9974062250598563 0
1652121478570 0.9998004788507582 0
1652121528400 1.0 0
1652121578180 1.0 0
1652121628087 0.9992019154030327 0
1652121678318 1.0 0
1652121728283 0.9998004788507582 0
1652121778078 0.9992019154030327 0
1652121828141 0.9998004788507582 0
1652121877944 1.0 0
1652121928067 1.0 0
1652121977805 0.9994014365522745 0
1652122027715 1.0 0
1652122077651 1.0 0
1652122127306 1.0 0
1652122177087 0.9996009577015164 0
1652122226560 0.9986033519553073 0
1652122276421 0.9996009577015164 0
1652122326101 0.9994014365522745 0
1652122375897 0.9998004788507582 0
1652122425751 1.0 0
1652122475433 1.0 0
1652122525462 1.0 0
1652122575268 0.9996009577015164 0
1652122625244 0.9998004788507582 0
1652122675131 1.0 0
1652122724812 1.0 0
1652122774460 0.9996009577015164 0
1652122824609 1.0 0
1652122874435 1.0 0
1652122924040 1.0 0
1652122974182 1.0 0
1652123030755 0.819632881085395 0
1652123084668 0.8950518754988028 0
1652123138600 0.9319632881085395 0
1652123192527 0.9505187549880287 0
1652123246486 0.9694732641660015 0
1652123300792 0.9770550678371908 0
1652123354844 0.982242617717478 0
1652123409098 0.9874301675977654 0
1652123463442 0.9888268156424581 0
1652123517608 0.99341580207502 0
1652123571674 0.9924181963288109 0
1652123625693 0.9950119712689545 0
1652123679846 0.994413407821229 0
1652123733804 0.9948124501197126 0
1652123787872 0.9962090981644054 0
1652123842267 0.9972067039106145 0
1652123896246 0.9988028731045491 0
1652123950495 0.9968076616121309 0
1652124004693 0.9972067039106145 0
1652124058974 0.9988028731045491 0
1652124112896 0.9986033519553073 0
1652124167004 0.996608140462889 0
1652124221091 0.9958100558659218 0
1652124275122 0.9996009577015164 0
1652124329198 0.9998004788507582 0
1652124383511 0.9998004788507582 0
1652124437498 0.9994014365522745 0
1652124491774 0.9924181963288109 0
1652124545861 0.9988028731045491 0
1652124599915 0.9992019154030327 0
1652124654242 0.9990023942537909 0
1652124708323 0.9994014365522745 0
1652124762471 0.9986033519553073 0
1652124816669 0.9986033519553073 0
1652124870842 0.9996009577015164 0
1652124924806 0.9988028731045491 0
1652124979089 0.996608140462889 0
1652125033207 0.9988028731045491 0
1652125087328 0.9994014365522745 0
1652125141407 0.9962090981644054 0
1652125195339 0.9988028731045491 0
1652125249637 0.9998004788507582 0
1652125303896 0.9996009577015164 0
1652125358161 0.9988028731045491 0
1652125412109 0.9998004788507582 0
1652125466104 0.9998004788507582 0
1652125520164 1.0 0
1652125574080 0.9992019154030327 0
1652125628029 0.9998004788507582 0
1652125682358 1.0 0
1652125743869 0.8367916999201915 0
1652125801940 0.9108140462889066 0
1652125860124 0.9423383878691142 0
1652125918556 0.9537110933758979 0
1652125977005 0.9760574620909817 0
1652126035612 0.9808459696727854 0
1652126094213 0.982242617717478 0
1652126152864 0.9910215482841181 0
1652126210919 0.9930167597765364 0
1652126269074 0.9946129289704708 0
1652126327628 0.9940143655227454 0
1652126385698 0.9968076616121309 0
1652126444044 0.9948124501197126 0
1652126502350 0.9984038308060654 0
1652126560634 0.9986033519553073 0
1652126618876 0.9988028731045491 0
1652126677365 0.9992019154030327 0
1652126735691 0.9992019154030327 0
1652126794104 0.9972067039106145 0
1652126852231 0.9980047885075818 0
1652126910288 0.9982043096568236 0
1652126968660 0.9990023942537909 0
1652127026768 0.9996009577015164 0
1652127085085 0.9998004788507582 0
1652127143462 0.9994014365522745 0
1652127201823 0.9996009577015164 0
1652127259969 0.9994014365522745 0
1652127318231 1.0 0
1652127376273 0.9988028731045491 0
1652127434718 0.9986033519553073 0
1652127493050 0.9986033519553073 0
1652127551088 0.9996009577015164 0
1652127609502 0.9984038308060654 0
1652127667537 0.9996009577015164 0
1652127725857 1.0 0
1652127783563 1.0 0
1652127842063 1.0 0
1652127900446 0.9990023942537909 0
1652127958287 0.9998004788507582 0
1652128016751 0.9992019154030327 0
1652128075335 1.0 0
1652128133428 0.9998004788507582 0
1652128191389 0.9996009577015164 0
1652128249767 0.9996009577015164 0
1652128308235 1.0 0
1652128366472 0.9992019154030327 0
1652128424738 0.9996009577015164 0
1652128483167 0.9998004788507582 0
1652128541580 0.9992019154030327 0
1652128599758 0.9998004788507582 0
1652128665361 0.8587390263367917 0
1652128727702 0.9363527533918595 0
1652128790039 0.9565043894652833 0
1652128852391 0.973463687150838 0
1652128914660 0.9842378292098962 0
1652128976832 0.987829209896249 0
1652129039087 0.9918196328810854 0
1652129101259 0.9924181963288109 0
1652129163584 0.9960095770151636 0
1652129226207 0.994413407821229 0
1652129288816 0.996608140462889 0
1652129350917 0.9984038308060654 0
1652129413455 0.9982043096568236 0
1652129476231 0.9996009577015164 0
1652129538776 0.9964086193136472 0
1652129601309 0.9982043096568236 0
1652129663668 0.9992019154030327 0
1652129726055 0.9982043096568236 0
1652129788553 1.0 0
1652129851298 0.9990023942537909 0
1652129913796 1.0 0
1652129976148 0.9988028731045491 0
1652130038450 0.9988028731045491 0
1652130100816 0.9994014365522745 0
1652130163100 0.9998004788507582 0
1652130225442 0.9994014365522745 0
1652130287728 0.9996009577015164 0
1652130350096 1.0 0
1652130412591 1.0 0
1652130475091 0.9998004788507582 0
1652130537503 0.9998004788507582 0
1652130600081 1.0 0
1652130662485 1.0 0
1652130725129 0.9996009577015164 0
1652130787453 0.9994014365522745 0
1652130849844 1.0 0
1652130912311 0.9996009577015164 0
1652130974704 1.0 0
1652131037101 1.0 0
1652131099542 0.9998004788507582 0
1652131161798 1.0 0
1652131224347 1.0 0
1652131286861 1.0 0
1652131349244 1.0 0
1652131411546 1.0 0
1652131473881 1.0 0
1652131536276 1.0 0
1652131599034 1.0 0
1652131661463 0.9998004788507582 0
1652131723836 1.0 0
1652131793847 0.7757382282521947 0
1652131860543 0.8431763766959298 0
1652131927035 0.8667198723064645 0
1652131993902 0.9096169193934557 0
1652132060990 0.9233838786911412 0
1652132127688 0.9485235434956105 0
1652132194567 0.9696727853152434 0
1652132261110 0.9770550678371908 0
1652132327980 0.9792498004788508 0
1652132394743 0.9848363926576217 0
1652132461656 0.9816440542697525 0
1652132528722 0.9892258579409418 0
1652132595637 0.9886272944932163 0
1652132662183 0.9954110135674381 0
1652132729297 0.9968076616121309 0
1652132796222 0.9932162809257782 0
1652132862976 0.990023942537909 0
1652132929641 0.9936153232242618 0
1652132996464 0.9960095770151636 0
1652133063349 0.9950119712689545 0
1652133130160 0.9958100558659218 0
1652133196716 0.99780526735834 0
1652133263408 0.9974062250598563 0
1652133330358 0.9988028731045491 0
1652133397150 0.9994014365522745 0
1652133464066 0.9990023942537909 0
1652133530782 0.9976057462090981 0
1652133597411 0.9988028731045491 0
1652133664316 0.9988028731045491 0
1652133730761 0.9994014365522745 0
1652133797535 0.9962090981644054 0
1652133863991 0.9986033519553073 0
1652133930713 0.99780526735834 0
1652133997116 0.9976057462090981 0
1652134063994 0.9982043096568236 0
1652134130568 0.9982043096568236 0
1652134197300 0.9982043096568236 0
1652134264045 0.9996009577015164 0
1652134330896 0.9992019154030327 0
1652134397894 0.9968076616121309 0
1652134465325 0.99780526735834 0
1652134533262 0.9972067039106145 0
1652134601087 0.9954110135674381 0
1652134668800 0.9982043096568236 0
1652134735514 0.9982043096568236 0
1652134802173 0.9940143655227454 0
1652134868971 0.9986033519553073 0
1652134935634 0.9996009577015164 0
1652135002345 0.9996009577015164 0
1652135069050 0.9992019154030327 0
1652135144867 0.8160415003990423 0
1652135217065 0.8960494812450119 0
1652135289568 0.9429369513168396 0
1652135361816 0.9624900239425379 0
1652135434069 0.9724660814046289 0
1652135506364 0.9838387869114126 0
1652135578562 0.9862330407023144 0
1652135650787 0.9890263367916999 0
1652135722993 0.9914205905826018 0
1652135795627 0.9952114924181963 0
1652135867615 0.9982043096568236 0
1652135939797 0.9964086193136472 0
1652136011772 0.9968076616121309 0
1652136083753 0.9982043096568236 0
1652136155709 0.9988028731045491 0
1652136228061 0.9988028731045491 0
1652136300548 0.9986033519553073 0
1652136373085 0.9996009577015164 0
1652136445224 0.9958100558659218 0
1652136517526 0.9996009577015164 0
1652136589600 0.9992019154030327 0
1652136662015 0.9996009577015164 0
1652136734202 0.9976057462090981 0
1652136806159 0.9994014365522745 0
1652136878199 0.9990023942537909 0
1652136950149 0.9980047885075818 0
1652137022490 1.0 0
1652137094393 0.9988028731045491 0
1652137166416 0.9990023942537909 0
1652137238620 0.9996009577015164 0
1652137310512 0.9994014365522745 0
1652137382650 0.9992019154030327 0
1652137454973 0.9998004788507582 0
1652137526884 0.9998004788507582 0
1652137599038 0.9998004788507582 0
1652137671050 0.9996009577015164 0
1652137743280 0.9998004788507582 0
1652137815387 0.9994014365522745 0
1652137887583 0.9996009577015164 0
1652137960010 1.0 0
1652138032315 0.9964086193136472 0
1652138104435 0.9996009577015164 0
1652138176507 1.0 0
1652138248907 1.0 0
1652138321544 0.9994014365522745 0
1652138394083 0.9996009577015164 0
1652138466276 0.9996009577015164 0
1652138538565 1.0 0
1652138610885 0.9996009577015164 0
1652138682834 1.0 0
1652138762966 0.7928970470869913 0
1652138839203 0.8842777334397446 0
1652138915409 0.9229848363926576 0
1652138991938 0.9401436552274541 0
1652139068417 0.9553072625698324 0
1652139144957 0.970071827613727 0
1652139221526 0.9802474062250599 0
1652139297828 0.9870311252992817 0
1652139374179 0.9908220271348763 0
1652139450629 0.990023942537909 0
1652139526783 0.9954110135674381 0
1652139603143 0.99341580207502 0
1652139679874 0.9946129289704708 0
1652139756267 0.9970071827613727 0
1652139832883 0.9972067039106145 0
1652139909099 0.9986033519553073 0
1652139985689 0.9980047885075818 0
1652140062064 0.9984038308060654 0
1652140138280 0.9968076616121309 0
1652140214614 0.9990023942537909 0
1652140290871 0.9968076616121309 0
1652140367174 0.9938148443735035 0
1652140443546 0.9954110135674381 0
1652140519894 0.9992019154030327 0
1652140596351 0.9986033519553073 0
1652140672772 0.9986033519553073 0
1652140749242 0.9998004788507582 0
1652140825851 0.9998004788507582 0
1652140902155 0.9992019154030327 0
1652140978558 0.9984038308060654 0
1652141054738 0.9982043096568236 0
1652141130694 0.9994014365522745 0
1652141207286 0.9994014365522745 0
1652141283467 0.9996009577015164 0
1652141359805 0.9990023942537909 0
1652141436240 0.9990023942537909 0
1652141512455 0.9998004788507582 0
1652141588771 0.9998004788507582 0
1652141664960 0.9982043096568236 0
1652141740935 0.9992019154030327 0
1652141817331 0.9980047885075818 0
1652141893805 0.9986033519553073 0
1652141970042 0.996608140462889 0
1652142046009 0.9992019154030327 0
1652142122311 0.9996009577015164 0
1652142198670 0.9996009577015164 0
1652142274942 1.0 0
1652142351232 1.0 0
1652142427513 1.0 0
1652142503843 0.9998004788507582 0
1652142588771 0.8778930566640064 0
1652142669565 0.942537909018356 0
1652142750277 0.9688747007182761 0
1652142830909 0.9840383080606544 0
1652142911444 0.99122106943336 0
1652142992212 0.9938148443735035 0
1652143072619 0.9962090981644054 0
1652143153375 0.9960095770151636 0
1652143233898 0.996608140462889 0
1652143314372 0.9982043096568236 0
1652143394999 0.9988028731045491 0
1652143475627 0.9992019154030327 0
1652143556084 0.9994014365522745 0
1652143636434 0.9992019154030327 0
1652143717179 1.0 0
1652143797810 1.0 0
1652143878371 0.9996009577015164 0
1652143959060 0.9996009577015164 0
1652144039709 0.9998004788507582 0
1652144120370 1.0 0
1652144200819 0.9996009577015164 0
1652144281072 0.9998004788507582 0
1652144361779 0.9998004788507582 0
1652144442381 0.9998004788507582 0
1652144522879 1.0 0
1652144603359 1.0 0
1652144683900 1.0 0
1652144764208 1.0 0
1652144844662 1.0 0
1652144925189 0.9992019154030327 0
1652145005533 0.9996009577015164 0
1652145086337 0.9998004788507582 0
1652145166841 0.9992019154030327 0
1652145247396 1.0 0
1652145327639 1.0 0
1652145407938 1.0 0
1652145488640 1.0 0
1652145569140 0.9994014365522745 0
1652145649470 1.0 0
1652145730059 1.0 0
1652145810765 0.9998004788507582 0
1652145891477 1.0 0
1652145971923 0.9996009577015164 0
1652146052524 1.0 0
1652146133205 1.0 0
1652146213368 1.0 0
1652146294100 1.0 0
1652146374848 1.0 0
1652146455559 1.0 0
1652146536101 1.0 0
1652146625635 0.8828810853950518 0
1652146710648 0.9489225857940942 0
1652146795530 0.972266560255387 0
1652146880598 0.984437350359138 0
1652146965742 0.9884277733439745 0
1652147050342 0.9938148443735035 0
1652147135454 0.9952114924181963 0
1652147220226 0.99780526735834 0
1652147304866 0.9936153232242618 0
1652147389685 0.9976057462090981 0
1652147474344 0.9990023942537909 0
1652147559535 0.9986033519553073 0
1652147644350 0.9982043096568236 0
1652147729284 0.9994014365522745 0
1652147814058 0.9996009577015164 0
1652147899148 0.9996009577015164 0
1652147984226 0.9998004788507582 0
1652148068837 0.9998004788507582 0
1652148153577 0.9998004788507582 0
1652148238463 1.0 0
1652148323426 0.9980047885075818 0
1652148408218 0.9980047885075818 0
1652148493202 0.9986033519553073 0
1652148577661 1.0 0
1652148662467 0.9994014365522745 0
1652148747195 1.0 0
1652148832109 0.9996009577015164 0
1652148916831 0.9970071827613727 0
1652149001507 0.9986033519553073 0
1652149086335 0.9996009577015164 0
1652149171223 0.9990023942537909 0
1652149256260 0.9992019154030327 0
1652149340725 1.0 0
1652149425874 0.9994014365522745 0
1652149510828 1.0 0
1652149595570 0.9998004788507582 0
1652149680741 0.9996009577015164 0
1652149765643 1.0 0
1652149850815 0.9998004788507582 0
1652149935744 1.0 0
1652150020845 0.9996009577015164 0
1652150105748 1.0 0
1652150190330 1.0 0
1652150275541 1.0 0
1652150360743 1.0 0
1652150445658 1.0 0
1652150530836 1.0 0
1652150615380 1.0 0
1652150700426 1.0 0
1652150785361 1.0 0
1652150879139 0.8649241819632881 0
1652150968290 0.9507182761372706 0
1652151057273 0.9760574620909817 0
1652151146471 0.9852354349561053 0
1652151235564 0.99122106943336 0
1652151324635 0.9946129289704708 0
1652151413719 0.9958100558659218 0
1652151502794 0.9950119712689545 0
1652151592092 0.9982043096568236 0
1652151681337 0.9992019154030327 0
1652151770690 0.9998004788507582 0
1652151859802 0.9994014365522745 0
1652151948809 0.9988028731045491 0
1652152038019 0.9994014365522745 0
1652152127479 1.0 0
1652152216896 1.0 0
1652152306234 1.0 0
1652152395445 0.9998004788507582 0
1652152484462 1.0 0
1652152573655 0.9992019154030327 0
1652152662770 0.9996009577015164 0
1652152751945 0.9998004788507582 0
1652152841002 1.0 0
1652152930211 0.9996009577015164 0
1652153019404 0.9992019154030327 0
1652153108577 0.9996009577015164 0
1652153198033 0.9994014365522745 0
1652153287217 1.0 0
1652153376325 1.0 0
1652153466105 1.0 0
1652153555330 0.9996009577015164 0
1652153644555 0.9998004788507582 0
1652153733903 0.9996009577015164 0
1652153823308 1.0 0
1652153912674 1.0 0
1652154001827 0.9998004788507582 0
1652154090634 1.0 0
1652154180051 0.9996009577015164 0
1652154269287 0.9996009577015164 0
1652154358469 1.0 0
1652154447808 0.9998004788507582 0
1652154537192 1.0 0
1652154626293 1.0 0
1652154715364 1.0 0
1652154804535 1.0 0
1652154893692 1.0 0
1652154982811 0.9998004788507582 0
1652155072347 0.9998004788507582 0
1652155161583 1.0 0
1652155250722 1.0 0
1652155349559 0.9110135674381484 0
1652155443086 0.9680766161213089 0
1652155536631 0.9850359138068635 0
1652155630248 0.9854349561053471 0
1652155723778 0.9902234636871509 0
1652155817361 0.9932162809257782 0
1652155910880 0.9962090981644054 0
1652156004635 0.9976057462090981 0
1652156098379 0.99780526735834 0
1652156191547 0.9990023942537909 0
1652156285105 0.9996009577015164 0
1652156378633 0.9988028731045491 0
1652156472137 0.9996009577015164 0
1652156565627 0.9998004788507582 0
1652156659048 1.0 0
1652156752753 1.0 0
1652156846532 1.0 0
1652156939984 0.9994014365522745 0
1652157033364 1.0 0
1652157127009 0.9998004788507582 0
1652157220433 1.0 0
1652157314120 0.9998004788507582 0
1652157407686 0.9998004788507582 0
1652157501343 1.0 0
1652157594583 1.0 0
1652157687934 0.9998004788507582 0
1652157781740 1.0 0
1652157875360 1.0 0
1652157968820 1.0 0
1652158062452 1.0 0
1652158155890 0.9998004788507582 0
1652158249413 1.0 0
1652158343213 1.0 0
1652158436679 1.0 0
1652158530476 1.0 0
1652158624105 1.0 0
1652158717661 1.0 0
1652158811686 1.0 0
1652158905363 1.0 0
1652158999001 1.0 0
1652159092519 1.0 0
1652159186351 1.0 0
1652159279976 1.0 0
1652159373671 0.9988028731045491 0
1652159467088 0.9986033519553073 0
1652159561272 0.9988028731045491 0
1652159654483 1.0 0
1652159747941 1.0 0
1652159841670 0.9998004788507582 0
1652159935026 1.0 0
