1644419885492 0.4908 0
1644419887097 0.7732 0
1644419888712 0.872 0
1644419890339 0.9264 0
1644419891999 0.9636 0
1644419893618 0.9796 0
1644419895255 0.9908 0
1644419896868 0.9972 0
1644419898508 0.9964 0
1644419900165 0.9988 0
1644419901806 0.9992 0
1644419903447 1.0 0
1644419905055 0.9996 0
1644419906702 1.0 0
1644419908360 1.0 0
1644419910013 1.0 0
1644419911630 1.0 0
1644419913281 1.0 0
1644419914917 1.0 0
1644419916541 1.0 0
1644419918695 0.4412 0
1644419920689 0.7068 0
1644419922645 0.8044 0
1644419924591 0.8724 0
1644419926602 0.9332 0
1644419928591 0.9608 0
1644419930565 0.9624 0
1644419932582 0.9844 0
1644419934552 0.9872 0
1644419936536 0.9884 0
1644419938487 0.9968 0
1644419940455 0.9916 0
1644419942437 0.996 0
1644419944422 0.9988 0
1644419946416 1.0 0
1644419948423 1.0 0
1644419950433 1.0 0
1644419952409 1.0 0
1644419954374 1.0 0
1644419956363 1.0 0
1644419958794 0.592 0
1644419960791 0.8676 0
1644419962792 0.9312 0
1644419964798 0.9612 0
1644419966851 0.9776 0
1644419968875 0.99 0
1644419970986 0.9976 0
1644419973003 0.9972 0
1644419975026 0.9976 0
1644419977020 0.9984 0
1644419979022 0.9992 0
1644419980982 0.9992 0
1644419982982 0.9996 0
1644419984998 1.0 0
1644419986981 0.9996 0
1644419989008 1.0 0
1644419990998 1.0 0
1644419992982 1.0 0
1644419994991 1.0 0
1644419996982 1.0 0
1644419999635 0.3612 0
1644420001628 0.608 0
1644420003624 0.7796 0
1644420005619 0.8556 0
1644420007643 0.8992 0
1644420009657 0.9468 0
1644420011647 0.9724 0
1644420013670 0.9836 0
1644420015658 0.99 0
1644420017662 0.9952 0
1644420019682 0.9956 0
1644420021653 0.9968 0
1644420023620 0.9984 0
1644420025633 0.9996 0
1644420027629 1.0 0
1644420029637 1.0 0
1644420031628 0.9996 0
1644420033653 0.9992 0
1644420035649 1.0 0
1644420037629 1.0 0
1644420040461 0.4048 0
1644420042460 0.6712 0
1644420044473 0.7792 0
1644420046465 0.8708 0
1644420048452 0.9192 0
1644420050473 0.9512 0
1644420052489 0.9552 0
1644420054535 0.9784 0
1644420056571 0.9864 0
1644420058546 0.9916 0
1644420060562 0.996 0
1644420062554 0.9948 0
1644420064609 0.9968 0
1644420066589 0.9988 0
1644420068614 1.0 0
1644420070641 0.9996 0
1644420072643 1.0 0
1644420074655 1.0 0
1644420076690 1.0 0
1644420078697 1.0 0
1644420081823 0.5028 0
1644420083854 0.7992 0
1644420085883 0.886 0
1644420087870 0.9284 0
1644420089862 0.9612 0
1644420091882 0.9696 0
1644420093929 0.9812 0
1644420095955 0.984 0
1644420097956 0.9884 0
1644420099997 0.9964 0
1644420101979 0.9972 0
1644420104030 0.9992 0
1644420106068 1.0 0
1644420108087 0.9996 0
1644420110104 0.9996 0
1644420112124 0.9996 0
1644420114155 1.0 0
1644420116191 1.0 0
1644420118183 1.0 0
1644420120194 1.0 0
1644420123496 0.3952 0
1644420125539 0.6528 0
1644420127590 0.7472 0
1644420129602 0.8228 0
1644420131586 0.8876 0
1644420133621 0.9256 0
1644420135657 0.942 0
1644420137671 0.972 0
1644420139708 0.978 0
1644420141719 0.9756 0
1644420143745 0.9872 0
1644420145756 0.9896 0
1644420147769 0.9912 0
1644420149807 0.9964 0
1644420151811 0.998 0
1644420153850 0.9984 0
1644420155864 0.9988 0
1644420157839 0.9992 0
1644420159878 1.0 0
1644420161907 0.9996 0
1644420165544 0.3904 0
1644420167580 0.6644 0
1644420169603 0.7676 0
1644420171643 0.8368 0
1644420173656 0.8824 0
1644420175684 0.9244 0
1644420177748 0.9488 0
1644420179769 0.9704 0
1644420181808 0.976 0
1644420183843 0.9696 0
1644420185862 0.9792 0
1644420187895 0.9848 0
1644420189903 0.9884 0
1644420191895 0.9924 0
1644420193886 0.9952 0
1644420195914 0.9916 0
1644420197915 0.9868 0
1644420199941 0.9936 0
1644420201940 0.9972 0
1644420203947 0.9988 0
1644420207740 0.4604 0
1644420209764 0.8184 0
1644420211814 0.91 0
1644420213791 0.9488 0
1644420215788 0.9628 0
1644420217781 0.982 0
1644420219811 0.9852 0
1644420221864 0.9952 0
1644420223909 0.9976 0
1644420225927 0.9972 0
1644420227945 0.9988 0
1644420229974 0.9992 0
1644420231996 1.0 0
1644420234025 0.9996 0
1644420236090 1.0 0
1644420238113 1.0 0
1644420240146 1.0 0
1644420242161 1.0 0
1644420244183 1.0 0
1644420246163 1.0 0
1644420250203 0.5236 0
1644420252201 0.8264 0
1644420254214 0.9212 0
1644420256224 0.95 0
1644420258257 0.9752 0
1644420260289 0.9832 0
1644420262304 0.9904 0
1644420264377 0.996 0
1644420266469 0.9944 0
1644420268561 0.9976 0
1644420270600 0.9992 0
1644420272611 0.998 0
1644420274667 0.9988 0
1644420276696 0.9996 0
1644420278710 1.0 0
1644420280724 1.0 0
1644420282759 1.0 0
1644420284813 1.0 0
1644420286880 1.0 0
1644420288953 1.0 0
1644420293259 0.28 0
1644420295332 0.5376 0
1644420297339 0.6888 0
1644420299378 0.7844 0
1644420301432 0.8716 0
1644420303503 0.9112 0
1644420305547 0.9444 0
1644420307629 0.9516 0
1644420309624 0.946 0
1644420311676 0.9532 0
1644420313722 0.9844 0
1644420315743 0.9896 0
1644420317783 0.9896 0
1644420319844 0.994 0
1644420321892 0.9972 0
1644420323960 0.9988 0
1644420325972 1.0 0
1644420328001 1.0 0
1644420330072 1.0 0
1644420332187 1.0 0
1644420336866 0.4952 0
1644420338923 0.836 0
1644420341041 0.9136 0
1644420343115 0.9548 0
1644420345162 0.972 0
1644420347207 0.9844 0
1644420349272 0.9884 0
1644420351357 0.9908 0
1644420353417 0.9952 0
1644420355495 0.998 0
1644420357586 0.9976 0
1644420359669 0.9968 0
1644420361779 0.9992 0
1644420363843 0.9996 0
1644420365879 0.9996 0
1644420367895 1.0 0
1644420369964 1.0 0
1644420372008 1.0 0
1644420374059 1.0 0
1644420376116 1.0 0
1644420380937 0.4852 0
1644420382917 0.7732 0
1644420384977 0.8688 0
1644420387046 0.9136 0
1644420389112 0.9312 0
1644420391149 0.9556 0
1644420393186 0.9588 0
1644420395247 0.9756 0
1644420397244 0.984 0
1644420399278 0.9928 0
1644420401337 0.9948 0
1644420403400 0.996 0
1644420405446 0.996 0
1644420407460 0.996 0
1644420409513 0.998 0
1644420411532 0.998 0
1644420413568 0.9984 0
1644420415627 1.0 0
1644420417661 0.9996 0
1644420419722 1.0 0
1644420424763 0.42 0
1644420426771 0.7292 0
1644420428817 0.8016 0
1644420430823 0.86 0
1644420432873 0.9108 0
1644420434955 0.9372 0
1644420436984 0.9436 0
1644420439093 0.9744 0
1644420441157 0.9864 0
1644420443210 0.9904 0
1644420445268 0.9952 0
1644420447301 0.9932 0
1644420449372 0.996 0
1644420451433 0.998 0
1644420453470 0.9996 0
1644420455510 0.9992 0
1644420457565 1.0 0
1644420459602 1.0 0
1644420461648 1.0 0
1644420463710 1.0 0
1644420468964 0.4612 0
1644420471034 0.7764 0
1644420473082 0.8856 0
1644420475146 0.9176 0
1644420477211 0.9512 0
1644420479239 0.9696 0
1644420481275 0.9796 0
1644420483329 0.9852 0
1644420485572 0.9888 0
1644420487656 0.9944 0
1644420489737 0.996 0
1644420491759 0.9972 0
1644420493793 0.9992 0
1644420495867 0.9996 0
1644420497901 0.9992 0
1644420499943 0.9992 0
1644420501989 0.9996 0
1644420504010 0.9996 0
1644420506076 0.9996 0
1644420508142 0.9996 0
1644420513814 0.424 0
1644420515869 0.74 0
1644420517960 0.8416 0
1644420520003 0.904 0
1644420522079 0.93 0
1644420524139 0.9508 0
1644420526168 0.9684 0
1644420528227 0.9724 0
1644420530296 0.9812 0
1644420532374 0.98 0
1644420534447 0.9896 0
1644420536496 0.9976 0
1644420538567 0.9972 0
1644420540678 0.9988 0
1644420542776 0.9992 0
1644420544822 1.0 0
1644420546805 0.9992 0
1644420548822 1.0 0
1644420550883 1.0 0
1644420552902 1.0 0
1644420558843 0.4832 0
1644420560892 0.6996 0
1644420562940 0.7772 0
1644420564972 0.8264 0
1644420567017 0.8872 0
1644420569068 0.9216 0
1644420571119 0.9508 0
1644420573134 0.9644 0
1644420575162 0.9756 0
1644420577212 0.9788 0
1644420579248 0.9844 0
1644420581271 0.9924 0
1644420583370 0.9964 0
1644420585435 0.9984 0
1644420587512 0.9984 0
1644420589541 0.9936 0
1644420591579 0.994 0
1644420593643 0.998 0
1644420595715 0.9996 0
1644420597746 1.0 0
1644420603829 0.506 0
1644420605855 0.8448 0
1644420607904 0.9136 0
1644420609967 0.9432 0
1644420612039 0.966 0
1644420614063 0.9792 0
1644420616100 0.9868 0
1644420618169 0.9884 0
1644420620269 0.994 0
1644420622318 0.9912 0
1644420624371 0.9984 0
1644420626409 0.9984 0
1644420628437 1.0 0
1644420630446 1.0 0
1644420632514 0.9996 0
1644420634606 1.0 0
1644420636691 0.9996 0
1644420638799 1.0 0
1644420640904 1.0 0
1644420643025 1.0 0
1644420649488 0.446 0
1644420651546 0.6788 0
1644420653606 0.8304 0
1644420655719 0.8872 0
1644420657788 0.9152 0
1644420659881 0.9468 0
1644420661978 0.9708 0
1644420664064 0.9776 0
1644420666138 0.9876 0
1644420668206 0.992 0
1644420670296 0.9952 0
1644420672411 0.9964 0
1644420674480 0.998 0
1644420676560 0.9968 0
1644420678630 0.9988 0
1644420680837 0.9992 0
1644420682875 0.9988 0
1644420685020 0.9988 0
1644420687121 0.9984 0
1644420689173 0.9992 0
1644420695866 0.462 0
1644420697918 0.694 0
1644420700019 0.8172 0
1644420702086 0.8876 0
1644420704165 0.9028 0
1644420706222 0.9352 0
1644420708297 0.966 0
1644420710336 0.976 0
1644420712414 0.9796 0
1644420714491 0.99 0
1644420716579 0.9944 0
1644420718669 0.9948 0
1644420720789 0.996 0
1644420722835 0.998 0
1644420724873 0.9996 0
1644420726935 0.9996 0
1644420728960 0.9988 0
1644420731025 0.9996 0
1644420733068 1.0 0
1644420735110 1.0 0
