1654749060555 0.9063125341095143 0
1654749080825 0.978048632587472 0
1654749102006 0.9870838639257777 0
1654749122886 0.9907828512521981 0
1654749143695 0.9923594688011643 0
1654749164744 0.9921775513916682 0
1654749185786 0.9937541689406343 0
1654749207129 0.9944818385786186 0
1654749228475 0.9945424777151174 0
1654749249334 0.9943605603056213 0
1654749269621 0.9966648474925717 0
1654749290106 0.9942999211691226 0
1654749310869 0.9967861257655691 0
1654749331915 0.9975137954035534 0
1654749353081 0.996422290946577 0
1654749373716 0.9971499605845613 0
1654749394400 0.99721059972106 0
1654749414958 0.9963616518100782 0
1654749435042 0.9964829300830756 0
1654749454989 0.9967861257655691 0
1654749476123 0.9984233824510339 0
1654749497373 0.9969680431750652 0
1654749518089 0.9976957128130496 0
1654749538528 0.99721059972106 0
1654749559462 0.9981808259050391 0
1654749580334 0.9969680431750652 0
1654749600857 0.9978776302225456 0
1654749621525 0.9978169910860469 0
1654749642234 0.9976350736765508 0
1654749663299 0.99860529986053 0
1654749684174 0.9973318779940573 0
1654749705174 0.9992723303620157 0
1654749725119 0.9983627433145352 0
1654749745752 0.9983627433145352 0
1654749766697 0.9973925171305561 0
1654749787260 0.9979382693590443 0
1654749808138 0.9969074040385665 0
1654749829861 0.9993329694985144 0
1654749851407 0.9975744345400521 0
1654749875893 0.9984233824510339 0
1654749897534 0.9992723303620157 0
1654749918687 0.9976350736765508 0
1654749939150 0.9977563519495483 0
1654749960246 0.9979382693590443 0
1654749981258 0.9983627433145352 0
1654750002126 0.9987872172700261 0
1654750023329 0.9980595476320417 0
1654750044677 0.9978776302225456 0
1654750065410 0.9987872172700261 0
1654750086035 0.9981808259050391 0
1654750115066 0.8718524361385839 0
1654750131010 0.9699654147199805 0
1654750146855 0.9763363873551362 0
1654750162899 0.985923184272799 0
1654750178825 0.9845276378860506 0
1654750194814 0.9887142770462958 0
1654750210908 0.9905345549420544 0
1654750227193 0.9902311752927614 0
1654750243047 0.9921728050482373 0
1654750258684 0.9931436199259753 0
1654750274299 0.9939324070141375 0
1654750290192 0.991262666100358 0
1654750306573 0.9938717310842788 0
1654750322479 0.9960560645591894 0
1654750338451 0.9944784903828651 0
1654750354548 0.9962380923487653 0
1654750369869 0.9960560645591894 0
1654750385543 0.9953279534008859 0
1654750401673 0.9959953886293308 0
1654750417346 0.9952066015411686 0
1654750432942 0.9964807960681997 0
1654750449056 0.9962380923487653 0
1654750464930 0.995631333050179 0
1654750480574 0.9967234997876342 0
1654750496304 0.9960560645591894 0
1654750512161 0.9966628238577756 0
1654750528062 0.996602147927917 0
1654750544059 0.9967234997876342 0
1654750560092 0.9968448516473515 0
1654750575959 0.9969662035070688 0
1654750592060 0.9959953886293308 0
1654750607578 0.9975122868757964 0
1654750623136 0.9967234997876342 0
1654750639245 0.9974516109459377 0
1654750655541 0.9968448516473515 0
1654750671124 0.9974516109459377 0
1654750687022 0.9967234997876342 0
1654750703003 0.9970268794369274 0
1654750718840 0.9975122868757964 0
1654750734621 0.9973909350160791 0
1654750750355 0.9977549905952309 0
1654750766233 0.9974516109459377 0
1654750781990 0.9969055275772101 0
1654750798167 0.9976336387355136 0
1654750813559 0.9977549905952309 0
1654750829745 0.9967841757174929 0
1654750845488 0.9971482312966446 0
1654750861331 0.9979370183848068 0
1654750877217 0.9981190461743826 0
1654750892929 0.997572962805655 0
1654750935030 0.8801748209299503 0
1654750951062 0.9665533568046619 0
1654750967213 0.9762656306907855 0
1654750983292 0.9836712395289547 0
1654750999169 0.9862814131358504 0
1654751014957 0.987070535389098 0
1654751031206 0.9905305329610296 0
1654751047158 0.9893772004370524 0
1654751063322 0.9914410586378536 0
1654751079534 0.9927764962971956 0
1654751095622 0.9916231637732184 0
1654751111699 0.9959329853101857 0
1654751127744 0.9918659706203715 0
1654751143314 0.9945368459390554 0
1654751159375 0.9945975476508437 0
1654751175344 0.995325968192303 0
1654751191068 0.9951438630569382 0
1654751207189 0.9941726356683258 0
1654751223111 0.9965400024280685 0
1654751239305 0.9947189510744203 0
1654751255508 0.9950224596333617 0
1654751271419 0.9951438630569382 0
1654751287543 0.9947796527862086 0
1654751303754 0.9956901784630326 0
1654751319388 0.995993687021974 0
1654751334839 0.9973898263931043 0
1654751350258 0.9952652664805147 0
1654751366259 0.997329124681316 0
1654751381946 0.9961757921573389 0
1654751397891 0.9971470195459512 0
1654751413500 0.9967828092752216 0
1654751429282 0.9969649144105864 0
1654751444719 0.9967828092752216 0
1654751460232 0.9965400024280685 0
1654751476137 0.9968435109870099 0
1654751491914 0.9964793007162802 0
1654751507505 0.997329124681316 0
1654751523399 0.9967828092752216 0
1654751539018 0.9970256161223746 0
1654751555054 0.996661405851645 0
1654751570861 0.9987859657642345 0
1654751586656 0.9962971955809153 0
1654751602530 0.9967221075634333 0
1654751618272 0.9980575452227752 0
1654751634011 0.9970863178341629 0
1654751649924 0.9969649144105864 0
1654751666001 0.9975112298166808 0
1654751681505 0.9968435109870099 0
1654751697295 0.9975719315284691 0
1654751712665 0.9976933349520456 0
1654751769096 0.8878374279648165 0
1654751785157 0.9679708826205642 0
1654751801738 0.9779799818016378 0
1654751818112 0.9829542007885957 0
1654751834696 0.9856232939035486 0
1654751850584 0.9897482559902943 0
1654751866594 0.9902942068547164 0
1654751882965 0.9920533818622991 0
1654751899417 0.9915074309978769 0
1654751915915 0.9930846223839854 0
1654751932594 0.9933879284197755 0
1654751949222 0.9950864422202002 0
1654751965965 0.9928419775553533 0
1654751982648 0.9956323930846224 0
1654751998850 0.9934485896269336 0
1654752015510 0.9956323930846224 0
1654752032080 0.9949651198058841 0
1654752048677 0.9958143767060964 0
1654752064992 0.9959963603275706 0
1654752081665 0.9949651198058841 0
1654752098275 0.9966029723991507 0
1654752114610 0.9956930542917805 0
1654752131215 0.9964209887776767 0
1654752147802 0.9969062784349408 0
1654752163938 0.99478313618441 0
1654752180759 0.9957537154989384 0
1654752197094 0.997148923263573 0
1654752213815 0.9973915680922051 0
1654752230215 0.9960570215347285 0
1654752247016 0.997270245677889 0
1654752263660 0.997148923263573 0
1654752280383 0.9966029723991507 0
1654752296915 0.9962996663633606 0
1654752313711 0.9966029723991507 0
1654752329828 0.9964816499848347 0
1654752346447 0.9965423111919928 0
1654752362350 0.9970882620564149 0
1654752378837 0.9973915680922051 0
1654752394947 0.9972095844707309 0
1654752411418 0.9961176827418866 0
1654752427543 0.9981195025781013 0
1654752444049 0.997330906885047 0
1654752460482 0.9978768577494692 0
1654752476761 0.9972095844707309 0
1654752493400 0.9973915680922051 0
1654752510118 0.9978161965423112 0
1654752526252 0.9966636336063087 0
1654752543071 0.997330906885047 0
1654752559759 0.9981801637852593 0
1654752576535 0.9981801637852593 0
1654752646229 0.8939678690512276 0
1654752662341 0.9679903000909367 0
1654752678316 0.9801758108517733 0
1654752694151 0.9833889057290088 0
1654752710245 0.988299484692331 0
1654752726280 0.9867232494695363 0
1654752741781 0.9911488329796908 0
1654752757719 0.9914519551379206 0
1654752773752 0.9930888147923613 0
1654752789408 0.9936344346771749 0
1654752805359 0.9926644437708396 0
1654752821635 0.9937556835404668 0
1654752837341 0.9950287966050319 0
1654752853348 0.996180660806305 0
1654752869666 0.9938769324037587 0
1654752885576 0.9943013034252803 0
1654752901461 0.9969081539860564 0
1654752917510 0.9946650500151561 0
1654752933524 0.9959987875113671 0
1654752948996 0.996120036374659 0
1654752964734 0.9959381630797212 0
1654752980325 0.996180660806305 0
1654752996445 0.9952712943316157 0
1654753012140 0.9968475295544105 0
1654753028253 0.9960594119430131 0
1654753044170 0.9967262806911186 0
1654753060142 0.9967869051227645 0
1654753075857 0.9976356471658078 0
1654753091262 0.996120036374659 0
1654753107302 0.9965444073961807 0
1654753123214 0.9976962715974538 0
1654753138774 0.9969081539860564 0
1654753154372 0.9963019096695969 0
1654753170368 0.9975143983025159 0
1654753186226 0.9973325250075781 0
1654753202082 0.99745377387087 0
1654753217408 0.9966050318278266 0
1654753233124 0.9970900272809943 0
1654753248684 0.9969081539860564 0
1654753264362 0.9972719005759321 0
1654753280393 0.9966050318278266 0
1654753296500 0.9975143983025159 0
1654753312641 0.998666262503789 0
1654753328885 0.9971506517126402 0
1654753345160 0.9979387693240376 0
1654753361252 0.9981206426189755 0
1654753376855 0.9975750227341619 0
1654753392879 0.9975750227341619 0
1654753409017 0.9988481357987269 0
1654753425186 0.9970900272809943 0
1654753509740 0.8547164088565362 0
1654753525807 0.9547467394601152 0
1654753541993 0.9719745222929936 0
1654753557808 0.9779193205944798 0
1654753573777 0.9830148619957537 0
1654753589613 0.9862905671822869 0
1654753605176 0.9881710646041856 0
1654753620793 0.9872611464968153 0
1654753637066 0.9908401577191386 0
1654753653200 0.992114043069457 0
1654753668984 0.9895662723688201 0
1654753685024 0.9923566878980892 0
1654753701049 0.9923566878980892 0
1654753717014 0.9932059447983015 0
1654753732979 0.9938732180770398 0
1654753748884 0.9937518956627237 0
1654753764413 0.9950864422202002 0
1654753780389 0.9931452835911435 0
1654753796015 0.9943585077343039 0
1654753811584 0.9941765241128299 0
1654753827491 0.9952077646345162 0
1654753843311 0.9949651198058841 0
1654753858679 0.9966029723991507 0
1654753874431 0.9955110706703063 0
1654753890255 0.9941158629056718 0
1654753906365 0.9956930542917805 0
1654753922515 0.9966029723991507 0
1654753938510 0.9950864422202002 0
1654753954456 0.9962390051562026 0
1654753970208 0.9952684258416743 0
1654753986287 0.9957537154989384 0
1654754002392 0.9969669396420989 0
1654754018140 0.9958143767060964 0
1654754033887 0.9967849560206248 0
1654754049523 0.9960570215347285 0
1654754065165 0.9967242948134668 0
1654754080705 0.9969062784349408 0
1654754096863 0.9962390051562026 0
1654754112691 0.9955717318774644 0
1654754128610 0.9965423111919928 0
1654754144088 0.9975735517136791 0
1654754160059 0.9972095844707309 0
1654754176316 0.997330906885047 0
1654754192068 0.9970276008492569 0
1654754208173 0.9962390051562026 0
1654754223999 0.9970882620564149 0
1654754239662 0.997148923263573 0
1654754255878 0.9978768577494692 0
1654754272214 0.9972095844707309 0
1654754288393 0.9966029723991507 0
1654754385177 0.8665858095815646 0
1654754401087 0.9667070952092177 0
1654754416651 0.9780473013947847 0
1654754432677 0.9821103699211643 0
1654754448778 0.9855670103092784 0
1654754464939 0.988659793814433 0
1654754481310 0.9888417222559127 0
1654754497033 0.9910248635536689 0
1654754513096 0.9906610066707096 0
1654754528625 0.9937537901758642 0
1654754544411 0.9917525773195877 0
1654754560513 0.9924196482716798 0
1654754576247 0.9929654335961189 0
1654754592273 0.9935112189205579 0
1654754607686 0.995573074590661 0
1654754623202 0.9929047907822923 0
1654754638812 0.9953305033353548 0
1654754654653 0.9954517889630079 0
1654754670587 0.9949060036385688 0
1654754686338 0.9955124317768345 0
1654754702543 0.9952698605215282 0
1654754718632 0.9953911461491813 0
1654754734343 0.9958156458459673 0
1654754750581 0.9970891449363251 0
1654754766412 0.9962401455427532 0
1654754782600 0.9956943602183141 0
1654754798661 0.9964220739842329 0
1654754814416 0.995997574287447 0
1654754830157 0.9952698605215282 0
1654754846232 0.9976955730745907 0
1654754862008 0.9967859308671922 0
1654754877708 0.996543359611886 0
1654754893783 0.9969678593086719 0
1654754909538 0.9956943602183141 0
1654754925028 0.9963007883565798 0
1654754940969 0.9972710733778047 0
1654754957108 0.9962401455427532 0
1654754972630 0.9979987871437235 0
1654754988043 0.9966040024257126 0
1654755004061 0.9966646452395391 0
1654755020385 0.9981807155852032 0
1654755036480 0.9963614311704063 0
1654755052621 0.9973317161916313 0
1654755068752 0.9973923590054579 0
1654755084780 0.9967859308671922 0
1654755100956 0.9970891449363251 0
1654755117278 0.9972104305639782 0
1654755133006 0.9973923590054579 0
1654755149091 0.9969678593086719 0
1654755165064 0.9969678593086719 0
1654755275512 0.9068582863380026 0
1654755291659 0.9766539324480019 0
1654755307341 0.985022133284822 0
1654755323249 0.9880540901097569 0
1654755339312 0.9901764598872113 0
1654755355206 0.9909647686616943 0
1654755371079 0.992602025347159 0
1654755387134 0.9929052210296525 0
1654755402827 0.995209508216603 0
1654755418775 0.9934509732581408 0
1654755434811 0.9953914256260991 0
1654755450717 0.9942999211691226 0
1654755466723 0.9960584561275847 0
1654755482245 0.9961797344005822 0
1654755498353 0.9956339821720939 0
1654755513840 0.9961797344005822 0
1654755529398 0.995997816991086 0
1654755545189 0.9973318779940573 0
1654755560964 0.995997816991086 0
1654755577224 0.996422290946577 0
1654755593044 0.9966648474925717 0
1654755609171 0.9973318779940573 0
1654755625338 0.9978776302225456 0
1654755640950 0.9975137954035534 0
1654755656847 0.9966648474925717 0
1654755673145 0.9979382693590443 0
1654755688688 0.9970893214480626 0
1654755704150 0.9969074040385665 0
1654755719997 0.9971499605845613 0
1654755735947 0.9984233824510339 0
1654755752025 0.9975744345400521 0
1654755768101 0.9973925171305561 0
1654755783601 0.9979382693590443 0
1654755799456 0.9979382693590443 0
1654755815552 0.9967254866290705 0
1654755831626 0.9983021041780366 0
1654755847423 0.9982414650415378 0
1654755863591 0.9979382693590443 0
1654755879520 0.9984233824510339 0
1654755895687 0.9974531562670548 0
1654755911533 0.9978776302225456 0
1654755927397 0.9979989084955431 0
1654755943554 0.9972712388575586 0
1654755959543 0.9992116912255169 0
1654755975556 0.9976350736765508 0
1654755991151 0.9974531562670548 0
1654756006720 0.9979989084955431 0
1654756022705 0.9987872172700261 0
1654756038446 0.9973925171305561 0
1654756054661 0.9983627433145352 0
1654756179585 0.9012922404902021 0
1654756195693 0.9724564703027362 0
1654756211201 0.981556755445004 0
1654756227054 0.9864102408542135 0
1654756242926 0.9899290177758903 0
1654756258854 0.9900503549111206 0
1654756274351 0.9929017775890311 0
1654756290729 0.990293029181581 0
1654756306573 0.9941758175089486 0
1654756322581 0.9942971546441789 0
1654756337946 0.9946004974822544 0
1654756353951 0.9956925316993266 0
1654756369873 0.9960565431050173 0
1654756385785 0.9954498574288662 0
1654756401827 0.9961778802402476 0
1654756417862 0.9958745374021719 0
1654756434061 0.9966025602135533 0
1654756450111 0.9956925316993266 0
1654756465526 0.9962992173754778 0
1654756481679 0.9971485773220894 0
1654756497666 0.9972699144573197 0
1654756513789 0.9968452344840139 0
1654756529776 0.9963598859430929 0
1654756545650 0.9977552629982406 0
1654756561549 0.9967238973487836 0
1654756577260 0.9958138688345568 0
1654756593197 0.9978159315658557 0
1654756609183 0.9968452344840139 0
1654756625175 0.9970879087544743 0
1654756641229 0.9968452344840139 0
1654756656986 0.9981192744039313 0
1654756673004 0.9975125887277801 0
1654756688776 0.9975125887277801 0
1654756704817 0.9961778802402476 0
1654756720489 0.9976339258630104 0
1654756736807 0.996420554510708 0
1654756752996 0.9973912515925499 0
1654756768935 0.997937268701086 0
1654756785081 0.9976945944306255 0
1654756801109 0.9975732572953953 0
1654756817089 0.9971485773220894 0
1654756832888 0.9978159315658557 0
1654756849018 0.9978766001334709 0
1654756864989 0.9972092458897045 0
1654756881177 0.997451920160165 0
1654756897141 0.9983619486743918 0
1654756913071 0.9978766001334709 0
1654756929135 0.9980586058363162 0
1654756945041 0.9975125887277801 0
1654756960941 0.9984226172420069 0
1654757097559 0.9164392699047965 0
1654757113498 0.9779879934509732 0
1654757129593 0.9854466072403129 0
1654757145517 0.9895700685222243 0
1654757161610 0.9892668728397308 0
1654757177507 0.992602025347159 0
1654757193678 0.9935722515311382 0
1654757209594 0.9936328906676369 0
1654757225710 0.993814808077133 0
1654757241579 0.9939360863501304 0
1654757257642 0.9953307864896004 0
1654757273677 0.9945424777151174 0
1654757289409 0.9971499605845613 0
1654757305358 0.996422290946577 0
1654757321263 0.9955127038990965 0
1654757337267 0.995997816991086 0
1654757352705 0.9971499605845613 0
1654757368758 0.99581589958159 0
1654757385227 0.9961190952640835 0
1654757401530 0.9973318779940573 0
1654757417154 0.99581589958159 0
1654757433019 0.9979989084955431 0
1654757448807 0.99721059972106 0
1654757464844 0.9971499605845613 0
1654757481143 0.9969074040385665 0
1654757496919 0.99721059972106 0
1654757513083 0.9979382693590443 0
1654757529113 0.9972712388575586 0
1654757544475 0.9975744345400521 0
1654757560217 0.9974531562670548 0
1654757576000 0.9973318779940573 0
1654757591929 0.9973925171305561 0
1654757608138 0.9978169910860469 0
1654757624396 0.9975744345400521 0
1654757640382 0.9975744345400521 0
1654757656315 0.9979382693590443 0
1654757672490 0.9972712388575586 0
1654757688301 0.9978169910860469 0
1654757704265 0.9987265781335274 0
1654757720357 0.9976350736765508 0
1654757735878 0.9976957128130496 0
1654757751713 0.9977563519495483 0
1654757767334 0.9975744345400521 0
1654757783533 0.9985446607240313 0
1654757799767 0.9978169910860469 0
1654757815450 0.9985446607240313 0
1654757831394 0.9998180825905039 0
1654757847462 0.9966648474925717 0
1654757863220 0.9979989084955431 0
1654757879005 0.9987265781335274 0
