1644599360958 0.4024 0
1644599363123 0.6238 0
1644599365396 0.7198 0
1644599367637 0.777 0
1644599369932 0.8174 0
1644599372166 0.8626 0
1644599374429 0.9098 0
1644599376688 0.8606 0
1644599378959 0.929 0
1644599381203 0.9558 0
1644599383424 0.948 0
1644599385627 0.9542 0
1644599387891 0.9446 0
1644599390128 0.9762 0
1644599392403 0.9852 0
1644599394703 0.9692 0
1644599396949 0.9822 0
1644599399152 0.9926 0
1644599401410 0.993 0
1644599403689 0.9852 0
1644599407451 0.6886 0
1644599410925 0.7621 0
1644599414502 0.8127 0
1644599417915 0.8337 0
1644599421371 0.8661 0
1644599424768 0.8822 0
1644599428261 0.9162 0
1644599431708 0.9188 0
1644599435221 0.9386 0
1644599438695 0.9506 0
1644599442170 0.9671 0
1644599445611 0.9664 0
1644599448996 0.9743 0
1644599452386 0.9683 0
1644599455879 0.9629 0
1644599459339 0.9722 0
1644599462841 0.9711 0
1644599466332 0.9802 0
1644599469856 0.9716 0
1644599473233 0.9814 0
1644599478511 0.7891333333333334 0
1644599483249 0.8564 0
1644599487965 0.8862 0
1644599492727 0.8960666666666667 0
1644599497324 0.9195333333333333 0
1644599502012 0.9368 0
1644599506768 0.9472 0
1644599511686 0.9561333333333333 0
1644599516563 0.9614 0
1644599521337 0.9678666666666667 0
1644599526197 0.961 0
1644599531082 0.9752666666666666 0
1644599535986 0.9784 0
1644599540918 0.9766666666666667 0
1644599545710 0.9786 0
1644599550460 0.9734666666666667 0
1644599555219 0.9808666666666667 0
1644599560186 0.9834666666666667 0
1644599565002 0.9796 0
1644599569782 0.9873333333333333 0
