1645573085630 2.326679314804077 0
1645573093098 2.186409799194336 0
1645573100892 2.036461178970337 0
1645573108664 1.8902926946640015 0
1645573116380 1.7457154951095581 0
1645573133849 2.271015308380127 0
1645573142718 2.1263237701416013 0
1645573151936 2.043683852005005 0
1645573160959 1.9723884691238402 0
1645573170155 1.9092803188323975 0
1645573189216 2.400107702255249 0
1645573199564 2.217045163345337 0
1645573209634 2.1604551769256592 0
1645573219709 2.141029207611084 0
1645573229949 2.1306784996032713 0
