1651855614334 0.9999218855857849 0
1651855617621 0.6117722776412964 0
1651855620904 0.514924132937193 0
1651855624137 0.43349702768325804 0
1651855627403 0.36626052129268644 0
1651855630713 0.305859005856514 0
1651855634014 0.31356704736948016 0
1651855637305 0.254879735660553 0
1651855640624 0.20817671715021133 0
1651855643969 0.2128235481262207 0
1651855647182 0.27619297795295716 0
1651855650462 0.2537832597494125 0
1651855653714 0.17285834698677063 0
1651855657020 0.15578965262770653 0
1651855660321 0.11491756129264831 0
1651855663707 0.128915491604805 0
1651855667003 0.1436443926036358 0
1651855670300 0.11962686133310199 0
1651855673527 0.0959019849035889 0
1651855676702 0.07361380602121353 0
1651855679968 0.1454240958213806 0
1651855683211 0.06576712485030294 0
1651855686517 0.05322361781001091 0
1651855689754 0.06505207251012325 0
1651855693090 0.06419037033300846 0
1651855696341 0.0514265250980854 0
1651855699685 0.07062687721829862 0
1651855703011 0.060203782794065776 0
1651855706275 0.04913318810909986 0
1651855709566 0.04055837668068707 0
1651855712850 0.05662499936744571 0
1651855716085 0.06158387689590454 0
1651855719260 0.04219330646153539 0
1651855722608 0.025184311050921677 0
1651855725873 0.02001983090331778 0
1651855729202 0.025458906765468418 0
1651855732496 0.06260595865398645 0
1651855735811 0.034331123957037926 0
1651855739108 0.04367081129103899 0
1651855742462 0.02556865118436981 0
1651855745771 0.059426250071823596 0
1651855749179 0.0587555658377707 0
1651855752384 0.036319199864566325 0
1651855755783 0.02702785988296382 0
1651855759118 0.026264185480820015 0
1651855762375 0.04049796520024538 0
1651855765622 0.08553647462278605 0
1651855768878 0.0456614137461409 0
1651855772230 0.04596121111866087 0
1651855775536 0.034895782589167354 0
1651855782512 1.179177844810486 0
1651855788899 0.8539740844726562 0
1651855795285 0.6483130278587341 0
1651855801767 0.5110304646492004 0
1651855808220 0.4263680084705353 0
1651855814663 0.3555199045181274 0
1651855821059 0.30607034377753733 0
1651855827452 0.26287728848457337 0
1651855833888 0.22271757848262788 0
1651855840284 0.21649708918333055 0
1651855846688 0.15119876577556132 0
1651855853133 0.10581420483589173 0
1651855859544 0.11639791086912155 0
1651855865869 0.17942247990965843 0
1651855872276 0.09844029151201249 0
1651855878666 0.12090500974655151 0
1651855885118 0.0889101507127285 0
1651855891586 0.09744480439200998 0
1651855898070 0.07267121519446373 0
1651855904505 0.08761478294730186 0
1651855910872 0.05345251922011376 0
1651855917296 0.06290197184979916 0
1651855923795 0.05867968771457672 0
1651855930212 0.07481600567698479 0
1651855936647 0.07895335130393505 0
1651855943023 0.05320245823860168 0
1651855949475 0.07402976676523686 0
1651855955899 0.06385998840145767 0
1651855962373 0.025343624122813345 0
1651855968813 0.06221156685613096 0
1651855975171 0.06641774991750717 0
1651855981627 0.11605568215735257 0
1651855988071 0.07950890836268663 0
1651855994551 0.03129313444737345 0
1651856001003 0.031943961133807895 0
1651856007416 0.037713956096302716 0
1651856013915 0.00990091575998813 0
1651856020368 0.009685159954614938 0
1651856026791 0.01878937004422769 0
1651856033181 0.03698155353069305 0
1651856039610 0.07489042410552502 0
1651856046044 0.06166621938496828 0
1651856052502 0.06345983531624079 0
1651856058927 0.0796553836138919 0
1651856065317 0.0604940271532163 0
1651856071776 0.042391106205806134 0
1651856078233 0.05353675195723772 0
1651856084829 0.06079884923100472 0
1651856091257 0.06611995201408863 0
1651856097617 0.04508484185221605 0
1651856104956 1.100371514081955 0
1651856111473 0.7138943266868591 0
1651856117991 0.5905757375240326 0
1651856124478 0.4708825367927551 0
1651856130902 0.35552374539375303 0
1651856137371 0.3453698202610016 0
1651856143895 0.2825636578917503 0
1651856150399 0.21091338591575623 0
1651856156873 0.17542244017720224 0
1651856163314 0.15281334590315818 0
1651856169818 0.13317772210165857 0
1651856176321 0.10119230966567994 0
1651856182838 0.13830176385119558 0
1651856189339 0.11163878984451293 0
1651856195830 0.09695714953094721 0
1651856202283 0.08700847936868668 0
1651856208785 0.09003741501569748 0
1651856215286 0.11047091935873031 0
1651856221766 0.08681121687591076 0
1651856228263 0.06240686253160238 0
1651856234738 0.04967531978040934 0
1651856241164 0.06573681128025055 0
1651856247645 0.06424675988852978 0
1651856254091 0.08384015701264143 0
1651856260492 0.08470057427287102 0
1651856266937 0.08963130117505788 0
1651856273433 0.04993641276806593 0
1651856279992 0.04925479697026312 0
1651856286518 0.036167094077914956 0
1651856293039 0.03851985026821494 0
1651856299528 0.0445423534989357 0
1651856305989 0.04347415515780449 0
1651856312504 0.05663030821382999 0
1651856319048 0.1314623914577067 0
1651856325588 0.0568826347053051 0
1651856332124 0.05349747518002987 0
1651856338634 0.022522499099373816 0
1651856345116 0.11013810490369796 0
1651856351589 0.12230893021617084 0
1651856358094 0.03327997111752629 0
1651856364656 0.01454251463264227 0
1651856371148 0.016191032300516963 0
1651856377598 0.01893617198690772 0
1651856384077 0.03672292705997825 0
1651856390647 0.08994087850349024 0
1651856397223 0.03337997351344675 0
1651856403641 0.04362303074300289 0
1651856410173 0.05120649815499782 0
1651856416677 0.08339062004089355 0
1651856423155 0.05386324464790523 0
1651856430696 0.826845697593689 0
1651856437190 0.39190826778411864 0
1651856443738 0.25939118094444275 0
1651856450265 0.18405939314365388 0
1651856456805 0.17060307338237762 0
1651856463338 0.14564940233826637 0
1651856469929 0.13012256816625595 0
1651856476390 0.0774789419054985 0
1651856482940 0.08540768484175205 0
1651856489480 0.09257585243396461 0
1651856495996 0.06474611190352589 0
1651856502626 0.048603134001791476 0
1651856509182 0.05021672905590385 0
1651856515732 0.051806150771677495 0
1651856522293 0.05339013544879854 0
1651856528843 0.04747570889592171 0
1651856535336 0.11295127480998635 0
1651856541908 0.05346276911459863 0
1651856548501 0.03809690961241722 0
1651856555049 0.04805990056307055 0
1651856561587 0.034948444022238255 0
1651856568153 0.09672537492793054 0
1651856574671 0.03002916313484311 0
1651856581100 0.019441130140423774 0
1651856587624 0.01862218529684469 0
1651856594187 0.020215495716035366 0
1651856600728 0.012882946273079142 0
1651856607297 0.02301700122039765 0
1651856613807 0.017325661371462048 0
1651856620290 0.013009468541108071 0
1651856626883 0.03177617484778166 0
1651856633400 0.038094702722691 0
1651856639908 0.02592960393410176 0
1651856646459 0.02369027460385114 0
1651856652972 0.024368283036351204 0
1651856659477 0.026229334848374128 0
1651856666031 0.07053722162730992 0
1651856672481 0.04699016658477485 0
1651856678992 0.013730104253813625 0
1651856685470 0.019489594822376968 0
1651856691955 0.030918542183190584 0
1651856698618 0.02342306565605104 0
1651856705078 0.01292942236715462 0
1651856711717 0.06504896661564707 0
1651856718275 0.027385745605826378 0
1651856724887 0.09174038214571774 0
1651856731437 0.045993242679769175 0
1651856737998 0.027300156066007913 0
1651856744556 0.012874044949468226 0
1651856751092 0.014358659137412905 0
1651856759067 1.3114029836654664 0
1651856765613 0.9581707679748536 0
1651856772277 0.7740417057037353 0
1651856778844 0.6077290622711181 0
1651856785437 0.5181892384290695 0
1651856792051 0.3627487913131714 0
1651856798651 0.34253596024513244 0
1651856805211 0.2490094949424267 0
1651856811856 0.2050908088684082 0
1651856818531 0.21906200187206268 0
1651856825167 0.1335399202466011 0
1651856831681 0.12616727285385132 0
1651856838292 0.2093442068248987 0
1651856844882 0.09731644834280014 0
1651856851533 0.15652629030644893 0
1651856858164 0.08743609457165002 0
1651856864709 0.07441892904192209 0
1651856871253 0.056149041398614645 0
1651856877798 0.0664627655416727 0
1651856884435 0.06803766373544931 0
1651856891072 0.06995953203141689 0
1651856897642 0.05908359771892428 0
1651856904221 0.07004106289297342 0
1651856910798 0.053564148256462066 0
1651856917433 0.04408218503817916 0
1651856923991 0.06663833011239767 0
1651856930607 0.05855148842260242 0
1651856937158 0.044908999666571615 0
1651856943780 0.030732013012468813 0
1651856950317 0.08506250169109553 0
1651856956864 0.044321393299102785 0
1651856963496 0.0805300478965044 0
1651856970115 0.13316967653632164 0
1651856976789 0.04114893950894475 0
1651856983441 0.03189886421235278 0
1651856989992 0.030414070691168308 0
1651856996584 0.04289436507653445 0
1651857003160 0.05211643006503582 0
1651857009837 0.03355957111865282 0
1651857016427 0.04790415190225467 0
1651857022930 0.04996392892897129 0
1651857029578 0.0261020881511271 0
1651857036101 0.018756479937955737 0
1651857042658 0.018555708964914083 0
1651857049260 0.024075791392987593 0
1651857055911 0.014045597003400325 0
1651857062587 0.03555099410936236 0
1651857069146 0.06148710273876786 0
1651857075696 0.04447172721112147 0
1651857082333 0.02551904003098607 0
