1652368290708 1.967381509399414 0
1652368296045 1.5879074502944945 0
1652368301348 1.3832170684814453 0
1652368306930 1.2479142270088195 0
1652368312273 1.0875995014190674 0
1652368317466 0.9928610860824585 0
1652368322580 0.8962760918617249 0
1652368327755 0.7757078458786011 0
1652368332915 0.7038415744781494 0
1652368338096 0.6130791662216186 0
1652368343399 0.5982673916339875 0
1652368348350 0.499832869720459 0
1652368353431 0.4695514776229858 0
1652368358607 0.42132447266578676 0
1652368363754 0.34586140847206115 0
1652368369034 0.34735568461418154 0
1652368374437 0.30867066593170167 0
1652368379849 0.30027705354690554 0
1652368385183 0.23423872277736663 0
1652368390339 0.20148917404413225 0
1652368395448 0.22757828887701034 0
1652368400661 0.21922160470485688 0
1652368405692 0.2074129328072071 0
1652368410745 0.17889345260858536 0
1652368415888 0.18240126782655716 0
1652368421145 0.1681070663690567 0
1652368426630 0.2138030048519373 0
1652368431977 0.13611541463434695 0
1652368436958 0.13915237290859223 0
1652368442120 0.15289196797609328 0
1652368451280 1.0227326992034913 0
1652368460518 0.8072566750526429 0
1652368469892 0.6982930063247681 0
1652368478823 0.6131686711788178 0
1652368487948 0.5441962072849273 0
1652368496839 0.492196901845932 0
1652368505902 0.4636211043357849 0
1652368514989 0.4039796763420105 0
1652368524476 0.3694573492050171 0
1652368533608 0.3477733248829842 0
1652368542479 0.3186683604836464 0
1652368551749 0.2835057061433792 0
1652368560915 0.23841942504048347 0
1652368570081 0.2611764714717865 0
1652368579382 0.22435555208921432 0
1652368588417 0.21959401684999466 0
1652368597761 0.20463824026584626 0
1652368606888 0.22366763122677802 0
1652368616038 0.20693052802681922 0
1652368625301 0.195906557315588 0
1652368634581 0.20395687762498857 0
1652368643556 0.16934820419549942 0
1652368652925 0.17029900806248188 0
1652368662004 0.19231423606276513 0
1652368670969 0.16593593868911266 0
1652368680130 0.16824259729981422 0
1652368689420 0.17761647045612336 0
1652368698541 0.17410546413362027 0
1652368707617 0.17386009378731251 0
1652368716797 0.14172204267084598 0
1652368730694 0.795781455039978 0
1652368743829 0.641025746122996 0
1652368757105 0.5637593038717905 0
1652368770400 0.5242974064826965 0
1652368784104 0.4824068709055583 0
1652368797320 0.4549117292086283 0
1652368810372 0.3996833627065023 0
1652368823790 0.3774379269282023 0
1652368836931 0.3426040331284205 0
1652368849978 0.3259146342674891 0
1652368863441 0.3148353354851405 0
1652368876850 0.2873636972109477 0
1652368890415 0.28702645773092905 0
1652368903871 0.25591554613113404 0
1652368917167 0.2546497347613176 0
1652368930357 0.23326564925114313 0
1652368943559 0.24836403623421988 0
1652368956470 0.22517345865567526 0
1652368969849 0.20224285220901173 0
1652368983164 0.22909645394881567 0
1652368996495 0.20574275947610537 0
1652369009907 0.22431065527598062 0
1652369023214 0.20247683047453563 0
1652369036372 0.1934478818098704 0
1652369049469 0.2047278782427311 0
1652369062752 0.20965240788062414 0
1652369076106 0.18261243558327356 0
1652369089388 0.18217646312713623 0
1652369102812 0.20020194269220035 0
1652369115961 0.2040919878323873 0
1652369134820 0.5984852917194367 0
1652369152868 0.48081750320196154 0
1652369170689 0.4242628310918808 0
1652369188592 0.39600993205308915 0
1652369206510 0.37068164429664613 0
1652369224343 0.36081156817674637 0
1652369242000 0.3325801153540611 0
1652369259606 0.30996833114624023 0
1652369277722 0.3125600782334805 0
1652369295302 0.2798076600819826 0
1652369313160 0.27708191216289996 0
1652369330526 0.2731407411068678 0
1652369348240 0.28336628235578537 0
1652369366083 0.24884713980704545 0
1652369384022 0.23573656963706016 0
1652369401982 0.24990233877897264 0
1652369419621 0.25447777927219867 0
1652369437558 0.24612004009187222 0
1652369455282 0.22847085670530795 0
1652369472637 0.22042684561908246 0
1652369490509 0.2364940027207136 0
1652369508506 0.22931614204645157 0
1652369526379 0.23014559134542942 0
1652369544353 0.2165346383944154 0
1652369562270 0.2082695909678936 0
1652369579907 0.20713101071566342 0
1652369597605 0.212899812027812 0
1652369615338 0.21841670655310155 0
1652369633071 0.20587630121856929 0
1652369651128 0.21919652983248233 0
1652369675226 0.568596661453247 0
1652369697865 0.4903408415222168 0
1652369720326 0.4460858269166946 0
1652369742235 0.44204373886585235 0
1652369765108 0.4299274768066406 0
1652369787723 0.4057854309558868 0
1652369810521 0.3956195650005341 0
1652369833003 0.36648867622375486 0
1652369855677 0.35620565663337705 0
1652369878209 0.350149711253643 0
1652369900489 0.339764435172081 0
1652369922897 0.3404934867668152 0
1652369945192 0.31102707392692563 0
1652369967530 0.3186632424879074 0
1652369990082 0.2913625875234604 0
1652370012797 0.29881000910282135 0
1652370035384 0.30049842894673345 0
1652370057783 0.2808851795721054 0
1652370080516 0.28706043540000914 0
1652370102943 0.263501045627594 0
1652370125415 0.27014623924613 0
1652370147213 0.26515417130708696 0
1652370169918 0.2545262205028534 0
1652370192828 0.2514536067056656 0
1652370215436 0.2618450722312927 0
1652370238143 0.2493105286860466 0
1652370260574 0.2518506744480133 0
1652370283006 0.25128475727677346 0
1652370305543 0.2464587012910843 0
1652370328007 0.2336440804052353 0
