1644430065462 0.208 0
1644430066919 0.2148 0
1644430068373 0.2152 0
1644430069754 0.2092 0
1644430071223 0.2292 0
1644430072663 0.2408 0
1644430074113 0.248 0
1644430075537 0.276 0
1644430077244 0.2976 0
1644430078765 0.3196 0
1644430080485 0.176 0
1644430082078 0.3012 0
1644430083634 0.3724 0
1644430085183 0.4008 0
1644430086738 0.4168 0
1644430088301 0.4376 0
1644430089890 0.4428 0
1644430091441 0.4492 0
1644430093003 0.4592 0
1644430094568 0.47 0
1644430096438 0.1832 0
1644430098077 0.2124 0
1644430099638 0.268 0
1644430101241 0.2948 0
1644430102816 0.316 0
1644430104438 0.3404 0
1644430106057 0.3668 0
1644430107677 0.398 0
1644430109299 0.4056 0
1644430110865 0.4308 0
