1651971946854 0.4176 0
1651971950049 0.6308 0
1651971953221 0.7 0
1651971956445 0.7756 0
1651971959660 0.8332 0
1651971962941 0.87 0
1651971966098 0.886 0
1651971969269 0.8876 0
1651971972484 0.9112 0
1651971975737 0.9236 0
1651971979058 0.9532 0
1651971982263 0.9628 0
1651971985426 0.9524 0
1651971988620 0.94 0
1651971991882 0.9636 0
1651971995069 0.9664 0
1651971998282 0.9732 0
1651972001499 0.9688 0
1651972004803 0.9796 0
1651972007906 0.9756 0
1651972011114 0.9668 0
1651972014332 0.9852 0
1651972017538 0.982 0
1651972020688 0.988 0
1651972023886 0.9928 0
1651972027176 0.9928 0
1651972030458 0.9904 0
1651972033598 0.9912 0
1651972036828 0.9948 0
1651972039976 0.99 0
1651972043744 0.392 0
1651972047378 0.596 0
1651972051117 0.7252 0
1651972054814 0.7752 0
1651972058566 0.8004 0
1651972062246 0.8444 0
1651972065889 0.8448 0
1651972069629 0.8988 0
1651972073371 0.9264 0
1651972077128 0.9192 0
1651972080821 0.9268 0
1651972084481 0.9372 0
1651972088198 0.9536 0
1651972091790 0.9628 0
1651972095433 0.9612 0
1651972099129 0.9724 0
1651972102814 0.9752 0
1651972106557 0.9764 0
1651972110210 0.9764 0
1651972113866 0.9828 0
1651972117567 0.9764 0
1651972121222 0.954 0
1651972124936 0.9796 0
1651972128596 0.9852 0
1651972132175 0.9848 0
1651972135751 0.9916 0
1651972139334 0.994 0
1651972143009 0.9736 0
1651972146752 0.9796 0
1651972150336 0.9848 0
1651972154419 0.4196 0
1651972158018 0.646 0
1651972161739 0.7268 0
1651972165373 0.7588 0
1651972169147 0.8116 0
1651972172788 0.8428 0
1651972176646 0.8956 0
1651972180394 0.902 0
1651972184046 0.9216 0
1651972187718 0.9156 0
1651972191413 0.948 0
1651972195077 0.9628 0
1651972198767 0.9728 0
1651972202526 0.9804 0
1651972206166 0.98 0
1651972209915 0.9788 0
1651972213633 0.984 0
1651972217323 0.9856 0
1651972221024 0.9836 0
1651972224691 0.9768 0
1651972228328 0.9776 0
1651972231998 0.9836 0
1651972235632 0.9792 0
1651972239278 0.948 0
1651972243050 0.9744 0
1651972246665 0.9828 0
1651972250339 0.9864 0
1651972254071 0.9896 0
1651972257820 0.996 0
1651972261527 0.9896 0
1651972265814 0.6 0
1651972269588 0.8164 0
1651972273165 0.868 0
1651972276857 0.9196 0
1651972280519 0.942 0
1651972284179 0.9548 0
1651972287880 0.9656 0
1651972291619 0.9808 0
1651972295374 0.986 0
1651972299051 0.9888 0
1651972302767 0.9908 0
1651972306509 0.9956 0
1651972310161 0.992 0
1651972313959 0.9932 0
1651972317604 0.998 0
1651972321343 0.9944 0
1651972325033 0.998 0
1651972328694 0.996 0
1651972332412 0.9996 0
1651972336074 1.0 0
1651972339706 0.9996 0
1651972343562 0.9988 0
1651972347235 0.992 0
1651972350908 0.9608 0
1651972354557 0.9904 0
1651972358236 0.9932 0
1651972361922 0.996 0
1651972365611 0.9912 0
1651972369225 0.9952 0
1651972373010 0.9956 0
1651972377644 0.3624 0
1651972381343 0.5816 0
1651972385006 0.6756 0
1651972388653 0.7392 0
1651972392336 0.7956 0
1651972395977 0.8548 0
1651972399657 0.8736 0
1651972403490 0.9056 0
1651972407136 0.9148 0
1651972410873 0.9488 0
1651972414470 0.956 0
1651972418134 0.9544 0
1651972421774 0.966 0
1651972425466 0.9084 0
1651972429068 0.9636 0
1651972432767 0.9756 0
1651972436403 0.978 0
1651972440125 0.9852 0
1651972443777 0.9568 0
1651972447434 0.982 0
1651972451152 0.9864 0
1651972454772 0.9884 0
1651972458424 0.988 0
1651972462131 0.9844 0
1651972465695 0.9804 0
1651972469315 0.9896 0
1651972472933 0.9596 0
1651972476683 0.9808 0
1651972480377 0.9824 0
1651972484110 0.9844 0
