1651671799178 1.4503270582199097 0
1651671802301 0.9237752090454101 0
1651671805400 0.7806189695447683 0
1651671808402 0.7279964579582214 0
1651671811233 0.5722540247917175 0
1651671814237 0.5597576059997081 0
1651671817316 0.4805183232307434 0
1651671820503 0.5356281561285258 0
1651671823575 0.4124005577802658 0
1651671826594 0.41555747637152674 0
1651671832125 1.1698179002761842 0
1651671837266 0.8996065042495728 0
1651671842492 0.8225487427711486 0
1651671847758 0.7561190357208252 0
1651671852997 0.6692709681719542 0
1651671858063 0.623910510635376 0
1651671863349 0.6473779441833496 0
1651671868549 0.5035165647029877 0
1651671873690 0.55360786652565 0
1651671878736 0.47875194298028945 0
1651671886775 0.9080548113822937 0
1651671894335 0.7848656958897908 0
1651671901685 0.713379207833608 0
1651671909027 0.6460121713638306 0
1651671916451 0.6297048980633417 0
1651671923829 0.6198928909222285 0
1651671931549 0.5459729862531026 0
1651671939145 0.5429052722613017 0
1651671946568 0.5077948588530222 0
1651671954083 0.4899155155022939 0
1651671964377 0.6944062194347381 0
1651671974433 0.6211664496898651 0
1651671984066 0.5335166863799096 0
1651671993921 0.5308313995599747 0
1651672003679 0.44616063319742677 0
1651672013367 0.44928900796175003 0
1651672023187 0.4773010757803917 0
1651672032679 0.45387834305763247 0
1651672042467 0.40865176065564157 0
1651672052422 0.42321266450881956 0
1651672065237 0.6837448867797852 0
1651672077512 0.6890247632789612 0
1651672089845 0.5807699402809143 0
1651672102316 0.5963882525396347 0
1651672114533 0.5959532999801636 0
1651672126919 0.5316705150938034 0
1651672139127 0.5589268191051483 0
1651672151293 0.5261128151512146 0
1651672163412 0.5300671397209168 0
1651672175674 0.4616272769165039 0
