1653050840908 0.1404 0
1653050846023 0.19 0
1653050851027 0.221 0
1653050855899 0.2662 0
1653050860943 0.2908 0
1653050869816 0.2218 0
1653050878310 0.2948 0
1653050886359 0.321 0
1653050895043 0.3538 0
1653050903018 0.369 0
1653050913042 0.2226 0
1653050922763 0.3174 0
1653050932201 0.3534 0
1653050941540 0.3642 0
1653050951110 0.3774 0
1653050963259 0.2716 0
1653050974212 0.3674 0
1653050985210 0.3964 0
1653050996138 0.4082 0
1653051007160 0.4304 0
1653051021802 0.2698 0
1653051034195 0.336 0
1653051046367 0.367 0
1653051058889 0.3842 0
1653051071645 0.3882 0
