1652501241200 0.1238 0
1652501246276 0.187 0
1652501251266 0.199 0
1652501256357 0.2156 0
1652501261435 0.2202 0
1652501266602 0.2222 0
1652501271660 0.2404 0
1652501276779 0.2334 0
1652501281961 0.246 0
1652501287151 0.238 0
1652501300103 0.1382 0
1652501312824 0.1552 0
1652501325423 0.1864 0
1652501338054 0.2022 0
1652501351037 0.2166 0
1652501363830 0.2222 0
1652501376715 0.2414 0
1652501389752 0.2428 0
1652501402590 0.275 0
1652501415150 0.2684 0
1652501429227 0.161 0
1652501442137 0.1804 0
1652501455423 0.1998 0
1652501468684 0.1914 0
1652501481546 0.1794 0
1652501494727 0.1912 0
1652501507648 0.2162 0
1652501520654 0.2298 0
1652501533846 0.2244 0
1652501546806 0.2388 0
1652501561296 0.1488 0
1652501574687 0.1794 0
1652501587892 0.2036 0
1652501601163 0.2534 0
1652501614377 0.2716 0
1652501627327 0.3022 0
1652501640552 0.3242 0
1652501653657 0.3408 0
1652501666880 0.3588 0
1652501680027 0.36 0
1652501695052 0.2022 0
1652501708425 0.2416 0
1652501722027 0.2658 0
1652501735234 0.297 0
1652501748490 0.2948 0
1652501761770 0.3134 0
1652501775014 0.3294 0
1652501788502 0.3386 0
1652501802108 0.3462 0
1652501815559 0.3548 0
