1652193298733 2.1981759094238282 0
1652193302182 1.9851139461517333 0
1652193305571 1.8793078678131103 0
1652193309058 1.7621450269699097 0
1652193312459 1.6685218837738036 0
1652193315863 1.571394206237793 0
1652193319258 1.4864966464996339 0
1652193322682 1.4171307369232178 0
1652193326169 1.2939207523345948 0
1652193329673 1.237571720314026 0
1652193334888 1.6083283487319946 0
1652193340007 1.3897211978912354 0
1652193345781 1.2791383989334106 0
1652193351072 1.1807807604789733 0
1652193356307 1.0794994134902953 0
1652193361578 0.9984314051628113 0
1652193366731 0.904062940120697 0
1652193372078 0.8428815958976745 0
1652193377358 0.7748768853187561 0
1652193382786 0.711955000257492 0
1652193388651 1.2868308990478516 0
1652193394180 1.0971130821228028 0
1652193399393 0.9688832775115966 0
1652193404842 0.8881635976791382 0
1652193410410 0.7636843916893006 0
1652193415741 0.6958232814788818 0
1652193421101 0.6393357425689697 0
1652193426478 0.570825660610199 0
1652193431814 0.526330874967575 0
1652193437173 0.47439733142852786 0
1652193443496 1.0312719388016702 0
1652193448904 0.8426152772249091 0
1652193454505 0.6978022498437275 0
1652193460155 0.6549852240393224 0
1652193465695 0.5921575587662393 0
1652193471071 0.5136272517126258 0
1652193476364 0.4817260252544703 0
1652193481934 0.4519405074031574 0
1652193487642 0.38486223242644857 0
1652193493005 0.3526610335270675 0
1652193499472 1.0075951777458192 0
1652193505031 0.8757328087806702 0
1652193510618 0.7950208765029907 0
1652193516047 0.7078846722126008 0
1652193521428 0.641806327009201 0
1652193526803 0.595468109369278 0
1652193532326 0.5147593265295028 0
1652193537946 0.47623271827697755 0
1652193543881 0.4343398772120476 0
1652193549446 0.4195368970632553 0
