1644413476982 0.3124 0
1644413478624 0.5496 0
1644413480333 0.67 0
1644413481988 0.764 0
1644413483640 0.7912 0
1644413485343 0.8832 0
1644413487051 0.918 0
1644413488683 0.9548 0
1644413490380 0.964 0
1644413492099 0.966 0
1644413493846 0.9816 0
1644413495528 0.9936 0
1644413497153 0.9972 0
1644413498828 0.9976 0
1644413500500 0.9984 0
1644413502139 0.9992 0
1644413503803 0.9988 0
1644413505509 0.9996 0
1644413507214 1.0 0
1644413508903 1.0 0
1644413511155 0.49 0
1644413513205 0.774 0
1644413515241 0.8592 0
1644413517293 0.9248 0
1644413519320 0.9632 0
1644413521355 0.9768 0
1644413523368 0.9892 0
1644413525427 0.9904 0
1644413527443 0.9928 0
1644413529444 0.998 0
1644413531481 0.9992 0
1644413533555 0.9992 0
1644413535591 0.9996 0
1644413537619 0.9996 0
1644413539672 1.0 0
1644413541718 1.0 0
1644413543735 1.0 0
1644413545762 1.0 0
1644413547823 1.0 0
1644413549894 1.0 0
1644413552386 0.58 0
1644413554476 0.8456 0
1644413556563 0.9176 0
1644413558585 0.9608 0
1644413560620 0.9748 0
1644413562685 0.9876 0
1644413564729 0.992 0
1644413566796 0.9964 0
1644413568812 0.9932 0
1644413570866 0.9984 0
1644413572892 0.9992 0
1644413574906 1.0 0
1644413576984 0.9992 0
1644413579017 0.9992 0
1644413581050 0.9996 0
1644413583061 1.0 0
1644413585087 1.0 0
1644413587098 1.0 0
1644413589133 1.0 0
1644413591263 1.0 0
