1654131160316 0.7593524525556297 0
1654131173406 0.9824167828775844 0
1654131186553 0.9964833565755169 0
1654131200790 0.9983629418541199 0
1654131213794 0.9993330503850119 0
1654131270229 0.8737493178097144 0
1654131285113 0.9902370990237099 0
1654131300363 0.9983627433145352 0
1654131315513 0.9991510520890182 0
1654131330974 0.9992116912255169 0
1654131404439 0.9108766824299745 0
1654131421401 0.989935734206378 0
1654131438412 0.995695404389475 0
1654131455370 0.9963623135685704 0
1654131472566 0.9952710076391416 0
1654131564276 0.8671315949060037 0
1654131583569 0.9745300181928441 0
1654131602752 0.9877501516070346 0
1654131621533 0.9919951485748939 0
1654131640354 0.9942995755003032 0
1654131748258 0.909691897137312 0
1654131769507 0.9904779233381853 0
1654131791074 0.9942988840368753 0
1654131812552 0.9958757884522077 0
1654131833574 0.9959364386220282 0
