1654766156334 0.7353422664160553 0
1654766169674 0.974231492148184 0
1654766183058 0.9947250348632753 0
1654766196360 0.9980597829382162 0
1654766209612 0.9994543139513733 0
1654766230955 0.8493723849372385 0
1654766248046 0.988599842338245 0
1654766265017 0.9967861257655691 0
1654766282122 0.9992116912255169 0
1654766299318 0.9989691346795222 0
1654766325016 0.9056020371044016 0
1654766342124 0.9927852552443313 0
1654766358949 0.9978780162483327 0
1654766376042 0.9989086940705711 0
1654766392994 0.9986055535346187 0
1654766422763 0.8722255912674348 0
1654766439977 0.9819284414796846 0
1654766457202 0.9918738629472408 0
1654766474138 0.9964220739842329 0
1654766491138 0.9975742874469375 0
1654766525143 0.9127850557981563 0
1654766542501 0.9963609898107715 0
1654766559409 0.998847646773411 0
1654766576873 0.9993328481319748 0
1654766594237 0.9993934983017952 0
