1641705324560 0.9254666666666667 0
1641705334333 0.9648333333333333 0
1641705343954 0.9744333333333334 0
1641705353696 0.9810166666666666 0
1641705363251 0.9850833333333333 0
1641705373241 0.9859833333333333 0
1641705383408 0.9881166666666666 0
1641705393581 0.99025 0
1641705404131 0.9918333333333333 0
1641705414509 0.9912833333333333 0
1641705424912 0.9929166666666667 0
1641705436208 0.9941333333333333 0
1641705446556 0.9933833333333333 0
1641705457000 0.9942666666666666 0
1641705467833 0.9955166666666667 0
1641705478522 0.9943833333333333 0
1641705488804 0.9943333333333333 0
1641705499156 0.9958 0
1641705509778 0.996 0
1641705520087 0.9973333333333333 0
1641705534611 0.926 0
1641705545210 0.9654 0
1641705555107 0.9771 0
1641705565842 0.9815333333333334 0
1641705576384 0.9848666666666667 0
1641705586481 0.9873333333333333 0
1641705596792 0.9887333333333334 0
1641705607794 0.9902166666666666 0
1641705618065 0.9919 0
1641705628468 0.9936333333333334 0
1641705638795 0.9929166666666667 0
1641705648964 0.9941666666666666 0
1641705659819 0.9941666666666666 0
1641705670408 0.9944 0
1641705680491 0.99485 0
1641705690734 0.9951166666666666 0
1641705702246 0.9951666666666666 0
1641705712609 0.99585 0
1641705723963 0.9953166666666666 0
1641705734545 0.9966666666666667 0
1641705753412 0.9244166666666667 0
1641705763679 0.9656333333333333 0
1641705773889 0.9765333333333334 0
1641705784878 0.9819166666666667 0
1641705794964 0.9851 0
1641705805477 0.9875333333333334 0
1641705815886 0.98885 0
1641705826218 0.9905666666666667 0
1641705836785 0.9908833333333333 0
1641705847049 0.99255 0
1641705857267 0.9929 0
1641705868164 0.9930333333333333 0
1641705878802 0.9941666666666666 0
1641705889422 0.9938 0
1641705899863 0.9948166666666667 0
1641705910122 0.9945 0
1641705920328 0.9969 0
1641705930624 0.9945666666666667 0
1641705940971 0.9963166666666666 0
1641705951510 0.9949333333333333 0
1641705974996 0.9255166666666667 0
1641705985295 0.9652833333333334 0
1641705995762 0.9761833333333333 0
1641706005948 0.9821666666666666 0
1641706016168 0.98455 0
1641706026582 0.9872666666666666 0
1641706037520 0.9904833333333334 0
1641706047713 0.9899666666666667 0
1641706058155 0.9908 0
1641706068055 0.99255 0
1641706078873 0.99355 0
1641706089284 0.9936833333333334 0
1641706100190 0.9955333333333334 0
1641706111656 0.9947666666666667 0
1641706122278 0.9940833333333333 0
1641706133054 0.9954833333333334 0
1641706143311 0.9952166666666666 0
1641706153792 0.9959333333333333 0
1641706164267 0.9957666666666667 0
1641706174349 0.99665 0
1641706201069 0.9258 0
1641706211643 0.9655 0
1641706221646 0.9761666666666666 0
1641706232373 0.9818333333333333 0
1641706242567 0.9852666666666666 0
1641706252882 0.9879666666666667 0
1641706263111 0.9895 0
1641706273621 0.99045 0
1641706283747 0.9910666666666667 0
1641706294162 0.99175 0
1641706304884 0.9935833333333334 0
1641706315114 0.9938833333333333 0
1641706326096 0.9942 0
1641706336408 0.9941833333333333 0
1641706347122 0.9943666666666666 0
1641706357590 0.9952166666666666 0
1641706368259 0.9954333333333333 0
1641706379032 0.9958166666666667 0
1641706389618 0.9963333333333333 0
1641706400109 0.9975166666666667 0
1641706431280 0.9256666666666666 0
1641706441671 0.9665333333333334 0
1641706452285 0.9756 0
1641706462547 0.9805666666666667 0
1641706473090 0.9845833333333334 0
1641706483248 0.9886 0
1641706495420 0.9896166666666667 0
1641706506498 0.9893833333333333 0
1641706517257 0.9918833333333333 0
1641706527947 0.9922666666666666 0
1641706538081 0.9929166666666667 0
1641706548571 0.99325 0
1641706558747 0.9946166666666667 0
1641706568823 0.9952833333333333 0
1641706578790 0.99485 0
1641706588673 0.9948 0
1641706599033 0.9954 0
1641706609306 0.9953666666666666 0
1641706619703 0.9964666666666666 0
1641706630073 0.99525 0
1641706663333 0.9238666666666666 0
1641706673571 0.9658666666666667 0
1641706683916 0.9762333333333333 0
1641706694309 0.9800166666666666 0
1641706704498 0.9849166666666667 0
1641706714689 0.98665 0
1641706724986 0.9902333333333333 0
1641706735106 0.9895666666666667 0
1641706745169 0.9916166666666667 0
1641706755703 0.9919333333333333 0
1641706765787 0.9929 0
1641706776390 0.9930333333333333 0
1641706786542 0.9941333333333333 0
1641706796977 0.9949666666666667 0
1641706807455 0.99415 0
1641706818590 0.9951333333333333 0
1641706829050 0.9957166666666667 0
1641706839002 0.9961166666666667 0
1641706849676 0.9961166666666667 0
1641706860127 0.9965833333333334 0
1641706897156 0.9248 0
1641706907473 0.9652333333333334 0
1641706917957 0.97645 0
1641706928449 0.9821666666666666 0
1641706939297 0.9852666666666666 0
1641706950106 0.9879333333333333 0
1641706961455 0.9895666666666667 0
1641706971863 0.9902 0
1641706981725 0.9914666666666667 0
1641706992326 0.9921833333333333 0
1641707002742 0.9925333333333334 0
1641707013086 0.9938666666666667 0
1641707023404 0.99435 0
1641707033856 0.9948166666666667 0
1641707044213 0.9948 0
1641707054679 0.99535 0
1641707064971 0.9951333333333333 0
1641707075569 0.9972 0
1641707085974 0.99475 0
1641707096373 0.99595 0
1641707138791 0.9260166666666667 0
1641707149102 0.9658666666666667 0
1641707159125 0.9772 0
1641707169662 0.9812333333333333 0
1641707180082 0.9851666666666666 0
1641707190434 0.9878166666666667 0
1641707200375 0.9893166666666666 0
1641707210691 0.9914166666666666 0
1641707220524 0.9904333333333334 0
1641707230682 0.99365 0
1641707240800 0.993 0
1641707251432 0.9936 0
1641707261616 0.9940666666666667 0
1641707271604 0.9951666666666666 0
1641707281849 0.99525 0
1641707292046 0.9948666666666667 0
1641707302292 0.9956166666666667 0
1641707313000 0.9950666666666667 0
1641707323180 0.99575 0
1641707333769 0.9969 0
1641707380228 0.9238333333333333 0
1641707390210 0.9660666666666666 0
1641707400850 0.9758 0
1641707410572 0.9808166666666667 0
1641707420883 0.9846833333333334 0
1641707430869 0.9870666666666666 0
1641707440562 0.9894333333333334 0
1641707450173 0.9904833333333334 0
1641707460548 0.99095 0
1641707470854 0.9918666666666667 0
1641707481101 0.9919833333333333 0
1641707491146 0.9944166666666666 0
1641707501376 0.9934166666666666 0
1641707511726 0.9948833333333333 0
1641707522193 0.9940333333333333 0
1641707533148 0.9950333333333333 0
1641707543527 0.9961166666666667 0
1641707554000 0.9954666666666667 0
1641707564372 0.9961666666666666 0
1641707574802 0.9964666666666666 0
1641707623446 0.92455 0
1641707633973 0.9656666666666667 0
1641707643865 0.9749333333333333 0
1641707654365 0.9831666666666666 0
1641707664583 0.9853833333333334 0
1641707674903 0.98725 0
1641707684946 0.98855 0
1641707695169 0.9902166666666666 0
1641707705127 0.9919666666666667 0
1641707715295 0.9922166666666666 0
1641707725875 0.9931166666666666 0
1641707736386 0.9933 0
1641707747038 0.9939166666666667 0
1641707758026 0.9936666666666667 0
1641707768593 0.9956333333333334 0
1641707778758 0.99655 0
1641707789061 0.9948666666666667 0
1641707799144 0.9957 0
1641707809225 0.9958333333333333 0
1641707819863 0.99645 0
1641707872992 0.9252 0
1641707883234 0.9652333333333334 0
1641707893751 0.97615 0
1641707904577 0.9817 0
1641707914307 0.98475 0
1641707925607 0.9880833333333333 0
1641707935554 0.9893666666666666 0
1641707945200 0.9894333333333334 0
1641707954883 0.9916333333333334 0
1641707965487 0.9918 0
1641707975879 0.9936666666666667 0
1641707986403 0.9938333333333333 0
1641707996844 0.9943 0
1641708007454 0.99435 0
1641708018223 0.9944 0
1641708028485 0.996 0
1641708038978 0.9965333333333334 0
1641708048958 0.9949833333333333 0
1641708059200 0.9967 0
1641708069937 0.9968666666666667 0
1641708129420 0.9270833333333334 0
1641708139251 0.9681 0
1641708149570 0.9773833333333334 0
1641708159569 0.9811333333333333 0
1641708170137 0.9860166666666667 0
1641708180543 0.9871 0
1641708190373 0.9900666666666667 0
1641708201064 0.9903666666666666 0
1641708211023 0.9924 0
1641708221422 0.99155 0
1641708231731 0.9938666666666667 0
1641708241896 0.9931833333333333 0
1641708252433 0.9938166666666667 0
1641708262963 0.99445 0
1641708273727 0.9957333333333334 0
1641708283803 0.9955833333333334 0
1641708294334 0.99475 0
1641708304623 0.9956666666666667 0
1641708314966 0.9960666666666667 0
1641708325397 0.9962333333333333 0
1641708388563 0.9274333333333333 0
1641708398647 0.9659833333333333 0
1641708408843 0.9758333333333333 0
1641708418991 0.9817 0
1641708429264 0.985 0
1641708439734 0.9870666666666666 0
1641708450988 0.9891 0
1641708463236 0.9914333333333334 0
1641708473190 0.99065 0
1641708483451 0.9912333333333333 0
1641708494956 0.9930833333333333 0
1641708505148 0.9943666666666666 0
1641708515466 0.9943333333333333 0
1641708525855 0.9949166666666667 0
1641708535746 0.99415 0
1641708546114 0.9957833333333334 0
1641708556882 0.9958833333333333 0
1641708566932 0.9950333333333333 0
1641708577375 0.9964833333333334 0
1641708587367 0.9961833333333333 0
1641708651377 0.92585 0
1641708661429 0.9666666666666667 0
1641708672600 0.9766666666666667 0
1641708682725 0.9814666666666667 0
1641708692579 0.9855666666666667 0
1641708702929 0.98625 0
1641708713392 0.9894833333333334 0
1641708723894 0.9916 0
1641708734100 0.9906 0
1641708744890 0.9937333333333334 0
1641708755076 0.99185 0
1641708765185 0.99415 0
1641708776005 0.9939166666666667 0
1641708786050 0.99485 0
1641708797221 0.99425 0
1641708807578 0.9955666666666667 0
1641708817679 0.9964333333333333 0
1641708828139 0.9961833333333333 0
1641708838094 0.9952166666666666 0
1641708848577 0.99675 0
1641708917751 0.92395 0
1641708927592 0.9669666666666666 0
1641708937813 0.9764333333333334 0
1641708947988 0.9818833333333333 0
1641708958084 0.9847833333333333 0
1641708968951 0.9866166666666667 0
1641708979162 0.9899166666666667 0
1641708989643 0.99085 0
1641709001684 0.992 0
1641709011549 0.9927666666666667 0
1641709021395 0.99275 0
1641709031768 0.9941 0
1641709043378 0.9947166666666667 0
1641709052956 0.9944833333333334 0
1641709063519 0.9949833333333333 0
1641709074242 0.9952166666666666 0
1641709084560 0.9959833333333333 0
1641709094845 0.9963666666666666 0
1641709104965 0.9956166666666667 0
1641709115123 0.99615 0
1641709187696 0.9248833333333333 0
1641709197953 0.9662166666666666 0
1641709208058 0.9749833333333333 0
1641709218194 0.98135 0
1641709228259 0.98485 0
1641709238361 0.9870666666666666 0
1641709249500 0.9894166666666667 0
1641709259679 0.9896666666666667 0
1641709269672 0.9909 0
1641709280012 0.9919 0
1641709290441 0.9935166666666667 0
1641709301282 0.9933 0
1641709312029 0.9946333333333334 0
1641709322352 0.9939 0
1641709333566 0.9952833333333333 0
1641709343565 0.9951166666666666 0
1641709354049 0.9956666666666667 0
1641709364383 0.9953333333333333 0
1641709374338 0.9957166666666667 0
1641709384454 0.9961166666666667 0
1641709463389 0.9254833333333333 0
1641709473669 0.96685 0
1641709484099 0.9756833333333333 0
1641709494902 0.9819833333333333 0
1641709505795 0.9847166666666667 0
1641709515962 0.9864333333333334 0
1641709525893 0.9901666666666666 0
1641709536347 0.9910833333333333 0
1641709546312 0.9904833333333334 0
1641709556416 0.9923666666666666 0
1641709566913 0.99285 0
1641709577125 0.9945666666666667 0
1641709587363 0.993 0
1641709598393 0.9948166666666667 0
1641709608641 0.9946833333333334 0
1641709619213 0.9960833333333333 0
1641709629028 0.99515 0
1641709639251 0.9967666666666667 0
1641709649883 0.9957666666666667 0
1641709659834 0.9971666666666666 0
1641709741164 0.9234666666666667 0
1641709751598 0.96695 0
1641709761663 0.9772 0
1641709772107 0.9824833333333334 0
1641709782385 0.9854333333333334 0
1641709792450 0.9872666666666666 0
1641709803338 0.9900666666666667 0
1641709813461 0.9904333333333334 0
1641709823239 0.9914833333333334 0
1641709833723 0.9926 0
1641709843935 0.9933 0
1641709854028 0.9948833333333333 0
1641709864230 0.9935833333333334 0
1641709874066 0.99515 0
1641709884524 0.9944 0
1641709894837 0.9957333333333334 0
1641709905090 0.9956833333333334 0
1641709915412 0.9959333333333333 0
1641709925486 0.9962 0
1641709936111 0.9961166666666667 0
1641710020500 0.92515 0
1641710030470 0.9675166666666667 0
1641710040439 0.9751833333333333 0
1641710051250 0.98135 0
1641710061808 0.9841666666666666 0
1641710072096 0.9869833333333333 0
1641710082080 0.9895333333333334 0
1641710092817 0.9905833333333334 0
1641710103017 0.9908 0
1641710113254 0.9927 0
1641710124049 0.9926333333333334 0
1641710134601 0.9928666666666667 0
1641710145018 0.9940833333333333 0
1641710154888 0.9951666666666666 0
1641710165389 0.9946833333333334 0
1641710176278 0.9949 0
1641710187062 0.9958166666666667 0
1641710197390 0.9956666666666667 0
1641710207378 0.9967333333333334 0
1641710217274 0.9959166666666667 0
1641710319413 0.9247833333333333 0
1641710329483 0.9669833333333333 0
1641710339449 0.9752833333333333 0
1641710349623 0.9816333333333334 0
1641710359902 0.9862 0
1641710370362 0.9875166666666667 0
1641710380324 0.9876166666666667 0
1641710390525 0.9916333333333334 0
1641710400957 0.9914 0
1641710411665 0.9917833333333334 0
1641710422175 0.99335 0
1641710432707 0.99345 0
1641710442977 0.9945166666666667 0
1641710453142 0.9937333333333334 0
1641710463402 0.9950166666666667 0
1641710473184 0.99595 0
1641710483904 0.9952 0
1641710494194 0.9962166666666666 0
1641710504220 0.99515 0
1641710514977 0.9958333333333333 0
1641710613998 0.9231833333333334 0
1641710624100 0.9650333333333333 0
1641710634391 0.9766 0
1641710644595 0.9818333333333333 0
1641710655466 0.98505 0
1641710665787 0.9882 0
1641710675995 0.98775 0
1641710686358 0.9919 0
1641710696375 0.9906833333333334 0
1641710706426 0.99215 0
1641710717271 0.9934333333333333 0
1641710727577 0.994 0
1641710738464 0.9932666666666666 0
1641710748539 0.9945333333333334 0
1641710758808 0.9957666666666667 0
1641710769453 0.9946166666666667 0
1641710779812 0.9956833333333334 0
1641710789985 0.9968333333333333 0
1641710801043 0.9963166666666666 0
1641710811473 0.9957333333333334 0
1641710905835 0.9263666666666667 0
1641710915800 0.9675333333333334 0
1641710927912 0.9752 0
1641710937760 0.9813166666666666 0
1641710949702 0.9847666666666667 0
1641710959547 0.9879666666666667 0
1641710969783 0.9898 0
1641710979989 0.99 0
1641710989843 0.9913166666666666 0
1641711000159 0.9925166666666667 0
1641711010499 0.9933333333333333 0
1641711020759 0.99315 0
1641711031045 0.9935 0
1641711041604 0.9944666666666667 0
1641711051687 0.9952166666666666 0
1641711061927 0.9956166666666667 0
1641711072156 0.9955666666666667 0
1641711082355 0.9960166666666667 0
1641711092985 0.9958833333333333 0
1641711103039 0.9956166666666667 0
1641711204343 0.9227833333333333 0
1641711215263 0.9653 0
1641711225345 0.9768833333333333 0
1641711235384 0.9807333333333333 0
1641711245700 0.9849 0
1641711255906 0.9868833333333333 0
1641711266095 0.9888333333333333 0
1641711276471 0.9899833333333333 0
1641711286673 0.9926166666666667 0
1641711297152 0.9917166666666667 0
1641711307634 0.9923833333333333 0
1641711317746 0.9944833333333334 0
1641711328639 0.9936333333333334 0
1641711339122 0.9956166666666667 0
1641711349044 0.9940666666666667 0
1641711359183 0.9957666666666667 0
1641711369436 0.9949 0
1641711379636 0.9956666666666667 0
1641711390010 0.9962333333333333 0
1641711400072 0.99545 0
1641711503260 0.9260833333333334 0
1641711513987 0.9658 0
1641711524085 0.9754166666666667 0
1641711534631 0.98295 0
1641711544785 0.9839 0
1641711554757 0.9871333333333333 0
1641711564986 0.98865 0
1641711575565 0.9902333333333333 0
1641711586328 0.99215 0
1641711596840 0.9923833333333333 0
1641711608660 0.9935 0
1641711618346 0.9928833333333333 0
1641711629105 0.9942 0
1641711638861 0.9945833333333334 0
1641711649915 0.9939666666666667 0
1641711661561 0.9956333333333334 0
1641711672371 0.9952666666666666 0
1641711682638 0.9959833333333333 0
1641711692850 0.99565 0
1641711703038 0.9960666666666667 0
1641711811214 0.9247333333333333 0
1641711821703 0.9668833333333333 0
1641711831951 0.97705 0
1641711842143 0.9817833333333333 0
1641711852631 0.9836333333333334 0
1641711862728 0.9863833333333333 0
1641711872849 0.9889166666666667 0
1641711882873 0.9896833333333334 0
1641711892934 0.9915333333333334 0
1641711903225 0.9907333333333334 0
1641711913376 0.99405 0
1641711923720 0.9940833333333333 0
1641711933849 0.9942833333333333 0
1641711944295 0.9939833333333333 0
1641711954578 0.9950666666666667 0
1641711964624 0.9951833333333333 0
1641711974912 0.99485 0
1641711985832 0.9952333333333333 0
1641711995968 0.9969166666666667 0
1641712006074 0.9964166666666666 0
1641712120617 0.923 0
1641712130938 0.96705 0
1641712141285 0.97605 0
1641712151259 0.98105 0
1641712161742 0.9852666666666666 0
1641712172021 0.98715 0
1641712182193 0.9888666666666667 0
1641712192926 0.9917166666666667 0
1641712202955 0.9908333333333333 0
1641712213076 0.9923666666666666 0
1641712223736 0.9922166666666666 0
1641712233704 0.99285 0
1641712243938 0.9943 0
1641712254023 0.9942333333333333 0
1641712264581 0.9949333333333333 0
1641712274635 0.9957833333333334 0
1641712284992 0.99525 0
1641712295371 0.9959666666666667 0
1641712304989 0.9959333333333333 0
1641712314881 0.9952333333333333 0
1641712432040 0.9250833333333334 0
1641712442027 0.9658166666666667 0
1641712452677 0.9762 0
1641712462798 0.98145 0
1641712473070 0.9856 0
1641712483094 0.9870166666666667 0
1641712493241 0.9894833333333334 0
1641712503101 0.9909666666666667 0
1641712513369 0.9920166666666667 0
1641712523904 0.9911833333333333 0
1641712533744 0.9929833333333333 0
1641712544066 0.9941 0
1641712554576 0.9939833333333333 0
1641712564722 0.9937833333333334 0
1641712574846 0.9958333333333333 0
1641712585378 0.9946166666666667 0
1641712595303 0.9956666666666667 0
1641712605426 0.995 0
1641712616019 0.9966 0
1641712626434 0.9963333333333333 0
1641712745648 0.92455 0
1641712755662 0.9671666666666666 0
1641712765990 0.9761833333333333 0
1641712776065 0.9814333333333334 0
1641712786708 0.9864333333333334 0
1641712796512 0.9861 0
1641712806711 0.9886333333333334 0
1641712817570 0.9910333333333333 0
1641712827728 0.9919833333333333 0
1641712838838 0.99255 0
1641712849032 0.9922166666666666 0
1641712859209 0.9929333333333333 0
1641712869915 0.99425 0
1641712880144 0.99545 0
1641712890365 0.99425 0
1641712900600 0.9956666666666667 0
1641712910969 0.9953 0
1641712921423 0.9955833333333334 0
1641712931356 0.9961166666666667 0
1641712941856 0.9965833333333334 0
1641713072187 0.9243333333333333 0
1641713082729 0.9643833333333334 0
1641713092497 0.9757833333333333 0
1641713104980 0.9817166666666667 0
1641713114862 0.985 0
1641713124864 0.9869666666666667 0
1641713135387 0.9884833333333334 0
1641713145348 0.9906166666666667 0
1641713155497 0.9913 0
1641713165659 0.9926333333333334 0
1641713176423 0.9923166666666666 0
1641713186766 0.9936833333333334 0
1641713196870 0.9944333333333333 0
1641713207762 0.9934833333333334 0
1641713218379 0.9944666666666667 0
1641713229029 0.9957333333333334 0
1641713239062 0.9974333333333333 0
1641713249017 0.9940833333333333 0
1641713260232 0.9954166666666666 0
1641713270507 0.9972333333333333 0
1641713417377 0.9244833333333333 0
1641713427244 0.9660166666666666 0
1641713437349 0.9761333333333333 0
1641713447760 0.9816 0
1641713457608 0.9848833333333333 0
1641713467915 0.9882 0
1641713477930 0.9883333333333333 0
1641713488761 0.9906166666666667 0
1641713498899 0.9920833333333333 0
1641713509272 0.9924666666666667 0
1641713520048 0.99205 0
1641713530348 0.9938833333333333 0
1641713540495 0.9940333333333333 0
1641713551147 0.9947666666666667 0
1641713561280 0.99435 0
1641713571340 0.9943666666666666 0
1641713581618 0.9956833333333334 0
1641713591879 0.9968833333333333 0
1641713601978 0.9958333333333333 0
1641713611916 0.9957166666666667 0
1641713749530 0.9248666666666666 0
1641713760136 0.9659833333333333 0
1641713770300 0.9760166666666666 0
1641713780216 0.9816166666666667 0
1641713790520 0.9845 0
1641713800990 0.9873666666666666 0
1641713811046 0.9892 0
1641713821257 0.99005 0
1641713831407 0.99115 0
1641713842174 0.9923 0
1641713852399 0.9925 0
1641713863042 0.9938333333333333 0
1641713872882 0.9942 0
1641713883429 0.9945333333333334 0
1641713893310 0.9947666666666667 0
1641713903371 0.99605 0
1641713914530 0.9956333333333334 0
1641713925327 0.9952166666666666 0
1641713937250 0.9966833333333334 0
1641713947870 0.9963166666666666 0
1641714084641 0.9262 0
1641714095153 0.9669666666666666 0
1641714105413 0.9763333333333334 0
1641714115613 0.9822333333333333 0
1641714125356 0.9850833333333333 0
1641714135398 0.98745 0
1641714146000 0.9897833333333333 0
1641714155930 0.99065 0
1641714166125 0.9926333333333334 0
1641714176372 0.9917 0
1641714187260 0.9936 0
1641714197471 0.99275 0
1641714207311 0.9942666666666666 0
1641714217564 0.9950833333333333 0
1641714227875 0.9946166666666667 0
1641714238004 0.99525 0
1641714248125 0.9955833333333334 0
1641714258733 0.997 0
1641714269144 0.9947 0
1641714279607 0.9966666666666667 0
1641714427519 0.9254333333333333 0
1641714437577 0.9660166666666666 0
1641714447694 0.9758833333333333 0
1641714458365 0.9803833333333334 0
1641714468631 0.9844333333333334 0
1641714478759 0.9876166666666667 0
1641714488679 0.9895 0
1641714499147 0.9906 0
1641714509333 0.9911 0
1641714519170 0.9925 0
1641714529402 0.9932666666666666 0
1641714540170 0.99325 0
1641714550214 0.99375 0
1641714560103 0.9950833333333333 0
1641714570268 0.9954 0
1641714580305 0.9952333333333333 0
1641714591097 0.9955 0
1641714601637 0.9954166666666666 0
1641714611617 0.9962833333333333 0
1641714621936 0.9963 0
1641714760888 0.9275 0
1641714770706 0.9664833333333334 0
1641714780696 0.9759166666666667 0
1641714790878 0.9822833333333333 0
1641714800829 0.98605 0
1641714811288 0.9869 0
1641714821614 0.9898333333333333 0
1641714832499 0.9902333333333333 0
1641714843173 0.9915833333333334 0
1641714852972 0.99265 0
1641714863463 0.9927666666666667 0
1641714873869 0.9933166666666666 0
1641714883655 0.9939166666666667 0
1641714893815 0.9943 0
1641714904745 0.9954166666666666 0
1641714915464 0.99575 0
1641714925404 0.99475 0
1641714935540 0.99655 0
1641714946065 0.9962833333333333 0
1641714956097 0.9961666666666666 0
1641715098545 0.9254833333333333 0
1641715108635 0.96785 0
1641715118663 0.9764333333333334 0
1641715129371 0.9821 0
1641715139475 0.9852833333333333 0
1641715149753 0.98775 0
1641715159990 0.9888 0
1641715170016 0.9908833333333333 0
1641715179986 0.99275 0
1641715190652 0.9913166666666666 0
1641715200972 0.9941 0
1641715211080 0.9932333333333333 0
1641715221682 0.9941333333333333 0
1641715232001 0.9951333333333333 0
1641715242121 0.99505 0
1641715252255 0.99445 0
1641715262680 0.9963833333333333 0
1641715273009 0.9957666666666667 0
1641715283413 0.99595 0
1641715293696 0.9964 0
1641715443453 0.927 0
1641715453821 0.9674 0
1641715464012 0.9757666666666667 0
1641715475022 0.9825166666666667 0
1641715485303 0.98555 0
1641715497010 0.9872166666666666 0
1641715507631 0.98975 0
1641715517873 0.9906 0
1641715527757 0.9910333333333333 0
1641715537634 0.9933333333333333 0
1641715547696 0.9926333333333334 0
1641715558742 0.9931 0
1641715568803 0.9934833333333334 0
1641715579855 0.99425 0
1641715590258 0.9957666666666667 0
1641715600580 0.9957166666666667 0
1641715610903 0.9954333333333333 0
1641715621500 0.9955666666666667 0
1641715631871 0.9952666666666666 0
1641715642116 0.9971833333333333 0
1641715797720 0.9249 0
1641715808052 0.9663833333333334 0
1641715818207 0.9754 0
1641715828301 0.9817666666666667 0
1641715838309 0.9846833333333334 0
1641715848572 0.9869666666666667 0
1641715859258 0.9885666666666667 0
1641715869363 0.9898333333333333 0
1641715879672 0.99205 0
1641715889867 0.9921166666666666 0
1641715899986 0.9925666666666667 0
1641715910327 0.9942333333333333 0
1641715920786 0.9939833333333333 0
1641715930918 0.9949333333333333 0
1641715940922 0.9950833333333333 0
1641715950921 0.9953666666666666 0
1641715961463 0.9953666666666666 0
1641715971823 0.9954333333333333 0
1641715982002 0.9972666666666666 0
1641715992328 0.9961833333333333 0
1641716155634 0.92465 0
1641716165797 0.9657166666666667 0
1641716176005 0.9757333333333333 0
1641716186878 0.9821166666666666 0
1641716197257 0.9850166666666667 0
1641716207506 0.98735 0
1641716217421 0.9889666666666667 0
1641716227756 0.9895166666666667 0
1641716237987 0.9917 0
1641716248396 0.9926 0
1641716258684 0.9924166666666666 0
1641716268648 0.99385 0
1641716279084 0.9943666666666666 0
1641716289095 0.9949 0
1641716299549 0.9955833333333334 0
1641716309736 0.995 0
1641716319858 0.9942 0
1641716329944 0.9963833333333333 0
1641716340197 0.99575 0
1641716350458 0.9961833333333333 0
1641716511477 0.9256666666666666 0
1641716521330 0.96525 0
1641716531456 0.9763833333333334 0
1641716541468 0.97975 0
1641716551412 0.9857166666666667 0
1641716561558 0.988 0
1641716572224 0.9890666666666666 0
1641716582932 0.9897333333333334 0
1641716593076 0.9914333333333334 0
1641716603226 0.9910166666666667 0
1641716613843 0.9930333333333333 0
1641716623834 0.9937 0
1641716633900 0.9935 0
1641716644317 0.9947833333333334 0
1641716654800 0.99485 0
1641716665166 0.9936 0
1641716675272 0.9961166666666667 0
1641716685057 0.9963333333333333 0
1641716695500 0.9958333333333333 0
1641716705918 0.9966333333333334 0
1641716873775 0.9244166666666667 0
1641716884281 0.9651833333333333 0
1641716894237 0.9758166666666667 0
1641716905011 0.9809 0
1641716914779 0.9844833333333334 0
1641716925098 0.988 0
1641716935213 0.9882333333333333 0
1641716945751 0.98975 0
1641716955645 0.9920166666666667 0
1641716967146 0.9927833333333334 0
1641716977265 0.9925666666666667 0
1641716987400 0.9934833333333334 0
1641716997712 0.9933666666666666 0
1641717008032 0.9945166666666667 0
1641717018231 0.99535 0
1641717028516 0.9949833333333333 0
1641717039000 0.99485 0
1641717050112 0.9950333333333333 0
1641717060285 0.99635 0
1641717070696 0.99645 0
1641717237772 0.9245666666666666 0
1641717247955 0.9664166666666667 0
1641717257942 0.9768166666666667 0
1641717267840 0.98225 0
1641717277875 0.9849166666666667 0
1641717288403 0.9872166666666666 0
1641717300348 0.99015 0
1641717310080 0.9904666666666667 0
1641717321234 0.9910333333333333 0
1641717333002 0.9923833333333333 0
1641717342982 0.99315 0
1641717354620 0.9935333333333334 0
1641717365182 0.9941166666666666 0
1641717375998 0.99375 0
1641717386524 0.99515 0
1641717397228 0.9957 0
1641717407117 0.99555 0
1641717417468 0.9959166666666667 0
1641717427931 0.9961333333333333 0
1641717438292 0.9956833333333334 0
1641717619463 0.9224166666666667 0
1641717630519 0.9645666666666667 0
1641717640561 0.975 0
1641717650795 0.9811833333333333 0
1641717661238 0.9852166666666666 0
1641717671902 0.98735 0
1641717682448 0.98855 0
1641717692688 0.9908166666666667 0
1641717703059 0.9908166666666667 0
1641717713615 0.9922666666666666 0
1641717723547 0.99365 0
1641717733429 0.99395 0
1641717744292 0.9940666666666667 0
1641717754314 0.9934166666666666 0
1641717764684 0.9949833333333333 0
1641717774812 0.9938833333333333 0
1641717784999 0.9961666666666666 0
1641717794954 0.9967333333333334 0
1641717804957 0.9949166666666667 0
1641717815498 0.9964 0
1641717988811 0.92355 0
1641717999330 0.96695 0
1641718010151 0.9754666666666667 0
1641718020281 0.9807 0
1641718030474 0.9845333333333334 0
1641718040740 0.988 0
1641718050841 0.9888833333333333 0
1641718060745 0.9913166666666666 0
1641718071116 0.9907666666666667 0
1641718081508 0.9923166666666666 0
1641718091611 0.9918 0
1641718101869 0.994 0
1641718112294 0.9950666666666667 0
1641718122804 0.9938666666666667 0
1641718133561 0.9947 0
1641718143707 0.9952 0
1641718154118 0.9957833333333334 0
1641718164516 0.9955833333333334 0
1641718174604 0.99615 0
1641718185007 0.9958666666666667 0
1641718361172 0.92645 0
1641718371023 0.96655 0
1641718381307 0.9747 0
1641718391618 0.98065 0
1641718401671 0.9850333333333333 0
1641718412711 0.9879333333333333 0
1641718423692 0.98995 0
1641718433857 0.9898666666666667 0
1641718444055 0.9906666666666667 0
1641718453968 0.9926 0
1641718464227 0.99295 0
1641718474503 0.9932333333333333 0
1641718484282 0.9937833333333334 0
1641718494558 0.9947166666666667 0
1641718504635 0.9947666666666667 0
1641718514871 0.9955 0
1641718525096 0.9952666666666666 0
1641718535164 0.9957 0
1641718545249 0.9961666666666666 0
1641718555861 0.9969 0
1641718734147 0.9256833333333333 0
1641718743971 0.9651333333333333 0
1641718754279 0.9761 0
1641718764299 0.9820166666666666 0
1641718774448 0.9845333333333334 0
1641718784428 0.9872833333333333 0
1641718794911 0.98845 0
1641718805777 0.98975 0
1641718816195 0.99225 0
1641718826510 0.9914833333333334 0
1641718836773 0.9930666666666667 0
1641718847361 0.9939166666666667 0
1641718857275 0.9938333333333333 0
1641718867441 0.9940666666666667 0
1641718877468 0.99485 0
1641718888269 0.9952333333333333 0
1641718898351 0.9964 0
1641718908694 0.99525 0
1641718919147 0.9965833333333334 0
1641718929686 0.9956833333333334 0
1641719126659 0.92505 0
1641719136577 0.9629666666666666 0
1641719146554 0.9756833333333333 0
1641719157141 0.98255 0
1641719167251 0.9844833333333334 0
1641719177429 0.9877166666666667 0
1641719187609 0.9875166666666667 0
1641719197297 0.99165 0
1641719208460 0.9908833333333333 0
1641719218713 0.9912 0
1641719229435 0.9927 0
1641719239688 0.9937666666666667 0
1641719249625 0.9949833333333333 0
1641719259479 0.9934 0
1641719270258 0.9956666666666667 0
1641719282118 0.9943833333333333 0
1641719292374 0.99425 0
1641719304004 0.9961 0
1641719313604 0.9962 0
1641719324359 0.9964166666666666 0
1641719512351 0.9278 0
1641719522494 0.9676166666666667 0
1641719532743 0.97605 0
1641719542816 0.9824 0
1641719552758 0.9848666666666667 0
1641719562883 0.9883666666666666 0
1641719572776 0.9893333333333333 0
1641719583896 0.9901166666666666 0
1641719593880 0.9912333333333333 0
1641719603614 0.9931333333333333 0
1641719613780 0.9926333333333334 0
1641719623787 0.9942833333333333 0
1641719634232 0.9932833333333333 0
1641719644279 0.9951166666666666 0
1641719655008 0.9945666666666667 0
1641719664991 0.9964 0
1641719675182 0.9955333333333334 0
1641719685384 0.9961333333333333 0
1641719695528 0.9961333333333333 0
1641719705717 0.9962166666666666 0
1641719902003 0.9262333333333334 0
1641719912199 0.9667 0
1641719922449 0.9756166666666667 0
1641719933322 0.9814833333333334 0
1641719943071 0.9855166666666667 0
1641719953311 0.98695 0
1641719963194 0.9887833333333333 0
1641719973235 0.9906 0
1641719983225 0.99275 0
1641719993649 0.9919 0
1641720003414 0.9929166666666667 0
1641720013439 0.9944333333333333 0
1641720024416 0.9938 0
1641720034483 0.9949166666666667 0
1641720044628 0.9936333333333334 0
1641720054793 0.99515 0
1641720065023 0.9955666666666667 0
1641720074984 0.9951 0
1641720085189 0.9959 0
1641720095163 0.9956666666666667 0
1641720293340 0.9249833333333334 0
1641720304172 0.9653166666666667 0
1641720315442 0.9760666666666666 0
1641720326028 0.9809166666666667 0
1641720336046 0.9842 0
1641720347256 0.9877 0
1641720358535 0.9889166666666667 0
1641720369178 0.9900666666666667 0
1641720380234 0.9917 0
1641720390052 0.9923166666666666 0
1641720400398 0.9923 0
1641720410967 0.9937333333333334 0
1641720421408 0.99405 0
1641720431487 0.9957 0
1641720441760 0.9928333333333333 0
1641720451694 0.99495 0
1641720462144 0.9957666666666667 0
1641720472253 0.9955833333333334 0
1641720481979 0.9961 0
1641720492236 0.9963833333333333 0
