1651690625620 0.6402433835983277 0
1651690628384 0.4042179752588272 0
1651690631161 0.2544682237863541 0
1651690634028 0.19848578625917435 0
1651690637042 0.17430462629795074 0
1651690639812 0.14616024058461188 0
1651690642596 0.15320503435134888 0
1651690645390 0.13217853433191776 0
1651690648221 0.13747981941699983 0
1651690651061 0.08041172598004341 0
1651690653935 0.13238063499927522 0
1651690656659 0.16094140411317348 0
1651690659517 0.06866795193254947 0
1651690662435 0.055356549637019636 0
1651690665265 0.03466037465780973 0
1651690668071 0.07079116936326027 0
1651690670971 0.09439542135298253 0
1651690673751 0.04733427069820464 0
1651690676477 0.05771673080027103 0
1651690679146 0.11389370633661747 0
1651690681873 0.22085349975824356 0
1651690684740 0.05632904047369957 0
1651690687502 0.03520831160852685 0
1651690690209 0.02851904444694519 0
1651690692933 0.022015974941989407 0
1651690695650 0.02922865372300148 0
1651690698506 0.026297911584936082 0
1651690701369 0.055923095837235454 0
1651690704270 0.025922112688422202 0
1651690706985 0.016104143172036855 0
1651690709897 0.02068723083175719 0
1651690712625 0.06298003930244594 0
1651690715261 0.07705550606623292 0
1651690717969 0.02702782265096903 0
1651690720843 0.013294197775050998 0
1651690723625 0.012631018624012358 0
1651690726459 0.008026920696999878 0
1651690729271 0.045472346767503766 0
1651690732053 0.040882458873838186 0
1651690735069 0.0331597606934607 0
1651690737921 0.018597096049576066 0
1651690740786 0.05250656557367183 0
1651690743636 0.02929006441468373 0
1651690746387 0.020773052229173482 0
1651690749110 0.03123940944429487 0
1651690751954 0.007495703557319939 0
1651690754741 0.013621011020801961 0
1651690757531 0.041265055327489975 0
1651690760341 0.045222816171869636 0
1651690763089 0.040039516971935515 0
1651690768107 0.5663266995429993 0
1651690772903 0.400217373752594 0
1651690777840 0.30126095764636995 0
1651690782670 0.24094991335868834 0
1651690787535 0.20309189640283584 0
1651690792401 0.16370925183296203 0
1651690797292 0.1502069772720337 0
1651690802171 0.1344193847298622 0
1651690807219 0.12340882871448994 0
1651690812203 0.13054289426505566 0
1651690817073 0.08494321606587618 0
1651690822000 0.07080725182890892 0
1651690826875 0.08087582365088165 0
1651690831616 0.06407932043373585 0
1651690836691 0.0774085161164403 0
1651690841477 0.08915330557823181 0
1651690846399 0.04936825437247753 0
1651690851459 0.045298364116996524 0
1651690856358 0.03827316463254392 0
1651690861274 0.06368331303447484 0
1651690866162 0.05148725671377033 0
1651690871061 0.06257230176478625 0
1651690875894 0.06372446024492383 0
1651690880908 0.030372941302508116 0
1651690885833 0.022067780612409115 0
1651690890816 0.03204574867151678 0
1651690895848 0.029549440915882588 0
1651690900830 0.08270846366491169 0
1651690905638 0.04274089749343693 0
1651690910660 0.029016074068285526 0
1651690915524 0.04697775872981874 0
1651690920442 0.05150553061906248 0
1651690925599 0.03919951956421137 0
1651690930414 0.034148764949198815 0
1651690935377 0.022750283012446016 0
1651690940329 0.06049021826907992 0
1651690945406 0.03546934676803649 0
1651690950289 0.04315057005099952 0
1651690955216 0.024670582257211207 0
1651690960333 0.04065385088436305 0
1651690965282 0.06432277244701981 0
1651690970331 0.011475098027847708 0
1651690975206 0.01707625015405938 0
1651690980159 0.02270442039752379 0
1651690985065 0.02603849715925753 0
1651690990051 0.02659813193953596 0
1651690994889 0.012766960193030537 0
1651690999759 0.02552509207930416 0
1651691004587 0.036304242516309024 0
1651691009662 0.028950211722496896 0
1651691017257 0.40629016087849934 0
1651691024233 0.27766769596735635 0
1651691031632 0.2330933043797811 0
1651691038806 0.18792069221735 0
1651691046044 0.15612801525592804 0
1651691053580 0.1377903948009014 0
1651691060877 0.11967990177546939 0
1651691068214 0.09654291007369757 0
1651691075449 0.0822002816726764 0
1651691082974 0.0878519361992677 0
1651691090012 0.0886287319213152 0
1651691097143 0.04922453572998444 0
1651691104237 0.055226531808574994 0
1651691111602 0.049752292876442276 0
1651691118680 0.05688129026641448 0
1651691125921 0.0636013918230931 0
1651691133389 0.043303921870142224 0
1651691140739 0.07718192818642905 0
1651691147873 0.05333098840713501 0
1651691154684 0.03464891147067149 0
1651691161824 0.04532583731301129 0
1651691168996 0.035945239844561244 0
1651691176191 0.04363138332323482 0
1651691183367 0.057223592731853325 0
1651691190537 0.041909978860182065 0
1651691197769 0.03845282458454991 0
1651691204995 0.03486392004812757 0
1651691211819 0.02866908037979156 0
1651691219181 0.0397720658033931 0
1651691226580 0.047459748820960525 0
1651691233525 0.03180145224978526 0
1651691240649 0.03699926271773875 0
1651691247682 0.03331845954594513 0
1651691255022 0.03204408076961214 0
1651691261980 0.030074357471987605 0
1651691269139 0.026721016964161147 0
1651691276239 0.021804090921363484 0
1651691283414 0.05500351112596691 0
1651691290611 0.037771929103632765 0
1651691297640 0.0349829223698626 0
1651691304809 0.03499923401381821 0
1651691311851 0.022540600253796825 0
1651691318933 0.027582886575193456 0
1651691326125 0.02536804893729277 0
1651691333089 0.02601178259344306 0
1651691340413 0.028106359917728696 0
1651691347559 0.03627436477687443 0
1651691354903 0.03253673879206181 0
1651691362333 0.02043795477884511 0
1651691369513 0.020114201802543055 0
1651691379591 0.2230634800359607 0
1651691389190 0.12619867715835573 0
1651691398942 0.09916293833330274 0
1651691408604 0.08481121848672628 0
1651691418211 0.06952104584667831 0
1651691427695 0.04761268852055073 0
1651691437099 0.054618048845045265 0
1651691446724 0.05237699734121561 0
1651691456608 0.053436023294134063 0
1651691466051 0.04365637439293787 0
1651691475843 0.03460532179782167 0
1651691485183 0.03785989698767662 0
1651691494765 0.03644619264584035 0
1651691504187 0.03921316585764289 0
1651691513659 0.04385319949877448 0
1651691523337 0.0390592595027294 0
1651691532801 0.041729728546272965 0
1651691542191 0.017411030957684853 0
1651691551940 0.018502347355452368 0
1651691561464 0.028763176347024272 0
1651691571162 0.03652748333630152 0
1651691580541 0.03918224781153258 0
1651691590343 0.03951701798936119 0
1651691599819 0.028035519922722598 0
1651691609315 0.034202528779418206 0
1651691618801 0.018207860583055298 0
1651691628612 0.032659303759771864 0
1651691638210 0.03049578783744946 0
1651691647849 0.020536395346245264 0
1651691657433 0.031535288970614785 0
1651691666907 0.03293366562342271 0
1651691676035 0.029303549912991004 0
1651691685349 0.031699330904870295 0
1651691694773 0.02460824891333468 0
1651691704067 0.013459425797595759 0
1651691713690 0.01240579658683855 0
1651691723344 0.04171529721517581 0
1651691732894 0.03880261120933574 0
1651691742578 0.0270232488427544 0
1651691752052 0.0204862215050729 0
1651691761581 0.028214405445568264 0
1651691771197 0.02439705030567129 0
1651691780822 0.023557725451979785 0
1651691790412 0.016401425888575613 0
1651691799748 0.037829549084603786 0
1651691809285 0.03171833871541894 0
1651691818767 0.01782784796913038 0
1651691828208 0.012824879714826966 0
1651691837623 0.021457951128913556 0
1651691847043 0.02948135829610692 0
1651691860100 0.26611599867343905 0
1651691872142 0.19272034852027892 0
1651691883892 0.1518837767004967 0
1651691895656 0.1177336730609648 0
1651691907642 0.10948077084705234 0
1651691919599 0.10165341555982828 0
1651691931681 0.07987980500400066 0
1651691943857 0.06416879182010889 0
1651691956146 0.06294395863160492 0
1651691968288 0.053973818699121476 0
1651691979940 0.05040882958244532 0
1651691991848 0.05638732176780701 0
1651692004208 0.043478348824754355 0
1651692016427 0.03271713491678238 0
1651692028361 0.025381330664567648 0
1651692040365 0.053957852154672144 0
1651692052008 0.03176442998005077 0
1651692064230 0.04275711878962815 0
1651692076201 0.03979256397642195 0
1651692088075 0.029482771373353898 0
1651692100431 0.03452856013957411 0
1651692112409 0.03199239093072712 0
1651692124241 0.0412766784998402 0
1651692136230 0.026493295149374752 0
1651692148413 0.021510577329769732 0
1651692160171 0.02377737572243903 0
1651692172142 0.029044412515629083 0
1651692184208 0.03282705001413822 0
1651692196264 0.030736813889993355 0
1651692208247 0.03697187809031457 0
1651692220139 0.029232640188345687 0
1651692232157 0.03167168385479599 0
1651692243965 0.017004775678159202 0
1651692255947 0.03813538359442726 0
1651692267773 0.021999792454508133 0
1651692279838 0.02797570073074661 0
1651692292121 0.029320029419709463 0
1651692304471 0.03204778537614271 0
1651692316293 0.029982659804942087 0
1651692328254 0.02186439902835991 0
1651692340570 0.025751262036580593 0
1651692352541 0.02610133786549792 0
1651692364424 0.03143323556542397 0
1651692376240 0.024107674722056837 0
1651692388359 0.026727465883446856 0
1651692400251 0.023268109402088448 0
1651692412640 0.018226631337418222 0
1651692424758 0.03240382216207683 0
1651692436873 0.0349836814935226 0
1651692448983 0.03335302788426401 0
