1651919363290 1.3779178230285645 0
1651919366434 0.9044974737167358 0
1651919369510 0.6280348814487458 0
1651919372560 0.47079621205329897 0
1651919375634 0.3599509940624237 0
1651919378803 0.29633840346336365 0
1651919381915 0.23227831473350524 0
1651919385074 0.18969112496376037 0
1651919388124 0.15694063999652863 0
1651919391271 0.1395419858932495 0
1651919395116 1.434846032333374 0
1651919398604 1.113544956111908 0
1651919402165 0.8796738536834717 0
1651919405695 0.7433007614135743 0
1651919409351 0.6098427846431732 0
1651919413117 0.5091707278490066 0
1651919416756 0.42886195092201235 0
1651919420425 0.3610713094234467 0
1651919424025 0.31031623497009275 0
1651919427596 0.28592381801605227 0
1651919431558 1.4845053016662597 0
1651919435244 1.1097500885009766 0
1651919438816 0.8684454162597657 0
1651919442531 0.6997632361412048 0
1651919446173 0.5963085313796997 0
1651919449747 0.4998149755835533 0
1651919453333 0.4272305656433105 0
1651919456897 0.38232102558612824 0
1651919460388 0.3221202089071274 0
1651919463894 0.27866098556518554 0
1651919468301 1.2847717069625855 0
1651919471927 0.6700168355941772 0
1651919475424 0.41996272716522215 0
1651919478983 0.3216322080612183 0
1651919482550 0.2606065233945847 0
1651919486211 0.19694951401352884 0
1651919489702 0.1579158645391464 0
1651919493371 0.1362606542572379 0
1651919496995 0.11375217056274414 0
1651919500574 0.10017068370580673 0
1651919505078 1.4972920106887817 0
1651919508728 1.2222695081710815 0
1651919512423 0.9996023801803589 0
1651919516055 0.8286323215484619 0
1651919519657 0.6677529737949371 0
1651919523236 0.5513576185464859 0
1651919526889 0.4434285416603088 0
1651919530472 0.4015034104824066 0
1651919534114 0.3231370457649231 0
1651919537668 0.29774492938518526 0
