1652429342293 0.2094 0
1652429347229 0.3102 0
1652429352166 0.3558 0
1652429356905 0.4048 0
1652429361777 0.4384 0
1652429366725 0.47 0
1652429371514 0.4972 0
1652429376471 0.528 0
1652429381497 0.5698 0
1652429386377 0.605 0
1652429391250 0.6388 0
1652429396221 0.6512 0
1652429401189 0.6746 0
1652429406051 0.7228 0
1652429411366 0.753 0
1652429416393 0.7742 0
1652429421272 0.808 0
1652429426125 0.8276 0
1652429431009 0.8424 0
1652429435974 0.8646 0
1652429440834 0.8844 0
1652429445795 0.8874 0
1652429450623 0.9004 0
1652429455690 0.9232 0
1652429460564 0.9112 0
1652429465399 0.9162 0
1652429470269 0.9048 0
1652429475115 0.9314 0
1652429479835 0.9322 0
1652429484830 0.9282 0
1652429489755 0.9272 0
1652429494711 0.9388 0
1652429499725 0.9158 0
1652429504829 0.9402 0
1652429509669 0.937 0
1652429514737 0.9428 0
1652429519503 0.9482 0
1652429524387 0.956 0
1652429529459 0.9432 0
1652429534434 0.9432 0
1652429539386 0.94 0
1652429544330 0.9502 0
1652429549162 0.9494 0
1652429554041 0.9396 0
1652429558917 0.9506 0
1652429563842 0.951 0
1652429568810 0.9616 0
1652429573840 0.9602 0
1652429578701 0.9472 0
1652429583629 0.9518 0
1652429592687 0.6127 0
1652429601413 0.6948 0
1652429610005 0.7339 0
1652429618703 0.7538 0
1652429627311 0.7697 0
1652429635815 0.8007 0
1652429644497 0.8057 0
1652429653252 0.8312 0
1652429661706 0.8468 0
1652429670427 0.8645 0
1652429679155 0.8706 0
1652429687574 0.8804 0
1652429696471 0.9015 0
1652429705135 0.894 0
1652429713980 0.9026 0
1652429722843 0.9099 0
1652429731460 0.9169 0
1652429739898 0.9193 0
1652429748663 0.9208 0
1652429757289 0.9223 0
1652429766004 0.919 0
1652429774673 0.9222 0
1652429783490 0.9297 0
1652429792038 0.9271 0
1652429800687 0.9259 0
1652429809323 0.9324 0
1652429818045 0.932 0
1652429826713 0.9333 0
1652429835322 0.9309 0
1652429844054 0.9345 0
1652429852690 0.9316 0
1652429861338 0.9344 0
1652429869995 0.939 0
1652429878554 0.9326 0
1652429887433 0.9342 0
1652429896211 0.9406 0
1652429904767 0.9435 0
1652429913618 0.9433 0
1652429922345 0.9347 0
1652429930922 0.9397 0
1652429939338 0.937 0
1652429947785 0.9394 0
1652429956561 0.9374 0
1652429965123 0.9366 0
1652429973681 0.9452 0
1652429982351 0.9427 0
1652429991047 0.9455 0
1652429999876 0.9336 0
1652430008644 0.9285 0
1652430017249 0.9417 0
1652430030310 0.7072 0
1652430043025 0.7609333333333334 0
1652430055503 0.7832666666666667 0
1652430068084 0.8032666666666667 0
1652430080557 0.8175333333333333 0
1652430093312 0.8214666666666667 0
1652430105951 0.8368666666666666 0
1652430118531 0.8459333333333333 0
1652430131027 0.8532 0
1652430143529 0.8660666666666667 0
1652430156200 0.868 0
1652430168935 0.8739333333333333 0
1652430181437 0.8828666666666667 0
1652430193989 0.8931333333333333 0
1652430206313 0.8935333333333333 0
1652430218855 0.8997333333333334 0
1652430231363 0.8944666666666666 0
1652430243978 0.8965333333333333 0
1652430256688 0.9083333333333333 0
1652430269366 0.9064 0
1652430282088 0.9123333333333333 0
1652430294686 0.9144666666666666 0
1652430307387 0.9088 0
1652430319827 0.9129333333333334 0
1652430332294 0.9157333333333333 0
1652430344821 0.9151333333333334 0
1652430357563 0.9152 0
1652430370310 0.9164666666666667 0
1652430382874 0.9216 0
1652430395709 0.9178666666666667 0
1652430408490 0.9274 0
1652430421128 0.9210666666666667 0
1652430433753 0.9169333333333334 0
1652430446557 0.9184666666666667 0
1652430459118 0.9288666666666666 0
1652430471611 0.927 0
1652430484222 0.9239333333333334 0
1652430496869 0.9204666666666667 0
1652430509362 0.9284 0
1652430521983 0.9233333333333333 0
1652430534804 0.9241333333333334 0
1652430547359 0.9244666666666667 0
1652430560124 0.9267333333333333 0
1652430572595 0.9368666666666666 0
1652430585365 0.9216 0
1652430597836 0.9228 0
1652430610334 0.9278666666666666 0
1652430623108 0.93 0
1652430635717 0.9249333333333334 0
1652430648601 0.9303333333333333 0
1652430666391 0.77385 0
1652430683098 0.8094 0
1652430699755 0.8279 0
1652430716782 0.8385 0
1652430733912 0.84535 0
1652430750564 0.8552 0
1652430767285 0.86535 0
1652430784090 0.86855 0
1652430800858 0.87075 0
1652430817812 0.8713 0
1652430834566 0.8745 0
1652430851483 0.8801 0
1652430868389 0.88785 0
1652430884870 0.89805 0
1652430901663 0.89045 0
1652430918807 0.89205 0
1652430935703 0.9009 0
1652430952292 0.89925 0
1652430969150 0.9026 0
1652430986073 0.9017 0
1652431002669 0.9064 0
1652431019635 0.9074 0
1652431036294 0.9066 0
1652431053082 0.9053 0
1652431069861 0.89855 0
1652431086819 0.91565 0
1652431103724 0.90875 0
1652431120419 0.91185 0
1652431137474 0.9141 0
1652431154532 0.90985 0
1652431171682 0.91135 0
1652431188415 0.91705 0
1652431205266 0.91235 0
1652431222083 0.90545 0
1652431238918 0.9161 0
1652431255854 0.92125 0
1652431272672 0.91575 0
1652431289579 0.91175 0
1652431306592 0.91885 0
1652431323392 0.91565 0
1652431339984 0.9187 0
1652431356849 0.91625 0
1652431373768 0.9218 0
1652431391033 0.91585 0
1652431408052 0.91625 0
1652431424677 0.91435 0
1652431441640 0.91685 0
1652431458205 0.92085 0
1652431474849 0.923 0
1652431491579 0.91585 0
1652431514796 0.78596 0
1652431536168 0.81892 0
1652431557498 0.82588 0
1652431578908 0.82848 0
1652431600168 0.83692 0
1652431621510 0.84332 0
1652431642959 0.84376 0
1652431664515 0.85064 0
1652431685721 0.85428 0
1652431707124 0.85732 0
1652431728265 0.86772 0
1652431749607 0.86092 0
1652431771325 0.8662 0
1652431792863 0.86664 0
1652431814181 0.87496 0
1652431835568 0.87972 0
1652431857132 0.8812 0
1652431878471 0.88192 0
1652431899553 0.882 0
1652431921113 0.88316 0
1652431942622 0.88304 0
1652431963464 0.89 0
1652431984930 0.89124 0
1652432006569 0.88864 0
1652432027708 0.88832 0
1652432049133 0.90128 0
1652432070564 0.89088 0
1652432091731 0.89504 0
1652432113320 0.89804 0
1652432134556 0.9024 0
1652432155868 0.89568 0
1652432177413 0.89968 0
1652432198448 0.9004 0
1652432219790 0.89872 0
1652432240930 0.90024 0
1652432262339 0.902 0
1652432283386 0.90236 0
1652432304863 0.90912 0
1652432326225 0.89728 0
1652432347684 0.8998 0
1652432369194 0.9048 0
1652432390389 0.90088 0
1652432411661 0.90256 0
1652432433284 0.9012 0
1652432454780 0.91108 0
1652432476291 0.90188 0
1652432497663 0.90544 0
1652432518828 0.90732 0
1652432540253 0.90444 0
1652432561993 0.90752 0
