1654745102800 0.7557881716935824 0
1654745117036 0.08388444181356165 0
1654745131103 0.023576210735231695 0
1654745145419 0.013233174673184316 0
1654745159669 0.009077538324909958 0
1654745173975 0.006543498059158393 0
1654745188417 0.005176922553097778 0
1654745202391 0.0031083636695015625 0
1654745216666 0.0031058888568494393 0
1654745230724 0.0026415167898725714 0
1654745244993 0.0026415764152904198 0
1654745259286 0.0022473383721158782 0
1654745273418 0.0029392384169024273 0
1654745287933 0.0020334953342268005 0
1654745302127 0.001508520821594952 0
1654745316298 0.0008942722028753593 0
1654745330458 0.0007941690511365095 0
1654745343971 0.0008224627257309142 0
1654745358001 0.0008914555130959927 0
1654745371389 0.0008141680129186016 0
1654745384887 0.0006266019646973955 0
1654745398470 0.0005709426225034748 0
1654745411927 0.0006117525540156684 0
1654745425488 0.0005941928582810209 0
1654745439293 0.003317609787770823 0
1654745453217 0.0007286647357426661 0
1654745466740 0.0006309984732725561 0
1654745480352 0.0005490100247264704 0
1654745494095 0.0006015801541135404 0
1654745507944 0.0007639730538035938 0
1654745529452 0.38415080826944364 0
1654745546801 0.0371101237537573 0
1654745564526 0.01567995508236039 0
1654745582261 0.007248790117254461 0
1654745599599 0.008726789624632475 0
1654745617131 0.0038465427387010262 0
1654745634723 0.0029772498993435492 0
1654745652109 0.004096983440319074 0
1654745669678 0.0018515459119843366 0
1654745687141 0.0021608158520981242 0
1654745704943 0.001414745627165963 0
1654745722056 0.0015677014673875318 0
1654745739760 0.0017504812678008537 0
1654745757491 0.0009564070442598431 0
1654745774691 0.0008220000725826738 0
1654745792184 0.0011620126470591806 0
1654745809673 0.0007908675619870624 0
1654745827257 0.0006771430295634563 0
1654745844904 0.000637366937635682 0
1654745862492 0.0008354989933226689 0
1654745879914 0.0005866308141860404 0
1654745897747 0.0006315098702877207 0
1654745915062 0.0005066154600564633 0
1654745932510 0.0004942251317834629 0
1654745950151 0.00045559645683074755 0
1654745967484 0.0004372802756521852 0
1654745984811 0.00040727604268314763 0
1654746002122 0.0008688881062165319 0
1654746019966 0.00045372081708153027 0
1654746037382 0.000438021525612172 0
1654746063308 0.2646938790493251 0
1654746080785 0.028132177313523892 0
1654746098142 0.01413528014397233 0
1654746115915 0.007339710924157592 0
1654746133443 0.004612453131514928 0
1654746150944 0.003042362380060927 0
1654746168360 0.002036137115632648 0
1654746186108 0.0031300404559533148 0
1654746203848 0.0035688084045072043 0
1654746221561 0.002987397647662895 0
1654746239080 0.002350267097875101 0
1654746256411 0.0016643190542793274 0
1654746273889 0.001217741673247401 0
1654746291505 0.0011460335838449891 0
1654746308813 0.0012152322533739634 0
1654746326209 0.0016185942808040457 0
1654746343804 0.0006894190702115889 0
1654746361288 0.0006424941090693069 0
1654746378732 0.0006056584219517268 0
1654746396373 0.0005664348085815742 0
1654746413938 0.0005324069278810071 0
1654746431436 0.0005312369596912977 0
1654746448918 0.0006276386576732969 0
1654746466498 0.0009663854394636789 0
1654746483941 0.001800435592800517 0
1654746501798 0.002642255064188648 0
1654746519543 0.0006372317973874072 0
1654746537096 0.00045628429859807405 0
1654746554876 0.0005115015452339879 0
1654746572385 0.0007285210527366861 0
1654746603059 0.36114616898323926 0
1654746620664 0.05700598963885921 0
1654746637966 0.028143146695832344 0
1654746655448 0.014861365991236225 0
1654746673075 0.011644616323873952 0
1654746690576 0.006666770909690926 0
1654746708554 0.0031971437858531715 0
1654746726310 0.004491566886276509 0
1654746744184 0.006518238606162961 0
1654746761702 0.00225951453445512 0
1654746779545 0.004572339489953813 0
1654746797158 0.0030899127130043676 0
1654746814724 0.002960062899944198 0
1654746832180 0.002249708711775387 0
1654746850123 0.0012841891856432603 0
1654746867975 0.002518153146574056 0
1654746885340 0.001744221618357795 0
1654746903015 0.000786914073715575 0
1654746920900 0.0011861167665756787 0
1654746938422 0.000656591452476882 0
1654746956272 0.0009443708079507865 0
1654746973808 0.00047000263980123864 0
1654746991746 0.000449771305348209 0
1654747009392 0.00041279136912734574 0
1654747027124 0.00043227474968778756 0
1654747044942 0.0012008257271815712 0
1654747062702 0.00042582557286322795 0
1654747080368 0.0015768798114407158 0
1654747098218 0.0005924698774113499 0
1654747115892 0.00036156704259489644 0
1654747150797 0.24625462710076546 0
1654747168619 0.018509540629375695 0
1654747186258 0.007428594200416843 0
1654747204124 0.0075551517422309655 0
1654747222027 0.003605093859851881 0
1654747239695 0.001966574399093548 0
1654747257279 0.0015967711082161239 0
1654747275004 0.0013355826143654807 0
1654747292752 0.0011489847007879516 0
1654747310775 0.0011365181017856392 0
1654747328366 0.0009860418683725913 0
1654747346116 0.0008363979463876721 0
1654747363912 0.0007733046191291271 0
1654747381901 0.0007101123424903035 0
1654747399658 0.0006890269510370255 0
1654747417475 0.0006173005251497236 0
1654747435462 0.000587920808963783 0
1654747453371 0.0005453682006906117 0
1654747470989 0.001213089660756075 0
1654747488601 0.0009981306135443875 0
1654747506549 0.0010032759857529386 0
1654747524349 0.0007103349842938419 0
1654747542150 0.0004649849065071336 0
1654747559966 0.0004505157698308918 0
1654747577842 0.000400441430850485 0
1654747595406 0.0016109418234783815 0
1654747613330 0.00045377805182352855 0
1654747631045 0.00038113484148040943 0
1654747648556 0.0003585176795340572 0
1654747666044 0.00034477269710893375 0
