1654134429760 0.7598375068210756 0
1654134442889 0.9825986782271267 0
1654134455998 0.9970896744073243 0
1654134468807 0.9979991511550355 0
1654134481376 0.999514945734554 0
1654134494046 0.999514945734554 0
1654134506541 1.0 0
1654134519254 0.9993330503850119 0
1654134532157 0.9996968410840963 0
1654134544855 1.0 0
1654134601687 0.8787823661391062 0
1654134616944 0.9921169122551695 0
1654134631726 0.9973318779940573 0
1654134646630 0.9991510520890182 0
1654134661452 0.9987872172700261 0
1654134676498 0.9996968043175065 0
1654134691750 0.9998787217270027 0
1654134707096 0.9998180825905039 0
1654134722517 0.9994542477715117 0
1654134738188 1.0 0
1654134813936 0.9148175093973566 0
1654134831732 0.9943009579240936 0
1654134849675 0.9983024129986662 0
1654134866672 0.9983024129986662 0
1654134883837 0.9990905783921425 0
1654134900625 0.9998181156784285 0
1654134917553 0.9990905783921425 0
1654134934737 0.9989693221777616 0
1654134952020 0.9999393718928095 0
1654134968875 0.9996968594640475 0
1654135062316 0.8893268647665251 0
1654135082489 0.9852637962401456 0
1654135102749 0.9935112189205579 0
1654135122359 0.9948453608247423 0
1654135141365 0.9971497877501516 0
1654135160210 0.9996361431170406 0
1654135178897 0.9997574287446938 0
1654135197971 0.9986052152819891 0
1654135216993 0.9995755003032141 0
1654135235995 0.9986052152819891 0
1654135345415 0.9075084910237748 0
1654135366340 0.9956938379427462 0
1654135387955 0.998847646773411 0
1654135409287 0.9995754488112567 0
1654135430826 0.9992721979621543 0
1654135451876 0.9998180494905385 0
1654135473193 0.9986656962639495 0
1654135493844 0.9993934983017952 0
1654135514816 0.999757399320718 0
1654135536300 0.9999393498301795 0
