1645612951684 0.3332 0
1645612956808 0.546 0
1645612962101 0.6404 0
1645612967381 0.7364 0
1645612972596 0.7804 0
1645612977854 0.8572 0
1645612983132 0.8836 0
1645612988222 0.9112 0
1645612993376 0.9364 0
1645612998685 0.946 0
1645613003975 0.9572 0
1645613009099 0.9676 0
1645613014430 0.9524 0
1645613019604 0.9772 0
1645613024756 0.98 0
1645613029840 0.9816 0
1645613035015 0.9776 0
1645613040187 0.976 0
1645613045248 0.9728 0
1645613050387 0.9852 0
1645613056812 0.5776 0
1645613060857 0.7068 0
1645613064677 0.782 0
1645613068550 0.84 0
1645613072399 0.8932 0
1645613076125 0.9236 0
1645613079949 0.9492 0
1645613083734 0.9692 0
1645613087401 0.9748 0
1645613091067 0.98 0
1645613094889 0.9892 0
1645613098608 0.9956 0
1645613102429 0.9944 0
1645613106306 0.99 0
1645613110125 0.9876 0
1645613113835 0.9964 0
1645613117695 0.9948 0
1645613121530 0.996 0
1645613125306 0.9964 0
1645613129266 0.9932 0
1645613138179 0.5612 0
1645613142012 0.6816 0
1645613145649 0.7584 0
1645613149279 0.818 0
1645613153171 0.8608 0
1645613156932 0.9108 0
1645613160614 0.9412 0
1645613164571 0.9584 0
1645613168393 0.9744 0
1645613172207 0.9832 0
1645613176007 0.9884 0
1645613179902 0.994 0
1645613183775 0.9908 0
1645613187654 0.9948 0
1645613191651 0.9964 0
1645613195384 0.9932 0
1645613199177 0.9868 0
1645613203049 0.9892 0
1645613206835 0.9956 0
1645613210727 0.9952 0
