1651422860974 0.3652 0
1651422865151 0.5188 0
1651422869392 0.5764 0
1651422873700 0.6056 0
1651422877851 0.6424 0
1651422881968 0.6352 0
1651422886113 0.6512 0
1651422890227 0.6572 0
1651422894421 0.6632 0
1651422898581 0.68 0
1651422902793 0.6968 0
1651422907016 0.6856 0
1651422911107 0.7048 0
1651422915231 0.7012 0
1651422919313 0.7236 0
1651422923476 0.7188 0
1651422927685 0.7352 0
1651422931955 0.7228 0
1651422936164 0.7304 0
1651422940457 0.7432 0
1651422944743 0.744 0
1651422948910 0.7444 0
1651422953183 0.758 0
1651422957393 0.7564 0
1651422961503 0.7492 0
1651422965644 0.7708 0
1651422969868 0.7688 0
1651422974011 0.7676 0
1651422978221 0.77 0
1651422982410 0.7716 0
1651422986546 0.7692 0
1651422990686 0.766 0
1651422994742 0.7816 0
1651422998877 0.7808 0
1651423003095 0.7884 0
1651423007215 0.7744 0
1651423011427 0.7984 0
1651423015650 0.7988 0
1651423019919 0.7976 0
1651423024277 0.7808 0
1651423028647 0.796 0
1651423032763 0.784 0
1651423037074 0.802 0
1651423041350 0.804 0
1651423045497 0.8016 0
1651423049678 0.7884 0
1651423053811 0.7924 0
1651423058096 0.7928 0
1651423062381 0.8048 0
1651423066624 0.8072 0
1651423073298 0.2896 0
1651423076834 0.4052 0
1651423080318 0.4584 0
1651423083748 0.4836 0
1651423087327 0.5072 0
1651423090883 0.5088 0
1651423094452 0.5412 0
1651423098078 0.558 0
1651423101606 0.5412 0
1651423105165 0.5784 0
1651423108775 0.5608 0
1651423112297 0.5912 0
1651423115791 0.5784 0
1651423119249 0.6036 0
1651423122779 0.5964 0
1651423126319 0.6128 0
1651423129836 0.628 0
1651423133383 0.6092 0
1651423136914 0.6368 0
1651423140495 0.6308 0
1651423143964 0.6292 0
1651423147541 0.6448 0
1651423151152 0.6384 0
1651423154729 0.6332 0
1651423158236 0.6616 0
1651423161806 0.6488 0
1651423165392 0.6524 0
1651423168943 0.6708 0
1651423172503 0.6724 0
1651423176050 0.662 0
1651423179633 0.6776 0
1651423183174 0.6836 0
1651423186771 0.6808 0
1651423190314 0.6976 0
1651423193856 0.6916 0
1651423197410 0.6964 0
1651423200929 0.6892 0
1651423204480 0.6928 0
1651423207995 0.6908 0
1651423211496 0.7036 0
1651423215021 0.7136 0
1651423218549 0.6948 0
1651423222088 0.708 0
1651423225613 0.7096 0
1651423229135 0.7296 0
1651423232594 0.712 0
1651423236155 0.7188 0
1651423239771 0.7136 0
1651423243303 0.7092 0
1651423246782 0.7156 0
1651423256417 0.508 0
1651423260013 0.6456 0
1651423263605 0.6908 0
1651423267133 0.712 0
1651423270634 0.7572 0
1651423274135 0.7448 0
1651423277688 0.7532 0
1651423281224 0.774 0
1651423284774 0.7828 0
1651423288377 0.7896 0
1651423291879 0.7928 0
1651423295311 0.798 0
1651423298818 0.8004 0
1651423302442 0.8132 0
1651423305987 0.8032 0
1651423309559 0.8112 0
1651423313184 0.8168 0
1651423316773 0.8244 0
1651423320354 0.8224 0
1651423323780 0.8212 0
1651423327334 0.8324 0
1651423330935 0.836 0
1651423334436 0.8412 0
1651423338019 0.85 0
1651423341579 0.8348 0
1651423345106 0.8432 0
1651423348586 0.85 0
1651423352111 0.8512 0
1651423355657 0.8552 0
1651423359267 0.8512 0
1651423362713 0.8484 0
1651423366239 0.8548 0
1651423369733 0.856 0
1651423373211 0.88 0
1651423376810 0.8596 0
1651423380400 0.874 0
1651423383904 0.8676 0
1651423387384 0.8648 0
1651423390935 0.8744 0
1651423394459 0.8652 0
1651423397985 0.8736 0
1651423401519 0.8736 0
1651423404992 0.8756 0
1651423408576 0.8712 0
1651423412114 0.8776 0
1651423415733 0.88 0
1651423419225 0.876 0
1651423422734 0.89 0
1651423426162 0.882 0
1651423429684 0.8816 0
1651423442212 0.3392 0
1651423445766 0.5 0
1651423449349 0.5552 0
1651423452862 0.5972 0
1651423456431 0.608 0
1651423459938 0.628 0
1651423463502 0.6628 0
1651423467076 0.6596 0
1651423470608 0.6668 0
1651423474198 0.672 0
1651423477743 0.672 0
1651423481291 0.6812 0
1651423484823 0.682 0
1651423488396 0.6944 0
1651423492013 0.7144 0
1651423495586 0.7212 0
1651423499130 0.7204 0
1651423502629 0.7196 0
1651423506134 0.732 0
1651423509649 0.7216 0
1651423513239 0.744 0
1651423516680 0.732 0
1651423520239 0.736 0
1651423523763 0.744 0
1651423527330 0.72 0
1651423530878 0.7512 0
1651423534494 0.76 0
1651423538009 0.764 0
1651423541573 0.7676 0
1651423545095 0.7656 0
1651423548691 0.7724 0
1651423552154 0.7768 0
1651423555637 0.758 0
1651423559385 0.7648 0
1651423562877 0.7868 0
1651423566273 0.7744 0
1651423569859 0.7808 0
1651423573383 0.8032 0
1651423576906 0.7788 0
1651423580474 0.7872 0
1651423583995 0.7808 0
1651423587490 0.7888 0
1651423590991 0.8024 0
1651423594526 0.7992 0
1651423598046 0.8144 0
1651423601503 0.7928 0
1651423605006 0.8148 0
1651423608461 0.8032 0
1651423611970 0.8004 0
1651423615516 0.7924 0
1651423631080 0.4316 0
1651423634664 0.5956 0
1651423638153 0.6512 0
1651423641683 0.6804 0
1651423645209 0.7056 0
1651423648815 0.7336 0
1651423652382 0.7292 0
1651423656002 0.75 0
1651423659471 0.772 0
1651423663045 0.7804 0
1651423666609 0.7688 0
1651423670201 0.79 0
1651423673764 0.7756 0
1651423677299 0.7972 0
1651423680846 0.7976 0
1651423684400 0.8092 0
1651423687972 0.8092 0
1651423691542 0.8108 0
1651423695094 0.8116 0
1651423698707 0.81 0
1651423702268 0.8216 0
1651423705834 0.822 0
1651423709396 0.8412 0
1651423713012 0.8304 0
1651423716561 0.8404 0
1651423720088 0.8368 0
1651423723573 0.8416 0
1651423727125 0.8484 0
1651423730680 0.8436 0
1651423734226 0.8468 0
1651423737835 0.8584 0
1651423741417 0.856 0
1651423744897 0.8464 0
1651423748451 0.8508 0
1651423751977 0.864 0
1651423755539 0.8532 0
1651423759115 0.8564 0
1651423762713 0.8532 0
1651423766251 0.8636 0
1651423769776 0.872 0
1651423773338 0.864 0
1651423776918 0.8792 0
1651423780469 0.8604 0
1651423783998 0.8664 0
1651423787521 0.858 0
1651423791066 0.8764 0
1651423794660 0.8712 0
1651423798183 0.8712 0
1651423801743 0.868 0
1651423805265 0.8796 0
1651423823904 0.3984 0
1651423827472 0.544 0
1651423831037 0.5888 0
1651423834545 0.6336 0
1651423838097 0.632 0
1651423841692 0.6444 0
1651423845211 0.668 0
1651423848795 0.6832 0
1651423852358 0.694 0
1651423855897 0.6992 0
1651423859456 0.706 0
1651423862967 0.6996 0
1651423866520 0.7032 0
1651423870116 0.7128 0
1651423873684 0.7156 0
1651423877240 0.7204 0
1651423880745 0.736 0
1651423884315 0.7416 0
1651423887909 0.7384 0
1651423891416 0.744 0
1651423894879 0.7472 0
1651423898391 0.7424 0
1651423901771 0.7668 0
1651423905316 0.778 0
1651423908888 0.766 0
1651423912447 0.7636 0
1651423915996 0.7744 0
1651423919573 0.7748 0
1651423923119 0.7604 0
1651423926677 0.7756 0
1651423930142 0.7884 0
1651423933734 0.776 0
1651423937273 0.7976 0
1651423940852 0.7832 0
1651423944407 0.782 0
1651423947979 0.7976 0
1651423951513 0.7876 0
1651423955071 0.8 0
1651423958571 0.7864 0
1651423962094 0.8036 0
1651423965650 0.808 0
1651423969208 0.8084 0
1651423972776 0.8052 0
1651423976360 0.8104 0
1651423979894 0.8128 0
1651423983392 0.7992 0
1651423986957 0.8184 0
1651423990483 0.8068 0
1651423994028 0.8148 0
1651423997587 0.8124 0
1651424019414 0.4764 0
1651424023001 0.6024 0
1651424026584 0.6432 0
1651424030151 0.6692 0
1651424033765 0.7028 0
1651424037348 0.7032 0
1651424040949 0.7244 0
1651424044562 0.7312 0
1651424048112 0.7284 0
1651424051674 0.7444 0
1651424055118 0.7576 0
1651424058692 0.7472 0
1651424062305 0.762 0
1651424065862 0.7688 0
1651424069456 0.7552 0
1651424072964 0.7768 0
1651424076576 0.7848 0
1651424080152 0.7676 0
1651424083688 0.7796 0
1651424087166 0.782 0
1651424090700 0.7772 0
1651424094261 0.7996 0
1651424097781 0.7876 0
1651424101287 0.7872 0
1651424104844 0.7988 0
1651424108380 0.7944 0
1651424111832 0.8104 0
1651424115409 0.7912 0
1651424118914 0.7928 0
1651424122462 0.8024 0
1651424126062 0.8064 0
1651424129641 0.8 0
1651424133240 0.8108 0
1651424136805 0.8224 0
1651424140328 0.81 0
1651424143967 0.8156 0
1651424147576 0.8316 0
1651424151122 0.8348 0
1651424154705 0.8344 0
1651424158259 0.824 0
1651424161782 0.8288 0
1651424165359 0.8312 0
1651424168866 0.8252 0
1651424172416 0.8296 0
1651424175933 0.8212 0
1651424179446 0.834 0
1651424183090 0.8496 0
1651424186603 0.8252 0
1651424190143 0.8324 0
1651424193722 0.8368 0
1651424218528 0.3464 0
1651424222127 0.4788 0
1651424225724 0.5452 0
1651424229285 0.5716 0
1651424232853 0.6036 0
1651424236448 0.6132 0
1651424240057 0.6296 0
1651424243690 0.6376 0
1651424247314 0.65 0
1651424250879 0.6628 0
1651424254415 0.6572 0
1651424258004 0.676 0
1651424261503 0.6692 0
1651424265107 0.6888 0
1651424268740 0.6948 0
1651424272334 0.6976 0
1651424275898 0.7224 0
1651424279417 0.6888 0
1651424283030 0.7068 0
1651424286735 0.73 0
1651424290273 0.7284 0
1651424293848 0.7364 0
1651424297420 0.7256 0
1651424301016 0.7368 0
1651424304614 0.7328 0
1651424308153 0.7308 0
1651424311774 0.7408 0
1651424315357 0.7584 0
1651424318907 0.7556 0
1651424322453 0.762 0
1651424326104 0.7572 0
1651424329780 0.7464 0
1651424333424 0.772 0
1651424337009 0.7688 0
1651424340635 0.7644 0
1651424344244 0.7716 0
1651424347835 0.7656 0
1651424351416 0.7784 0
1651424355021 0.7684 0
1651424358599 0.7812 0
1651424362157 0.7784 0
1651424365722 0.7808 0
1651424369263 0.7808 0
1651424372823 0.7864 0
1651424376406 0.7904 0
1651424379969 0.7732 0
1651424383553 0.7816 0
1651424387097 0.792 0
1651424390682 0.7828 0
1651424394235 0.81 0
1651424422223 0.5076 0
1651424425877 0.6692 0
1651424429437 0.7036 0
1651424433083 0.7332 0
1651424436724 0.7404 0
1651424440398 0.7528 0
1651424444093 0.7504 0
1651424447713 0.7584 0
1651424451414 0.7804 0
1651424455074 0.776 0
1651424458698 0.7752 0
1651424462344 0.7864 0
1651424466014 0.7808 0
1651424469699 0.8004 0
1651424473409 0.7964 0
1651424477100 0.794 0
1651424480742 0.7972 0
1651424484354 0.8136 0
1651424488040 0.8048 0
1651424491721 0.8124 0
1651424495367 0.8072 0
1651424498964 0.8232 0
1651424502641 0.82 0
1651424506298 0.8224 0
1651424509912 0.8272 0
1651424513641 0.826 0
1651424517370 0.8296 0
1651424520949 0.8272 0
1651424524645 0.8264 0
1651424528233 0.824 0
1651424531825 0.8132 0
1651424535486 0.8244 0
1651424539096 0.8436 0
1651424542708 0.8412 0
1651424546400 0.8452 0
1651424550092 0.8344 0
1651424553807 0.83 0
1651424557485 0.8416 0
1651424561181 0.8452 0
1651424564865 0.8468 0
1651424568522 0.8428 0
1651424572132 0.8492 0
1651424575791 0.852 0
1651424579409 0.854 0
1651424583061 0.846 0
1651424586666 0.8548 0
1651424590346 0.8564 0
1651424594024 0.8544 0
1651424597703 0.866 0
1651424601339 0.8524 0
1651424632487 0.36 0
1651424636109 0.4656 0
1651424639742 0.54 0
1651424643332 0.5648 0
1651424646956 0.5972 0
1651424650582 0.6008 0
1651424654114 0.62 0
1651424657719 0.6388 0
1651424661338 0.6588 0
1651424664966 0.6628 0
1651424668532 0.648 0
1651424672179 0.6716 0
1651424675744 0.6788 0
1651424679397 0.6828 0
1651424683020 0.6904 0
1651424686675 0.682 0
1651424690314 0.702 0
1651424693944 0.7028 0
1651424697550 0.7056 0
1651424701075 0.7144 0
1651424704632 0.7132 0
1651424708217 0.7116 0
1651424711839 0.7148 0
1651424715485 0.73 0
1651424719127 0.7404 0
1651424722721 0.7316 0
1651424726355 0.7304 0
1651424729969 0.7536 0
1651424733521 0.754 0
1651424737108 0.7424 0
1651424740637 0.754 0
1651424744227 0.7544 0
1651424747815 0.7372 0
1651424751361 0.7488 0
1651424754903 0.7592 0
1651424758511 0.7632 0
1651424762128 0.758 0
1651424765734 0.7788 0
1651424769326 0.7736 0
1651424772883 0.7668 0
1651424776486 0.7644 0
1651424780159 0.7708 0
1651424783765 0.7888 0
1651424787325 0.7768 0
1651424790919 0.788 0
1651424794497 0.7892 0
1651424798097 0.7612 0
1651424801746 0.7856 0
1651424805270 0.7704 0
1651424808833 0.796 0
1651424843265 0.3948 0
1651424846799 0.5692 0
1651424850416 0.6128 0
1651424853928 0.6704 0
1651424857436 0.6728 0
1651424861015 0.7016 0
1651424864606 0.6996 0
1651424868216 0.7092 0
1651424871853 0.7244 0
1651424875425 0.7192 0
1651424878973 0.7276 0
1651424882587 0.7412 0
1651424886143 0.7364 0
1651424889738 0.7532 0
1651424893350 0.7548 0
1651424897002 0.7616 0
1651424900617 0.7792 0
1651424904204 0.7544 0
1651424907814 0.7608 0
1651424911438 0.7864 0
1651424915044 0.7896 0
1651424918639 0.7816 0
1651424922272 0.7892 0
1651424925817 0.7672 0
1651424929479 0.7988 0
1651424933250 0.7992 0
1651424936960 0.798 0
1651424940610 0.7936 0
1651424944251 0.8032 0
1651424947817 0.7892 0
1651424951387 0.8064 0
1651424955000 0.8044 0
1651424958634 0.8164 0
1651424962271 0.8152 0
1651424965857 0.8144 0
1651424969493 0.8228 0
1651424973071 0.8204 0
1651424976726 0.8192 0
1651424980342 0.8104 0
1651424983999 0.8288 0
1651424987646 0.828 0
1651424991218 0.8328 0
1651424994799 0.8088 0
1651424998396 0.8316 0
1651425002037 0.82 0
1651425005655 0.8252 0
1651425009302 0.83 0
1651425012914 0.8264 0
1651425016480 0.8324 0
1651425020139 0.8328 0
1651425057773 0.3908 0
1651425061367 0.5356 0
1651425065008 0.6036 0
1651425068637 0.6304 0
1651425072200 0.6616 0
1651425075858 0.6792 0
1651425079513 0.7032 0
1651425083133 0.7032 0
1651425086758 0.7208 0
1651425090346 0.7228 0
1651425093991 0.7452 0
1651425097527 0.7288 0
1651425101114 0.7504 0
1651425104734 0.7464 0
1651425108325 0.754 0
1651425111919 0.7524 0
1651425115518 0.7676 0
1651425119163 0.7736 0
1651425122781 0.764 0
1651425126436 0.7756 0
1651425130017 0.7868 0
1651425133601 0.784 0
1651425137202 0.7936 0
1651425140756 0.7956 0
1651425144504 0.7812 0
1651425148152 0.8028 0
1651425151721 0.7936 0
1651425155347 0.802 0
1651425158964 0.8016 0
1651425162611 0.8016 0
1651425166240 0.8024 0
1651425169818 0.7904 0
1651425173433 0.8144 0
1651425177063 0.8124 0
1651425180692 0.806 0
1651425184343 0.8196 0
1651425187945 0.8164 0
1651425191503 0.8216 0
1651425195112 0.8204 0
1651425198731 0.8156 0
1651425202342 0.8244 0
1651425205940 0.8232 0
1651425209580 0.8132 0
1651425213149 0.8248 0
1651425216807 0.8324 0
1651425220366 0.8376 0
1651425223992 0.8284 0
1651425227633 0.8224 0
1651425231236 0.8328 0
1651425234846 0.8288 0
1651425275388 0.4216 0
1651425279093 0.592 0
1651425282738 0.6344 0
1651425286340 0.6704 0
1651425289926 0.6988 0
1651425293549 0.7192 0
1651425297145 0.7168 0
1651425300767 0.7408 0
1651425304403 0.7428 0
1651425308058 0.7376 0
1651425311672 0.7388 0
1651425315315 0.7388 0
1651425318927 0.7472 0
1651425322566 0.7572 0
1651425326178 0.7756 0
1651425329792 0.778 0
1651425333361 0.7676 0
1651425337006 0.77 0
1651425340594 0.7772 0
1651425344235 0.7908 0
1651425348022 0.7776 0
1651425351584 0.774 0
1651425355177 0.7888 0
1651425358791 0.7992 0
1651425362475 0.7948 0
1651425366100 0.7956 0
1651425369669 0.8016 0
1651425373310 0.806 0
1651425376894 0.7988 0
1651425380452 0.796 0
1651425384082 0.8064 0
1651425387622 0.808 0
1651425391256 0.8032 0
1651425394930 0.816 0
1651425398499 0.8244 0
1651425402160 0.818 0
1651425405791 0.8324 0
1651425409481 0.82 0
1651425413098 0.83 0
1651425416764 0.8248 0
1651425420342 0.8136 0
1651425423945 0.8192 0
1651425427595 0.828 0
1651425431192 0.8256 0
1651425434797 0.8324 0
1651425438458 0.824 0
1651425442132 0.832 0
1651425445805 0.8304 0
1651425449425 0.8296 0
1651425453060 0.8244 0
1651425497152 0.3352 0
1651425500750 0.4516 0
1651425504396 0.498 0
1651425508010 0.5356 0
1651425511698 0.5512 0
1651425515342 0.5728 0
1651425519041 0.5884 0
1651425522643 0.5852 0
1651425526246 0.598 0
1651425529907 0.6276 0
1651425533502 0.634 0
1651425537140 0.6356 0
1651425540786 0.6412 0
1651425544650 0.648 0
1651425548192 0.6264 0
1651425551750 0.6488 0
1651425555382 0.6636 0
1651425558996 0.678 0
1651425562587 0.6752 0
1651425566223 0.6572 0
1651425569893 0.6828 0
1651425573480 0.6824 0
1651425577080 0.6752 0
1651425580741 0.666 0
1651425584348 0.6856 0
1651425587996 0.7008 0
1651425591645 0.684 0
1651425595308 0.6996 0
1651425598967 0.6988 0
1651425602625 0.6984 0
1651425606220 0.708 0
1651425609756 0.7152 0
1651425613411 0.708 0
1651425617028 0.7044 0
1651425620640 0.7112 0
1651425624316 0.7084 0
1651425627893 0.7224 0
1651425631527 0.7188 0
1651425635123 0.7392 0
1651425638727 0.7384 0
1651425642350 0.7368 0
1651425646025 0.7424 0
1651425649698 0.7268 0
1651425653295 0.7356 0
1651425656917 0.7392 0
1651425660528 0.7348 0
1651425664105 0.7372 0
1651425667763 0.7548 0
1651425671362 0.7532 0
1651425675022 0.7332 0
1651425722522 0.3952 0
1651425726170 0.5456 0
1651425729843 0.6096 0
1651425733591 0.6128 0
1651425737264 0.6612 0
1651425740874 0.6648 0
1651425744547 0.6668 0
1651425748231 0.686 0
1651425751863 0.6952 0
1651425755501 0.6928 0
1651425759226 0.7112 0
1651425762953 0.708 0
1651425766597 0.718 0
1651425770250 0.7356 0
1651425773817 0.74 0
1651425777503 0.73 0
1651425781143 0.738 0
1651425784726 0.7432 0
1651425788354 0.7476 0
1651425792000 0.7512 0
1651425795621 0.752 0
1651425799242 0.7516 0
1651425802858 0.7644 0
1651425806555 0.7616 0
1651425810197 0.7744 0
1651425813938 0.7588 0
1651425817556 0.7728 0
1651425821217 0.7672 0
1651425824910 0.7768 0
1651425828573 0.7716 0
1651425832245 0.7696 0
1651425835867 0.7728 0
1651425839503 0.786 0
1651425843197 0.7676 0
1651425846911 0.7832 0
1651425850556 0.7968 0
1651425854218 0.7824 0
1651425857876 0.792 0
1651425861558 0.7972 0
1651425865232 0.8072 0
1651425868855 0.7984 0
1651425872471 0.798 0
1651425876201 0.8032 0
1651425879844 0.796 0
1651425883507 0.8036 0
1651425887076 0.8192 0
1651425890700 0.818 0
1651425894295 0.8084 0
1651425897970 0.826 0
1651425901621 0.8076 0
1651425952325 0.3936 0
1651425956018 0.5508 0
1651425959759 0.5812 0
1651425963473 0.6164 0
1651425967154 0.632 0
1651425970862 0.65 0
1651425974530 0.6576 0
1651425978175 0.6648 0
1651425981832 0.6812 0
1651425985468 0.688 0
1651425989121 0.706 0
1651425992721 0.704 0
1651425996309 0.706 0
1651425999980 0.7112 0
1651426003687 0.7184 0
1651426007357 0.7056 0
1651426011006 0.7448 0
1651426014644 0.7316 0
1651426018306 0.7336 0
1651426021974 0.7464 0
1651426025595 0.7384 0
1651426029245 0.7456 0
1651426032853 0.7548 0
1651426036529 0.7632 0
1651426040208 0.7564 0
1651426043847 0.7568 0
1651426047543 0.7652 0
1651426051164 0.7716 0
1651426054858 0.7588 0
1651426058455 0.7584 0
1651426062059 0.7732 0
1651426065742 0.7732 0
1651426069422 0.776 0
1651426073196 0.7812 0
1651426076873 0.7804 0
1651426080582 0.7836 0
1651426084270 0.7916 0
1651426087888 0.7828 0
1651426091564 0.7884 0
1651426095220 0.7964 0
1651426098867 0.7904 0
1651426102539 0.7848 0
1651426106218 0.7964 0
1651426109789 0.7948 0
1651426113477 0.7964 0
1651426117110 0.816 0
1651426120825 0.7928 0
1651426124471 0.8136 0
1651426128158 0.8072 0
1651426131807 0.806 0
1651426185521 0.3096 0
1651426189210 0.42 0
1651426192852 0.4752 0
1651426196456 0.4996 0
1651426200148 0.5072 0
1651426203851 0.5412 0
1651426207567 0.5444 0
1651426211208 0.5628 0
1651426214805 0.5812 0
1651426218468 0.5736 0
1651426222102 0.598 0
1651426225763 0.5884 0
1651426229500 0.6012 0
1651426233169 0.6032 0
1651426236860 0.618 0
1651426240504 0.6272 0
1651426244149 0.6244 0
1651426247812 0.6356 0
1651426251473 0.6256 0
1651426255121 0.6484 0
1651426258782 0.6292 0
1651426262455 0.636 0
1651426266148 0.652 0
1651426269846 0.6636 0
1651426273527 0.6704 0
1651426277223 0.6664 0
1651426280875 0.6744 0
1651426284595 0.6864 0
1651426288116 0.6744 0
1651426291838 0.6944 0
1651426295476 0.692 0
1651426299131 0.684 0
1651426302819 0.6932 0
1651426306412 0.6964 0
1651426310140 0.702 0
1651426313780 0.7096 0
1651426317462 0.7008 0
1651426321120 0.7068 0
1651426324723 0.7048 0
1651426328403 0.7144 0
1651426332051 0.7116 0
1651426335715 0.708 0
1651426339377 0.7032 0
1651426342997 0.7176 0
1651426346610 0.7208 0
1651426350273 0.712 0
1651426353923 0.7172 0
1651426357604 0.7152 0
1651426361300 0.738 0
1651426365006 0.7352 0
1651426422183 0.3532 0
1651426425870 0.4836 0
1651426429547 0.5292 0
1651426433189 0.5772 0
1651426436892 0.612 0
1651426440583 0.6248 0
1651426444179 0.6396 0
1651426447835 0.6552 0
1651426451507 0.6508 0
1651426455148 0.6564 0
1651426458849 0.674 0
1651426462529 0.6644 0
1651426466208 0.6868 0
1651426469889 0.6988 0
1651426473569 0.696 0
1651426477212 0.6996 0
1651426480889 0.7096 0
1651426484568 0.7176 0
1651426488183 0.7212 0
1651426491856 0.7312 0
1651426495489 0.7264 0
1651426499104 0.7252 0
1651426502770 0.7288 0
1651426506398 0.7292 0
1651426510059 0.7244 0
1651426513725 0.7308 0
1651426517375 0.7216 0
1651426521038 0.7528 0
1651426524659 0.7496 0
1651426528221 0.7384 0
1651426531869 0.7544 0
1651426535478 0.7572 0
1651426539123 0.7524 0
1651426542804 0.7524 0
1651426546470 0.7672 0
1651426550044 0.766 0
1651426553671 0.7552 0
1651426557252 0.7636 0
1651426560944 0.7648 0
1651426564620 0.7716 0
1651426568334 0.7732 0
1651426571956 0.7772 0
1651426575639 0.7776 0
1651426579316 0.782 0
1651426582955 0.774 0
1651426586594 0.794 0
1651426590176 0.7816 0
1651426593856 0.7852 0
1651426597446 0.7884 0
1651426601166 0.7968 0
1651426661804 0.316 0
1651426665463 0.428 0
1651426669183 0.462 0
1651426672983 0.4912 0
1651426676709 0.5328 0
1651426680432 0.5472 0
1651426684141 0.5464 0
1651426687884 0.5596 0
1651426691602 0.5712 0
1651426695339 0.5748 0
1651426698994 0.5732 0
1651426702639 0.5952 0
1651426706350 0.6016 0
1651426710053 0.59 0
1651426713731 0.5992 0
1651426717464 0.6064 0
1651426721199 0.6264 0
1651426724859 0.6292 0
1651426728542 0.6324 0
1651426732283 0.62 0
1651426735999 0.6424 0
1651426739637 0.6508 0
1651426743367 0.638 0
1651426747068 0.65 0
1651426750719 0.66 0
1651426754377 0.6492 0
1651426758024 0.6652 0
1651426761701 0.6696 0
1651426765363 0.6568 0
1651426769003 0.67 0
1651426772667 0.6576 0
1651426776409 0.6788 0
1651426780121 0.6824 0
1651426783793 0.6872 0
1651426787515 0.6964 0
1651426791218 0.7028 0
1651426794892 0.706 0
1651426798627 0.7088 0
1651426802346 0.6904 0
1651426806017 0.702 0
1651426809732 0.6872 0
1651426813419 0.7136 0
1651426817062 0.688 0
1651426820709 0.7116 0
1651426824451 0.7172 0
1651426828087 0.7068 0
1651426831751 0.71 0
1651426835473 0.7264 0
1651426839045 0.7308 0
1651426842796 0.7184 0
1651426906619 0.432 0
1651426910311 0.5832 0
1651426913964 0.6488 0
1651426917659 0.6688 0
1651426921348 0.6852 0
1651426925040 0.6896 0
1651426928782 0.696 0
1651426932512 0.716 0
1651426936148 0.714 0
1651426939813 0.7328 0
1651426943427 0.7188 0
1651426947122 0.7312 0
1651426950815 0.7332 0
1651426954526 0.7484 0
1651426958210 0.7484 0
1651426961999 0.7512 0
1651426965647 0.7516 0
1651426969289 0.7628 0
1651426973009 0.7624 0
1651426976733 0.776 0
1651426980456 0.778 0
1651426984131 0.778 0
1651426987842 0.7828 0
1651426991493 0.7852 0
1651426995178 0.7924 0
1651426998752 0.7888 0
1651427002411 0.7956 0
1651427006081 0.7856 0
1651427009754 0.7884 0
1651427013453 0.798 0
1651427017157 0.7972 0
1651427020794 0.8016 0
1651427024459 0.8156 0
1651427028144 0.7944 0
1651427031808 0.816 0
1651427035525 0.806 0
1651427039181 0.796 0
1651427042855 0.808 0
1651427046508 0.8132 0
1651427050175 0.8208 0
1651427053890 0.822 0
1651427057579 0.8056 0
1651427061153 0.8316 0
1651427064918 0.8404 0
1651427068633 0.834 0
1651427072322 0.8368 0
1651427076046 0.8228 0
1651427079773 0.8308 0
1651427083444 0.8376 0
1651427087047 0.842 0
