1644413201213 1.5271375053405762 0
1644413202886 1.1137770878791808 0
1644413204573 0.7849339485168457 0
1644413206262 0.5669610322952271 0
1644413207908 0.5018227263450623 0
1644413210152 1.289517636871338 0
1644413212153 0.6213988759994507 0
1644413214126 0.31888455076217653 0
1644413216224 0.21915974354743958 0
1644413218231 0.13941115865707399 0
1644413220710 1.1974661472320556 0
1644413222729 0.4982043167591095 0
1644413224775 0.24818597888946534 0
1644413226765 0.150452641248703 0
1644413228801 0.09114259893894196 0
