1654476774005 0.5368944400654824 0
1654476788506 0.8638210149760505 0
1654476802864 0.9299096586430607 0
1654476817393 0.9341538834657127 0
1654476831845 0.9495543563936215 0
1654476850935 0.8541414354167763 0
1654476865491 0.9237007003317361 0
1654476880889 0.9374967089674057 0
1654476896032 0.9438154915486283 0
1654476911438 0.9416039176452004 0
1654476935149 0.9043908602716647 0
1654476950325 0.9323470569653575 0
1654476965643 0.9467726650521218 0
1654476982083 0.9466147204380331 0
1654476997495 0.946351479414552 0
1654477025116 0.8426984043393544 0
1654477040376 0.9029964716414767 0
1654477055447 0.9163726367897204 0
1654477070659 0.9250618779293275 0
1654477086110 0.9201643056506399 0
1654477118397 0.9151042763850853 0
1654477133952 0.9469665051611544 0
1654477149374 0.9491257636401939 0
1654477164818 0.9460185380240151 0
1654477180111 0.944491257636402 0
