1651699409473 0.7572 0
1651699412211 0.8832 0
1651699415036 0.9264 0
1651699417901 0.9168 0
1651699420816 0.9316 0
1651699423633 0.9588 0
1651699426410 0.9668 0
1651699429159 0.9688 0
1651699431847 0.976 0
1651699434796 0.9748 0
1651699437670 0.9736 0
1651699440513 0.9804 0
1651699443343 0.972 0
1651699446028 0.9796 0
1651699448902 0.9748 0
1651699451636 0.98 0
1651699454418 0.982 0
1651699457252 0.9796 0
1651699460090 0.984 0
1651699463032 0.9844 0
1651699465848 0.9892 0
1651699468622 0.974 0
1651699471323 0.9656 0
1651699474169 0.9896 0
1651699476895 0.9904 0
1651699479780 0.9924 0
1651699482580 0.9868 0
1651699485353 0.9924 0
1651699488168 0.9936 0
1651699490928 0.9964 0
1651699493826 0.9852 0
1651699496648 0.9744 0
1651699499411 0.9824 0
1651699502191 0.9704 0
1651699505127 0.9912 0
1651699507999 0.9924 0
1651699510952 0.9908 0
1651699513746 0.9956 0
1651699516624 0.9864 0
1651699519482 0.976 0
1651699522287 0.9936 0
1651699525171 0.9936 0
1651699527838 0.9932 0
1651699530724 0.9956 0
1651699533669 0.9924 0
1651699536556 0.9928 0
1651699539448 0.9856 0
1651699542272 0.9916 0
1651699545072 0.9928 0
1651699547863 0.9788 0
1651699552950 0.7774 0
1651699557940 0.865 0
1651699562859 0.8994 0
1651699567878 0.9202 0
1651699572821 0.9336 0
1651699577764 0.9348 0
1651699582645 0.9504 0
1651699587322 0.9608 0
1651699592121 0.9642 0
1651699597083 0.9564 0
1651699602008 0.9736 0
1651699606873 0.9724 0
1651699611791 0.9758 0
1651699616772 0.9764 0
1651699621711 0.983 0
1651699626627 0.9792 0
1651699631711 0.9842 0
1651699636716 0.9798 0
1651699641775 0.9756 0
1651699646870 0.9752 0
1651699651704 0.9878 0
1651699656803 0.9856 0
1651699661835 0.9832 0
1651699666724 0.982 0
1651699671525 0.9866 0
1651699676460 0.99 0
1651699681396 0.9898 0
1651699686285 0.981 0
1651699691269 0.9788 0
1651699696133 0.989 0
1651699700962 0.9898 0
1651699705953 0.985 0
1651699710872 0.9848 0
1651699715842 0.9904 0
1651699720822 0.995 0
1651699725834 0.987 0
1651699730617 0.984 0
1651699735590 0.985 0
1651699740603 0.9866 0
1651699745513 0.9902 0
1651699750503 0.9928 0
1651699755551 0.9932 0
1651699760323 0.9848 0
1651699765389 0.9866 0
1651699770278 0.9894 0
1651699775197 0.9854 0
1651699780139 0.98 0
1651699784860 0.9892 0
1651699789803 0.9896 0
1651699794777 0.9922 0
1651699802486 0.8402666666666667 0
1651699809739 0.8988 0
1651699816948 0.9105333333333333 0
1651699823916 0.9341333333333334 0
1651699831276 0.944 0
1651699838228 0.9541333333333334 0
1651699845482 0.9605333333333334 0
1651699852527 0.9609333333333333 0
1651699859564 0.9697333333333333 0
1651699866812 0.9729333333333333 0
1651699873950 0.9701333333333333 0
1651699881241 0.9696 0
1651699888593 0.9770666666666666 0
1651699895814 0.9805333333333334 0
1651699903026 0.9774666666666667 0
1651699910205 0.9836 0
1651699917327 0.9910666666666667 0
1651699924504 0.9816 0
1651699931580 0.9774666666666667 0
1651699938620 0.9801333333333333 0
1651699945785 0.9796 0
1651699952910 0.9872 0
1651699960258 0.9893333333333333 0
1651699967294 0.9870666666666666 0
1651699974491 0.9836 0
1651699981688 0.9824 0
1651699988977 0.9873333333333333 0
1651699996129 0.9828 0
1651700003283 0.9845333333333334 0
1651700010351 0.9821333333333333 0
1651700017776 0.9849333333333333 0
1651700024985 0.9888 0
1651700032332 0.9893333333333333 0
1651700039509 0.9836 0
1651700046870 0.9897333333333334 0
1651700054264 0.9861333333333333 0
1651700061178 0.9876 0
1651700068569 0.9866666666666667 0
1651700075878 0.9850666666666666 0
1651700082979 0.9908 0
1651700089975 0.9930666666666667 0
1651700097257 0.9933333333333333 0
1651700104670 0.9870666666666666 0
1651700111968 0.9873333333333333 0
1651700119215 0.9868 0
1651700126552 0.9868 0
1651700133960 0.9838666666666667 0
1651700141219 0.9916 0
1651700148542 0.9906666666666667 0
1651700155784 0.9850666666666666 0
1651700165843 0.9223 0
1651700175709 0.9603 0
1651700185425 0.9637 0
1651700195341 0.9721 0
1651700205224 0.9723 0
1651700214745 0.9775 0
1651700224457 0.9825 0
1651700234249 0.9813 0
1651700243981 0.9811 0
1651700253466 0.9845 0
1651700263110 0.983 0
1651700272578 0.9821 0
1651700282010 0.9884 0
1651700291603 0.9846 0
1651700301128 0.9856 0
1651700310705 0.9833 0
1651700320049 0.9854 0
1651700329630 0.9846 0
1651700338986 0.9889 0
1651700348488 0.9883 0
1651700358127 0.9885 0
1651700367475 0.9881 0
1651700377094 0.9875 0
1651700386755 0.9932 0
1651700396440 0.9931 0
1651700405843 0.9839 0
1651700415575 0.9819 0
1651700425300 0.9895 0
1651700434884 0.9922 0
1651700444256 0.9834 0
1651700453718 0.9847 0
1651700463335 0.9874 0
1651700473027 0.9905 0
1651700482651 0.9846 0
1651700492352 0.9899 0
1651700501821 0.9887 0
1651700511382 0.9887 0
1651700521016 0.9911 0
1651700530329 0.9902 0
1651700539733 0.9877 0
1651700549357 0.9915 0
1651700559413 0.9874 0
1651700568978 0.9826 0
1651700578706 0.9901 0
1651700588319 0.9909 0
1651700597828 0.9925 0
1651700607783 0.9904 0
1651700617198 0.9861 0
1651700626728 0.9911 0
1651700636227 0.9906 0
1651700649119 0.89384 0
1651700661162 0.92944 0
1651700673156 0.94352 0
1651700684984 0.95384 0
1651700696897 0.95928 0
1651700708957 0.96088 0
1651700721232 0.9728 0
1651700733383 0.9732 0
1651700745564 0.97288 0
1651700757758 0.98272 0
1651700769642 0.97808 0
1651700781833 0.98208 0
1651700794136 0.98104 0
1651700806353 0.9848 0
1651700818265 0.97904 0
1651700830592 0.98112 0
1651700842632 0.98232 0
1651700854470 0.98968 0
1651700866593 0.98856 0
1651700878750 0.9836 0
1651700890873 0.97872 0
1651700902844 0.98776 0
1651700914859 0.98864 0
1651700926905 0.98568 0
1651700939178 0.98688 0
1651700951202 0.98744 0
1651700963404 0.98704 0
1651700975919 0.98864 0
1651700988371 0.98232 0
1651701000461 0.98416 0
1651701012643 0.98816 0
1651701024705 0.9916 0
1651701036724 0.98928 0
1651701048714 0.9888 0
1651701060660 0.98608 0
1651701072529 0.98704 0
1651701084536 0.9868 0
1651701096422 0.98816 0
1651701108383 0.98696 0
1651701120248 0.98624 0
1651701132249 0.98936 0
1651701144016 0.9868 0
1651701155921 0.98744 0
1651701167604 0.98832 0
1651701179558 0.98656 0
1651701191609 0.9896 0
1651701203805 0.98824 0
1651701215952 0.99008 0
1651701228254 0.99208 0
1651701240020 0.9856 0
