1644600327876 0.4078 0
1644600330196 0.637 0
1644600332469 0.7238 0
1644600334751 0.7882 0
1644600337038 0.8256 0
1644600339318 0.8836 0
1644600341587 0.9156 0
1644600343822 0.9302 0
1644600346121 0.9336 0
1644600348394 0.9572 0
1644600350652 0.962 0
1644600352929 0.976 0
1644600355188 0.975 0
1644600357440 0.9702 0
1644600359720 0.9746 0
1644600362034 0.9226 0
1644600364317 0.936 0
1644600366602 0.9704 0
1644600368897 0.9866 0
1644600371206 0.9862 0
1644600374973 0.6759 0
1644600378446 0.7753 0
1644600381857 0.8098 0
1644600385342 0.8508 0
1644600388810 0.8754 0
1644600392221 0.8944 0
1644600395701 0.9235 0
1644600399220 0.9356 0
1644600402735 0.9284 0
1644600406114 0.9342 0
1644600409633 0.9517 0
1644600413049 0.9655 0
1644600416490 0.9658 0
1644600419940 0.973 0
1644600423375 0.9748 0
1644600426885 0.9882 0
1644600430343 0.975 0
1644600433876 0.979 0
1644600437314 0.9743 0
1644600440817 0.9753 0
1644600446104 0.7942666666666667 0
1644600450860 0.8571333333333333 0
1644600455589 0.8886 0
1644600460335 0.8966666666666666 0
1644600465025 0.9142 0
1644600469698 0.9398666666666666 0
1644600474433 0.9457333333333333 0
1644600479072 0.944 0
1644600483819 0.9566 0
1644600488582 0.9612666666666667 0
1644600493316 0.9565333333333333 0
1644600498000 0.9693333333333334 0
1644600502735 0.9687333333333333 0
1644600507508 0.9754 0
1644600512283 0.9827333333333333 0
1644600517094 0.9663333333333334 0
1644600521863 0.9668666666666667 0
1644600526585 0.9672 0
1644600531359 0.9792 0
1644600536264 0.9804 0
