1654822525315 0.7378888013096465 0
1654822547747 0.9427029648941976 0
1654822571129 0.9679257866973868 0
1654822594527 0.9748984417631723 0
1654822618432 0.9805371975989814 0
1654822642056 0.9838719456739222 0
1654822665493 0.9880555387133936 0
1654822689002 0.988419329412478 0
1654822712984 0.988661856545201 0
1654822736675 0.9890256472442854 0
1654822760350 0.988419329412478 0
1654822784681 0.9938155581155642 0
1654822807042 0.9895107015097314 0
1654822830607 0.9921784999696841 0
1654822854094 0.991511550354696 0
1654822877929 0.9943612441641909 0
1654822901758 0.9940580852482872 0
1654822925650 0.9935730309828412 0
1654822949228 0.9948462984296368 0
1654822972984 0.9958164069605288 0
1654822996514 0.9937549263323834 0
1654823020262 0.9949675619959983 0
1654823043869 0.9958770387437095 0
1654823067291 0.9956951433941672 0
1654823091083 0.9942399805978294 0
1654823114487 0.9963014612259746 0
1654823138292 0.9936336627660219 0
1654823162238 0.9947856666464561 0
1654823185538 0.9975747286727703 0
1654823209390 0.9959983023100709 0
1654823238908 0.8501606937117215 0
1654823255195 0.9490024862045965 0
1654823270747 0.9667091140622157 0
1654823287071 0.9731368625310776 0
1654823303040 0.982839124370869 0
1654823319057 0.9832029591898611 0
1654823335290 0.9844763810563337 0
1654823351310 0.9859317203323025 0
1654823366858 0.989206233703232 0
1654823383166 0.9893881511127282 0
1654823399207 0.9898732642047178 0
1654823415183 0.9891455945667333 0
1654823431156 0.9907222121156994 0
1654823447174 0.9929658601661512 0
1654823463203 0.9921775513916682 0
1654823479077 0.9918743557091747 0
1654823495271 0.9934509732581408 0
1654823511691 0.9935722515311382 0
1654823527978 0.992602025347159 0
1654823544168 0.9952701473531017 0
1654823560296 0.9933903341216421 0
1654823576640 0.9938754472136316 0
1654823592850 0.9943605603056213 0
1654823608888 0.9938754472136316 0
1654823625165 0.9950882299436056 0
1654823641673 0.9950275908071069 0
1654823657621 0.9936328906676369 0
1654823673256 0.9945424777151174 0
1654823689386 0.9967254866290705 0
1654823705082 0.9946637559881147 0
1654823748404 0.8861404146962532 0
1654823765051 0.9616830362556081 0
1654823781930 0.9743543106584213 0
1654823798668 0.9818721959500425 0
1654823815538 0.9849036013095671 0
1654823832391 0.9884200315266157 0
1654823848860 0.9886019158481872 0
1654823865665 0.9894507093488542 0
1654823882238 0.9902995028495211 0
1654823898729 0.9932702801018553 0
1654823915595 0.9921183460652359 0
1654823931778 0.9932096519946647 0
1654823948174 0.9925427428155693 0
1654823963941 0.9938765611737601 0
1654823980053 0.9949072389959985 0
1654823996866 0.994725354674427 0
1654824013355 0.9928458833515218 0
1654824029764 0.9959985449254274 0
1654824046645 0.9955135200679035 0
1654824063539 0.9965441978901419 0
1654824079899 0.9942403298169031 0
1654824096236 0.9963623135685704 0
1654824112974 0.995452891960713 0
1654824129638 0.9949072389959985 0
1654824146718 0.9965441978901419 0
1654824162976 0.9958772887110464 0
1654824179840 0.9964835697829514 0
1654824196247 0.9969685946404753 0
1654824212975 0.995452891960713 0
1654824229525 0.9964835697829514 0
1654824288080 0.8126137052759248 0
1654824305030 0.927531837477259 0
1654824322057 0.9547604608853851 0
1654824339452 0.968465736810188 0
1654824356557 0.9748938750758035 0
1654824373702 0.9792601576713159 0
1654824391058 0.9804123711340206 0
1654824408520 0.9829593693147362 0
1654824425990 0.9847180109157065 0
1654824443303 0.9859915100060643 0
1654824460633 0.9849605821710128 0
1654824478197 0.9861127956337175 0
1654824495314 0.9895694360218315 0
1654824512870 0.9889630078835658 0
1654824530306 0.9898120072771377 0
1654824547304 0.9883565797453002 0
1654824564668 0.9896907216494846 0
1654824581879 0.9913280776228017 0
1654824598681 0.9902365069739236 0
1654824616008 0.992540933899333 0
1654824633568 0.9922983626440267 0
1654824650386 0.9927835051546392 0
1654824667697 0.9924802910855064 0
1654824684767 0.9927835051546392 0
1654824702104 0.9927835051546392 0
1654824719463 0.9927228623408126 0
1654824736652 0.9947240751970892 0
1654824753533 0.9926622195269861 0
1654824770886 0.9939357186173439 0
1654824788391 0.9924802910855064 0
1654824860370 0.8325448811256672 0
1654824875982 0.9482654051431344 0
1654824892164 0.9673095584667637 0
1654824907841 0.9763464337700145 0
1654824924085 0.9795608927704997 0
1654824940355 0.9836244541484717 0
1654824956511 0.986353711790393 0
1654824972784 0.9861717612809315 0
1654824989216 0.9889616690926735 0
1654825005561 0.9855046094129064 0
1654825021800 0.9908418243571082 0
1654825038009 0.987748665696264 0
1654825053764 0.9925400291120815 0
1654825069770 0.9907205240174672 0
1654825085759 0.9921154779233382 0
1654825101942 0.993753032508491 0
1654825118172 0.9912663755458515 0
1654825133968 0.9944201843765162 0
1654825150090 0.9927826297913634 0
1654825166219 0.9944201843765162 0
1654825182560 0.9942988840368753 0
1654825198446 0.9920548277535177 0
1654825214092 0.995026686074721 0
1654825230256 0.9939349830179525 0
1654825246308 0.9934497816593887 0
1654825262450 0.9939349830179525 0
1654825278427 0.9958151382823872 0
1654825294693 0.9942988840368753 0
1654825310901 0.9946021348859777 0
1654825327137 0.9942988840368753 0
