1654587716045 0.5205088988420195 0
1654587731108 0.12662062630259827 0
1654587746070 0.07948578605950385 0
1654587760668 0.0573219846221294 0
1654587775782 0.04596673460119964 0
1654587790798 0.0373584007461777 0
1654587806232 0.03348092469218108 0
1654587821014 0.03564611014055671 0
1654587836206 0.015462617521202841 0
1654587851052 0.03102467333584042 0
1654587866303 0.020948077702448015 0
1654587880972 0.026220535967632127 0
1654587896485 0.013289309981414615 0
1654587911929 0.03220290725370378 0
1654587926915 0.026249550551309293 0
1654587942133 0.015629730111556567 0
1654587957222 0.009412190874909574 0
1654587972566 0.018332551500087235 0
1654587987777 0.014897631325961145 0
1654588002573 0.017988866621646935 0
1654588017643 0.020576996813951257 0
1654588032786 0.016329351729046752 0
1654588047811 0.01067643699896393 0
1654588062779 0.014695128785618664 0
1654588078012 0.008615644861165837 0
1654588093098 0.012329037124910286 0
1654588108063 0.018387728737910374 0
1654588122801 0.006413691637932503 0
1654588137934 0.01297827055380589 0
1654588153023 0.013454602093870891 0
1654588167878 0.005864314081662114 0
1654588182647 0.004591074598627852 0
1654588197797 0.023438842349096985 0
1654588212970 0.0038219174884645698 0
1654588227911 0.00033755102411623663 0
1654588243253 0.01893256178803376 0
1654588258474 0.015967363753415842 0
1654588273903 0.002149628694992549 0
1654588288804 0.007686872482815813 0
1654588304054 0.00019500004136939502 0
1654588319508 0.020311586519615867 0
1654588334412 0.005027562907493155 0
1654588349769 0.013308083442566758 0
1654588365252 0.007438812134689486 0
1654588380066 0.006295599319165341 0
1654588395426 0.008258539002082888 0
1654588410809 0.0003440111271037223 0
1654588425636 2.7865326511824903e-05 0
1654588440403 6.857298386778772e-05 0
1654588455585 0.03115795328482757 0
1654588475578 0.10977611168087137 0
1654588491236 0.028788455676906265 0
1654588507191 0.022823724042087205 0
1654588523454 0.016590046621732437 0
1654588540073 0.01765357790512078 0
1654588555893 0.013985218744437061 0
1654588572119 0.015864907155119987 0
1654588588764 0.009740246096214109 0
1654588605197 0.013055299996582443 0
1654588621306 0.009189121148301907 0
1654588637584 0.01326062481855196 0
1654588653630 0.01630054221845279 0
1654588669694 0.011360609348058655 0
1654588685493 0.005501529270584534 0
1654588701684 0.019308380989009184 0
1654588718154 0.012120962920596723 0
1654588734389 0.009121134061585922 0
1654588750504 0.007563327815028009 0
1654588766620 0.009446719485403696 0
1654588782632 0.010005451142807138 0
1654588799116 0.007698968074241754 0
1654588815189 0.009197391332221243 0
1654588830361 0.00229735335857446 0
1654588846468 0.013613884564984581 0
1654588862694 0.013566363986499937 0
1654588878456 0.009249851375753241 0
1654588894424 0.0014612640181109761 0
1654588911099 0.004988292451667001 0
1654588927438 0.01394033423772357 0
1654588943655 0.0058958635584803465 0
1654588959440 0.011603940283856617 0
1654588975766 0.005104168078017617 0
1654588991543 0.01150439687933823 0
1654589007303 0.005806817452714429 0
1654589023352 0.008351691338378006 0
1654589039210 0.002699890171073004 0
1654589055361 0.009905973532730329 0
1654589071459 0.014671854982080198 0
1654589087277 0.005918762182546385 0
1654589102977 0.0035157193302105976 0
1654589118772 0.005245511977430991 0
1654589135342 0.006112755886648459 0
1654589151756 0.012511638454384135 0
1654589167822 0.0005937973553264268 0
1654589183945 0.00012241881647500285 0
1654589199738 0.008270593735203498 0
1654589216086 0.01502210082829854 0
1654589232279 0.0058092754279062625 0
1654589248395 0.009356611607048758 0
1654589264650 0.006912616388132357 0
1654589289118 0.2421294632936626 0
1654589305126 0.04642083836509905 0
1654589321227 0.026515045242204403 0
1654589337654 0.02098872000974326 0
1654589353654 0.023369561673839134 0
1654589370154 0.014192576071499707 0
1654589386569 0.017935054154924204 0
1654589403008 0.011334098807017051 0
1654589419201 0.016945973141603374 0
1654589435550 0.011359631563567226 0
1654589451721 0.01948603572011647 0
1654589468054 0.01383529908811 0
1654589484631 0.01691315848165763 0
1654589501243 0.005297141293167082 0
1654589517767 0.011584246378606545 0
1654589534118 0.005447610534025159 0
1654589550462 0.011173782712206407 0
1654589566728 0.01572470945240804 0
1654589583008 0.009657556409860471 0
1654589599163 0.009735361863180868 0
1654589615064 0.007108632777178832 0
1654589631127 0.010999034929085742 0
1654589647594 0.010950640068667911 0
1654589663903 0.005263911404043537 0
1654589679823 0.010464136323845128 0
1654589695799 0.013915258312414826 0
1654589712229 0.011747702746513228 0
1654589728581 0.008730589798389959 0
1654589744527 0.007899976777059682 0
1654589760783 0.0056875523869863755 0
1654589777131 0.00931885342027018 0
1654589793708 0.012935203018778546 0
1654589810047 0.008024208269429699 0
1654589826127 0.0075808482006277204 0
1654589842617 0.011318518851900891 0
1654589858488 0.003905496455415363 0
1654589874701 0.01740467111962929 0
1654589891075 0.005798537111283937 0
1654589907303 0.0073218965224482865 0
1654589923497 0.007268141223320808 0
1654589939658 0.009282319351823987 0
1654589956082 0.006798537622743598 0
1654589972330 0.002456837119987819 0
1654589988743 0.016921503033459784 0
1654590005457 0.009666788614683824 0
1654590022175 0.007876043006567177 0
1654590038432 0.009446041931359722 0
1654590054967 0.011843318341356672 0
1654590071579 0.003823865035773357 0
1654590088044 0.0008557175620205257 0
1654590116952 0.16434481893684239 0
1654590133358 0.025524366974601365 0
1654590149807 0.015745159817272078 0
1654590166647 0.015082809621219597 0
1654590183323 0.012559542765143724 0
1654590199619 0.009038189328846324 0
1654590216595 0.01771670413321812 0
1654590232965 0.015106918835201273 0
1654590249813 0.010049012942543603 0
1654590266340 0.013725900727889997 0
1654590282897 0.008398624915899539 0
1654590299477 0.016528141794632502 0
1654590315723 0.00612998978488405 0
1654590332207 0.009618060767757277 0
1654590348709 0.013027739513052012 0
1654590365056 0.007632129401926078 0
1654590381244 0.005449544188128227 0
1654590397435 0.010174624798865469 0
1654590414192 0.010481054110588058 0
1654590430729 0.004424179809252104 0
1654590446936 0.004785895173977385 0
1654590463401 0.013782723515795408 0
1654590479472 0.010155946313682883 0
1654590495766 0.012602582023075364 0
1654590512617 0.009850925510950237 0
1654590528840 0.0036765421377297595 0
1654590545550 0.00016967399846724594 0
1654590561738 0.017211431509681428 0
1654590578783 0.006208375598681298 0
1654590595469 0.006788505958952231 0
1654590611724 0.009713929797103164 0
1654590627996 0.005116467892762608 0
1654590644301 0.01069546720596058 0
1654590660937 0.010310511832330605 0
1654590677422 0.0026100984271404 0
1654590693788 0.005702351284651012 0
1654590710464 0.012808643654232692 0
1654590726174 0.008210728688368165 0
1654590742627 0.008302336554639142 0
1654590762386 0.011061178697796083 0
1654590778932 0.0064653387019663515 0
1654590795343 0.010283193849780919 0
1654590811232 0.005921961632757415 0
1654590827587 0.0052705661861187 0
1654590844099 0.006325166231780292 0
1654590860873 0.005561299174315398 0
1654590877204 0.010194394188229086 0
1654590893141 0.009763429855546013 0
1654590908386 0.0023454418152549224 0
1654590924903 0.007044645794706985 0
1654590958265 0.11242606342262701 0
1654590974869 0.033510471061711955 0
1654590991117 0.014147694205900193 0
1654591007524 0.0112603211535061 0
1654591024278 0.012340723281413052 0
1654591040854 0.013936119655776453 0
1654591056916 0.007853131053126296 0
1654591072712 0.0031854857641199982 0
1654591088808 0.013640749823785181 0
1654591105641 0.018513211820694556 0
1654591122035 0.007622503798156563 0
1654591138571 0.008295399652847122 0
1654591155188 0.013271236007761643 0
1654591171626 0.013751137602296836 0
1654591187911 0.005696836321445395 0
1654591204361 0.00971964257464512 0
1654591220985 0.006983026284453978 0
1654591237966 0.007997339341591386 0
1654591254413 0.010166938472612345 0
1654591271148 0.0039155496819784 0
1654591286735 0.00880964474093438 0
1654591303466 0.010160497243954018 0
1654591320256 0.013353936170940507 0
1654591336679 0.006060009069748904 0
1654591353061 0.004205835626573624 0
1654591369079 0.0024594793433845275 0
1654591385488 0.010069047195792307 0
1654591401358 0.008167749065530758 0
1654591417652 0.00866258469827486 0
1654591433736 0.005819810886912239 0
1654591450110 0.01433492625410198 0
1654591466465 0.0071960322971821875 0
1654591483222 0.013356314304742213 0
1654591499687 0.009541832638717622 0
1654591516089 0.004126790477892591 0
1654591532700 0.005153145569281713 0
1654591548771 0.003853484097358501 0
1654591564903 0.011250371465860803 0
1654591580925 0.009298152308508351 0
1654591597536 0.006472510081304822 0
1654591614373 0.009553019824116498 0
1654591630875 0.004482757553182474 0
1654591647588 0.006853036798088023 0
1654591663848 0.004749438782888948 0
1654591680479 0.014471881818709073 0
1654591697012 0.006442426794485222 0
1654591713441 0.005071824565084631 0
1654591729683 0.0067435585546720845 0
1654591745943 0.011448947561434749 0
1654591762306 0.011218886416961229 0
1654591800270 0.0900421703501465 0
1654591816927 0.022724281371160074 0
1654591833233 0.014052109350423975 0
1654591850014 0.00938289615983843 0
1654591866793 0.008206757451443522 0
1654591883086 0.01357180371394225 0
1654591899957 0.013060491479631767 0
1654591915805 0.00641593856473998 0
1654591932301 0.007950212056598582 0
1654591948797 0.01132324724322333 0
1654591965331 0.009241692689242915 0
1654591982017 0.012225641823809398 0
1654591998342 0.00745994129716087 0
1654592014977 0.0005243919174919907 0
1654592031462 0.010743843271972904 0
1654592047790 0.006924909207401189 0
1654592064435 0.017657483988707645 0
1654592080754 0.0027878885643664373 0
1654592097654 0.001781224562852573 0
1654592114021 0.012436830421132255 0
1654592130470 0.011495331448737166 0
1654592146839 0.010086270936524847 0
1654592163034 0.006478622140420107 0
1654592179923 0.0033617502353567937 0
1654592196311 0.007123180365850537 0
1654592212936 0.006960471190920131 0
1654592229706 0.0015476423098553782 0
1654592246139 0.0008942837951090421 0
1654592262700 0.017981789786495016 0
1654592278821 0.009782716116551224 0
1654592295315 0.005432115294473299 0
1654592311894 0.010194603323243867 0
1654592328893 0.004695454913834752 0
1654592345244 0.00721140768075247 0
1654592361661 0.006417079659308265 0
1654592377996 0.010654055369889781 0
1654592394434 0.0051855270260630915 0
1654592410924 0.008032737418756309 0
1654592427097 0.00822986381337215 0
1654592443324 0.005788001440406736 0
1654592459556 0.00792461770406888 0
1654592476233 0.006389659025231136 0
1654592492725 0.005096467853940767 0
1654592508997 0.0016477671034798478 0
1654592525327 0.008194921295436558 0
1654592541872 0.007787906287633494 0
1654592558268 0.0069104075373913176 0
1654592574731 0.0054024892472041225 0
1654592591060 0.0077106279457205855 0
1654592607571 0.005537252818843299 0
1654592649960 0.24008693004754625 0
1654592666532 0.05232996950630875 0
1654592683320 0.02820002582030051 0
1654592699930 0.025691271942381 0
1654592715948 0.018108660784108215 0
1654592732652 0.01361750999359562 0
1654592749755 0.020879709946669562 0
1654592767012 0.020155325901665706 0
1654592783378 0.017652805182031567 0
1654592799954 0.009516892708780391 0
1654592816708 0.01583385565142781 0
1654592833676 0.01405158346668365 0
1654592850375 0.013513765307772036 0
1654592866699 0.016257394427807523 0
1654592883317 0.016387259707218865 0
1654592900010 0.007363721436933268 0
1654592916510 0.004419803144862336 0
1654592932770 0.009695530597398775 0
1654592949273 0.017077151391282987 0
1654592965972 0.015662294462783836 0
1654592982785 0.014928245075503702 0
1654592999720 0.008656829514269127 0
1654593015436 0.009537050074675849 0
1654593031248 0.001995293975757144 0
1654593047279 0.010030481261814595 0
1654593062727 0.01496316970078007 0
1654593078202 0.010602959197879343 0
1654593093870 0.0042003845611638625 0
1654593109519 0.009252659464272143 0
1654593125378 0.006476469925780455 0
1654593141380 0.012916485324273587 0
1654593157123 0.009546846189728897 0
1654593173008 0.009692244736994971 0
1654593188600 0.015698498302460263 0
1654593204282 0.004555456504367849 0
1654593220015 0.0052713623322205114 0
1654593235806 0.008676904150870194 0
1654593251328 0.007960726690158189 0
1654593267132 0.011153353492992409 0
1654593282818 0.011722857609589127 0
1654593298212 0.007406200682603898 0
1654593314015 0.008893604771815928 0
1654593329834 0.0025014690756923297 0
1654593345809 0.0148386968454635 0
1654593361144 0.009004407641412523 0
1654593376737 0.00883741087665371 0
1654593392253 0.007349598631124407 0
1654593408117 0.010062672393850334 0
1654593423607 0.008021316168513176 0
1654593439599 0.011994085190583427 0
1654593485479 0.17822449050086928 0
1654593501780 0.04316399756119304 0
1654593517671 0.02827360011831606 0
1654593533738 0.020534717616522317 0
1654593549667 0.011973872790610973 0
1654593565816 0.014279773856084064 0
1654593582088 0.01732493010809232 0
1654593598016 0.01453704167476835 0
1654593613892 0.014378799573551327 0
1654593629875 0.009307557550943119 0
1654593646219 0.01296375220917915 0
1654593661966 0.013501602489102467 0
1654593678010 0.013450312204800176 0
1654593694116 0.01130309045292641 0
1654593710564 0.009242498281352204 0
1654593726605 0.007044247003241105 0
1654593742666 0.005608077621389944 0
1654593758620 0.015529122211910763 0
1654593775377 0.009768422320497069 0
1654593791815 0.011620138834323388 0
1654593808673 0.006777719058059801 0
1654593825838 0.0070816994695997535 0
1654593842329 0.009874626679644278 0
1654593859262 0.003755588593967135 0
1654593876236 0.01632728538581401 0
1654593893186 0.009769283684374488 0
1654593909500 0.007685687390997645 0
1654593926567 0.010979380612291843 0
1654593943911 0.006623156046163689 0
1654593961046 0.005234614874567037 0
1654593977306 0.014813378363631039 0
1654593994235 0.011611313044518894 0
1654594010967 0.0016499960180331313 0
1654594027939 0.007580108893413416 0
1654594045006 0.009204556149692313 0
1654594062044 0.008764031123521508 0
1654594079095 0.009756397783922918 0
1654594096020 0.009009506392730862 0
1654594112622 0.007435345396642345 0
1654594129379 0.007032831941061624 0
1654594146633 0.011709296088138112 0
1654594163748 0.0067919630350968116 0
1654594180470 0.008903698435429219 0
1654594197123 0.005157532702773863 0
1654594214056 0.005478053064573542 0
1654594230866 0.009361178819233203 0
1654594247673 0.01571823847272295 0
1654594264575 0.006777807832244025 0
1654594281696 0.003824026299641297 0
1654594298211 0.009338321766101106 0
1654594349634 0.07658182047177978 0
1654594366779 0.02772767158869363 0
1654594383792 0.015800184816194367 0
1654594400615 0.011758813378504124 0
1654594417871 0.020584339642639275 0
1654594434776 0.006902639341379945 0
1654594451627 0.005833009929624873 0
1654594468260 0.011099399302556481 0
1654594485420 0.011848150012191371 0
1654594502174 0.01023003306460808 0
1654594519676 0.008151893228571405 0
1654594536632 0.008446578511673776 0
1654594553267 0.00953785634181441 0
1654594570133 0.005738158200006557 0
1654594586858 0.012271569887447521 0
1654594603946 0.007027624116451646 0
1654594621002 0.00828189947061076 0
1654594637941 0.0031816122469837545 0
1654594655227 0.006719800515254194 0
1654594672109 0.02189577170429402 0
1654594689175 0.0038368232581066806 0
1654594706574 0.008761951713852953 0
1654594723651 0.008592054420126624 0
1654594740603 0.0096553241032061 0
1654594757660 0.00907067217776685 0
1654594774885 0.004203447740748419 0
1654594791696 0.007145429369778119 0
1654594808534 0.007820744172166879 0
1654594825633 0.009983836611936818 0
1654594842575 0.0037178891208579368 0
1654594859490 0.01111414991790898 0
1654594876241 0.008212484277169375 0
1654594893657 0.007859118421902608 0
1654594910263 0.006302809488278557 0
1654594927711 0.002370398098504293 0
1654594944790 0.009097109882777194 0
1654594961606 0.0018871007266534358 0
1654594978612 0.00961218834135353 0
1654594995817 0.009698830007464325 0
1654595012984 0.00923871731933073 0
1654595030238 0.0033319098776732376 0
1654595047137 0.002502856227854329 0
1654595063972 0.007533796118892605 0
1654595080876 0.010402840761949783 0
1654595097837 0.007310654368387848 0
1654595115273 0.007798955873618447 0
1654595132134 0.005325098122820065 0
1654595148969 0.006419376009002268 0
1654595165737 0.007470058313224202 0
1654595182754 0.012591092602648289 0
