1654587716015 0.8046590633341422 0
1654587731090 0.9571705896627032 0
1654587746052 0.9737927687454502 0
1654587760643 0.9816792040766804 0
1654587775764 0.9858650812909489 0
1654587790779 0.9879276874545013 0
1654587806213 0.9892623149720942 0
1654587820988 0.9885950012132978 0
1654587836187 0.9946008250424654 0
1654587851033 0.9897476340694006 0
1654587866280 0.9934481921863625 0
1654587880953 0.9919315700072798 0
1654587896460 0.9956321281242417 0
1654587911911 0.9897476340694006 0
1654587926897 0.9927808784275661 0
1654587942115 0.9952074739140985 0
1654587957204 0.997452074739141 0
1654587972547 0.9944794952681388 0
1654587987758 0.9956321281242417 0
1654588002554 0.9947828197039553 0
1654588017625 0.9935088570735259 0
1654588032767 0.9956321281242417 0
1654588047793 0.9967240960931812 0
1654588062761 0.9955107983499151 0
1654588077993 0.997452074739141 0
1654588093080 0.9967240960931812 0
1654588108037 0.9945401601553021 0
1654588122775 0.9979373938364474 0
1654588137910 0.9966027663188547 0
1654588153005 0.9953288036884251 0
1654588167858 0.9981800533851007 0
1654588182624 0.9987260373695704 0
1654588197779 0.9935088570735259 0
1654588212951 0.9988473671438971 0
1654588227892 0.9999393351128367 0
1654588243234 0.9957534578985683 0
1654588258455 0.9951468090269352 0
1654588273884 0.9994540160155302 0
1654588288785 0.9980587236107741 0
1654588304036 1.0 0
1654588319480 0.9945401601553021 0
1654588334375 0.9981800533851007 0
1654588349750 0.9960567823343849 0
1654588365234 0.9979373938364474 0
1654588380047 0.9981800533851007 0
1654588395404 0.9977553991749575 0
1654588410773 0.9998786702256733 0
1654588425613 1.0 0
1654588440384 1.0 0
1654588455566 0.9919922348944431 0
1654588475559 0.9673764098239697 0
1654588491213 0.9916201117318436 0
1654588507154 0.992885000527037 0
1654588523436 0.994993148519026 0
1654588540054 0.9948877411194266 0
1654588555874 0.9957310003162222 0
1654588572100 0.9954147781174238 0
1654588588745 0.9966796669126172 0
1654588605175 0.9961526299146201 0
1654588621272 0.997312111310214 0
1654588637565 0.9963107410140192 0
1654588653612 0.9957310003162222 0
1654588669675 0.9964688521134184 0
1654588685473 0.998260777906609 0
1654588701655 0.9950985559186255 0
1654588718135 0.9964688521134184 0
1654588734364 0.9974175187098134 0
1654588750476 0.9974175187098134 0
1654588766601 0.9978391483082112 0
1654588782612 0.9969431854116159 0
1654588799095 0.997891852008011 0
1654588815168 0.9976810372088121 0
1654588830342 0.9992621482028038 0
1654588846449 0.9967850743122167 0
1654588862675 0.9959945188152208 0
1654588878436 0.9968377780120165 0
1654588894396 0.9995256667018024 0
1654588911078 0.9986297038052071 0
1654588927419 0.9962053336144198 0
1654588943634 0.997891852008011 0
1654588959413 0.9972594076104142 0
1654588975746 0.998471592705808 0
1654588991517 0.9968904817118162 0
1654589007283 0.9981026668072098 0
1654589023332 0.9977337409086118 0
1654589039190 0.9992094445030041 0
1654589055323 0.9975229261094128 0
1654589071439 0.9968377780120165 0
1654589087258 0.9985242964056077 0
1654589102949 0.9993675556024033 0
1654589118753 0.9983134816064088 0
1654589135310 0.9988932223042057 0
1654589151736 0.9961526299146201 0
1654589167803 0.9999472963002003 0
1654589183925 1.0 0
1654589199710 0.9979445557078107 0
1654589216065 0.9959945188152208 0
1654589232260 0.9985770001054074 0
1654589248374 0.9974175187098134 0
1654589264630 0.9983134816064088 0
1654589289095 0.9130686604886268 0
1654589305106 0.985309604043808 0
1654589321192 0.992259898904802 0
1654589337634 0.993628896377422 0
1654589353631 0.992259898904802 0
1654589370132 0.9956297388374052 0
1654589386549 0.9946819713563606 0
1654589402988 0.9966828138163437 0
1654589419182 0.9945240101095199 0
1654589435524 0.9970513900589723 0
1654589451702 0.9944187026116259 0
1654589468034 0.9961036225779275 0
1654589484596 0.9947346251053075 0
1654589501224 0.998578348778433 0
1654589517745 0.9967354675652906 0
1654589534098 0.9984730412805392 0
1654589550442 0.9961036225779275 0
1654589566708 0.995050547598989 0
1654589582988 0.9972620050547599 0
1654589599143 0.9974199663016007 0
1654589615044 0.997841196293176 0
1654589631107 0.9963668913226622 0
1654589647574 0.9968934288121314 0
1654589663883 0.9984203875315922 0
1654589679789 0.9969460825610783 0
1654589695779 0.996524852569503 0
1654589712208 0.996524852569503 0
1654589728561 0.9974726200505476 0
1654589744508 0.9977358887952822 0
1654589760763 0.9984203875315922 0
1654589777112 0.9966828138163437 0
1654589793688 0.9963668913226622 0
1654589810026 0.9979991575400169 0
1654589826107 0.9981571187868576 0
1654589842595 0.9974726200505476 0
1654589858461 0.9988942712721146 0
1654589874682 0.9953664700926707 0
1654589891056 0.9982097725358046 0
1654589907283 0.9977358887952822 0
1654589923477 0.997841196293176 0
1654589939638 0.9977358887952822 0
1654589956062 0.9976305812973884 0
1654589972310 0.999262847514743 0
1654589988722 0.9955770850884583 0
1654590005437 0.9979991575400169 0
1654590022152 0.997841196293176 0
1654590038411 0.9973146588037068 0
1654590054947 0.9966301600673968 0
1654590071559 0.9989995787700084 0
1654590088015 0.9996840775063185 0
1654590116932 0.941854953389161 0
1654590133338 0.9930478748617475 0
1654590149768 0.9947859061463107 0
1654590166626 0.9950492442197293 0
1654590183302 0.9963659345868225 0
1654590199595 0.9975772897245484 0
1654590216573 0.9943118976141571 0
1654590232945 0.995681255595934 0
1654590249792 0.9973666192658135 0
1654590266316 0.9962079317427713 0
1654590282876 0.9980512982567019 0
1654590299457 0.9952072470637805 0
1654590315703 0.9985253067888555 0
1654590332188 0.9970506135777111 0
1654590348688 0.9960499288987201 0
1654590365035 0.9974719544951809 0
1654590381224 0.9987886448622741 0
1654590397414 0.9972086164217623 0
1654590414173 0.997261284036446 0
1654590430709 0.9987359772475904 0
1654590446916 0.9985253067888555 0
1654590463381 0.9961025965134039 0
1654590479452 0.9969452783483436 0
1654590495745 0.9970506135777111 0
1654590512596 0.9973139516511297 0
1654590528820 0.998841312476958 0
1654590545530 1.0 0
1654590561718 0.9950492442197293 0
1654590578760 0.9978932954126508 0
1654590595444 0.9982093011007531 0
1654590611704 0.9973666192658135 0
1654590627976 0.9981566334860694 0
1654590644281 0.9967346078896087 0
1654590660917 0.9970506135777111 0
1654590677390 0.9991573181650603 0
1654590693767 0.9985253067888555 0
1654590710443 0.9963659345868225 0
1654590726154 0.9972086164217623 0
1654590742606 0.9977879601832833 0
1654590762364 0.9971032811923948 0
1654590778910 0.9979986306420182 0
1654590795323 0.997261284036446 0
1654590811212 0.9982619687154369 0
1654590827567 0.9981566334860694 0
1654590844077 0.9979986306420182 0
1654590860853 0.9982619687154369 0
1654590877184 0.9978932954126508 0
1654590893121 0.9972086164217623 0
1654590908366 0.9993153210091115 0
1654590924881 0.9981039658713857 0
1654590958245 0.963653603034134 0
1654590974849 0.9906763590391909 0
1654590991089 0.9959966287399916 0
1654591007503 0.9965233881163085 0
1654591024255 0.9961019806152549 0
1654591040833 0.995417193426043 0
1654591056882 0.997629582806574 0
1654591072691 0.999157184997893 0
1654591088786 0.995417193426043 0
1654591105618 0.9946270543615676 0
1654591122014 0.9979456384323641 0
1654591138551 0.9975769068689423 0
1654591155168 0.9968921196797303 0
1654591171605 0.9956805731142014 0
1654591187889 0.9986304256215761 0
1654591204340 0.9973662031184155 0
1654591220964 0.9984197218710493 0
1654591237946 0.9977349346818374 0
1654591254391 0.9969447956173619 0
1654591271128 0.9987884534344711 0
1654591286715 0.9972608512431521 0
1654591303445 0.9969974715549936 0
1654591320235 0.996786767804467 0
1654591336659 0.9982616940581542 0
1654591353039 0.9990518331226296 0
1654591369058 0.9995259165613148 0
1654591385466 0.997102823430257 0
1654591401338 0.9977349346818374 0
1654591417631 0.9972081753055204 0
1654591433716 0.9985250737463127 0
1654591450089 0.99626000842815 0
1654591466443 0.9982090181205225 0
1654591483202 0.9965760640539402 0
1654591499666 0.997629582806574 0
1654591516068 0.9985777496839444 0
1654591532678 0.9982616940581542 0
1654591548751 0.9987884534344711 0
1654591564882 0.997102823430257 0
1654591580905 0.9975769068689423 0
1654591597516 0.9979456384323641 0
1654591614353 0.9973662031184155 0
1654591630853 0.9986831015592078 0
1654591647561 0.9986831015592078 0
1654591663827 0.9987357774968394 0
1654591680455 0.9961546565528866 0
1654591696972 0.9979456384323641 0
1654591713413 0.9985777496839444 0
1654591729662 0.9980509903076275 0
1654591745923 0.9973135271807838 0
1654591762285 0.9968921196797303 0
1654591800249 0.9718257938806678 0
1654591816906 0.9932592553583653 0
1654591833201 0.9963663173416188 0
1654591849991 0.997472220759387 0
1654591866755 0.9977881931644637 0
1654591883065 0.9958396966664911 0
1654591899936 0.9963663173416188 0
1654591915783 0.9980515035020275 0
1654591932269 0.9976302069619253 0
1654591948776 0.9966296276791827 0
1654591965306 0.9973142345568488 0
1654591981994 0.9963136552741061 0
1654591998320 0.9983148138395913 0
1654592014951 0.9998946758649745 0
1654592031440 0.9966296276791827 0
1654592047749 0.9979988414345147 0
1654592064415 0.9953130759913634 0
1654592080732 0.999315393122334 0
1654592097632 0.9995260413923851 0
1654592114000 0.9968929380167465 0
1654592130444 0.9969982621517721 0
1654592146818 0.9978935172994892 0
1654592163011 0.9979461793670019 0
1654592179901 0.998630786244668 0
1654592196290 0.9978408552319764 0
1654592212914 0.9981041655695403 0
1654592229685 0.9996313655274106 0
1654592246100 0.9997366896624361 0
1654592262679 0.9944704829111591 0
1654592278799 0.9976302069619253 0
1654592295285 0.9980515035020275 0
1654592311852 0.9975248828268998 0
1654592328862 0.9988940965822318 0
1654592345223 0.9979461793670019 0
1654592361639 0.9983674759071041 0
1654592377975 0.9971562483543104 0
1654592394388 0.9985781241771552 0
1654592410888 0.9979988414345147 0
1654592427075 0.9979988414345147 0
1654592443302 0.9983674759071041 0
1654592459535 0.9976302069619253 0
1654592476211 0.9983148138395913 0
1654592492686 0.9984728000421297 0
1654592508970 0.9995787034598979 0
1654592525306 0.9976828690294381 0
1654592541850 0.9974195586918743 0
1654592558246 0.9982621517720786 0
1654592574710 0.9983674759071041 0
1654592591038 0.9981041655695403 0
1654592607544 0.998630786244668 0
1654592649936 0.9120450834781693 0
1654592666511 0.9843050508242481 0
1654592683296 0.9912045083478169 0
1654592699906 0.9918365197240216 0
1654592715926 0.9944172328435246 0
1654592732628 0.995891926054669 0
1654592749733 0.9929952072470638 0
1654592766991 0.9933638805498499 0
1654592783356 0.9954705851371991 0
1654592799932 0.9980512982567019 0
1654592816686 0.9954179175225154 0
1654592833643 0.995891926054669 0
1654592850354 0.9952599146784642 0
1654592866678 0.9947332385316269 0
1654592883295 0.995681255595934 0
1654592899988 0.9984726391741718 0
1654592916475 0.9986833096329067 0
1654592932749 0.9971559488070785 0
1654592949251 0.9946805709169432 0
1654592965950 0.9955759203665666 0
1654592982763 0.9954179175225154 0
1654592999692 0.9971032811923948 0
1654593015415 0.9973666192658135 0
1654593031226 0.999420656238479 0
1654593047258 0.9972086164217623 0
1654593062706 0.9957865908253015 0
1654593078181 0.9966292726602413 0
1654593093848 0.9983146363301206 0
1654593109498 0.9971032811923948 0
1654593125357 0.9981566334860694 0
1654593141345 0.9968399431189762 0
1654593157102 0.9971559488070785 0
1654593172987 0.9973139516511297 0
1654593188578 0.9950492442197293 0
1654593204260 0.9987359772475904 0
1654593219990 0.9984726391741718 0
1654593235784 0.9977352925685996 0
1654593251306 0.9976826249539158 0
1654593267105 0.9967872755042924 0
1654593282797 0.9969452783483436 0
1654593298190 0.9981566334860694 0
1654593313994 0.9975772897245484 0
1654593329799 0.9991573181650603 0
1654593345788 0.9957339232106178 0
1654593361122 0.9974719544951809 0
1654593376715 0.9971559488070785 0
1654593392232 0.9976826249539158 0
1654593408095 0.997261284036446 0
1654593423585 0.9971032811923948 0
1654593439578 0.99647126981619 0
1654593485457 0.931757148122795 0
1654593501758 0.9856247696277184 0
1654593517650 0.9913116739508188 0
1654593533703 0.9939971565478385 0
1654593549646 0.9964720130588174 0
1654593565794 0.9952082565425728 0
1654593582067 0.9948396608920015 0
1654593597992 0.9958401348006951 0
1654593613870 0.9951029434995524 0
1654593629853 0.9975251434890211 0
1654593646196 0.9960507608867358 0
1654593661944 0.996103417408246 0
1654593677989 0.996103417408246 0
1654593694093 0.9964720130588174 0
1654593710542 0.9976304565320415 0
1654593726579 0.9981043652256332 0
1654593742635 0.9981570217471434 0
1654593758598 0.9954715391501238 0
1654593775355 0.9971038913169396 0
1654593791793 0.996366700015797 0
1654593808651 0.998051708704123 0
1654593825816 0.9978410826180822 0
1654593842306 0.9971565478384498 0
1654593859238 0.9988415565267759 0
1654593876214 0.9958401348006951 0
1654593893164 0.9970512347954295 0
1654593909476 0.9978937391395925 0
1654593926545 0.9967879521878785 0
1654593943889 0.998051708704123 0
1654593961024 0.9982096782686536 0
1654593977282 0.9957874782791849 0
1654593994212 0.9972618608814702 0
1654594010943 0.9994207782633879 0
1654594027906 0.9978410826180822 0
1654594044981 0.9973145174029804 0
1654594062020 0.997788426096572 0
1654594079073 0.99720920435996 0
1654594095997 0.9972618608814702 0
1654594112598 0.9976304565320415 0
1654594129353 0.9979463956611027 0
1654594146611 0.9968932652308988 0
1654594163724 0.9981570217471434 0
1654594180448 0.9976304565320415 0
1654594197101 0.9988415565267759 0
1654594214033 0.998314991311674 0
1654594230844 0.9973145174029804 0
1654594247651 0.9957348217576747 0
1654594264552 0.9976831130535517 0
1654594281674 0.9988415565267759 0
1654594298158 0.9976304565320415 0
1654594349607 0.9781921618204804 0
1654594366754 0.9931521281078803 0
1654594383769 0.9960493046776233 0
1654594400592 0.9966287399915719 0
1654594417845 0.9949431099873578 0
1654594434754 0.997629582806574 0
1654594451592 0.9987884534344711 0
1654594468236 0.997102823430257 0
1654594485397 0.9961546565528866 0
1654594502152 0.9973135271807838 0
1654594519654 0.997629582806574 0
1654594536610 0.9977876106194691 0
1654594553244 0.9974188790560472 0
1654594570109 0.9979983143699958 0
1654594586835 0.9974188790560472 0
1654594603923 0.9975769068689423 0
1654594620979 0.997629582806574 0
1654594637919 0.9993152128107881 0
1654594655204 0.9983670459334176 0
1654594672087 0.9943109987357776 0
1654594689152 0.9987884534344711 0
1654594706552 0.9980509903076275 0
1654594723618 0.9975769068689423 0
1654594740580 0.997102823430257 0
1654594757636 0.9974188790560472 0
1654594774862 0.9985250737463127 0
1654594791652 0.9981036662452591 0
1654594808510 0.9977349346818374 0
1654594825599 0.997629582806574 0
1654594842552 0.9986304256215761 0
1654594859467 0.997629582806574 0
1654594876218 0.9978402865571007 0
1654594893622 0.997629582806574 0
1654594910240 0.9985250737463127 0
1654594927688 0.9994205646860514 0
1654594944767 0.9972081753055204 0
1654594961583 0.9994205646860514 0
1654594978589 0.9968921196797303 0
1654594995794 0.9970501474926253 0
1654595012960 0.9975769068689423 0
1654595030215 0.9986831015592078 0
1654595047099 0.9992625368731564 0
1654595063947 0.9978929624947324 0
1654595080847 0.9973135271807838 0
1654595097815 0.9977349346818374 0
1654595115249 0.9979983143699958 0
1654595132112 0.9982090181205225 0
1654595148946 0.9982616940581542 0
1654595165714 0.9982616940581542 0
1654595182731 0.9965760640539402 0
