1652782056299 2.2524797504425047 0
1652782060660 2.0420974227905275 0
1652782065098 1.8472576185226441 0
1652782069588 1.6633377933502198 0
1652782073982 1.5059085121154785 0
1652782078367 1.3840280015945434 0
1652782082800 1.253528535079956 0
1652782087282 1.1454121916770934 0
1652782091622 1.0355488456726074 0
1652782095867 0.93766858253479 0
1652782100315 0.8638970229148865 0
1652782104843 0.7713219076156617 0
1652782109265 0.7074840822219849 0
1652782113665 0.6321058440208435 0
1652782118049 0.5544956133365632 0
1652782122577 0.4891205101966858 0
1652782126927 0.4425874880313873 0
1652782131329 0.3687760001659393 0
1652782135646 0.3208810049533844 0
1652782140187 0.28788885345458987 0
1652782144549 0.25422988123893736 0
1652782148898 0.20988589153289794 0
1652782153209 0.19061570497751235 0
1652782157626 0.15984331561923026 0
1652782161964 0.1384626004099846 0
1652782166464 0.11858199593424797 0
1652782170728 0.10595062500238418 0
1652782175165 0.10236845868825913 0
1652782179735 0.10328178610801697 0
1652782184169 0.08004036115407943 0
1652782188527 0.06948352891802788 0
1652782192847 0.0688138382345438 0
1652782197363 0.07538382314145566 0
1652782201676 0.05605028295740485 0
1652782206073 0.05785705720484257 0
1652782210604 0.05286873327344656 0
1652782214901 0.037858514131605625 0
1652782219381 0.03801913502067328 0
1652782223873 0.04183238150179386 0
1652782228379 0.03735445964336395 0
1652782232830 0.035563514447212216 0
1652782237410 0.032912749269604684 0
1652782241710 0.02987798407152295 0
1652782246117 0.03692898895740509 0
1652782250593 0.03357042228281498 0
1652782254894 0.02897817457020283 0
1652782259303 0.033384942109137776 0
1652782263787 0.025167867343127728 0
1652782268194 0.035663177499175074 0
1652782272600 0.02600709190070629 0
1652782278460 2.036020859718323 0
1652782283939 1.532950719833374 0
1652782289451 1.228723018836975 0
1652782294786 1.026379144668579 0
1652782300412 0.8902136812210083 0
1652782305749 0.7467599788665772 0
1652782311309 0.6543013513565064 0
1652782316994 0.5690815284729004 0
1652782322441 0.5051971895217896 0
1652782328077 0.43393972625732424 0
1652782333525 0.3664148898124695 0
1652782339084 0.3112992202997208 0
1652782344528 0.26756296892166137 0
1652782350102 0.2389396445989609 0
1652782355651 0.2153547048330307 0
1652782361072 0.18090240128040314 0
1652782366643 0.14613541844189168 0
1652782372158 0.12339977173060179 0
1652782377733 0.12169533030986786 0
1652782383512 0.10084995782077312 0
1652782389465 0.09951725189089775 0
1652782395179 0.07134558734893799 0
1652782400742 0.075484903383255 0
1652782406355 0.0706992530912161 0
1652782412041 0.051217654699087144 0
1652782417829 0.04121508923470974 0
1652782423547 0.05060707851201296 0
1652782429211 0.048105024272203444 0
1652782434920 0.03662567773163319 0
1652782440313 0.031441329638659955 0
1652782445958 0.03140256652832031 0
1652782451587 0.030614919550716876 0
1652782457313 0.03768851078078151 0
1652782462918 0.03312566358745098 0
1652782468628 0.03916618590205908 0
1652782474322 0.029364165213704108 0
1652782479960 0.02701211152225733 0
1652782485714 0.024038521699607372 0
1652782491304 0.02706132893636823 0
1652782496971 0.023899146631360054 0
1652782502641 0.020903010422736408 0
1652782508264 0.022231974366307257 0
1652782513868 0.023494474177062512 0
1652782519687 0.022836036007851362 0
1652782525462 0.01748800385296345 0
1652782531072 0.02519025512263179 0
1652782536516 0.022880809795111416 0
1652782542013 0.019417641812562943 0
1652782547558 0.012351111641526222 0
1652782553110 0.013398019906878472 0
1652782559339 2.0130836151123046 0
1652782565095 1.55255698928833 0
1652782570660 1.2827167503356933 0
1652782576243 1.1024971010208129 0
1652782581860 0.9505361827850342 0
1652782587453 0.8551056285858154 0
1652782592991 0.7394931343078613 0
1652782598498 0.6362084030151367 0
1652782604303 0.5740114645957947 0
1652782610107 0.5194054015159607 0
1652782615736 0.44601238799095155 0
1652782621269 0.40827245416641234 0
1652782626730 0.34625129103660585 0
1652782632431 0.31657792134284973 0
1652782638160 0.2608746397972107 0
1652782643689 0.2215982271909714 0
1652782649243 0.19814722983837127 0
1652782654861 0.18050347197055816 0
1652782660422 0.15803443101644515 0
1652782666070 0.13597212378382684 0
1652782671744 0.11420824089050292 0
1652782677445 0.11073520678877831 0
1652782683033 0.10271597041487694 0
1652782688766 0.08953988445997238 0
1652782694478 0.0769641970872879 0
1652782700150 0.07897435517013073 0
1652782705807 0.07232914057672024 0
1652782711487 0.07086976384818554 0
1652782717190 0.05221590856015682 0
1652782722720 0.048308996604382995 0
1652782728345 0.054084701350331305 0
1652782733935 0.03801558229029178 0
1652782739590 0.05417520911991596 0
1652782745222 0.044972596555948256 0
1652782750701 0.043166613909602164 0
1652782756468 0.03731953695192933 0
1652782762104 0.03382669719085097 0
1652782767797 0.03236877886503935 0
1652782773327 0.03807358170747757 0
1652782779076 0.025758994495868683 0
1652782784798 0.044952040308713914 0
1652782790234 0.02475768194720149 0
1652782795763 0.033203125856071714 0
1652782801540 0.028895033711194992 0
1652782807317 0.02852226232588291 0
1652782812999 0.021746272304654122 0
1652782818763 0.027305751764774323 0
1652782824421 0.026824349879473446 0
1652782830088 0.027074281264096497 0
1652782835697 0.04232385637834668 0
1652782842298 1.8131131525039672 0
1652782847903 1.2575853178024292 0
1652782853548 1.0085474158287049 0
1652782859203 0.8599446199417115 0
1652782864881 0.7444189161300659 0
1652782870522 0.6296118048191071 0
1652782876087 0.5567743530273438 0
1652782881776 0.47055682561397555 0
1652782887367 0.40540176706314085 0
1652782893025 0.35493328762054444 0
1652782898703 0.3039742755413055 0
1652782904446 0.26351763882637025 0
1652782910005 0.22385583292245864 0
1652782915718 0.20342875804901123 0
1652782921285 0.1779544662743807 0
1652782927065 0.14825450826883316 0
1652782932653 0.1467062106490135 0
1652782938243 0.1060948791384697 0
1652782943770 0.10559243806600571 0
1652782949382 0.0919151745378971 0
1652782955026 0.07735141332745551 0
1652782960857 0.10412135398238898 0
1652782966586 0.062131760108470914 0
1652782972102 0.05401736364364624 0
1652782977897 0.055478164160251614 0
1652782983527 0.04691004733592272 0
1652782989161 0.03826732389032841 0
1652782994871 0.04925648063123226 0
1652783000628 0.03505087073370814 0
1652783006280 0.04427172418236733 0
1652783011917 0.05386723016947508 0
1652783017577 0.033070385725051166 0
1652783023164 0.026643136006593703 0
1652783028871 0.026669955539703367 0
1652783034483 0.026928064976632596 0
1652783040106 0.038553698736429214 0
1652783045855 0.03654699685573578 0
1652783051633 0.03052540873289108 0
1652783057345 0.025280924604833128 0
1652783063004 0.030179847053065895 0
1652783068895 0.025527404940128326 0
1652783074674 0.01964800227433443 0
1652783080199 0.019975306571274994 0
1652783085934 0.01865998331345618 0
1652783091678 0.012584677559137345 0
1652783097216 0.02081088033169508 0
1652783102950 0.025671185656636952 0
1652783108685 0.020299907998740672 0
1652783114181 0.018247368776798247 0
1652783119669 0.01530401112139225 0
1652783126742 1.8691233320236207 0
1652783132403 1.4250353244781495 0
1652783138036 1.2579972229957581 0
1652783143640 1.1128093990325927 0
1652783149443 0.9846697240829467 0
1652783155224 0.8682747763633728 0
1652783160793 0.778445411491394 0
1652783166450 0.6663587230682373 0
1652783172217 0.6025550073623657 0
1652783178112 0.5309981494903564 0
1652783183788 0.48034500188827517 0
1652783189395 0.4131573039770126 0
1652783195061 0.35184282126426697 0
1652783200700 0.3232275517463684 0
1652783206196 0.2665673013448715 0
1652783211849 0.24334791061878205 0
1652783217501 0.2285440637111664 0
1652783223216 0.2038472330570221 0
1652783228913 0.17375743964463472 0
1652783234552 0.1313642068743706 0
1652783240151 0.11653421450257301 0
1652783245859 0.10341371177434922 0
1652783251562 0.10366546033024789 0
1652783257381 0.09229508357942104 0
1652783263103 0.06941385929584504 0
1652783268723 0.08156782945394515 0
1652783274739 0.07722977794408799 0
1652783280643 0.06523060350716114 0
1652783286239 0.06868076097369194 0
1652783292036 0.06037786024957895 0
1652783297789 0.05395938316583634 0
1652783303285 0.04878778005838394 0
1652783309035 0.06252853879630565 0
1652783314752 0.03634129666984081 0
1652783320621 0.026351471482217313 0
1652783326247 0.026167274843901397 0
1652783331984 0.035442839349806306 0
1652783337601 0.032917468547821044 0
1652783343320 0.02775609939545393 0
1652783349025 0.023323834396898748 0
1652783354803 0.03665254533141851 0
1652783360364 0.05234877879619598 0
1652783366105 0.029586032196879386 0
1652783371695 0.04179740085601807 0
1652783377481 0.0369363742724061 0
1652783383132 0.03560449000746012 0
1652783388857 0.026073697915673256 0
1652783394502 0.02137037904858589 0
1652783400166 0.02108104950338602 0
1652783405723 0.07415749820768833 0
