1645565066707 0.2676 0
1645565075554 0.4286 0
1645565084223 0.5132 0
1645565092922 0.5722 0
1645565101636 0.6244 0
1645565110491 0.665 0
1645565119175 0.6934 0
1645565128021 0.737 0
1645565136768 0.7742 0
1645565145605 0.8058 0
1645565154484 0.8232 0
1645565163494 0.8512 0
1645565172400 0.8938 0
1645565181349 0.8924 0
1645565190025 0.9268 0
1645565198593 0.9194 0
1645565207216 0.9254 0
1645565216064 0.9536 0
1645565224930 0.9514 0
1645565233575 0.9496 0
1645565249900 0.6401 0
1645565250546 0.0 0
1645565251205 0.0 0
1645565251841 0.0 0
1645565252472 0.0 0
1645565253126 0.0 0
1645565253772 0.0 0
1645565254418 0.0 0
1645565255069 0.0 0
1645565255703 0.0 0
1645565256433 0.0 0
1645565257101 0.0 0
1645565257736 0.0 0
1645565258393 0.0 0
1645565259060 0.0 0
1645565259723 0.0 0
1645565260367 0.0 0
1645565261036 0.0 0
1645565261677 0.0 0
1645565262309 0.0 0
1645565279867 0.5286 0
1645565280530 0.0 0
1645565281196 0.0 0
1645565281836 0.0 0
1645565282498 0.0 0
1645565283152 0.0 0
1645565283791 0.0 0
1645565284503 0.0 0
1645565285157 0.0 0
1645565285826 0.0 0
1645565286457 0.0 0
1645565287074 0.0 0
1645565287723 0.0 0
1645565288357 0.0 0
1645565289009 0.0 0
1645565289642 0.0 0
1645565290273 0.0 0
1645565290902 0.0 0
1645565291540 0.0 0
1645565292235 0.0 0
