1645556366852 0.3628 0
1645556371844 0.5072 0
1645556376937 0.5636 0
1645556382273 0.5884 0
1645556387638 0.624 0
1645556392497 0.6536 0
1645556397548 0.6784 0
1645556402581 0.74 0
1645556407646 0.7496 0
1645556412850 0.8008 0
1645556418077 0.828 0
1645556423206 0.8544 0
1645556428355 0.8856 0
1645556433309 0.8996 0
1645556438408 0.9212 0
1645556443655 0.9156 0
1645556448842 0.9356 0
1645556453969 0.9448 0
1645556459038 0.95 0
1645556464187 0.9608 0
1645556473347 0.7192 0
1645556474088 0.0 0
1645556474791 0.0 0
1645556475471 0.0 0
1645556476151 0.0 0
1645556476818 0.0 0
1645556477475 0.0 0
1645556478134 0.0 0
1645556478813 0.0 0
1645556479494 0.0 0
1645556480192 0.0 0
1645556480880 0.0 0
1645556481538 0.0 0
1645556482216 0.0 0
1645556482894 0.0 0
1645556483573 0.0 0
1645556484265 0.0 0
1645556484931 0.0 0
1645556485600 0.0 0
1645556486310 0.0 0
1645556500429 0.678 0
1645556501104 0.0 0
1645556501791 0.0 0
1645556502464 0.0 0
1645556503116 0.0 0
1645556503825 0.0 0
1645556504533 0.0 0
1645556505215 0.0 0
1645556505909 0.0 0
1645556506634 0.0 0
1645556507318 0.0 0
1645556508050 0.0 0
1645556508738 0.0 0
1645556509401 0.0 0
1645556510111 0.0 0
1645556510799 0.0 0
1645556511492 0.0 0
1645556512150 0.0 0
1645556512878 0.0 0
1645556513570 0.0 0
1645556528210 0.6672445985596159 0
1645556528913 0.0 0
1645556529593 0.0 0
1645556530262 0.0 0
1645556530929 0.0 0
1645556531627 0.0 0
1645556532325 0.0 0
1645556532995 0.0 0
1645556533684 0.0 0
1645556534406 0.0 0
1645556535058 0.0 0
1645556535743 0.0 0
1645556536430 0.0 0
1645556537109 0.0 0
1645556537785 0.0 0
1645556538470 0.0 0
1645556539133 0.0 0
1645556539785 0.0 0
1645556540491 0.0 0
1645556541219 0.0 0
1645556556447 0.6941333333333334 0
1645556557150 0.0 0
1645556557828 0.0 0
1645556558503 0.0 0
1645556559209 0.0 0
1645556559902 0.0 0
1645556560583 0.0 0
1645556561259 0.0 0
1645556561939 0.0 0
1645556562623 0.0 0
1645556563358 0.0 0
1645556564065 0.0 0
1645556564754 0.0 0
1645556565439 0.0 0
1645556566136 0.0 0
1645556566812 0.0 0
1645556567539 0.0 0
1645556568251 0.0 0
1645556568944 0.0 0
1645556569622 0.0 0
1645556585328 0.6882666666666667 0
1645556586007 0.0 0
1645556586707 0.0 0
1645556587409 0.0 0
1645556588095 0.0 0
1645556588775 0.0 0
1645556589460 0.0 0
1645556590151 0.0 0
1645556590878 0.0 0
1645556591545 0.0 0
1645556592203 0.0 0
1645556592878 0.0 0
1645556593526 0.0 0
1645556594198 0.0 0
1645556594852 0.0 0
1645556595535 0.0 0
1645556596230 0.0 0
1645556596919 0.0 0
1645556597599 0.0 0
1645556598292 0.0 0
1645556614434 0.7052547345958923 0
1645556615132 0.0 0
1645556615788 0.0 0
1645556616443 0.0 0
1645556617176 0.0 0
1645556617907 0.0 0
1645556618610 0.0 0
1645556619292 0.0 0
1645556619984 0.0 0
1645556620659 0.0 0
1645556621331 0.0 0
1645556622028 0.0 0
1645556622736 0.0 0
1645556623415 0.0 0
1645556624095 0.0 0
1645556624774 0.0 0
1645556625458 0.0 0
1645556626135 0.0 0
1645556626802 0.0 0
1645556627501 0.0 0
1645556644031 0.7160576153640971 0
1645556644725 0.0 0
1645556645409 0.0 0
1645556646075 0.0 0
1645556646740 0.0 0
1645556647413 0.0 0
1645556648064 0.0 0
1645556648768 0.0 0
1645556649444 0.0 0
1645556650102 0.0 0
1645556650782 0.0 0
1645556651464 0.0 0
1645556652162 0.0 0
1645556652839 0.0 0
1645556653523 0.0 0
1645556654248 0.0 0
1645556654952 0.0 0
1645556655647 0.0 0
1645556656330 0.0 0
1645556657022 0.0 0
1645556674191 0.7646666666666667 0
1645556674868 0.0 0
1645556675592 0.0 0
1645556676295 0.0 0
1645556676965 0.0 0
1645556677660 0.0 0
1645556678326 0.0 0
1645556679023 0.0 0
1645556679687 0.0 0
1645556680355 0.0 0
1645556681076 0.0 0
1645556681804 0.0 0
1645556682502 0.0 0
1645556683196 0.0 0
1645556683875 0.0 0
1645556684552 0.0 0
1645556685229 0.0 0
1645556685911 0.0 0
1645556686608 0.0 0
1645556687295 0.0 0
1645556705293 0.7597064709806538 0
1645556705959 0.0 0
1645556706615 0.0 0
1645556707294 0.0 0
1645556707987 0.0 0
1645556708667 0.0 0
1645556709327 0.0 0
1645556710014 0.0 0
1645556710711 0.0 0
1645556711407 0.0 0
1645556712071 0.0 0
1645556712725 0.0 0
1645556713431 0.0 0
1645556714134 0.0 0
1645556714799 0.0 0
1645556715478 0.0 0
1645556716161 0.0 0
1645556716836 0.0 0
1645556717517 0.0 0
1645556718183 0.0 0
1645556736457 0.7590666666666667 0
1645556737134 0.0 0
1645556737837 0.0 0
1645556738589 0.0 0
1645556739298 0.0 0
1645556739988 0.0 0
1645556740674 0.0 0
1645556741359 0.0 0
1645556742042 0.0 0
1645556742713 0.0 0
1645556743427 0.0 0
1645556744122 0.0 0
1645556744816 0.0 0
1645556745505 0.0 0
1645556746169 0.0 0
1645556746850 0.0 0
1645556747508 0.0 0
1645556748187 0.0 0
1645556748861 0.0 0
1645556749543 0.0 0
1645556768460 0.7720843341339738 0
1645556769164 0.0 0
1645556769846 0.0 0
1645556770528 0.0 0
1645556771218 0.0 0
1645556771896 0.0 0
1645556772567 0.0 0
1645556773259 0.0 0
1645556773954 0.0 0
1645556774669 0.0 0
1645556775352 0.0 0
1645556776039 0.0 0
1645556776733 0.0 0
1645556777437 0.0 0
1645556778109 0.0 0
1645556778778 0.0 0
1645556779481 0.0 0
1645556780160 0.0 0
1645556780842 0.0 0
1645556781532 0.0 0
1645556801051 0.8127335824879872 0
1645556801757 0.0 0
1645556802417 0.0 0
1645556803091 0.0 0
1645556803809 0.0 0
1645556804507 0.0 0
1645556805207 0.0 0
1645556805880 0.0 0
1645556806542 0.0 0
1645556807259 0.0 0
1645556807969 0.0 0
1645556808671 0.0 0
1645556809341 0.0 0
1645556810032 0.0 0
1645556810735 0.0 0
1645556811409 0.0 0
1645556812100 0.0 0
1645556812797 0.0 0
1645556813478 0.0 0
1645556814151 0.0 0
1645556834223 0.8053924185798185 0
1645556834932 0.0 0
1645556835605 0.0 0
1645556836281 0.0 0
1645556836953 0.0 0
1645556837619 0.0 0
1645556838310 0.0 0
1645556838969 0.0 0
1645556839648 0.0 0
1645556840363 0.0 0
1645556841045 0.0 0
1645556841736 0.0 0
1645556842401 0.0 0
1645556843074 0.0 0
1645556843763 0.0 0
1645556844453 0.0 0
1645556845156 0.0 0
1645556845802 0.0 0
1645556846505 0.0 0
1645556847202 0.0 0
1645556867809 0.8010136036276341 0
1645556868505 0.0 0
1645556869194 0.0 0
1645556869880 0.0 0
1645556870548 0.0 0
1645556871212 0.0 0
1645556871902 0.0 0
1645556872580 0.0 0
1645556873291 0.0 0
1645556873976 0.0 0
1645556874676 0.0 0
1645556875344 0.0 0
1645556876094 0.0 0
1645556876781 0.0 0
1645556877471 0.0 0
1645556878153 0.0 0
1645556878830 0.0 0
1645556879486 0.0 0
1645556880209 0.0 0
1645556880948 0.0 0
1645556901443 0.7758505670446965 0
1645556902114 0.0 0
1645556902779 0.0 0
1645556903487 0.0 0
1645556904173 0.0 0
1645556904872 0.0 0
1645556905561 0.0 0
1645556906243 0.0 0
1645556906973 0.0 0
1645556907686 0.0 0
1645556908356 0.0 0
1645556909020 0.0 0
1645556909722 0.0 0
1645556910412 0.0 0
1645556911129 0.0 0
1645556911800 0.0 0
1645556912481 0.0 0
1645556913161 0.0 0
1645556913871 0.0 0
1645556914578 0.0 0
1645556935849 0.8115323011211959 0
1645556936554 0.0 0
1645556937263 0.0 0
1645556937923 0.0 0
1645556938602 0.0 0
1645556939270 0.0 0
1645556939935 0.0 0
1645556940662 0.0 0
1645556941391 0.0 0
1645556942088 0.0 0
1645556942754 0.0 0
1645556943468 0.0 0
1645556944151 0.0 0
1645556944818 0.0 0
1645556945474 0.0 0
1645556946134 0.0 0
1645556946798 0.0 0
1645556947527 0.0 0
1645556948255 0.0 0
1645556948974 0.0 0
1645556970559 0.8215524139770606 0
1645556971254 0.0 0
1645556971931 0.0 0
1645556972646 0.0 0
1645556973344 0.0 0
1645556974010 0.0 0
1645556974682 0.0 0
1645556975370 0.0 0
1645556976047 0.0 0
1645556976740 0.0 0
1645556977416 0.0 0
1645556978100 0.0 0
1645556978789 0.0 0
1645556979528 0.0 0
1645556980251 0.0 0
1645556980967 0.0 0
1645556981671 0.0 0
1645556982374 0.0 0
1645556983060 0.0 0
1645556983736 0.0 0
1645557006069 0.821800694629976 0
1645557006768 0.0 0
1645557007488 0.0 0
1645557008176 0.0 0
1645557008878 0.0 0
1645557009622 0.0 0
1645557010331 0.0 0
1645557011001 0.0 0
1645557011705 0.0 0
1645557012401 0.0 0
1645557013093 0.0 0
1645557013761 0.0 0
1645557014446 0.0 0
1645557015209 0.0 0
1645557015957 0.0 0
1645557016676 0.0 0
1645557017364 0.0 0
1645557018044 0.0 0
1645557018699 0.0 0
1645557019389 0.0 0
1645557042314 0.8567426970788315 0
1645557043025 0.0 0
1645557043729 0.0 0
1645557044452 0.0 0
1645557045188 0.0 0
1645557045891 0.0 0
1645557046565 0.0 0
1645557047249 0.0 0
1645557047967 0.0 0
1645557048645 0.0 0
1645557049321 0.0 0
1645557050007 0.0 0
1645557050688 0.0 0
1645557051429 0.0 0
1645557052164 0.0 0
1645557052846 0.0 0
1645557053529 0.0 0
1645557054232 0.0 0
1645557054946 0.0 0
1645557055639 0.0 0
