1652771959499 0.2474 0
1652771964086 0.4518 0
1652771968548 0.5244 0
1652771972937 0.5822 0
1652771977224 0.65 0
1652771981469 0.6858 0
1652771986005 0.7184 0
1652771990285 0.763 0
1652771994600 0.7844 0
1652771999003 0.8128 0
1652772003335 0.8226 0
1652772007828 0.8578 0
1652772012339 0.8258 0
1652772016591 0.8962 0
1652772020810 0.9068 0
1652772025014 0.9088 0
1652772029368 0.909 0
1652772033581 0.919 0
1652772037864 0.941 0
1652772042162 0.9456 0
1652772046577 0.945 0
1652772050848 0.9316 0
1652772055274 0.9548 0
1652772059696 0.9522 0
1652772063986 0.9624 0
1652772068392 0.973 0
1652772072700 0.9706 0
1652772077025 0.9666 0
1652772081418 0.9668 0
1652772085762 0.9814 0
1652772091483 0.3898 0
1652772096917 0.6126 0
1652772102220 0.6996 0
1652772107542 0.7488 0
1652772112976 0.7914 0
1652772118431 0.8404 0
1652772123900 0.8662 0
1652772129393 0.8926 0
1652772134734 0.915 0
1652772140075 0.9082 0
1652772145521 0.9248 0
1652772150843 0.9434 0
1652772156353 0.953 0
1652772161640 0.9592 0
1652772167108 0.9726 0
1652772172464 0.9654 0
1652772177846 0.9652 0
1652772183215 0.9616 0
1652772188673 0.9792 0
1652772194037 0.9768 0
1652772199512 0.9872 0
1652772204814 0.9802 0
1652772210279 0.9862 0
1652772215621 0.992 0
1652772220977 0.9934 0
1652772226378 0.9908 0
1652772231903 0.9884 0
1652772237175 0.9864 0
1652772242481 0.9768 0
1652772247859 0.9786 0
1652772253886 0.3546 0
1652772259397 0.553 0
1652772264951 0.6528 0
1652772270393 0.7186 0
1652772275812 0.7668 0
1652772281177 0.801 0
1652772286564 0.8348 0
1652772291938 0.8634 0
1652772297477 0.8768 0
1652772302908 0.9168 0
1652772308619 0.9208 0
1652772314125 0.9156 0
1652772319438 0.9288 0
1652772324910 0.9452 0
1652772330265 0.962 0
1652772335755 0.9666 0
1652772341097 0.9596 0
1652772346551 0.96 0
1652772351939 0.9708 0
1652772357399 0.9762 0
1652772362818 0.9796 0
1652772368191 0.9774 0
1652772373463 0.9786 0
1652772378896 0.9764 0
1652772384443 0.9798 0
1652772389793 0.978 0
1652772395072 0.9804 0
1652772400468 0.9872 0
1652772405929 0.9812 0
1652772411453 0.975 0
1652772417747 0.4424 0
1652772423251 0.643 0
1652772428681 0.7456 0
1652772434145 0.7856 0
1652772439674 0.8286 0
1652772445030 0.8618 0
1652772450516 0.8888 0
1652772455908 0.8978 0
1652772461424 0.9302 0
1652772466847 0.9328 0
1652772472318 0.936 0
1652772477666 0.9578 0
1652772483044 0.9662 0
1652772488535 0.9682 0
1652772493936 0.9674 0
1652772499333 0.973 0
1652772504770 0.9786 0
1652772510214 0.9802 0
1652772515576 0.9758 0
1652772521033 0.9752 0
1652772526425 0.985 0
1652772531820 0.9794 0
1652772537155 0.9784 0
1652772542656 0.984 0
1652772548052 0.989 0
1652772553535 0.9882 0
1652772559029 0.9884 0
1652772564527 0.985 0
1652772569967 0.9912 0
1652772575330 0.9916 0
1652772581993 0.3882 0
1652772587397 0.5642 0
1652772592830 0.6418 0
1652772598222 0.7142 0
1652772603612 0.7544 0
1652772609063 0.8114 0
1652772614504 0.8296 0
1652772620024 0.8562 0
1652772625374 0.8876 0
1652772630604 0.9018 0
1652772636010 0.9096 0
1652772641408 0.9252 0
1652772646890 0.9404 0
1652772652250 0.9476 0
1652772657548 0.9452 0
1652772663077 0.9652 0
1652772668624 0.9646 0
1652772674028 0.9716 0
1652772679499 0.9668 0
1652772685011 0.9718 0
1652772690288 0.9742 0
1652772695695 0.9808 0
1652772701175 0.9834 0
1652772706607 0.978 0
1652772712140 0.9812 0
1652772717416 0.9734 0
1652772722912 0.9762 0
1652772728243 0.9854 0
1652772733866 0.9784 0
1652772739260 0.9824 0
