1644446923713 0.8184 0
1644446938520 0.9385 0
1644446953520 0.9678833333333333 0
1644446968545 0.9856166666666667 0
1644446983665 0.9927666666666667 0
1644446998718 0.99555 0
1644447014047 0.9959333333333333 0
1644447029272 0.99775 0
1644447044340 0.9968666666666667 0
1644447059565 0.99735 0
1644447081931 0.82655 0
1644447092850 0.9394 0
1644447103825 0.9711166666666666 0
1644447114929 0.9863166666666666 0
1644447125813 0.9940166666666667 0
1644447136665 0.99555 0
1644447147585 0.99575 0
1644447158370 0.99695 0
1644447169399 0.9971333333333333 0
1644447180238 0.9977 0
1644447214235 0.8123833333333333 0
1644447225497 0.9323 0
1644447236732 0.9634166666666667 0
1644447248036 0.9818 0
1644447259373 0.9907666666666667 0
1644447270494 0.9952833333333333 0
1644447281814 0.9975833333333334 0
1644447293093 0.9961833333333333 0
1644447304348 0.9944833333333334 0
1644447315591 0.9974 0
