1652346493166 0.28720603996415933 0
1652346517351 0.1379982906964918 0
1652346541298 0.10252601267850647 0
1652346565364 0.08194833878589174 0
1652346589615 0.06362045700630795 0
1652346613528 0.0535603979148902 0
1652346637480 0.04503493055726091 0
1652346661513 0.03856233409868243 0
1652346685739 0.03759441674870129 0
1652346709613 0.030589594009371165 0
1652346741002 0.2182780567507331 0
1652346768595 0.09669069404791181 0
1652346795586 0.06316266271632451 0
1652346822741 0.05084621064220197 0
1652346850133 0.03793580052076409 0
1652346877360 0.036079863344204544 0
1652346905313 0.03109962248353986 0
1652346932516 0.029877872189374353 0
1652346959490 0.025856092363617456 0
1652346987022 0.02447107196794039 0
1652347021585 0.2267540330501703 0
1652347049234 0.08870015479922294 0
1652347076564 0.05915768075126868 0
1652347104217 0.044098247193172575 0
1652347131388 0.035135839467467025 0
1652347158797 0.031462775853068496 0
1652347186036 0.02845732978972463 0
1652347213889 0.023790388265287933 0
1652347240989 0.022782959675331727 0
1652347268557 0.02423294881981654 0
1652347306604 0.2220290933745326 0
1652347333846 0.08637290775980865 0
1652347361638 0.052286452832137 0
1652347389504 0.041668555845992786 0
1652347417231 0.03319106158759615 0
1652347444922 0.028316372554318063 0
1652347472672 0.02658122638814133 0
1652347500458 0.022384457911159072 0
1652347527963 0.022896137776951746 0
1652347555895 0.019961419491084386 0
1652347598697 0.21891792941139296 0
1652347626482 0.08532327149407222 0
1652347654463 0.05333190162643217 0
1652347682313 0.036719280508898486 0
1652347710459 0.03410942323740142 0
1652347738719 0.025928617507462892 0
1652347767167 0.023784980901274518 0
1652347795615 0.023437180431060887 0
1652347823479 0.02014007193087242 0
1652347851642 0.01879609635665189 0
1652347898209 0.22150696593545952 0
1652347926586 0.0830304844845946 0
1652347954641 0.04874549817144871 0
1652347983250 0.0359303573506741 0
1652348012345 0.03007747091514936 0
1652348040762 0.026426112930139956 0
1652348069358 0.025778940962624845 0
1652348097756 0.020604563875425645 0
1652348126647 0.020176703213261385 0
1652348154242 0.018990087534246358 0
1652348204320 0.22692186038563675 0
1652348233726 0.08238256807254113 0
1652348262576 0.04974439902485399 0
1652348291712 0.03660353409351333 0
1652348321194 0.031728786383052404 0
1652348349493 0.024690174827367795 0
1652348377621 0.024479403575761664 0
1652348406318 0.023845478832900772 0
1652348434733 0.019962862356573637 0
1652348463557 0.02106391381778144 0
1652348517718 0.21436021064553043 0
1652348546886 0.07627684474628725 0
1652348576152 0.04599989804411105 0
1652348605023 0.033188810052692384 0
1652348634301 0.028224497272004226 0
1652348663914 0.023806101254209046 0
1652348693267 0.021415279299649412 0
1652348722335 0.0221477883411543 0
1652348751631 0.018148026839063507 0
1652348780735 0.017966118878653736 0
1652348839667 0.22324232741961111 0
1652348869469 0.08284472345577983 0
1652348898878 0.04755845438380941 0
1652348928613 0.03574739474103285 0
1652348957861 0.030585127447579557 0
1652348987095 0.025974182897716618 0
1652349017003 0.02293903769265789 0
1652349046156 0.018556855793986828 0
1652349075654 0.01990628896531058 0
1652349105366 0.019301559309031404 0
1652349168282 0.2205844657906936 0
1652349198429 0.08202277576129458 0
1652349228181 0.05040876087005051 0
1652349257717 0.03595424942157102 0
1652349287746 0.029394147701841487 0
1652349317826 0.024313713333541695 0
1652349347570 0.02091923201987797 0
1652349377280 0.022597876012899025 0
1652349407074 0.018837586896212035 0
1652349436301 0.019333595300574043 0
1652349503001 0.2281778531588041 0
1652349533119 0.0812427740493073 0
1652349563825 0.04721290209322022 0
1652349593976 0.036171985575470786 0
1652349624649 0.02972674413499279 0
1652349655683 0.02638596066530579 0
1652349686192 0.02320504361914041 0
1652349716448 0.018841753534724615 0
1652349746484 0.02146934193057778 0
1652349776259 0.01859403377285478 0
1652349846774 0.21341975807343921 0
1652349877811 0.0757309560213397 0
1652349909016 0.045835381597859985 0
1652349939864 0.033432569973277995 0
1652349970050 0.027287434093907225 0
1652350000855 0.025361216335000977 0
1652350031899 0.02061528195902041 0
1652350062042 0.02012604172915842 0
1652350092498 0.018211920712772372 0
1652350123018 0.019708075844707858 0
1652350198467 0.21845363591261602 0
1652350229829 0.08072186201098473 0
1652350260916 0.04760577626761823 0
1652350292450 0.03498920166242017 0
1652350322940 0.029567548028732328 0
1652350353560 0.022216116560098493 0
1652350384369 0.023684654268993206 0
1652350415351 0.019997837434939898 0
1652350446192 0.021453669042539945 0
1652350477629 0.01748799463789942 0
1652350555486 0.21724763270311612 0
1652350586416 0.07839196798855239 0
1652350617398 0.046846881599635175 0
1652350647919 0.032089137863874496 0
1652350679432 0.026182658184857075 0
1652350710601 0.02344998164372523 0
1652350741943 0.02446928337226487 0
1652350772880 0.01883285441251252 0
1652350803709 0.019435702364620867 0
1652350834481 0.017002998243599597 0
1652350916044 0.22356164476304743 0
1652350948427 0.07884498461385595 0
1652350979848 0.04727212270674806 0
1652351011336 0.03571236065477455 0
1652351043050 0.02637030946718652 0
1652351075079 0.025264987774446537 0
1652351106405 0.021296371774982926 0
1652351138690 0.01925981479567968 0
1652351170436 0.01830471707311229 0
1652351202072 0.015648730673985537 0
1652351288228 0.21151652116317302 0
1652351320734 0.07851968758583129 0
1652351352663 0.04303195039138778 0
1652351384687 0.0328031458105185 0
1652351416766 0.026667774652201437 0
1652351449030 0.022941302365667642 0
1652351480887 0.021708267301233087 0
1652351513564 0.019758601070658983 0
1652351545558 0.018889325709682863 0
1652351577711 0.01868961733634754 0
1652351669672 0.22195450055762825 0
1652351702463 0.07997839796318568 0
1652351735029 0.04776313316265803 0
1652351767928 0.03400470594585938 0
1652351800791 0.025557397962864385 0
1652351834149 0.02500120479217567 0
1652351866509 0.01966030358373536 0
1652351898974 0.01928134507753688 0
1652351931687 0.02061203282922012 0
1652351965127 0.019096903516245458 0
1652352059393 0.21639756170054494 0
1652352092819 0.07506021710963573 0
1652352125513 0.04327029772657775 0
1652352158469 0.03396393632271076 0
1652352191306 0.026094180826629773 0
1652352224090 0.023509281025417914 0
1652352256381 0.019387649157140592 0
1652352289050 0.020113145503472284 0
1652352322464 0.018265347717229184 0
1652352355701 0.017498286621489455 0
1652352455980 0.23159610386310153 0
1652352490244 0.08237210919907022 0
1652352524232 0.045252032846628445 0
1652352558556 0.034600643673818536 0
1652352592610 0.027701439256812954 0
1652352625947 0.023293652741575945 0
1652352659784 0.02035409319493765 0
1652352693255 0.018550509439020958 0
1652352727384 0.020557757265340582 0
1652352761031 0.017109026564474474 0
1652352864524 0.22709569857570175 0
1652352898257 0.0782696520455304 0
1652352932560 0.04455071095720981 0
1652352966818 0.03219020055175381 0
1652353000784 0.02782217518353781 0
1652353034459 0.021779242975396185 0
1652353068375 0.021858111969080427 0
1652353102097 0.018512776478542412 0
1652353135841 0.017914837462323543 0
1652353170092 0.016769389137485404 0
