1651659470201 0.167 0
1651659472878 0.256 0
1651659475385 0.3286 0
1651659477978 0.3684 0
1651659480610 0.4088 0
1651659483279 0.4372 0
1651659485960 0.4468 0
1651659488702 0.4864 0
1651659491363 0.5056 0
1651659494051 0.5268 0
1651659496639 0.5584 0
1651659499310 0.5814 0
1651659501949 0.5788 0
1651659504659 0.6226 0
1651659507386 0.6346 0
1651659510045 0.6544 0
1651659512705 0.679 0
1651659515331 0.6922 0
1651659518001 0.7034 0
1651659520580 0.7194 0
1651659525725 0.223 0
1651659530510 0.361 0
1651659535393 0.413 0
1651659540086 0.459 0
1651659544456 0.4968 0
1651659549058 0.5122 0
1651659553779 0.5532 0
1651659558383 0.5662 0
1651659563059 0.5954 0
1651659567691 0.6172 0
1651659572279 0.6266 0
1651659576969 0.6516 0
1651659581785 0.6708 0
1651659586484 0.6884 0
1651659591191 0.7082 0
1651659595873 0.7246 0
1651659600827 0.7402 0
1651659605626 0.75 0
1651659610571 0.7838 0
1651659615377 0.791 0
1651659621140 0.2142 0
1651659626398 0.3554 0
1651659631705 0.4216 0
1651659636962 0.4582 0
1651659642367 0.4914 0
1651659647543 0.5206 0
1651659652808 0.5422 0
1651659658224 0.5682 0
1651659663567 0.5954 0
1651659668877 0.6148 0
1651659674198 0.634 0
1651659679526 0.6526 0
1651659684701 0.6686 0
1651659689996 0.6908 0
1651659695183 0.7088 0
1651659700476 0.731 0
1651659705810 0.7438 0
1651659711024 0.7562 0
1651659716446 0.7742 0
1651659721712 0.7788 0
1651659728402 0.2872 0
1651659734366 0.4708 0
1651659740311 0.5328 0
1651659746233 0.5798 0
1651659752280 0.6248 0
1651659758275 0.6524 0
1651659764267 0.6754 0
1651659770309 0.703 0
1651659776549 0.7198 0
1651659782538 0.7412 0
1651659788628 0.7604 0
1651659794594 0.7712 0
1651659800513 0.7884 0
1651659806676 0.7954 0
1651659812817 0.8176 0
1651659818761 0.8352 0
1651659824780 0.8576 0
1651659831004 0.8666 0
1651659837258 0.8762 0
1651659843416 0.8936 0
1651659851400 0.204 0
1651659858025 0.3428 0
1651659864817 0.416 0
1651659871779 0.464 0
1651659878521 0.4974 0
1651659885465 0.5212 0
1651659892385 0.5466 0
1651659899183 0.5846 0
1651659905934 0.6034 0
1651659912416 0.6298 0
1651659919118 0.6432 0
1651659925927 0.6562 0
1651659932649 0.6812 0
1651659939697 0.7092 0
1651659946628 0.7224 0
1651659953526 0.7392 0
1651659960376 0.7596 0
1651659967309 0.7786 0
1651659974116 0.786 0
1651659980808 0.8072 0
1651659990216 0.1956 0
1651659997662 0.3324 0
1651660004984 0.4014 0
1651660012461 0.4494 0
1651660019823 0.49 0
1651660027147 0.5228 0
1651660034615 0.5506 0
1651660042093 0.5762 0
1651660049436 0.5966 0
1651660056976 0.628 0
1651660064437 0.6442 0
1651660072008 0.665 0
1651660079688 0.6818 0
1651660087192 0.7052 0
1651660094501 0.7334 0
1651660101998 0.7402 0
1651660109564 0.7562 0
1651660116948 0.78 0
1651660124433 0.7908 0
1651660131762 0.809 0
1651660142456 0.2034 0
1651660150538 0.375 0
1651660158826 0.4546 0
1651660166939 0.5014 0
1651660175374 0.5408 0
1651660183533 0.5784 0
1651660191754 0.599 0
1651660199856 0.6308 0
1651660208004 0.6618 0
1651660216078 0.676 0
1651660224258 0.6966 0
1651660232470 0.713 0
1651660240658 0.7368 0
1651660248892 0.743 0
1651660257093 0.7664 0
1651660265385 0.7846 0
1651660273552 0.7968 0
1651660281899 0.8136 0
1651660290448 0.8338 0
1651660298739 0.846 0
1651660311129 0.172 0
1651660320180 0.3104 0
1651660329309 0.3864 0
1651660338428 0.436 0
1651660347412 0.4736 0
1651660356435 0.4918 0
1651660365082 0.5264 0
1651660373966 0.5544 0
1651660382832 0.5824 0
1651660391756 0.6058 0
1651660400673 0.6208 0
1651660409555 0.651 0
1651660418241 0.6648 0
1651660427319 0.6786 0
1651660436146 0.6982 0
1651660445153 0.7172 0
1651660454033 0.7376 0
1651660462914 0.7368 0
1651660471847 0.771 0
1651660480742 0.784 0
1651660493921 0.1856 0
1651660503263 0.3096 0
1651660512994 0.3814 0
1651660522525 0.4288 0
1651660532167 0.4696 0
1651660541752 0.5054 0
1651660551394 0.5318 0
1651660561017 0.5498 0
1651660570749 0.5778 0
1651660580271 0.6 0
1651660589782 0.6284 0
1651660599424 0.6564 0
1651660609091 0.6756 0
1651660618678 0.6978 0
1651660628311 0.712 0
1651660638001 0.7272 0
1651660647519 0.7498 0
1651660657244 0.7754 0
1651660666790 0.7722 0
1651660676331 0.8018 0
1651660691063 0.1678 0
1651660701328 0.2896 0
1651660711439 0.3618 0
1651660721736 0.417 0
1651660731914 0.4518 0
1651660742369 0.4898 0
1651660752548 0.514 0
1651660762807 0.5488 0
1651660773108 0.571 0
1651660783498 0.601 0
1651660793577 0.6174 0
1651660803871 0.648 0
1651660814168 0.6636 0
1651660824687 0.6832 0
1651660834975 0.7036 0
1651660845079 0.7328 0
1651660855290 0.7486 0
1651660865542 0.7686 0
1651660875907 0.7858 0
1651660886169 0.8008 0
1651660902461 0.185 0
1651660913559 0.3264 0
1651660924415 0.413 0
1651660935367 0.4444 0
1651660946537 0.48 0
1651660957591 0.5054 0
1651660968812 0.5372 0
1651660979676 0.572 0
1651660990676 0.588 0
1651661001778 0.6124 0
1651661012888 0.6326 0
1651661023971 0.656 0
1651661034958 0.6734 0
1651661045899 0.7056 0
1651661056981 0.7152 0
1651661068196 0.7324 0
1651661079287 0.7556 0
1651661090172 0.7668 0
1651661101192 0.7934 0
1651661112208 0.7972 0
1651661130342 0.1652 0
1651661142412 0.272 0
1651661154504 0.3234 0
1651661166431 0.367 0
1651661178327 0.409 0
1651661190491 0.444 0
1651661202442 0.476 0
1651661214423 0.4992 0
1651661226353 0.5394 0
1651661238490 0.559 0
1651661250523 0.589 0
1651661262348 0.6144 0
1651661274275 0.6322 0
1651661286397 0.6664 0
1651661298753 0.6816 0
1651661310463 0.704 0
1651661322417 0.7152 0
1651661334235 0.7354 0
1651661346122 0.7582 0
1651661358104 0.7754 0
1651661378195 0.1804 0
1651661390638 0.308 0
1651661403471 0.3676 0
1651661416085 0.4248 0
1651661428568 0.4642 0
1651661441189 0.5022 0
1651661453736 0.5246 0
1651661466802 0.542 0
1651661479769 0.5742 0
1651661492519 0.6046 0
1651661505465 0.6232 0
1651661518358 0.6502 0
1651661531019 0.6622 0
1651661543649 0.69 0
1651661556183 0.7104 0
1651661568702 0.7294 0
1651661581219 0.7392 0
1651661593995 0.7622 0
1651661606855 0.7672 0
1651661619589 0.7934 0
1651661641427 0.1628 0
1651661655350 0.2866 0
1651661669059 0.3618 0
1651661682729 0.4164 0
1651661696143 0.46 0
1651661709203 0.4934 0
1651661722387 0.5332 0
1651661735432 0.5516 0
1651661748737 0.5874 0
1651661762230 0.616 0
1651661776004 0.6344 0
1651661789619 0.6604 0
1651661803208 0.6742 0
1651661816694 0.709 0
1651661830541 0.7262 0
1651661844082 0.752 0
1651661858085 0.7696 0
1651661871636 0.779 0
1651661885044 0.8124 0
1651661898334 0.8292 0
1651661922031 0.2208 0
1651661935972 0.3636 0
1651661950426 0.4466 0
1651661964737 0.4978 0
1651661979025 0.5344 0
1651661993255 0.571 0
1651662007205 0.601 0
1651662021619 0.6336 0
1651662036038 0.656 0
1651662050279 0.6782 0
1651662064527 0.6894 0
1651662078396 0.721 0
1651662092966 0.7406 0
1651662107160 0.76 0
1651662121131 0.7796 0
1651662135382 0.7954 0
1651662149402 0.8136 0
1651662163303 0.8316 0
1651662177300 0.8354 0
1651662191199 0.8516 0
1651662216917 0.2004 0
1651662231648 0.3262 0
1651662246297 0.383 0
1651662261167 0.445 0
1651662275978 0.489 0
1651662290880 0.527 0
1651662305627 0.57 0
1651662320542 0.5944 0
1651662335285 0.611 0
1651662349991 0.6374 0
1651662364897 0.6708 0
1651662379779 0.6976 0
1651662394582 0.7074 0
1651662409282 0.7402 0
1651662424191 0.7508 0
1651662438880 0.7744 0
1651662453748 0.795 0
1651662468524 0.8096 0
1651662483359 0.8214 0
1651662498168 0.8388 0
1651662526255 0.186 0
1651662542153 0.3224 0
1651662558155 0.4164 0
1651662573716 0.4562 0
1651662589411 0.5176 0
1651662605212 0.5518 0
1651662621104 0.594 0
1651662636721 0.6154 0
1651662652398 0.6452 0
1651662668151 0.68 0
1651662683853 0.7012 0
1651662699676 0.7194 0
1651662715624 0.7336 0
1651662731314 0.767 0
1651662747245 0.777 0
1651662763007 0.789 0
1651662779255 0.81 0
1651662795412 0.8212 0
1651662811545 0.8398 0
1651662827365 0.8544 0
1651662857875 0.1846 0
1651662874827 0.321 0
1651662891580 0.4106 0
1651662908359 0.4492 0
1651662925134 0.4954 0
1651662942179 0.5216 0
1651662958878 0.557 0
1651662975581 0.5854 0
1651662992362 0.6176 0
1651663009387 0.639 0
1651663025999 0.6684 0
1651663042976 0.6916 0
1651663059854 0.7024 0
1651663077121 0.733 0
1651663094393 0.752 0
1651663111910 0.7786 0
1651663129199 0.8024 0
1651663146273 0.8156 0
1651663163046 0.8198 0
1651663180169 0.8464 0
1651663213281 0.1904 0
1651663231038 0.338 0
1651663248678 0.4042 0
1651663266491 0.4744 0
1651663284131 0.521 0
1651663301815 0.5334 0
1651663319743 0.5816 0
1651663337358 0.5956 0
1651663355114 0.6366 0
1651663372869 0.6618 0
1651663390744 0.6828 0
1651663408571 0.7014 0
1651663426347 0.7192 0
1651663444024 0.7478 0
1651663461881 0.7742 0
1651663479472 0.7928 0
1651663497202 0.8016 0
1651663514981 0.8294 0
1651663532821 0.8422 0
1651663550594 0.855 0
1651663586220 0.1732 0
1651663605034 0.2972 0
1651663623779 0.365 0
1651663642616 0.4164 0
1651663661387 0.454 0
1651663680059 0.4754 0
1651663698717 0.5234 0
1651663717388 0.542 0
1651663736187 0.567 0
1651663755107 0.6068 0
1651663773839 0.6324 0
1651663792642 0.6584 0
1651663811399 0.6804 0
1651663830470 0.7054 0
1651663849378 0.7278 0
1651663868111 0.7412 0
1651663887023 0.7624 0
1651663905727 0.7944 0
1651663924809 0.803 0
1651663943622 0.8298 0
