1651659470222 2.2576909198760986 0
1651659472886 2.0848127994537355 0
1651659475404 1.9448600063323975 0
1651659477998 1.8172773704528808 0
1651659480618 1.7182960119247437 0
1651659483300 1.628496329498291 0
1651659485972 1.5823543771743775 0
1651659488722 1.5055457834243775 0
1651659491371 1.4367731742858887 0
1651659494070 1.3735862533569336 0
1651659496646 1.313313312625885 0
1651659499318 1.246860308456421 0
1651659501957 1.2023154209136964 0
1651659504678 1.1344735639572143 0
1651659507404 1.0795052507400513 0
1651659510053 1.0221882453918456 0
1651659512726 0.9751622804641724 0
1651659515341 0.9382583518981934 0
1651659518021 0.8844717885017395 0
1651659520588 0.8304926364898682 0
1651659525733 2.1784277809143067 0
1651659530519 1.8496844278335571 0
1651659535411 1.7085487365722656 0
1651659540104 1.596338865661621 0
1651659544474 1.5014282209396361 0
1651659549078 1.4323680835723878 0
1651659553800 1.3542582569122315 0
1651659558405 1.2967506307601928 0
1651659563067 1.222665290260315 0
1651659567699 1.1805558340072633 0
1651659572298 1.1290593969345093 0
1651659576990 1.075799427986145 0
1651659581806 1.0073459423065185 0
1651659586507 0.9598825883865356 0
1651659591212 0.9190282949447632 0
1651659595892 0.8546100467681885 0
1651659600847 0.8179684438705445 0
1651659605646 0.7723858512878418 0
1651659610589 0.6962028800964355 0
1651659615399 0.6765631415128708 0
1651659621162 2.200424594497681 0
1651659626417 1.858303342819214 0
1651659631715 1.7001676511764527 0
1651659636971 1.5896860530853272 0
1651659642387 1.4956948698043824 0
1651659647562 1.408050634765625 0
1651659652817 1.3497512954711914 0
1651659658233 1.2770821756362916 0
1651659663575 1.210285287952423 0
1651659668894 1.1590259532928466 0
1651659674219 1.0955834770202637 0
1651659679535 1.0436541900634766 0
1651659684711 0.9947998558044434 0
1651659690014 0.9512942676544189 0
1651659695204 0.9049713731765747 0
1651659700496 0.8496824375152587 0
1651659705827 0.7939975002288818 0
1651659711044 0.7633289571762085 0
1651659716467 0.7131820750236512 0
1651659721721 0.6900495459556579 0
1651659728420 2.0206394523620603 0
1651659734388 1.5702573389053345 0
1651659740329 1.3775491119384766 0
1651659746252 1.2461383110046387 0
1651659752300 1.1360587188720703 0
1651659758294 1.060733561515808 0
1651659764287 0.9923208745956421 0
1651659770330 0.9069218404769898 0
1651659776568 0.8613471645355225 0
1651659782547 0.7961058526992798 0
1651659788652 0.74658833694458 0
1651659794613 0.7030625791549683 0
1651659800532 0.6558620973587036 0
1651659806695 0.616153538608551 0
1651659812836 0.5715297087669372 0
1651659818769 0.5194194819450378 0
1651659824789 0.47985349416732787 0
1651659831014 0.4453064792633057 0
1651659837280 0.41642055354118346 0
1651659843436 0.3731380182266235 0
1651659851420 2.1962192794799806 0
1651659858045 1.8622398231506347 0
1651659864836 1.6802536697387696 0
1651659871788 1.5514760665893554 0
1651659878541 1.4728556156158448 0
1651659885484 1.3913441066741943 0
1651659892395 1.3251923789978028 0
1651659899206 1.2487010860443115 0
1651659905952 1.1788937238693238 0
1651659912436 1.1221587272644042 0
1651659919139 1.0752599620819092 0
1651659925948 1.0286260288238525 0
1651659932667 0.9665388353347778 0
1651659939717 0.8884345767974854 0
1651659946646 0.8504063060760498 0
1651659953535 0.8001810468673706 0
1651659960400 0.746267290687561 0
1651659967333 0.7025712121963501 0
1651659974130 0.6655477491378784 0
1651659980832 0.6252286693572998 0
1651659990226 2.2399601472854616 0
1651659997683 1.9299717817306519 0
1651660005008 1.7587282642364501 0
1651660012481 1.6325424406051636 0
1651660019845 1.5208134316444397 0
1651660027166 1.4414542110443116 0
1651660034637 1.358790125656128 0
1651660042102 1.2908181819915772 0
1651660049455 1.2198057077407838 0
1651660057000 1.1450039249420165 0
1651660064456 1.093027770614624 0
1651660072026 1.0400263034820556 0
1651660079707 0.9816128984451294 0
1651660087210 0.929805578994751 0
1651660094521 0.8613057025909424 0
1651660102017 0.8223858254432678 0
1651660109587 0.7766403250694275 0
1651660116969 0.7199403962135315 0
1651660124451 0.6753615350723267 0
1651660131779 0.6231107875347137 0
1651660142475 2.2239090538024904 0
1651660150561 1.8275904315948486 0
1651660158848 1.631447515296936 0
1651660166961 1.4827153308868408 0
1651660175395 1.377112710571289 0
1651660183552 1.2858912296295166 0
1651660191775 1.2092143215179443 0
1651660199875 1.13209213180542 0
1651660208014 1.0716376539230346 0
1651660216100 0.9931732171058655 0
1651660224278 0.945598475074768 0
1651660232491 0.8917371213912964 0
1651660240668 0.8351250815391541 0
1651660248911 0.793927165222168 0
1651660257103 0.7371878034591675 0
1651660265403 0.7005982103347779 0
1651660273563 0.6523193809509278 0
1651660281919 0.5997723020076752 0
1651660290468 0.546051819896698 0
1651660298758 0.5174954985141754 0
1651660311140 2.274474676895142 0
1651660320199 1.9696730178833008 0
1651660329331 1.7848124664306642 0
1651660338446 1.6750232255935669 0
1651660347431 1.570604327392578 0
1651660356455 1.4896764802932738 0
1651660365102 1.4083596134185792 0
1651660373984 1.336402741241455 0
1651660382842 1.263824472618103 0
1651660391776 1.2035048460006714 0
1651660400685 1.1493409591674804 0
1651660409579 1.0744737972259522 0
1651660418252 1.0148756092071534 0
1651660427338 0.9750942781448364 0
1651660436167 0.9338334280014038 0
1651660445177 0.8678121536254882 0
1651660454056 0.8182622837066651 0
1651660462939 0.8010832775592804 0
1651660471871 0.7373882849693298 0
1651660480764 0.6827393941879273 0
1651660493933 2.2584076114654543 0
1651660503274 1.9622334972381592 0
1651660513016 1.7823216585159303 0
1651660522544 1.6603718152999878 0
1651660532179 1.5678098737716675 0
1651660541773 1.484339641571045 0
1651660551414 1.4106217118263245 0
1651660561042 1.3360824947357177 0
1651660570774 1.2663466448783876 0
1651660580295 1.2075369647979737 0
1651660589792 1.1413255288124085 0
1651660599443 1.0663368896484375 0
1651660609113 1.0238771488189697 0
1651660618700 0.953368356513977 0
1651660628333 0.897516904258728 0
1651660638026 0.8575801378250122 0
1651660647530 0.7971767581939697 0
1651660657267 0.7437999814987183 0
1651660666812 0.735250576877594 0
1651660676354 0.6587692131996155 0
1651660691087 2.2863552543640138 0
1651660701349 2.007738550567627 0
1651660711461 1.8491348642349243 0
1651660721760 1.729448105621338 0
1651660731924 1.6353172325134278 0
1651660742380 1.540804747581482 0
1651660752569 1.4671013034820557 0
1651660762829 1.3804233855247499 0
1651660773132 1.3142710132598876 0
1651660783509 1.2465653545379638 0
1651660793602 1.1848821709632873 0
1651660803891 1.1162227339744568 0
1651660814191 1.041625792312622 0
1651660824709 0.993560205078125 0
1651660834999 0.9423052032470703 0
1651660845100 0.8679886655807495 0
1651660855315 0.8202169406890869 0
1651660865564 0.7637606733322143 0
1651660875931 0.713736083817482 0
1651660886192 0.6692006326675415 0
1651660902486 2.2466830991744997 0
1651660913583 1.9034738662719726 0
1651660924439 1.7189219640731812 0
1651660935392 1.5913176956176758 0
1651660946550 1.492728847885132 0
1651660957613 1.427519557762146 0
1651660968823 1.3474142635345459 0
1651660979700 1.278484150505066 0
1651660990701 1.2152064208984374 0
1651661001803 1.1550095500946045 0
1651661012899 1.1024529856681824 0
1651661023995 1.0293507410049438 0
1651661034979 0.9876184198379516 0
1651661045921 0.9239216926574707 0
1651661057002 0.8698903575897217 0
1651661068220 0.8334381525039672 0
1651661079309 0.7819117874145508 0
1651661090194 0.7370555013656617 0
1651661101216 0.6795096571922302 0
1651661112232 0.6478840983867645 0
1651661130361 2.2960456031799317 0
1651661142431 2.0653612129211427 0
1651661154526 1.9318781253814696 0
1651661166453 1.8305873369216918 0
1651661178349 1.7354366813659667 0
1651661190514 1.6450464389801025 0
1651661202462 1.568911213874817 0
1651661214441 1.4840656980514526 0
1651661226379 1.4094095443725585 0
1651661238502 1.3550360593795776 0
1651661250536 1.2761934984207153 0
1651661262371 1.1947830234527588 0
1651661274299 1.1300417934417724 0
1651661286421 1.0712093185424805 0
1651661298779 0.99844030418396 0
1651661310488 0.9625280000686646 0
1651661322440 0.9051819801330566 0
1651661334253 0.8570342246055603 0
1651661346143 0.7921956283569336 0
1651661358121 0.7401585048675537 0
1651661378218 2.258893550682068 0
1651661390651 1.9719173259735108 0
1651661403493 1.8055909246444701 0
1651661416110 1.6784862167358399 0
1651661428581 1.5774631746292114 0
1651661441211 1.491218964576721 0
1651661453758 1.4227784996032715 0
1651661466827 1.3536650119781495 0
1651661479793 1.272417792892456 0
1651661492532 1.203687686920166 0
1651661505490 1.1498543398857117 0
1651661518375 1.080713849258423 0
1651661531042 1.0351615095138549 0
1651661543665 0.9767921690940857 0
1651661556202 0.9119008148193359 0
1651661568714 0.8721112928390503 0
1651661581243 0.8246938025474548 0
1651661594017 0.773588943195343 0
1651661606877 0.7341120902061462 0
1651661619615 0.6840095446586609 0
1651661641447 2.3016506526947023 0
1651661655376 2.0247798542022704 0
1651661669077 1.847455679321289 0
1651661682752 1.7145613105773925 0
1651661696155 1.5978121179580689 0
1651661709215 1.50361784324646 0
1651661722410 1.4091831021308898 0
1651661735457 1.3372655492782592 0
1651661748758 1.2551775720596314 0
1651661762253 1.1698943084716797 0
1651661776027 1.1256630813598634 0
1651661789632 1.052452532196045 0
1651661803233 0.994579853630066 0
1651661816718 0.9222216817855835 0
1651661830564 0.871591610622406 0
1651661844105 0.8192629042625428 0
1651661858098 0.745515683555603 0
1651661871652 0.7168110113620758 0
1651661885067 0.6363265321731567 0
1651661898354 0.5801456696033478 0
1651661922054 2.1854182495117187 0
1651661935995 1.836392554473877 0
1651661950450 1.6527446895599365 0
1651661964749 1.5087845888137816 0
1651661979049 1.4007390237808228 0
1651661993278 1.3063521198272705 0
1651662007229 1.2210797309875487 0
1651662021638 1.1505845764160156 0
1651662036057 1.0804568462371826 0
1651662050302 0.9944994797706604 0
1651662064553 0.9473119844436646 0
1651662078419 0.8825930646896363 0
1651662092991 0.8302942605495452 0
1651662107183 0.7697253037452698 0
1651662121154 0.7226838251113892 0
1651662135402 0.6729159148216247 0
1651662149426 0.618325236415863 0
1651662163326 0.5805061962127686 0
1651662177323 0.5476852099895477 0
1651662191222 0.5009696283340455 0
1651662216942 2.2240529613494875 0
1651662231671 1.9191856346130372 0
1651662246322 1.755349135017395 0
1651662261181 1.6242500799179078 0
1651662276003 1.5102104089736939 0
1651662290903 1.406064674949646 0
1651662305651 1.3260861164093019 0
1651662320568 1.256852361869812 0
1651662335308 1.1844111402511597 0
1651662350014 1.103804714679718 0
1651662364923 1.035366733932495 0
1651662379792 0.9690454163551331 0
1651662394601 0.9098173561096191 0
1651662409307 0.839300839805603 0
1651662424211 0.8044459943771363 0
1651662438904 0.7388335821151734 0
1651662453761 0.6862804481506347 0
1651662468547 0.6394283568382263 0
1651662483382 0.596803263092041 0
1651662498181 0.5484353389263154 0
1651662526278 2.26949771232605 0
1651662542177 1.9564912916183472 0
1651662558179 1.757349568939209 0
1651662573741 1.6104240245819093 0
1651662589425 1.4739325740814209 0
1651662605236 1.359083480834961 0
1651662621127 1.2612024114608764 0
1651662636745 1.185390530395508 0
1651662652425 1.1005287214279176 0
1651662668175 1.023712784576416 0
1651662683878 0.964012346458435 0
1651662699701 0.9059808342456818 0
1651662715638 0.8386544609069824 0
1651662731339 0.7625222429275512 0
1651662747270 0.7302911056518555 0
1651662763031 0.6860564158439636 0
1651662779279 0.6376208783149719 0
1651662795426 0.5847387564659119 0
1651662811559 0.5387498963356018 0
1651662827382 0.5055381576061249 0
1651662857900 2.2476950748443603 0
1651662874841 1.9411086555480956 0
1651662891604 1.7416531129837036 0
1651662908380 1.6218673601150513 0
1651662925148 1.509436750984192 0
1651662942204 1.4250084533691407 0
1651662958902 1.3405650918960572 0
1651662975606 1.2523758129119873 0
1651662992386 1.1737313103675842 0
1651663009404 1.1125657709121703 0
1651663026020 1.0365459290504455 0
1651663043000 0.9629001306533813 0
1651663059879 0.9098945897102356 0
1651663077145 0.8542151237487793 0
1651663094407 0.7956012612342834 0
1651663111935 0.7309067154884339 0
1651663129223 0.6611654772281647 0
1651663146297 0.6156295579910278 0
1651663163069 0.5782597082614899 0
1651663180194 0.5356534682512283 0
1651663213303 2.232219054222107 0
1651663231061 1.8800103797912597 0
1651663248692 1.712773251914978 0
1651663266515 1.557500382041931 0
1651663284156 1.4384184831619262 0
1651663301839 1.3639335123062133 0
1651663319767 1.2572731651306153 0
1651663337379 1.1905880229949952 0
1651663355128 1.1042055219650269 0
1651663372885 1.0221945033073425 0
1651663390767 0.9739868119239807 0
1651663408586 0.9142078050613404 0
1651663426372 0.8575042863845825 0
1651663444049 0.7955504695892334 0
1651663461895 0.7251892616271972 0
1651663479496 0.6740588397979737 0
1651663497226 0.6304544965744019 0
1651663514996 0.5598505585193634 0
1651663532845 0.5151682880878449 0
1651663550608 0.4772443077087402 0
1651663586245 2.2723881977081297 0
1651663605049 1.977506575012207 0
1651663623800 1.8106948802947997 0
1651663642636 1.6924724313735962 0
1651663661409 1.5880041414260864 0
1651663680081 1.5221462039947509 0
1651663698744 1.425557202911377 0
1651663717416 1.3681025033950807 0
1651663736211 1.2852177328109742 0
1651663755131 1.1938727306365966 0
1651663773854 1.1339957267761231 0
1651663792666 1.067932580471039 0
1651663811421 1.0096070399284363 0
1651663830499 0.9367736013412475 0
1651663849400 0.8729416122436523 0
1651663868135 0.8254943856716156 0
1651663887047 0.7712097207069397 0
1651663905751 0.6990376726150512 0
1651663924824 0.6447045862674713 0
1651663943637 0.5934032402038574 0
