1641993819005 0.7698406664053599 0
1641993831642 0.23008594938119253 0
1641993844333 0.12624094421068827 0
1641993857027 0.06682375576496125 0
1641993869747 0.03574727934598923 0
1641993882442 0.02444605572372675 0
1641993895214 0.021285216678182284 0
1641993907938 0.014829998537898063 0
1641993920534 0.014142133267968893 0
1641993933184 0.01092787836169203 0
1641993945903 0.011745076179504394 0
1641993958481 0.011226222801953555 0
1641993971236 0.005925775905822714 0
1641993983935 0.007448514799028635 0
1641993996655 0.008856944295515617 0
1641994009373 0.00875791144904991 0
1641994022080 0.0069883661225127675 0
1641994034762 0.0070035320836429795 0
1641994047466 0.005768604146565 0
1641994060195 0.006317554403406879 0
1641994080906 0.7977864365577698 0
1641994091142 0.23892382475535076 0
1641994101306 0.13205265287955603 0
1641994111511 0.0689361409743627 0
1641994121746 0.03622660149137179 0
1641994131918 0.02264866036772728 0
1641994142194 0.01917324602007866 0
1641994152326 0.012501053113738695 0
1641994162558 0.015725493080914022 0
1641994172779 0.014278871398419142 0
1641994182963 0.012075690025587877 0
1641994193143 0.007283442093928655 0
1641994203333 0.008674087045838436 0
1641994213563 0.005221619827797015 0
1641994223816 0.010251486830785871 0
1641994233964 0.00956942651507755 0
1641994244161 0.008192272075327734 0
1641994254266 0.005037661595580479 0
1641994264456 0.0076425970302894716 0
1641994274651 0.005938292834597329 0
1641994306092 0.7970610101858775 0
1641994316324 0.24517257771492004 0
1641994326447 0.13456020892063777 0
1641994336527 0.07332080450057983 0
1641994346706 0.039266702115535734 0
1641994356947 0.02543683079232772 0
1641994367025 0.0172794770081838 0
1641994377258 0.017179388710359733 0
1641994387490 0.015398203577349584 0
1641994397733 0.011486345875511566 0
1641994407972 0.011132284893840551 0
1641994418151 0.009918481526523828 0
1641994428357 0.007624576076616843 0
1641994438607 0.0102251131195575 0
1641994448767 0.008613399723917246 0
1641994459041 0.0077238265884419285 0
1641994469192 0.007386046356086929 0
1641994479390 0.00640715578670303 0
1641994489609 0.008918436974659561 0
1641994499817 0.007428706797709067 0
1641994541697 0.7827321012338002 0
1641994552004 0.241022838306427 0
1641994562217 0.13407786079247794 0
1641994572356 0.07133757717410723 0
1641994582610 0.0387452674984932 0
1641994592837 0.02369898733496666 0
1641994602976 0.013326782216131688 0
1641994613224 0.0167986228932937 0
1641994623442 0.016347837696721157 0
1641994633636 0.011724968843658765 0
1641994643863 0.01031852989345789 0
1641994654020 0.009994007770965497 0
1641994664192 0.0077438441143681605 0
1641994674468 0.008944969709279637 0
1641994684657 0.00679771638493985 0
1641994694843 0.007049987513696154 0
1641994704988 0.008052093116690716 0
1641994715131 0.007880945789131025 0
1641994725303 0.007585144420216481 0
1641994735535 0.006472932035724322 0
1641994788605 0.8249324459870656 0
1641994799205 0.2613680345137914 0
1641994809781 0.14990366049607595 0
1641994820380 0.0795645864367485 0
1641994831000 0.045372722365458806 0
1641994841587 0.026240873279670875 0
1641994852229 0.025195642385383448 0
1641994862820 0.018609595396618047 0
1641994873416 0.013951228405038516 0
1641994884193 0.013424725317955017 0
1641994894758 0.012310408575708667 0
1641994905360 0.008930821809917689 0
1641994916003 0.012854654544964433 0
1641994926612 0.008455405419071516 0
1641994937250 0.009658756893252332 0
1641994947885 0.008193621787056326 0
1641994958516 0.00646683154773588 0
1641994969101 0.008477886985614896 0
1641994979725 0.008081321277717749 0
1641994990291 0.009318293255691727 0
1641995054503 0.7934498413085938 0
1641995064682 0.2435815267165502 0
1641995074926 0.13531824996471406 0
1641995085127 0.07118001319567363 0
1641995095207 0.03715078140497208 0
1641995105406 0.022790305091440678 0
1641995115648 0.017979660482207935 0
1641995125872 0.01581341681579749 0
1641995136053 0.01771201566706101 0
1641995146294 0.009930431343366703 0
1641995156513 0.013447911476095517 0
1641995166709 0.011037777739514908 0
1641995176929 0.007985321875289083 0
1641995187111 0.009565609965721766 0
1641995197312 0.007246745040453971 0
1641995207532 0.008292240139096975 0
1641995217658 0.00889944270811975 0
1641995227783 0.006069070940216382 0
1641995238036 0.005239605126157403 0
1641995248268 0.006913328611291945 0
1641995323170 0.7880835097630818 0
1641995333435 0.23943594683806102 0
1641995343619 0.13165735241174698 0
1641995353852 0.06911255516807238 0
1641995364025 0.037796391147375104 0
1641995374232 0.022441928225755692 0
1641995384428 0.019300567870338757 0
1641995394686 0.019960171593228975 0
1641995404897 0.015682975969463588 0
1641995415101 0.016555650366594395 0
1641995425353 0.008704561340498428 0
1641995435656 0.007577287140736977 0
1641995445950 0.010238990233093501 0
1641995456129 0.009604515454297264 0
1641995466275 0.007120856446276108 0
1641995476476 0.00811374170780182 0
1641995486638 0.008319380485390623 0
1641995496865 0.006087634951993823 0
1641995507091 0.007364422134123742 0
1641995517328 0.006188893314637243 0
1641995603041 0.7725830248594284 0
1641995613167 0.23605770757198333 0
1641995623333 0.13016353166103364 0
1641995633526 0.06631741334199906 0
1641995643730 0.03769700337847074 0
1641995653974 0.023003754927714667 0
1641995664223 0.01783866497129202 0
1641995674368 0.015730199102063972 0
1641995684557 0.015778623707095783 0
1641995694800 0.012504262387752534 0
1641995704978 0.011338045578698316 0
1641995715166 0.011029570446163416 0
1641995725358 0.01144085806235671 0
1641995735549 0.004713771493484576 0
1641995745713 0.008763968153297901 0
1641995755983 0.007885006257270774 0
1641995766135 0.00865283379505078 0
1641995776347 0.006068172742674748 0
1641995786552 0.006552615684270859 0
1641995796761 0.006686698031798005 0
1641995893279 0.7976388349692026 0
1641995903435 0.24431730914910635 0
1641995913589 0.1344518443862597 0
1641995923682 0.06986011783679326 0
1641995933790 0.03730675767064095 0
1641995943999 0.021640599944194157 0
1641995954260 0.018299650126695634 0
1641995964496 0.017182903487980367 0
1641995974745 0.012646773039797941 0
1641995984929 0.015421978770196437 0
1641995995135 0.010693246815974514 0
1641996005338 0.009107152192791302 0
1641996015527 0.009554345216353734 0
1641996025776 0.008308925279229879 0
1641996035932 0.01006619532443583 0
1641996046092 0.005984545025105278 0
1641996056333 0.0066479816501339275 0
1641996066554 0.008548750993485251 0
1641996076814 0.006109256226041665 0
1641996087103 0.0052821194736287 0
1641996194131 0.7870330085277557 0
1641996204331 0.242282083829244 0
1641996214527 0.13594371857643128 0
1641996224748 0.0737218544125557 0
1641996234898 0.03845261815985044 0
1641996245086 0.021990501217047372 0
1641996255369 0.017563764651616413 0
1641996265568 0.014817604823410511 0
1641996275701 0.012558345143993696 0
1641996285931 0.013990902764350176 0
1641996296117 0.011114782101164261 0
1641996306302 0.010827687134593726 0
1641996316502 0.007873663380617896 0
1641996326667 0.009000926151995858 0
1641996336881 0.007766809653987487 0
1641996347098 0.00676443170979619 0
1641996357339 0.008147672695666552 0
1641996367520 0.005768659361017247 0
1641996377688 0.007309984346479177 0
1641996387855 0.007169159662847717 0
1641996506048 0.8357731906414032 0
1641996516682 0.27159293643633525 0
1641996527217 0.15901571323076885 0
1641996537864 0.08731403994162877 0
1641996548477 0.04753431485295296 0
1641996559052 0.03058334135313829 0
1641996569605 0.021691124768555163 0
1641996580176 0.020485604587197302 0
1641996590920 0.018060630436241627 0
1641996601644 0.013092214940985045 0
1641996612282 0.011396115719527006 0
1641996622826 0.012655363578349352 0
1641996633409 0.011772616045176983 0
1641996643960 0.010356962694972754 0
1641996654489 0.00814584004667898 0
1641996665075 0.010963409971818328 0
1641996675743 0.007493734147648016 0
1641996686318 0.006509082298912108 0
1641996696903 0.008962627070893844 0
1641996707492 0.008638578943287333 0
1641996836536 0.8384166791598002 0
1641996847553 0.28297431718508403 0
1641996858586 0.16829011460940044 0
1641996869570 0.09626502478520076 0
1641996880596 0.05241067553559939 0
1641996891635 0.03172680759231249 0
1641996902663 0.02260902552654346 0
1641996913698 0.021612887039780617 0
1641996924651 0.017551295716563862 0
1641996935770 0.01620646172563235 0
1641996946683 0.011932792315383751 0
1641996957642 0.01284630840048194 0
1641996968638 0.010865766757478317 0
1641996979751 0.010251212625764311 0
1641996990679 0.010598853878676892 0
1641997001679 0.009171449238310257 0
1641997012755 0.011116425617039204 0
1641997023746 0.0061933170398076375 0
1641997034793 0.00906815214989086 0
1641997045896 0.006489344146040578 0
1641997186562 0.8017323248227437 0
1641997196782 0.24381167804002762 0
1641997206959 0.13347492074171702 0
1641997217198 0.07122082531650861 0
1641997227385 0.03908004131615162 0
1641997237592 0.022108721403280893 0
1641997247687 0.019836195173859598 0
1641997257928 0.01844494804839293 0
1641997268131 0.011506348875910044 0
1641997278394 0.01332845161507527 0
1641997288535 0.01064657977198561 0
1641997298633 0.010670715877910455 0
1641997308766 0.007605623437526326 0
1641997318923 0.009105526751776536 0
1641997329084 0.007994762192666531 0
1641997339262 0.008177027464161317 0
1641997349488 0.008645739973088106 0
1641997359661 0.006622303883576145 0
1641997369859 0.0062827730281899375 0
1641997380079 0.007168409960033993 0
1641997531609 0.846758144346873 0
1641997542511 0.2827542659521103 0
1641997553479 0.16566141183376312 0
1641997564534 0.0941115357240041 0
1641997575563 0.05166171090006828 0
1641997586561 0.03408931153217951 0
1641997597582 0.022691191922624906 0
1641997608565 0.022174467527369658 0
1641997619625 0.016320643622179828 0
1641997630713 0.014410419936478139 0
1641997641766 0.01389449909577767 0
1641997652810 0.0112880495429039 0
1641997663883 0.01457525292734305 0
1641997674861 0.011248540361908576 0
1641997685773 0.007747628814975421 0
1641997696774 0.0118576896034802 0
1641997707802 0.01114957262314856 0
1641997718748 0.005559341320147117 0
1641997729818 0.006469569259261091 0
1641997740840 0.008116468994443616 0
1641997902831 0.7896078223546346 0
1641997913002 0.24078900135358175 0
1641997923172 0.13596182870864867 0
1641997933402 0.07624912230571111 0
1641997943553 0.041909490075707434 0
1641997953694 0.024159684747457503 0
1641997963893 0.017691459245979785 0
1641997974118 0.01513577823812763 0
1641997984341 0.015577188467482727 0
1641997994546 0.013517520512640477 0
1641998004728 0.01146169375081857 0
1641998015017 0.007062234821667274 0
1641998025163 0.009879160951077938 0
1641998035381 0.01222477297609051 0
1641998045531 0.007185805192713936 0
1641998055744 0.008166160456525783 0
1641998065895 0.006561612446109454 0
1641998076117 0.007464258281514049 0
1641998086328 0.006448707595157126 0
1641998096460 0.006588877633896967 0
1641998271268 0.8143296332836151 0
1641998281822 0.26398888686498007 0
1641998292348 0.15281701759497324 0
1641998302917 0.0858667098402977 0
1641998313506 0.04808857877055804 0
1641998324151 0.026877311028540133 0
1641998334718 0.016729579390088716 0
1641998345318 0.023797409373521806 0
1641998355949 0.01797931802223126 0
1641998366499 0.01569853462179502 0
1641998377110 0.01001337829331557 0
1641998387674 0.010651229999711116 0
1641998398341 0.009485659004996221 0
1641998408900 0.010218441738684973 0
1641998419507 0.011369423739239574 0
1641998430043 0.005849869723121326 0
1641998440668 0.008706839385256172 0
1641998451232 0.0061461539660890895 0
1641998461828 0.006793272026255727 0
1641998472452 0.010892988750959436 0
1641998658558 0.7946811305046082 0
1641998669053 0.2522553917646408 0
1641998679662 0.14556616961161295 0
1641998690292 0.08130322033365568 0
1641998700887 0.04619444513320923 0
1641998711533 0.030969375783205032 0
1641998722154 0.019873178193966546 0
1641998732683 0.01964589677701394 0
1641998743324 0.012407097492615381 0
1641998753942 0.014411902536948521 0
1641998764524 0.013137256952375173 0
1641998775092 0.012247094607849916 0
1641998785705 0.011576023303593199 0
1641998796307 0.010755806397522489 0
1641998806953 0.0087783931132406 0
1641998817521 0.007458299507697423 0
1641998828150 0.008027744438188772 0
1641998838691 0.009376587569868812 0
1641998849326 0.005650064951305588 0
1641998859922 0.004658311621968945 0
1641999056958 0.795710041364034 0
1641999067532 0.2534310963789622 0
1641999078138 0.1497127939025561 0
1641999088704 0.08429408904711405 0
1641999099351 0.04561355980833372 0
1641999109957 0.029701876002550125 0
1641999120570 0.019430142837762832 0
1641999131221 0.01913120611409346 0
1641999141861 0.017450059594710667 0
1641999152525 0.010103010542069872 0
1641999163058 0.009416568902134895 0
1641999173640 0.014167038814971845 0
1641999184297 0.011445785343647003 0
1641999194931 0.008846423125391205 0
1641999205541 0.007246848459417621 0
1641999216157 0.009196255696068207 0
1641999226715 0.006220340347662568 0
1641999237309 0.006837768867705017 0
1641999247899 0.006303344088171919 0
1641999258470 0.008107307175236445 0
1641999466641 0.8432298493862153 0
1641999477729 0.2831277233759562 0
1641999488814 0.16852835948467254 0
1641999499863 0.09691958413521448 0
1641999511005 0.05453848062356313 0
1641999522066 0.035011266506711644 0
1641999533106 0.023249742056429386 0
1641999544198 0.018072085593144098 0
1641999555283 0.019736442575107017 0
1641999566248 0.013674822873373826 0
1641999577359 0.014764164718985558 0
1641999588415 0.014150158415238062 0
1641999599428 0.013193172146876653 0
1641999610355 0.010321273709957798 0
1641999621351 0.009695857942352693 0
1641999632311 0.010492341969534755 0
1641999643403 0.006964643618340293 0
1641999654503 0.0103157718749096 0
1641999665491 0.006394578166678548 0
1641999676583 0.009326020684031149 0
1641999895704 0.8173955339272817 0
1641999906304 0.26303788385391236 0
1641999916871 0.15104388190110524 0
1641999927411 0.08278891294399897 0
1641999938029 0.04532909245093664 0
1641999948624 0.029299103357394538 0
1641999959233 0.019712775790691375 0
1641999969863 0.016783043121298153 0
1641999980459 0.0166146460706989 0
1641999991028 0.015283695140729348 0
1642000001543 0.016016216039657593 0
1642000012121 0.013407497368752956 0
1642000022660 0.009426316402604183 0
1642000033257 0.009279177368680636 0
1642000043802 0.008414779680843155 0
1642000054383 0.010289731943731506 0
1642000064981 0.008935598249360919 0
1642000075514 0.008780643558998902 0
1642000086173 0.005940784364504119 0
1642000096777 0.006749899514267842 0
1642000327802 0.8389011161327362 0
1642000338795 0.28498750669161477 0
1642000349821 0.1686103865702947 0
1642000360778 0.09656592824061712 0
1642000371772 0.05672253322998683 0
1642000382805 0.036018053211768465 0
1642000393871 0.023720790588855744 0
1642000404998 0.024446508926153184 0
1642000416036 0.01723705323189497 0
1642000427112 0.014009402014315128 0
1642000438196 0.01440291186918815 0
1642000449149 0.014237448085844517 0
1642000460169 0.013472275287161271 0
1642000471193 0.011075555890177688 0
1642000482265 0.010117381354918083 0
1642000493326 0.009264255042746663 0
1642000504318 0.01156814511815707 0
1642000515333 0.00608596833931903 0
1642000526351 0.008190505756437778 0
1642000537410 0.007928379675125082 0
1642000780919 0.8486306973934173 0
1642000791971 0.2820358763376872 0
1642000803006 0.16754054221312206 0
1642000814013 0.09611819734573364 0
1642000825077 0.05323124740521113 0
1642000836135 0.033387306789060434 0
1642000847153 0.026241105034947396 0
1642000858218 0.022923390269776186 0
1642000869247 0.018107100069274504 0
1642000880209 0.015807323407630126 0
1642000891262 0.010775295546650887 0
1642000902309 0.013401169219240547 0
1642000913332 0.013463042535632849 0
1642000924414 0.0109030324605604 0
1642000935358 0.009908209572608273 0
1642000946461 0.007445985525349776 0
1642000957559 0.00896738216045002 0
1642000968515 0.009438720830405752 0
1642000979603 0.006358314252396424 0
1642000990636 0.008870021581649781 0
1642001244880 0.812004324499766 0
1642001255840 0.26901732864379885 0
1642001266863 0.15650447125633557 0
1642001277870 0.08928223207692305 0
1642001288909 0.048628707470496496 0
1642001299831 0.030772373893360298 0
1642001310935 0.022920452427119018 0
1642001321997 0.01916504926085472 0
1642001333047 0.01929933476895094 0
1642001344037 0.012651352827996015 0
1642001355065 0.016750548486659925 0
1642001366036 0.00999692045946916 0
1642001377108 0.011752269020924966 0
1642001388150 0.011835275629907846 0
1642001399202 0.011781683477014302 0
1642001410248 0.007304145600646734 0
1642001421341 0.008947496531903744 0
1642001432404 0.008515630227824053 0
1642001443357 0.007115525719895959 0
1642001454478 0.00663076175476114 0
1642001721064 0.8248369259993236 0
1642001732058 0.27547058596611024 0
1642001743079 0.16443053340117136 0
1642001754174 0.09165740035772324 0
1642001765168 0.0530981338540713 0
1642001776263 0.03288483366866907 0
1642001787292 0.02453907609184583 0
1642001798291 0.02096461241369446 0
1642001809299 0.01655808541973432 0
1642001820310 0.013467012910544873 0
1642001831381 0.012717726563910643 0
1642001842446 0.012469508230934541 0
1642001853393 0.012751713084677855 0
1642001864419 0.009936199000477791 0
1642001875526 0.011736520493527254 0
1642001886480 0.008950694963460168 0
1642001897532 0.008849343199407061 0
1642001908506 0.007885430469736457 0
1642001919455 0.008889526365697384 0
1642001930532 0.0072734642116973796 0
1642002210125 0.8487193724473318 0
1642002221572 0.3000122605641683 0
1642002233037 0.18415720069011052 0
1642002244535 0.11015868683258692 0
1642002255982 0.06411935132543246 0
1642002267430 0.040079286855459216 0
1642002278916 0.026782496758302052 0
1642002290377 0.02604060781747103 0
1642002301859 0.01904924014310042 0
1642002313358 0.01450352376550436 0
1642002324867 0.015558898741006851 0
1642002336323 0.014535771337524057 0
1642002347767 0.015380519626289606 0
1642002359316 0.0134643770540754 0
1642002370818 0.011786424782623848 0
1642002382210 0.009018831877658765 0
1642002393630 0.006859267779625952 0
1642002405078 0.009729327883571386 0
1642002416549 0.008507558938860894 0
1642002428057 0.008159836451088389 0
1642002719024 0.863042544746399 0
1642002730918 0.3055160174051921 0
1642002742720 0.19144990824063618 0
1642002754553 0.1157240399201711 0
1642002766494 0.06774750943183899 0
1642002778414 0.042592043179273606 0
1642002790259 0.027996869471669197 0
1642002802068 0.024288403101762137 0
1642002813984 0.019527386146287122 0
1642002825841 0.02030151968896389 0
1642002837719 0.018318174426754315 0
1642002849650 0.013974501605580251 0
1642002861564 0.015676715117444593 0
1642002873466 0.012035600882768631 0
1642002885353 0.011079826457550129 0
1642002897232 0.011666883995632331 0
1642002909150 0.009764343583087127 0
1642002921035 0.012457919164747 0
1642002932922 0.009630353288476666 0
1642002944797 0.008153838629648089 0
1642003248681 0.8936584329287212 0
1642003260628 0.32155649739901226 0
1642003272511 0.20280048677126566 0
1642003284836 0.12292022412618002 0
1642003296717 0.06776884744564692 0
1642003308609 0.03997688700656096 0
1642003321072 0.029421960038940112 0
1642003333531 0.0295304927756389 0
1642003346160 0.019682403044899304 0
1642003358614 0.019052125854293507 0
1642003370551 0.014459610314667224 0
1642003382496 0.015435513181487719 0
1642003394336 0.014238081439460317 0
1642003407067 0.012730880676582455 0
1642003419817 0.010014232247819502 0
1642003432543 0.010769109089920919 0
1642003445290 0.009473572328314184 0
1642003458071 0.009976468609521786 0
1642003470993 0.0110064639189591 0
1642003484123 0.009866358548030257 0
1642003809000 0.863622534942627 0
1642003821251 0.3055387975851695 0
1642003833412 0.18648780020078023 0
1642003845528 0.1163687138001124 0
1642003857776 0.06538765968879064 0
1642003870022 0.041990917124350866 0
1642003882332 0.03161334024369716 0
1642003894566 0.023199978880087534 0
1642003906832 0.0230847510561347 0
1642003919053 0.020302912889420988 0
1642003931280 0.016360222455362478 0
1642003943525 0.018100983940064905 0
1642003955740 0.016796152053276697 0
1642003967886 0.011075484631707272 0
1642003980017 0.013673294860621294 0
1642003992165 0.009661299019058545 0
1642004004452 0.01103548214584589 0
1642004016747 0.012876160177464286 0
1642004028983 0.011317700526739161 0
1642004041268 0.008139590181037784 0
1642004380569 0.8861414157867432 0
1642004392718 0.31375147976875306 0
1642004404838 0.1911526788632075 0
1642004417123 0.11263725134134292 0
1642004429317 0.06579644264876842 0
1642004441592 0.04197566725661357 0
1642004453914 0.02503446681201458 0
1642004466179 0.019718589620292187 0
1642004478733 0.024391243115067483 0
1642004491139 0.02107436034878095 0
1642004503495 0.01555203582495451 0
1642004515790 0.015176996294905742 0
1642004528104 0.01524436814635992 0
1642004540363 0.012934804960340262 0
1642004552708 0.012540901972105105 0
1642004564885 0.011161187165230513 0
1642004577074 0.012799016942828893 0
1642004589400 0.009307818504267682 0
1642004602065 0.006848551743850112 0
1642004614346 0.010142219836016497 0
1642004967203 0.8607892321745555 0
1642004978898 0.29722903378804527 0
1642004990608 0.18179899090131124 0
1642005002329 0.1077349439104398 0
1642005013961 0.06082094163497289 0
1642005025709 0.04043129564722379 0
1642005037363 0.026815738358100256 0
1642005049079 0.022260152736802895 0
1642005060795 0.021815453774730365 0
1642005072520 0.016598522930095592 0
1642005084214 0.01503360928495725 0
1642005095915 0.014560135536889235 0
1642005107618 0.013874955398837725 0
1642005119343 0.012774376549075046 0
1642005131111 0.011896255466590325 0
1642005142810 0.010858918096000949 0
1642005154549 0.007081277244538069 0
1642005166225 0.010207160872593522 0
1642005178188 0.009846476328248779 0
1642005189819 0.008469259306415915 0
1642005550774 0.8609482988198598 0
1642005562917 0.3059886121670405 0
1642005575041 0.19053707257906596 0
1642005587158 0.11352104801734289 0
1642005599457 0.06597971571882566 0
1642005612408 0.03937805551290512 0
1642005625439 0.02586468541075786 0
1642005638537 0.024219066443045934 0
1642005651646 0.02598654649655024 0
1642005664702 0.018312959023813406 0
1642005677727 0.015257771896819273 0
1642005690811 0.013075219326466322 0
1642005703851 0.015311591469744841 0
1642005716963 0.010961987321451306 0
1642005729944 0.013380735058089097 0
1642005742973 0.013632440956681967 0
1642005755860 0.009688046313201387 0
1642005768829 0.010286901160081227 0
1642005781748 0.0088407429266721 0
1642005794746 0.008890828514471651 0
1642006186895 0.8505724924723307 0
1642006199952 0.29974647758801776 0
1642006213050 0.1822014500697454 0
1642006226171 0.10716733304460843 0
1642006239111 0.06368069841861725 0
1642006252150 0.038401991305748624 0
1642006265234 0.025725882659355798 0
1642006278346 0.021998829668760298 0
1642006291483 0.02167168858150641 0
1642006304495 0.016199060378472012 0
1642006317587 0.019170980916420617 0
1642006330674 0.013276756441841522 0
1642006343773 0.01641604233458638 0
1642006356773 0.009917849723994732 0
1642006369721 0.00984509656727314 0
1642006382841 0.010772409005463123 0
1642006395968 0.012773112455382943 0
1642006409101 0.011824624002476533 0
1642006422175 0.01010087831603984 0
1642006435205 0.00797178308426713 0
1642006842379 0.8727165837446849 0
1642006855451 0.3126312154452006 0
1642006868421 0.19316577141284944 0
1642006881344 0.11400364164908727 0
1642006894333 0.06766436112920443 0
1642006907292 0.046473590697844826 0
1642006920295 0.02655693986962239 0
1642006933275 0.02713346927985549 0
1642006946225 0.021649586704125007 0
1642006959290 0.022182027224699655 0
1642006972327 0.014995774396757285 0
1642006985311 0.014241377380490304 0
1642006998327 0.012889549564073483 0
1642007011395 0.012551764642447233 0
1642007024337 0.011411447382469972 0
1642007037341 0.011957171354318659 0
1642007050284 0.014451771340395013 0
1642007063309 0.009257884663591781 0
1642007076106 0.013609554902215798 0
1642007089099 0.007182804412332674 0
1642007510786 0.8373640898863475 0
1642007523836 0.3016571563164393 0
1642007536865 0.18839447798728942 0
1642007549974 0.11485218685865402 0
1642007563064 0.06904257420301438 0
1642007576133 0.042055160188674924 0
1642007589206 0.03181779461304347 0
1642007602352 0.024830688732862472 0
1642007615460 0.0202025425846378 0
1642007628519 0.02016920253013571 0
1642007641663 0.016268915260831514 0
1642007654755 0.016445715259884794 0
1642007667897 0.014472723882148663 0
1642007681007 0.012851820996900399 0
1642007694130 0.010664493468838434 0
1642007707177 0.010749732331683238 0
1642007720224 0.009746175141260027 0
1642007733195 0.008925600821400682 0
1642007746245 0.013091246784850954 0
1642007759336 0.010207452943300208 0
1642008191756 0.8569210538546245 0
1642008204725 0.3117796805381775 0
1642008217535 0.19491181767781576 0
1642008230523 0.11690912131269773 0
1642008243508 0.06691128583947817 0
1642008256510 0.04359091832041741 0
1642008269442 0.02711075372894605 0
1642008282453 0.027333419129252433 0
1642008295391 0.01969166809171438 0
1642008308280 0.01842588873654604 0
1642008321258 0.01801165345162153 0
1642008334223 0.014776968426505725 0
1642008347150 0.014055700217187404 0
1642008360115 0.01017598624167343 0
1642008372990 0.013022733973463376 0
1642008386012 0.013155107138802608 0
1642008399027 0.010814331422249477 0
1642008411930 0.009592472747589151 0
1642008424883 0.008502543919657667 0
1642008437899 0.009485805739710728 0
1642008886977 0.8665974480946859 0
1642008900020 0.30767774007320403 0
1642008913100 0.19628532552719116 0
1642008926263 0.11731980758110683 0
1642008939306 0.0680488424539566 0
1642008952499 0.04261602726082007 0
1642008965522 0.025287423545122145 0
1642008978664 0.026552362330754597 0
1642008991135 0.02076988821327686 0
1642009003511 0.025987706573307515 0
1642009015351 0.01454697542687257 0
1642009027247 0.011569032382965088 0
1642009039137 0.013660895346601804 0
1642009051026 0.014917137798915306 0
1642009062882 0.009799346675475438 0
1642009074718 0.009059225753756861 0
1642009086682 0.010026881064102053 0
1642009098549 0.01087794419688483 0
1642009110384 0.008044729306797187 0
1642009122237 0.0098630526813368 0
1642009550327 0.8558651516755422 0
1642009562169 0.30553606026172636 0
1642009573984 0.18776042902867 0
1642009585900 0.11383959087530772 0
1642009597754 0.06637240343689918 0
1642009609612 0.043171280032396314 0
1642009621497 0.028589756557097036 0
1642009633395 0.023822493769725162 0
1642009645256 0.020308197149137657 0
1642009657113 0.01974025556941827 0
1642009669010 0.016985990758240224 0
1642009680967 0.014135521419346332 0
1642009692743 0.01642542136038343 0
1642009704564 0.013791307243083913 0
1642009716447 0.009263694510608912 0
1642009730355 0.015323383594552676 0
1642009748620 0.00968480439434449 0
1642009760523 0.011301907389673094 0
1642009772429 0.008919434765105446 0
1642009784338 0.008782612871130307 0
1642010224566 0.8671703826904297 0
1642010236837 0.31655659057299296 0
1642010249106 0.201298606355985 0
1642010261345 0.12188693699042003 0
1642010273675 0.07203297662734985 0
1642010285978 0.04294484519163767 0
1642010298277 0.032622696538766226 0
1642010310612 0.032091169604162376 0
1642010322887 0.02099718624850114 0
1642010335180 0.019192115314304828 0
1642010347485 0.019760645682613053 0
1642010359741 0.014118587144215902 0
1642010372104 0.015324904917925597 0
1642010384388 0.013785537894566853 0
1642010396709 0.01478548692042629 0
1642010409034 0.01244097317258517 0
1642010421366 0.011336628851915399 0
1642010433594 0.011636950605052213 0
1642010445892 0.008579287954916557 0
1642010458162 0.01042893464937806 0
1642010911733 0.845968696419398 0
1642010923604 0.30093893806139627 0
1642010935402 0.18534728768666586 0
1642010947294 0.11035982137123744 0
1642010959159 0.06433625580867132 0
1642010971023 0.039667581335703535 0
1642010982923 0.02778631768524647 0
1642010994783 0.024237193457782268 0
1642011006700 0.019231103026866914 0
1642011018631 0.01649588484565417 0
1642011030575 0.01505299859692653 0
1642011042551 0.01656303790062666 0
1642011054446 0.012957775519788266 0
1642011066368 0.013178887534886599 0
1642011078255 0.012124536497394244 0
1642011090184 0.010694964452832937 0
1642011102113 0.009826955632989605 0
1642011114032 0.00951328736556073 0
1642011125953 0.008659001202881336 0
1642011137854 0.01112889575511217 0
1642011606729 0.8667036482493082 0
1642011618561 0.30965720502535504 0
1642011630437 0.19602709049383799 0
1642011642320 0.11753989483515422 0
1642011654264 0.06979542585611344 0
1642011666153 0.04054364897509416 0
1642011678029 0.029501684817671774 0
1642011689849 0.02505222119987011 0
1642011701701 0.02600642306705316 0
1642011713586 0.01876179542740186 0
1642011725452 0.014795951775709788 0
1642011737385 0.013820624904334545 0
1642011749261 0.0144009116238604 0
1642011761248 0.014377583800504605 0
1642011773045 0.011640044112503528 0
1642011784947 0.01073329219520092 0
1642011796841 0.0122211591610685 0
1642011808656 0.009936274310636024 0
1642011820545 0.005769906921808918 0
1642011832395 0.009993754374515265 0
1642012311505 0.8661402724107107 0
1642012323360 0.31254518564542133 0
1642012335166 0.19590144975185395 0
1642012347029 0.11860847347180048 0
1642012358944 0.06526152319510778 0
1642012370822 0.0412497250298659 0
1642012382666 0.03147408975064755 0
1642012394580 0.022966425261894862 0
1642012406491 0.02110644442588091 0
1642012418327 0.021161916156113146 0
1642012430224 0.018059348290165266 0
1642012442111 0.01477653122494618 0
1642012453933 0.015873764611035585 0
1642012465891 0.013527890406548978 0
1642012477742 0.011774696271369855 0
1642012489639 0.01110782621478041 0
1642012501539 0.010630375007539987 0
1642012513485 0.012363019133359195 0
1642012525404 0.010617652804901203 0
1642012537365 0.009553284539903204 0
1642013029603 0.8908790388743083 0
1642013041447 0.31998377340634665 0
1642013053332 0.19818705572287243 0
1642013065214 0.11923874490261079 0
1642013077082 0.06663103671868642 0
1642013088948 0.04226632454792659 0
1642013100912 0.029470063371459642 0
1642013112807 0.02508996512889862 0
1642013124721 0.020243894644081592 0
1642013136710 0.01773316009864211 0
1642013148599 0.015096531261255344 0
1642013160458 0.015568459842105706 0
1642013172380 0.014139113444462418 0
1642013184281 0.013517437484984596 0
1642013196169 0.009096323229248325 0
1642013208091 0.012208144503956039 0
1642013220012 0.011999137266973655 0
1642013231883 0.010092403544237216 0
1642013243844 0.008337594592074553 0
1642013255744 0.008658194937432806 0
1642013760461 0.8837404055118561 0
1642013772309 0.31866472816467284 0
1642013784196 0.1992474912881851 0
1642013796017 0.1197230482339859 0
1642013807903 0.07016968466838201 0
1642013819826 0.04067785824487607 0
1642013831701 0.033180885386963684 0
1642013843637 0.024432864059011142 0
1642013855498 0.022063036888837814 0
1642013867305 0.020633190798262754 0
1642013879201 0.015017483126620452 0
1642013891095 0.01429509518817067 0
1642013902916 0.0160929016828537 0
1642013914876 0.01317019285708666 0
1642013926803 0.01264507399921616 0
1642013938669 0.010828143138438464 0
1642013950605 0.012847225502257547 0
1642013962496 0.008078224901482463 0
1642013974403 0.010688341035197179 0
1642013986368 0.010880499076098204 0
1642014503800 0.8784824343999227 0
1642014515626 0.3158300009091695 0
1642014527547 0.1983813404361407 0
1642014539471 0.11890318393707275 0
1642014551350 0.06658323210279146 0
1642014563213 0.0409666543106238 0
1642014575117 0.029924192270636557 0
1642014586979 0.025632690625886124 0
1642014598832 0.020213661337395508 0
1642014610781 0.018541690157850583 0
1642014622681 0.019669467380270363 0
1642014634553 0.012594988814989726 0
1642014646444 0.01532511465822657 0
1642014658402 0.010781660129129886 0
1642014670279 0.010401008472094932 0
1642014682139 0.010706197298442324 0
1642014694020 0.010662452924872438 0
1642014706006 0.01008893948122859 0
1642014717915 0.011588169321169456 0
1642014729793 0.009491496301318209 0
1642015258250 0.8731374547481537 0
1642015270124 0.3053446851571401 0
1642015282071 0.19013668637275696 0
1642015293992 0.1135445217927297 0
1642015305840 0.06637126079599062 0
1642015317693 0.04265952528317769 0
1642015329565 0.029854600968956948 0
1642015341395 0.024543068678180378 0
1642015353220 0.021267077199618022 0
1642015365061 0.01803290557463964 0
1642015376962 0.011733114870886008 0
1642015388908 0.01837268172999223 0
1642015400831 0.015513112863029043 0
1642015412723 0.013421672530223926 0
1642015424616 0.010603663570682207 0
1642015441717 0.011838936344037453 0
1642015453661 0.011616553986569246 0
1642015465607 0.01025031881146133 0
1642015477491 0.011579162343094746 0
1642015489446 0.007074680480112632 0
1642016034965 0.8736689822673798 0
1642016046810 0.30857083660761514 0
1642016058624 0.18903887600898742 0
1642016070486 0.11287021675507228 0
1642016082327 0.06430140582323074 0
1642016094240 0.0399454631169637 0
1642016106176 0.03181069840292136 0
1642016118104 0.02250049437979857 0
1642016129963 0.022344271918634574 0
1642016141931 0.017195727962007124 0
1642016153840 0.018974966631829737 0
1642016165718 0.012011337268104156 0
1642016177697 0.014585359144210816 0
1642016189567 0.011717094913125038 0
1642016201537 0.013459418032815059 0
1642016213364 0.013012988257656495 0
1642016225267 0.011332405132055282 0
1642016237196 0.009443318579097588 0
1642016249065 0.008377839058885972 0
1642016260938 0.009053066766013702 0
1642016816554 0.840650125614802 0
1642016828081 0.29537877378463745 0
1642016839605 0.18005988540649415 0
1642016851144 0.10354433805545171 0
1642016862660 0.06112065163056056 0
1642016874103 0.035660859556496144 0
1642016885649 0.02576209603200356 0
1642016897152 0.023048136202494303 0
1642016908675 0.020389802582065266 0
1642016920141 0.015538696575164795 0
1642016931621 0.015430967816710472 0
1642016943131 0.016203578437368076 0
1642016954612 0.011862011896073818 0
1642016966134 0.011314708602676788 0
1642016977660 0.013238035527989269 0
1642016989238 0.010534989415481687 0
1642017000812 0.008021989663193623 0
1642017012315 0.009276092180858056 0
1642017023887 0.008913956707467635 0
1642017035418 0.006858880259469151 0
1642017607854 0.8955511382738749 0
1642017620258 0.3337845334370931 0
1642017632569 0.2119206142425537 0
1642017644997 0.12839350906213123 0
1642017657387 0.07892684225241343 0
1642017669757 0.043665419758359594 0
1642017682137 0.03514506861567497 0
1642017694527 0.027117834622661274 0
1642017706932 0.022695161293943722 0
1642017719364 0.017720542429884276 0
1642017731767 0.018642830049494904 0
1642017744227 0.020388169003029664 0
1642017756569 0.01690566800882419 0
1642017768906 0.013998808159927528 0
1642017781293 0.011979894664386908 0
1642017793647 0.01210567032272617 0
1642017806016 0.009812132491730154 0
1642017818311 0.009608125260844827 0
1642017830697 0.011195199888944626 0
1642017842987 0.010694175380220015 0
1642018425894 0.8692053186734517 0
1642018437765 0.3103108538468679 0
1642018449742 0.19091191312472025 0
1642018461701 0.11503399941722552 0
1642018473613 0.06356332591176032 0
1642018485446 0.03981305304964383 0
1642018497347 0.027373628077904385 0
1642018509354 0.02591741297195355 0
1642018521167 0.02201264843295018 0
1642018533105 0.02134121077209711 0
1642018544977 0.018332520810266335 0
1642018556885 0.012679076594362656 0
1642018568800 0.011850580606609583 0
1642018580660 0.016715180764347314 0
1642018592549 0.01131574794203043 0
1642018604475 0.011916105373948813 0
1642018616370 0.011560432623078426 0
1642018628352 0.009907144458964467 0
1642018640240 0.011543126322577398 0
1642018652185 0.00947417317306002 0
1642019251496 0.8750038798967997 0
1642019263382 0.3164146413962046 0
1642019275350 0.20075862553119658 0
1642019287227 0.11978045579592386 0
1642019299092 0.07405187665621439 0
1642019310955 0.0443422223230203 0
1642019322825 0.03411114367544651 0
1642019334725 0.023856714186569056 0
1642019346605 0.023755948800841968 0
1642019358533 0.019602541912098724 0
1642019370494 0.017805715468525888 0
1642019382402 0.016370662256330253 0
1642019394282 0.014407125088572502 0
1642019406163 0.011751216624428828 0
1642019418106 0.013471042284866175 0
1642019430006 0.012753862908730904 0
1642019441839 0.013382312598079442 0
1642019453768 0.009425404542156806 0
1642019465623 0.008476684347912669 0
1642019477456 0.012037495914474129 0
