1645551253918 0.224 0
1645551255462 0.3368 0
1645551256995 0.3764 0
1645551258538 0.4112 0
1645551260030 0.4084 0
1645551261537 0.4436 0
1645551263058 0.4672 0
1645551264599 0.5028 0
1645551266165 0.5344 0
1645551267742 0.5572 0
1645551269804 0.3768 0
1645551271666 0.4536 0
1645551273534 0.542 0
1645551275391 0.6188 0
1645551277248 0.658 0
1645551279137 0.7028 0
1645551281042 0.7128 0
1645551282928 0.7356 0
1645551284789 0.7412 0
1645551286614 0.7572 0
1645551289227 0.4084 0
1645551291412 0.4808 0
1645551293524 0.53 0
1645551295605 0.57 0
1645551297686 0.5872 0
1645551299760 0.6004 0
1645551301861 0.6276 0
1645551303934 0.6408 0
1645551306056 0.6524 0
1645551308146 0.6748 0
