1654444339445 0.8527024661888241 0
1654444352689 0.12264317317460859 0
1654444365863 0.03469091608333434 0
1654444379444 0.016712375077542817 0
1654444393224 0.009641883957198002 0
1654444407015 0.008455699429559484 0
1654444420525 0.005708469909912327 0
1654444434039 0.004032414092958486 0
1654444447471 0.0035414373292526995 0
1654444460928 0.0026484870270311557 0
1654444507743 0.4424803010422695 0
1654444523601 0.05340183657852057 0
1654444539302 0.02221990217158861 0
1654444554804 0.013231645976964974 0
1654444570668 0.010056781451936808 0
1654444586673 0.008247329995847551 0
1654444602303 0.004908514361855448 0
1654444617829 0.004572818069895826 0
1654444633598 0.00424060440287884 0
1654444649177 0.00362375032761097 0
1654444702930 0.3215124221827834 0
1654444720794 0.04238963426171295 0
1654444738187 0.019823575197450607 0
1654444756013 0.0115158860012121 0
1654444773916 0.009385801408560934 0
1654444791622 0.009171078400725908 0
1654444809275 0.008380356795608824 0
1654444827079 0.006285100794174035 0
1654444844976 0.004961641007345258 0
1654444862732 0.005397834825926084 0
1654444922234 0.39540078443802074 0
1654444941669 0.07274933768116647 0
1654444961598 0.03764071728336117 0
1654444981136 0.028377764600200896 0
1654445000776 0.01975968983216384 0
1654445020127 0.01597850227027029 0
1654445039741 0.012754336469160058 0
1654445059417 0.01207756302491725 0
1654445079495 0.015130573319098384 0
1654445098986 0.012138229735272447 0
1654445164529 0.3511535789092758 0
1654445185748 0.04842829618698789 0
1654445207067 0.028692766079613158 0
1654445228408 0.02310547302307607 0
1654445249966 0.020697472407358298 0
1654445271456 0.01803027658259215 0
1654445293066 0.016457293484014743 0
1654445314681 0.014777409511969427 0
1654445336522 0.014839177399924344 0
1654445358520 0.01666812731286584 0
