1651769616945 0.7504 0
1651769620264 0.8652 0
1651769623582 0.9088 0
1651769626902 0.9296 0
1651769630221 0.9312 0
1651769637507 0.6196 0
1651769644223 0.7584 0
1651769650995 0.8212 0
1651769657842 0.8556 0
1651769664620 0.8864 0
1651769672495 0.5824 0
1651769679556 0.7552 0
1651769686570 0.7992 0
1651769693563 0.8416 0
1651769700565 0.8564 0
1651769708631 0.7428 0
1651769715550 0.88 0
1651769722653 0.916 0
1651769729607 0.9336 0
1651769736543 0.9232 0
1651769744963 0.4836 0
1651769752033 0.6584 0
1651769759162 0.7516 0
1651769766329 0.796 0
1651769773470 0.8528 0
