1651769616957 0.642010059261322 0
1651769620274 0.3887668604850769 0
1651769623594 0.26097474570274354 0
1651769626911 0.21337921001017093 0
1651769630232 0.19503005353808403 0
1651769637517 0.9666460048675537 0
1651769644235 0.657564671421051 0
1651769651006 0.5054585829019547 0
1651769657854 0.39856149424314496 0
1651769664632 0.3212892837524414 0
1651769672505 1.0616288089752197 0
1651769679575 0.6920297519207 0
1651769686580 0.5709974556446076 0
1651769693574 0.4595671407222748 0
1651769700578 0.41293429069519044 0
1651769708640 0.7169352175712586 0
1651769715560 0.3704648386120796 0
1651769722664 0.2600804170012474 0
1651769729618 0.21243818562030792 0
1651769736554 0.24555863041877746 0
1651769744971 1.2819149209976197 0
1651769752044 0.9286298828125 0
1651769759175 0.6964320359230042 0
1651769766340 0.5944022042036057 0
1651769773484 0.45797968521118165 0
