1653715273904 0.9153833333333333 0
1653715322145 0.9521166666666666 0
1653715370755 0.95935 0
1653715419373 0.9633666666666667 0
1653715468277 0.96645 0
1653715517001 0.9686333333333333 0
1653715565351 0.9710833333333333 0
1653715613642 0.9715833333333334 0
1653715661730 0.9734166666666667 0
1653715710730 0.9728666666666667 0
1653715764380 0.9117166666666666 0
1653715811828 0.9514666666666667 0
1653715860141 0.95785 0
1653715909243 0.9624833333333334 0
1653715957792 0.96545 0
1653716006345 0.9678 0
1653716055280 0.9690666666666666 0
1653716104292 0.9711 0
1653716152256 0.9719 0
1653716200273 0.9734166666666667 0
1653716257290 0.9127333333333333 0
1653716305896 0.9523 0
1653716354300 0.9578833333333333 0
1653716403411 0.9625 0
1653716451902 0.96675 0
1653716501016 0.9688666666666667 0
1653716550252 0.9702333333333333 0
1653716599136 0.9715166666666667 0
1653716647293 0.9723 0
1653716696322 0.9722333333333333 0
1653716757887 0.9121166666666667 0
1653716805720 0.9491 0
1653716854086 0.95815 0
1653716902393 0.9623 0
1653716950296 0.9654333333333334 0
1653716998487 0.9678833333333333 0
1653717047335 0.97045 0
1653717096103 0.9707 0
1653717144301 0.9715166666666667 0
1653717192280 0.97245 0
1653717259337 0.9101166666666667 0
1653717307200 0.9506666666666667 0
1653717355180 0.9576333333333333 0
1653717403726 0.9620666666666666 0
1653717452136 0.9654666666666667 0
1653717500433 0.9694833333333334 0
1653717548888 0.9693333333333334 0
1653717597580 0.9719166666666667 0
1653717645123 0.9725666666666667 0
1653717693504 0.9730333333333333 0
