1652003611585 1.9682820224761963 0
1652003615080 1.5049862775802612 0
1652003618531 1.254247566318512 0
1652003621875 1.072576685333252 0
1652003625379 0.9634530055999756 0
1652003628852 0.7917160520553589 0
1652003632248 0.7285739643096923 0
1652003635689 0.6449834978103638 0
1652003639056 0.5529532670974732 0
1652003642495 0.49151094007492063 0
1652003647918 1.108120172405243 0
1652003653171 0.8591065575122834 0
1652003658156 0.7479210245609283 0
1652003663362 0.6629819967746735 0
1652003668510 0.5874115784168243 0
1652003673478 0.5056499722242356 0
1652003678599 0.452604247713089 0
1652003683758 0.4014841430425644 0
1652003688888 0.37625679380893706 0
1652003693955 0.3193477003335953 0
1652003699737 1.0737680297851562 0
1652003704951 0.8939501282691955 0
1652003710147 0.7503737104415894 0
1652003715412 0.6647757309913636 0
1652003720648 0.5970866645812988 0
1652003725951 0.5371027422428131 0
1652003731064 0.46923466763496396 0
1652003736135 0.4170629275798798 0
1652003741395 0.3595714865446091 0
1652003746663 0.32228203974962233 0
1652003752708 0.9358086037526109 0
1652003758034 0.7455320534622175 0
1652003763303 0.6064205964724286 0
1652003768648 0.5311459459813029 0
1652003774050 0.44014511204500345 0
1652003779503 0.371674517341365 0
1652003784823 0.3332800987864237 0
1652003790123 0.2930658321740461 0
1652003795403 0.2658661606714687 0
1652003800761 0.2247560563493333 0
1652003807175 0.8497751672744751 0
1652003812540 0.6868070466041565 0
1652003817903 0.5727618839740753 0
1652003823475 0.49798083641529084 0
1652003828881 0.4218023215055466 0
1652003834334 0.37998216568231585 0
1652003839866 0.3088985081672668 0
1652003845401 0.2665801619768143 0
1652003850783 0.243208452129364 0
1652003856200 0.19596396003961564 0
1652003862987 0.8276484732151032 0
1652003868593 0.6508474801063537 0
1652003874232 0.534010950422287 0
1652003879949 0.45730988953113555 0
1652003885763 0.39253736991882326 0
1652003891537 0.3144835235834122 0
1652003897429 0.2659381487131119 0
1652003903000 0.24264135867357253 0
1652003908807 0.1975168844282627 0
1652003914533 0.18162504127025605 0
1652003921920 0.8158956491415394 0
1652003927592 0.6254184148649761 0
1652003933397 0.5248947324789055 0
1652003939328 0.4363436474397579 0
1652003945282 0.35782689641871246 0
1652003951153 0.31824530985122157 0
1652003957053 0.2629191035043003 0
1652003963028 0.23569823643831664 0
1652003969012 0.18443154727704383 0
1652003974894 0.18468543964341821 0
1652003982381 0.7909073066320341 0
1652003988276 0.627374348031876 0
1652003993955 0.5295142530560326 0
1652003999906 0.43674965319954934 0
1652004005848 0.3812860034959129 0
1652004011926 0.321618518469977 0
1652004017847 0.26862460151270023 0
1652004023786 0.22001347796938187 0
1652004029578 0.18992002458006269 0
1652004035488 0.16876831400940528 0
1652004043463 0.7547698194026947 0
1652004049354 0.5803642870664597 0
1652004055362 0.48013732815980914 0
1652004061361 0.42879237135052684 0
1652004067666 0.36021009749770166 0
1652004073693 0.3001895067334175 0
1652004079838 0.2742398279070854 0
1652004085894 0.2246214981973171 0
1652004091911 0.19850162703096866 0
1652004097994 0.15815737885981798 0
1652004106524 0.6679833346632137 0
1652004112835 0.4960953873834233 0
1652004119015 0.4163309393643498 0
1652004125126 0.3336477516918793 0
1652004131271 0.26289042901134063 0
1652004137474 0.2375941061120799 0
1652004143631 0.18134714815991113 0
1652004149898 0.16465619410397023 0
1652004155935 0.12471525734695808 0
1652004162184 0.1272594479738682 0
1652004170881 0.8246004663944244 0
1652004177159 0.6476077862501144 0
1652004183526 0.5359384127736092 0
1652004189964 0.4510517742037773 0
1652004196376 0.3778939422249794 0
1652004202583 0.31326976704597476 0
1652004208845 0.26378978359997274 0
1652004215024 0.20957397564053534 0
1652004221356 0.18139550491571427 0
1652004227699 0.1575002948269248 0
1652004236941 0.7264614353805917 0
1652004243368 0.5797699793400897 0
1652004249644 0.4514328959776875 0
1652004256173 0.3853362596807944 0
1652004262379 0.31010647621755005 0
1652004268773 0.2777162043421369 0
1652004275268 0.22258466622019282 0
1652004281727 0.1886086853797707 0
1652004288188 0.1745802657155006 0
1652004294833 0.1227201032777512 0
1652004304390 0.7059407780607573 0
1652004311058 0.5599530107670541 0
1652004317749 0.4821878032142921 0
1652004324389 0.40078990602249903 0
1652004330951 0.358147089207788 0
1652004337477 0.29951700238918094 0
1652004343923 0.2546521852626573 0
1652004350319 0.20647324150423702 0
1652004356955 0.18886304350556424 0
1652004363568 0.14609352847467288 0
1652004373485 0.6651459213396947 0
1652004380036 0.47624650158530907 0
1652004386733 0.37136897156604104 0
1652004393407 0.2900399239756185 0
1652004400116 0.24066030735178315 0
1652004406957 0.19434382025006297 0
1652004413444 0.1504399698851011 0
1652004420004 0.11682856122137691 0
1652004426543 0.12594562498561807 0
1652004433184 0.11025997463336365 0
1652004443489 0.5289199575826534 0
1652004450254 0.36344940355895256 0
1652004457223 0.2793599793042486 0
1652004464056 0.21706132689436142 0
1652004470841 0.18694751315336033 0
1652004477534 0.1470662494091111 0
1652004484291 0.1150378167679916 0
1652004491298 0.10893707792325887 0
1652004498006 0.0979372124437479 0
1652004504665 0.0695550852023165 0
1652004515350 0.8431294356780746 0
1652004522235 0.6654415551157461 0
1652004529207 0.5533426904749906 0
1652004536242 0.46847508574438546 0
1652004543034 0.4059361111885193 0
1652004550065 0.3120206700795409 0
1652004556802 0.27439597118431597 0
1652004563921 0.23131635585029225 0
1652004570873 0.15854435183066853 0
1652004577835 0.14984008420879333 0
1652004589068 0.773713174249956 0
1652004596102 0.6044240856499935 0
1652004603010 0.4791700887837536 0
1652004610020 0.4137775243891536 0
1652004616837 0.34284651263343324 0
1652004623745 0.282562290439852 0
1652004630753 0.23327631053266476 0
1652004637890 0.19332884161996308 0
1652004645006 0.1542737746031118 0
1652004652246 0.12908710788687866 0
1652004664011 0.7131472373514276 0
1652004671202 0.5159467464269316 0
1652004678278 0.42631616734771594 0
1652004685411 0.35046919349861944 0
1652004692643 0.292483936189699 0
1652004699867 0.2291011633733364 0
1652004706999 0.1997024263082969 0
1652004714101 0.14890066003842362 0
1652004721274 0.13862720572440523 0
1652004728399 0.09431116751079012 0
1652004740574 0.6693367468864293 0
1652004747847 0.4798384465765146 0
1652004755100 0.39219103061183525 0
1652004762429 0.3040383244513415 0
1652004769795 0.2546510681727834 0
1652004777172 0.19589262657522583 0
1652004784432 0.20254172162549566 0
1652004791701 0.13587085719191616 0
1652004799045 0.1144919240324585 0
1652004806354 0.10188486642244701 0
1652004818904 0.6843589950802684 0
1652004826439 0.5056214654810538 0
1652004833684 0.40518393798674346 0
1652004841111 0.31348473669466786 0
1652004848429 0.2568079783589861 0
1652004855887 0.2152907766481513 0
1652004863267 0.18146831898274535 0
1652004870590 0.15541301452601994 0
1652004877976 0.12635810428933525 0
1652004885220 0.10776809617564734 0
