1652779646784 0.177 0
1652779651359 0.3038 0
1652779655643 0.3922 0
1652779660056 0.4546 0
1652779664432 0.5078 0
1652779668932 0.5546 0
1652779673286 0.5924 0
1652779677707 0.6344 0
1652779681941 0.6646 0
1652779686275 0.7054 0
1652779690810 0.7314 0
1652779695316 0.7616 0
1652779699852 0.784 0
1652779704262 0.7996 0
1652779708649 0.829 0
1652779713029 0.857 0
1652779717445 0.8748 0
1652779721890 0.8916 0
1652779726244 0.9074 0
1652779730654 0.9242 0
1652779735144 0.9366 0
1652779739190 0.948 0
1652779743554 0.9522 0
1652779747938 0.9608 0
1652779752355 0.9688 0
1652779756806 0.9752 0
1652779761203 0.9738 0
1652779765532 0.9806 0
1652779770004 0.9776 0
1652779774454 0.9766 0
1652779780275 0.2962 0
1652779785814 0.5214 0
1652779791290 0.6096 0
1652779796595 0.6782 0
1652779802041 0.717 0
1652779807516 0.7678 0
1652779813001 0.784 0
1652779818500 0.8236 0
1652779823967 0.8488 0
1652779829431 0.8718 0
1652779834633 0.8854 0
1652779840281 0.9088 0
1652779845524 0.9166 0
1652779850874 0.9366 0
1652779856405 0.9494 0
1652779861871 0.9576 0
1652779867349 0.9592 0
1652779872895 0.9668 0
1652779878608 0.976 0
1652779883996 0.9764 0
1652779889421 0.9768 0
1652779895048 0.9796 0
1652779900545 0.985 0
1652779906107 0.9824 0
1652779911648 0.9868 0
1652779917170 0.989 0
1652779922549 0.9884 0
1652779927958 0.9896 0
1652779933446 0.9902 0
1652779938947 0.9922 0
1652779945116 0.2864 0
1652779950639 0.477 0
1652779956174 0.5694 0
1652779961513 0.6384 0
1652779966890 0.6834 0
1652779972469 0.7258 0
1652779978082 0.765 0
1652779983718 0.7944 0
1652779989122 0.8296 0
1652779994605 0.8526 0
1652780000241 0.8668 0
1652780005895 0.8828 0
1652780011465 0.8934 0
1652780016836 0.9132 0
1652780022392 0.9204 0
1652780027884 0.9242 0
1652780033148 0.94 0
1652780038628 0.9486 0
1652780043977 0.9558 0
1652780049515 0.9546 0
1652780054857 0.9648 0
1652780060252 0.9714 0
1652780065841 0.9766 0
1652780071444 0.981 0
1652780076967 0.977 0
1652780082530 0.9726 0
1652780087981 0.9786 0
1652780093523 0.9864 0
1652780099157 0.9748 0
1652780104638 0.9822 0
1652780111189 0.3598 0
1652780116744 0.5592 0
1652780122240 0.6524 0
1652780127731 0.7224 0
1652780133545 0.7638 0
1652780139028 0.8002 0
1652780144585 0.8224 0
1652780150123 0.8504 0
1652780155589 0.8716 0
1652780161207 0.8882 0
1652780166749 0.9086 0
1652780172467 0.914 0
1652780178187 0.927 0
1652780183574 0.9492 0
1652780189143 0.949 0
1652780194643 0.9646 0
1652780200205 0.9596 0
1652780205743 0.967 0
1652780211351 0.972 0
1652780216749 0.9742 0
1652780222264 0.9816 0
1652780227631 0.9796 0
1652780233146 0.9852 0
1652780238623 0.9838 0
1652780244077 0.9884 0
1652780249521 0.9884 0
1652780254939 0.9862 0
1652780260434 0.985 0
1652780265905 0.9922 0
1652780271403 0.9926 0
1652780278208 0.3538 0
1652780283822 0.5068 0
1652780289589 0.574 0
1652780294951 0.6384 0
1652780300404 0.6714 0
1652780306093 0.7208 0
1652780311603 0.754 0
1652780317281 0.7748 0
1652780322786 0.8028 0
1652780328366 0.8398 0
1652780334032 0.8512 0
1652780339587 0.8836 0
1652780345017 0.8856 0
1652780350594 0.905 0
1652780356188 0.9192 0
1652780361741 0.9336 0
1652780367359 0.9322 0
1652780372909 0.9412 0
1652780378403 0.9578 0
1652780384023 0.9514 0
1652780389693 0.9656 0
1652780395249 0.9678 0
1652780401040 0.9686 0
1652780406836 0.9762 0
1652780412373 0.9772 0
1652780417891 0.9774 0
1652780423324 0.9794 0
1652780429063 0.9774 0
1652780434578 0.983 0
1652780440135 0.988 0
