1651899794294 1.1000191534042358 0
1651899798028 0.7230180733680726 0
1651899801623 0.6001121517658233 0
1651899805211 0.5094040353775025 0
1651899808895 0.4527914796829224 0
1651899812423 0.40427259082794187 0
1651899816019 0.4156412158489227 0
1651899819602 0.32457944729328153 0
1651899823176 0.3082136176109314 0
1651899826818 0.23617725901603698 0
1651899830383 0.23185363752245902 0
1651899833956 0.22375035556554795 0
1651899837626 0.22275180893987417 0
1651899841182 0.17704942638874055 0
1651899844729 0.22450953845381738 0
1651899848364 0.14334449830055238 0
1651899851841 0.1423691463947296 0
1651899855384 0.2108955786705017 0
1651899859003 0.17210588967800142 0
1651899862459 0.1206146486401558 0
1651899866001 0.09731239476203918 0
1651899869579 0.11672510370612145 0
1651899873167 0.09652385346889496 0
1651899876791 0.17271531234532594 0
1651899880380 0.09916666747536511 0
1651899884000 0.09080805319920182 0
1651899887594 0.09431255710422992 0
1651899891175 0.07314092929512263 0
1651899894729 0.07449380578547717 0
1651899898331 0.05618417066037655 0
1651899901993 0.06514743357300759 0
1651899905587 0.07931778782904148 0
1651899909178 0.04621372968237847 0
1651899912823 0.0653879029199481 0
1651899916280 0.0821735887169838 0
1651899919843 0.06018866404145956 0
1651899923360 0.06481001700162888 0
1651899926887 0.05312833892703056 0
1651899930439 0.06846113174557686 0
1651899934118 0.15335105955302716 0
1651899937626 0.05376458811089396 0
1651899941172 0.06272442845106124 0
1651899944736 0.03994154364001006 0
1651899948316 0.037967924458160995 0
1651899951888 0.054468353512883184 0
1651899955579 0.0323734076499939 0
1651899959147 0.05849946538209915 0
1651899962680 0.06845745204109699 0
1651899966367 0.0477417936488986 0
1651899969947 0.17152080655694008 0
1651899975335 1.3143669176101684 0
1651899980594 0.9835295573234558 0
1651899985743 0.8241869743347168 0
1651899991070 0.7631385372877121 0
1651899996183 0.5867347800254822 0
1651900001473 0.46459761953353884 0
1651900006592 0.4615589420318604 0
1651900011681 0.377837477684021 0
1651900017032 0.31440286922454835 0
1651900022220 0.3905036343097687 0
1651900027503 0.29677675914764406 0
1651900032567 0.21800327560827137 0
1651900037607 0.1769647839307785 0
1651900042693 0.17849942350387574 0
1651900047931 0.13013203081414104 0
1651900053109 0.1359724605679512 0
1651900058270 0.12966103793978692 0
1651900063524 0.14259728968143462 0
1651900068690 0.14075303314328194 0
1651900073893 0.17166448082625865 0
1651900078958 0.1061127850048244 0
1651900084008 0.08508278759419918 0
1651900089192 0.2655473365545273 0
1651900094396 0.14416488370373845 0
1651900099500 0.09622394890263676 0
1651900104584 0.08172012693881989 0
1651900109735 0.078523444211483 0
1651900114865 0.08952300783991814 0
1651900119994 0.0797208714351058 0
1651900125246 0.07480990790128708 0
1651900130632 0.08777898918539286 0
1651900135834 0.08727818854451179 0
1651900141090 0.09155255114734173 0
1651900146271 0.10683660811670125 0
1651900151464 0.06086712834089995 0
1651900156530 0.05382571285068989 0
1651900161690 0.08696859146226198 0
1651900166915 0.060018519345670936 0
1651900172090 0.09117931170619559 0
1651900177205 0.07805215696543455 0
1651900182307 0.06913107668757439 0
1651900187485 0.09388810461163521 0
1651900192662 0.06654982964545489 0
1651900197751 0.051200525891780854 0
1651900202932 0.05336606211811304 0
1651900208126 0.055416451070085165 0
1651900213271 0.062387177147716286 0
1651900218516 0.06331092320606113 0
1651900223628 0.08023393179029226 0
1651900228837 0.07018361131697894 0
1651900235023 1.2811219409942627 0
1651900240436 0.9642448706626892 0
1651900246095 0.8057275419235229 0
1651900251920 0.7026693307876587 0
1651900257681 0.6210443249702453 0
1651900263623 0.5155555922508239 0
1651900269363 0.44945842232704164 0
1651900275330 0.37409714221954343 0
1651900281122 0.3906816819190979 0
1651900286895 0.34594236607551576 0
1651900292470 0.28683994708061217 0
1651900298440 0.2402462770462036 0
1651900304330 0.24319307744503021 0
1651900310111 0.18619251284599303 0
1651900315935 0.2200617748260498 0
1651900321692 0.17228258016705514 0
1651900327633 0.1572753471419215 0
1651900333016 0.16739071766138078 0
1651900338759 0.18084325872659684 0
1651900344397 0.11055276501178742 0
1651900350120 0.16576998191773892 0
1651900355950 0.10092532340288163 0
1651900361663 0.10417210734263062 0
1651900367221 0.0978243900179863 0
1651900373232 0.07974062960743904 0
1651900378923 0.08395751199424267 0
1651900384603 0.1045544769525528 0
1651900390173 0.21112102863043547 0
1651900396100 0.08656412399858236 0
1651900401825 0.05387613698542118 0
1651900407595 0.04927359123378992 0
1651900413339 0.07575222636461258 0
1651900419251 0.08974998427480459 0
1651900424934 0.08497506416440011 0
1651900430780 0.11894152752757073 0
1651900436647 0.06102008738107979 0
1651900442279 0.053195007929205895 0
1651900448003 0.06905257081836462 0
1651900453741 0.2128633474379778 0
1651900459731 0.10482991715483367 0
1651900465592 0.057142188370972874 0
1651900471327 0.04542992089986801 0
1651900477017 0.0342223207201343 0
1651900482827 0.04351455066464841 0
1651900488580 0.12287514477670193 0
1651900494456 0.05233345304168761 0
1651900500105 0.05311696095764637 0
1651900506059 0.06993413797095419 0
1651900511828 0.05031252244561911 0
1651900517715 0.128939189899154 0
1651900525369 0.7892822674751282 0
1651900532145 0.5035510360717773 0
1651900538693 0.37712677491903307 0
1651900545243 0.2735613927841187 0
1651900551855 0.27423153882026674 0
1651900558549 0.22274417559504509 0
1651900564913 0.18223780176639556 0
1651900571496 0.2054342155456543 0
1651900578103 0.14556084106862546 0
1651900584474 0.1384034860610962 0
1651900591087 0.08421920738965273 0
1651900597522 0.07514237375855445 0
1651900604330 0.11010722658634185 0
1651900610893 0.0923475207720534 0
1651900617593 0.06522102761939168 0
1651900624145 0.08415024601519108 0
1651900630573 0.06423388477265835 0
1651900637240 0.0607810777194798 0
1651900643722 0.05636571739092469 0
1651900650340 0.058422257460653784 0
1651900656936 0.10385860291719437 0
1651900663420 0.10313925835532137 0
1651900669918 0.04518164615011774 0
1651900676592 0.04592956518232823 0
1651900683098 0.05804464855566621 0
1651900689520 0.06328920152336359 0
1651900696098 0.03414973293170333 0
1651900702681 0.051172219016309826 0
1651900709160 0.043594379761442544 0
1651900715743 0.03896750476360321 0
1651900722629 0.06406845650672913 0
1651900729152 0.04188673111441312 0
1651900735601 0.0307708323135972 0
1651900741937 0.018272732532722876 0
1651900748397 0.03123123169448227 0
1651900755051 0.05155803492106497 0
1651900761587 0.030686704104673116 0
1651900768182 0.05969583093533293 0
1651900774664 0.030794522339478134 0
1651900781103 0.01905954269426875 0
1651900787655 0.047960073690861464 0
1651900794181 0.06328941763365292 0
1651900800693 0.037344401917606594 0
1651900807365 0.06372824987843632 0
1651900814020 0.09974545306190849 0
1651900820511 0.052603898122161624 0
1651900827108 0.019412342536076904 0
1651900833620 0.01799508016593754 0
1651900840094 0.03795982605144382 0
1651900846703 0.03983525069912648 0
1651900855800 1.3733965270996094 0
1651900863215 1.0216684755325318 0
1651900870518 0.8721891351699829 0
1651900877896 0.7723205942153931 0
1651900885147 0.6616615761995316 0
1651900892480 0.5762884747743606 0
1651900899887 0.5089385478973388 0
1651900907297 0.449775282907486 0
1651900914701 0.3453611051559448 0
1651900921965 0.4006300718307495 0
1651900929350 0.3003893336296082 0
1651900936619 0.30136493331193925 0
1651900943887 0.23225147502422333 0
1651900951023 0.18267780327796937 0
1651900958295 0.17350229120254518 0
1651900965312 0.1963243566095829 0
1651900972472 0.1387242276072502 0
1651900979845 0.14504563470482826 0
1651900987226 0.13437056184262036 0
1651900994638 0.1679935666412115 0
1651901001863 0.12899103866219522 0
1651901009100 0.10654352291822433 0
1651901016271 0.07676366457417608 0
1651901023545 0.09220168457757681 0
1651901030799 0.15444872037470342 0
1651901038096 0.10396751312017441 0
1651901045396 0.09391303837299347 0
1651901052738 0.07258218720257283 0
1651901060074 0.12227348755002022 0
1651901067250 0.10817184978984297 0
1651901074624 0.09607138857841492 0
1651901082094 0.08819770649671554 0
1651901089341 0.07128373361825943 0
1651901096803 0.046004390976578 0
1651901103903 0.07744091500025242 0
1651901111193 0.0904936778664589 0
1651901118458 0.0754037743806839 0
1651901125919 0.13032114312276244 0
1651901133215 0.08224669729098677 0
1651901140428 0.06652798345778138 0
1651901147626 0.05524097066819668 0
1651901154746 0.031706758797727524 0
1651901162023 0.0489545430470258 0
1651901169325 0.15515250815022738 0
1651901176602 0.09836826572790743 0
1651901183834 0.0572842979028821 0
1651901191172 0.0582061472594738 0
1651901198511 0.052319613885879517 0
1651901205755 0.051513942739367484 0
1651901213184 0.07395831538441125 0
