1654745372465 0.4592674508737847 0
1654745387167 0.11148594702335357 0
1654745401692 0.06718253196946068 0
1654745415651 0.047794221996547495 0
1654745430240 0.04057961475929525 0
1654745444772 0.02810991310095861 0
1654745462886 0.03248705678888086 0
1654745477201 0.028822212633837586 0
1654745491614 0.020401828202538618 0
1654745505945 0.02326294535738677 0
1654745548090 0.30828056785588653 0
1654745585822 0.07109693309789633 0
1654745623532 0.053421910231740484 0
1654745661109 0.03539607379040294 0
1654745698676 0.02828478164858011 0
1654745736032 0.029079271291588354 0
1654745773982 0.026920400517246465 0
1654745811666 0.019484195467473497 0
1654745849331 0.02878604315764953 0
1654745886785 0.018279333699489177 0
1654745932958 0.3713553256566516 0
1654745970434 0.07051876197761954 0
1654746007815 0.04869362338315874 0
1654746045002 0.03655064626670498 0
1654746082095 0.027101931826311907 0
1654746119374 0.044645843371086937 0
1654746156695 0.014280583758828198 0
1654746193892 0.02812597772076715 0
1654746231116 0.02520299148479323 0
1654746268295 0.02572862836157548 0
1654746318378 0.24878765265795938 0
1654746355475 0.0532005701834778 0
1654746393355 0.02507245001559969 0
1654746430531 0.028791902742849502 0
1654746467531 0.02812214282792334 0
1654746505169 0.013328990740542985 0
1654746542322 0.022116779549702762 0
1654746579664 0.018507680929223218 0
1654746617066 0.01414432374136558 0
1654746653987 0.020332513920563147 0
1654746709276 0.20011989396175733 0
1654746747382 0.03171300704011216 0
1654746785355 0.016323099132561275 0
1654746823412 0.015904293658290002 0
1654746861324 0.01889237179531034 0
1654746898985 0.00966447081614486 0
1654746936881 0.008530970560781748 0
1654746975161 0.013099009608455336 0
1654747013425 0.00349053735042847 0
1654747051061 0.018122981966956445 0
1654747111034 0.1701143600088672 0
1654747149362 0.030058135855577962 0
1654747187460 0.014249504870277697 0
1654747225878 0.012631787309939066 0
1654747263919 0.018557773604046035 0
1654747301855 0.003501304053591889 0
1654747340249 0.0002612531695930052 0
1654747378807 0.005404000889594613 0
1654747417208 0.03404657682189568 0
1654747455745 0.004224065809784044 0
1654747519582 0.27339822204203473 0
1654747557822 0.056419483755280185 0
1654747596193 0.03479750582585688 0
1654747634366 0.018059127128292447 0
1654747672719 0.02428675977347963 0
1654747711104 0.01747110299060431 0
1654747749397 0.01937871633750607 0
1654747787896 0.017555669561413023 0
1654747826254 0.010338713162011764 0
1654747864563 0.016255763029244533 0
1654747936456 0.22393067609224993 0
1654747975020 0.04276923481098153 0
1654748013760 0.02106578551102311 0
1654748052490 0.022849472867606576 0
1654748091103 0.019025553915054193 0
1654748129720 0.010528765715506693 0
1654748168227 0.019236774829232438 0
1654748206690 0.01380415407725031 0
1654748245231 0.013173071062431542 0
1654748283722 0.009422622321906996 0
1654748357043 0.4832555857711731 0
1654748396258 0.16228643874805876 0
1654748435431 0.08178350968802654 0
1654748474622 0.048840399617609775 0
1654748513701 0.04501824904309665 0
1654748553018 0.03381354359136012 0
1654748592216 0.030307622875371677 0
1654748631380 0.02932935072466083 0
1654748670413 0.02656704413087982 0
1654748709320 0.021521445082116914 0
1654748787065 0.19416081704031554 0
1654748826019 0.027529407703636658 0
1654748865069 0.011028625756540475 0
1654748904337 0.014139652432910557 0
1654748943363 0.013789606359399681 0
1654748982571 0.016332963627585666 0
1654749021677 0.012482644304607183 0
1654749060852 0.005726318664234347 0
1654749099924 0.02181898985795258 0
1654749139039 0.0013577423602289306 0
