1645807969884 0.1324 0
1645807978412 0.2228 0
1645807987220 0.2926 0
1645807995912 0.3632 0
1645808004641 0.4222 0
1645808013421 0.4708 0
1645808022170 0.5178 0
1645808030763 0.5592 0
1645808039523 0.6298 0
1645808048204 0.6658 0
1645808058207 0.217 0
1645808067591 0.368 0
1645808077289 0.4354 0
1645808086616 0.4912 0
1645808096343 0.5574 0
1645808105748 0.621 0
1645808115345 0.6668 0
1645808124994 0.7234 0
1645808134503 0.797 0
1645808143791 0.833 0
1645808154269 0.2718 0
1645808163889 0.4406 0
1645808173534 0.5212 0
1645808183359 0.6022 0
1645808193198 0.6628 0
1645808203097 0.7132 0
1645808213168 0.7698 0
1645808223200 0.8062 0
1645808233045 0.853 0
1645808242384 0.8914 0
