1652343860836 0.4324 0
1652343868911 0.5632 0
1652343876925 0.636 0
1652343885013 0.6492 0
1652343893367 0.7128 0
1652343901560 0.7248 0
1652343909598 0.7484 0
1652343917826 0.7736 0
1652343925740 0.7804 0
1652343933794 0.8 0
1652343941873 0.8204 0
1652343950252 0.8216 0
1652343958424 0.8432 0
1652343966624 0.8244 0
1652343974856 0.8176 0
1652343983035 0.8636 0
1652343991317 0.8516 0
1652343999198 0.8652 0
1652344007295 0.8656 0
1652344015524 0.862 0
1652344023716 0.8808 0
1652344031830 0.8792 0
1652344040292 0.8832 0
1652344048251 0.894 0
1652344056256 0.9008 0
1652344064350 0.8924 0
1652344072308 0.8896 0
1652344080407 0.9152 0
1652344088616 0.9012 0
1652344096714 0.9028 0
1652344105800 0.3716 0
1652344111591 0.4716 0
1652344117206 0.5268 0
1652344122901 0.5648 0
1652344128673 0.5912 0
1652344134308 0.6208 0
1652344139781 0.6164 0
1652344145339 0.6548 0
1652344150942 0.6688 0
1652344156578 0.6832 0
1652344162350 0.6804 0
1652344168085 0.682 0
1652344173790 0.7272 0
1652344179448 0.7096 0
1652344185076 0.7504 0
1652344190743 0.76 0
1652344196262 0.7736 0
1652344201832 0.7708 0
1652344207544 0.7556 0
1652344213066 0.7872 0
1652344218661 0.802 0
1652344224373 0.8136 0
1652344230160 0.8228 0
1652344235847 0.83 0
1652344241410 0.8256 0
1652344247201 0.8172 0
1652344252992 0.8424 0
1652344258622 0.8524 0
1652344264245 0.8504 0
1652344269872 0.86 0
1652344282605 0.3396 0
1652344288291 0.4404 0
1652344294057 0.514 0
1652344299714 0.55 0
1652344305406 0.5572 0
1652344311236 0.5832 0
1652344316813 0.5912 0
1652344322505 0.622 0
1652344328037 0.6388 0
1652344333736 0.6516 0
1652344339432 0.6724 0
1652344345115 0.686 0
1652344350720 0.704 0
1652344356425 0.7068 0
1652344362252 0.7112 0
1652344367838 0.7456 0
1652344373494 0.7348 0
1652344379070 0.7532 0
1652344384660 0.76 0
1652344390199 0.7816 0
1652344395840 0.7908 0
1652344401539 0.7724 0
1652344407340 0.8056 0
1652344412868 0.8124 0
1652344418569 0.8136 0
1652344424349 0.8276 0
1652344430040 0.8336 0
1652344435675 0.8556 0
1652344441308 0.8384 0
1652344446869 0.8592 0
1652344463068 0.5604 0
1652344468750 0.6924 0
1652344474400 0.7272 0
1652344480051 0.7668 0
1652344485745 0.7496 0
1652344491411 0.754 0
1652344497164 0.7748 0
1652344502817 0.7996 0
1652344508608 0.8084 0
1652344514213 0.8104 0
1652344519866 0.8336 0
1652344525438 0.8436 0
1652344531065 0.8232 0
1652344536771 0.8436 0
1652344542548 0.842 0
1652344548127 0.862 0
1652344553635 0.8644 0
1652344559187 0.864 0
1652344564798 0.8672 0
1652344570465 0.8712 0
1652344576039 0.8816 0
1652344581630 0.8888 0
1652344587271 0.8948 0
1652344592930 0.8812 0
1652344598542 0.8956 0
1652344604272 0.9004 0
1652344609824 0.8984 0
1652344615447 0.9084 0
1652344621144 0.92 0
1652344626717 0.9084 0
1652344646548 0.3124 0
1652344652421 0.4224 0
1652344657941 0.458 0
1652344663711 0.4992 0
1652344669226 0.5276 0
1652344675038 0.5396 0
1652344680619 0.54 0
1652344686299 0.5912 0
1652344691716 0.6068 0
1652344697532 0.608 0
1652344703346 0.6404 0
1652344708964 0.6304 0
1652344714626 0.6572 0
1652344720340 0.6728 0
1652344725910 0.6736 0
1652344731675 0.702 0
1652344737265 0.6988 0
1652344743117 0.7216 0
1652344748643 0.7544 0
1652344754245 0.7508 0
1652344759855 0.762 0
1652344765637 0.7856 0
1652344771083 0.7828 0
1652344776732 0.802 0
1652344782423 0.806 0
1652344788071 0.8092 0
1652344793678 0.7932 0
1652344799477 0.8392 0
1652344805097 0.8464 0
1652344810931 0.82 0
