1652343860848 1.5743716938972474 0
1652343868922 1.090800022792816 0
1652343876936 0.934179578256607 0
1652343885024 0.989428964471817 0
1652343893374 0.8331746063888072 0
1652343901571 0.7476139038801193 0
1652343909610 0.795885624371469 0
1652343917833 0.6527348449528217 0
1652343925751 0.6590301414072514 0
1652343933801 0.629946468180418 0
1652343941883 0.533137587839365 0
1652343950260 0.5655225959725678 0
1652343958440 0.4900008996717632 0
1652343966637 0.6184279819581657 0
1652343974869 0.5924997249767184 0
1652343983048 0.4350120322175324 0
1652343991328 0.5209300475308671 0
1652343999210 0.44989894053526225 0
1652344007304 0.5215203184956685 0
1652344015533 0.4884731418995187 0
1652344023732 0.4233201834956184 0
1652344031841 0.452063696520403 0
1652344040304 0.4207146094393451 0
1652344048264 0.387779025118798 0
1652344056267 0.36581790859121827 0
1652344064362 0.4236394197798334 0
1652344072319 0.43747988709092606 0
1652344080416 0.3211187789226882 0
1652344088628 0.41214522108044477 0
1652344096726 0.40671955840320445 0
1652344105815 1.6444429807662964 0
1652344111604 1.4054407606124877 0
1652344117219 1.3054615089416504 0
1652344122911 1.2199181836128234 0
1652344128682 1.1539962986946106 0
1652344134315 1.0915178409576416 0
1652344139793 1.089662929034233 0
1652344145348 1.0093073297977448 0
1652344150949 0.970385709130764 0
1652344156588 0.9113878028392792 0
1652344162363 0.9517002793312073 0
1652344168095 0.9439898431301117 0
1652344173801 0.8219602276086807 0
1652344179458 0.8934437516748905 0
1652344185087 0.7095496993005276 0
1652344190755 0.7705699253957718 0
1652344196272 0.6873028994381428 0
1652344201841 0.6936527630090713 0
1652344207552 0.7604550073862075 0
1652344213077 0.670643561115861 0
1652344218672 0.6378081789225339 0
1652344224384 0.6123712709635496 0
1652344230168 0.592344224344194 0
1652344235857 0.5222645517478697 0
1652344241418 0.5579342896495014 0
1652344247213 0.612682836022228 0
1652344253002 0.501971692622453 0
1652344258635 0.4690660440072417 0
1652344264257 0.47247538735061534 0
1652344269880 0.45625268404148517 0
1652344282616 1.7263676557540895 0
1652344288304 1.4987503732681275 0
1652344294070 1.3431305275440215 0
1652344299726 1.27115823469162 0
1652344305420 1.2040222226142883 0
1652344311251 1.1947080014705658 0
1652344316827 1.191721509885788 0
1652344322519 1.0468538002490997 0
1652344328046 1.0509893785476685 0
1652344333744 1.0401073885440826 0
1652344339443 0.9503923427343368 0
1652344345126 0.922271789765358 0
1652344350728 0.8864083173573017 0
1652344356436 0.875174232506752 0
1652344362264 0.8787196504592896 0
1652344367852 0.7407883649051189 0
1652344373507 0.7966640478253365 0
1652344379078 0.7177226168692112 0
1652344384672 0.7562284382641316 0
1652344390213 0.6533700511395931 0
1652344395852 0.6592469896435738 0
1652344401551 0.7391450199544429 0
1652344407356 0.6104946056507528 0
1652344412880 0.6060058384686708 0
1652344418581 0.6155784288607538 0
1652344424364 0.5424749529451132 0
1652344430048 0.5532645624320954 0
1652344435688 0.44683628511056306 0
1652344441316 0.5441243379697204 0
1652344446885 0.44097616436220705 0
1652344463079 1.2707462693691254 0
1652344468762 0.9494976492643357 0
1652344474412 0.8192927555561066 0
1652344480065 0.725072350358963 0
1652344485766 0.7679387472391128 0
1652344491419 0.7834403734982014 0
1652344497174 0.7556312627375126 0
1652344502829 0.6343049323916435 0
1652344508621 0.6162519993560389 0
1652344514221 0.622399422513321 0
1652344519875 0.5485949938584119 0
1652344525449 0.5205999491944909 0
1652344531073 0.6224801227707416 0
1652344536780 0.5709897012591362 0
1652344542559 0.5390135500431992 0
1652344548139 0.47989625317417084 0
1652344553644 0.47394319856474176 0
1652344559197 0.5118123832618352 0
1652344564806 0.4673311910795979 0
1652344570478 0.48345260687610137 0
1652344576048 0.40217961164228616 0
1652344581639 0.4012113753667538 0
1652344587280 0.4212875498051988 0
1652344592939 0.4314343028048053 0
1652344598560 0.44029581750687213 0
1652344604281 0.38707375975103353 0
1652344609836 0.38866202112679604 0
1652344615458 0.38410538651460086 0
1652344621157 0.3298633205829683 0
1652344626729 0.30678301367993116 0
1652344646559 1.7520571109771728 0
1652344652432 1.5582527942657471 0
1652344657953 1.4749439364433288 0
1652344663723 1.368666439819336 0
1652344669240 1.282875731277466 0
1652344675049 1.303073501110077 0
1652344680628 1.266898062801361 0
1652344686308 1.1685776363372802 0
1652344691737 1.1235467365562917 0
1652344697545 1.1019546797990798 0
1652344703359 1.0542691191196443 0
1652344708975 1.1218965309619904 0
1652344714640 1.013617469549179 0
1652344720354 0.9992840551257134 0
1652344725922 0.9944560512542725 0
1652344731687 0.9079507373869419 0
1652344737277 0.9573450224280358 0
1652344743133 0.849360719782114 0
1652344748653 0.7641353077560663 0
1652344754258 0.7915479718744755 0
1652344759865 0.7528639728188514 0
1652344765648 0.6411713292002678 0
1652344771095 0.6873598614931107 0
1652344776744 0.6239086955370381 0
1652344782435 0.6144729394748807 0
1652344788082 0.6149600589990616 0
1652344793690 0.7198267057018587 0
1652344799489 0.5109646490648388 0
1652344805109 0.46017896080091597 0
1652344810943 0.5963680540498811 0
