1652525096871 1.9964022985458374 0
1652525102102 1.6613901416778565 0
1652525107246 1.4720609382629395 0
1652525112363 1.3422234466552734 0
1652525117628 1.1828539289474487 0
1652525122737 1.1013240184783935 0
1652525128140 1.0251999565124512 0
1652525133154 0.8942052515983582 0
1652525138427 0.8187144689559936 0
1652525143593 0.7486928155899047 0
1652525148745 0.689594554233551 0
1652525153983 0.575838507270813 0
1652525158943 0.5540546058654785 0
1652525163993 0.503929450750351 0
1652525169106 0.42293949838876727 0
1652525174233 0.42723320202827453 0
1652525179443 0.4091748341560364 0
1652525184500 0.35488340740203855 0
1652525189531 0.3111798197567463 0
1652525194655 0.26331048686504366 0
1652525199863 0.2541808722496033 0
1652525205014 0.2329686471939087 0
1652525210285 0.21848490463495254 0
1652525215407 0.22516379123926164 0
1652525220493 0.22371570404171945 0
1652525225769 0.18480041338205339 0
1652525230954 0.18196633191108705 0
1652525236104 0.1793974656224251 0
1652525241149 0.21306136614084245 0
1652525246306 0.18159427632838487 0
1652525251535 0.20579701704978942 0
1652525256641 0.17447920447587967 0
1652525261768 0.17058333209753038 0
1652525266917 0.15892950129061936 0
1652525272171 0.15699122036695481 0
1652525277346 0.17065343393087387 0
1652525282688 0.14145876333117485 0
1652525287991 0.18273683364987373 0
1652525293090 0.15764237258434297 0
1652525298200 0.1669698322236538 0
1652525303341 0.12748520553857087 0
1652525308570 0.20627994898557664 0
1652525313640 0.18883032463788987 0
1652525319015 0.12483222569078208 0
1652525324352 0.11953231196254492 0
1652525329597 0.12570404869019985 0
1652525334805 0.14682855258584024 0
1652525340021 0.19158741590380668 0
1652525345448 0.14340241475105286 0
1652525350720 0.1597295277953148 0
1652525363824 1.7174976982116699 0
1652525376351 1.1540332595825196 0
1652525389011 0.9340078654289246 0
1652525401704 0.7858879989624024 0
1652525414131 0.6984788141250611 0
1652525427151 0.5897139736175537 0
1652525439676 0.5219266036033631 0
1652525452818 0.4192490445137024 0
1652525465921 0.4073195351600647 0
1652525478947 0.3371458833694458 0
1652525491896 0.31237224712371825 0
1652525504664 0.2846418061494827 0
1652525517681 0.24792944062948227 0
1652525530555 0.22650582449436188 0
1652525543603 0.21624130623340607 0
1652525556751 0.2214684949338436 0
1652525569880 0.172798760253191 0
1652525582879 0.17010857290029527 0
1652525595885 0.18363890719413759 0
1652525608823 0.1507061708331108 0
1652525621831 0.1365386026263237 0
1652525634656 0.14700442155599594 0
1652525647754 0.14775752115398647 0
1652525660710 0.1318354652121663 0
1652525673929 0.15440752291679383 0
1652525686846 0.17995177017450334 0
1652525699870 0.15463951241970061 0
1652525712915 0.12142033803761006 0
1652525725961 0.10037099934220314 0
1652525739119 0.10749382835924626 0
1652525752197 0.1571815264225006 0
1652525765100 0.10912995982766151 0
1652525778099 0.14350370440781116 0
1652525791092 0.13740079395771027 0
1652525804230 0.12027736272960901 0
1652525817207 0.15513501243591307 0
1652525830123 0.13529113748595117 0
1652525843046 0.1227339915111661 0
1652525856033 0.09117999456822873 0
1652525868978 0.09962614635229111 0
1652525881948 0.08754408117681742 0
1652525895199 0.12257118611335754 0
1652525908178 0.11236370499357581 0
1652525921216 0.09441796723753214 0
1652525934353 0.12551692419201135 0
1652525947313 0.11009692070186138 0
1652525960435 0.11237432823479175 0
1652525973436 0.09795383829027414 0
1652525986774 0.14422765505351126 0
1652525999720 0.10893762604147196 0
1652526013890 1.7191444166183472 0
1652526027071 1.2636254061698913 0
1652526040230 1.02829812874794 0
1652526053329 0.8764047307968139 0
1652526066278 0.7338559038162231 0
1652526079393 0.6449113030433655 0
1652526092482 0.5687124948978424 0
1652526105560 0.44831487064361575 0
1652526118575 0.4285772882938385 0
1652526131842 0.36721300449371336 0
1652526144860 0.26233593173027037 0
1652526158070 0.2855229623436928 0
1652526171353 0.24560869648456574 0
1652526184293 0.21392022621631623 0
1652526197532 0.19860192012786865 0
1652526210658 0.1875844448506832 0
1652526223664 0.1658572885274887 0
1652526236936 0.18426535869836808 0
1652526249997 0.18802121247053147 0
1652526263182 0.17455353832244874 0
1652526276355 0.1828234785914421 0
1652526289546 0.1389592520058155 0
1652526302776 0.13670321400165558 0
1652526316066 0.154816769695282 0
1652526329275 0.1618831094622612 0
1652526342393 0.1584141009747982 0
1652526355732 0.11100461967587472 0
1652526368843 0.12868048653006553 0
1652526381639 0.13335802585855128 0
1652526394771 0.10434478081762791 0
1652526407948 0.12502400987446308 0
1652526421273 0.12472132138609886 0
1652526434308 0.12319462749361992 0
1652526447426 0.13007377415299415 0
1652526460520 0.11308233452141285 0
1652526473479 0.14545381630957127 0
1652526486792 0.12119847503900529 0
1652526500093 0.11722648917585611 0
1652526513428 0.15307076381146908 0
1652526526642 0.12026186873316765 0
1652526539849 0.1107987000375986 0
1652526553118 0.15296211012005806 0
1652526566427 0.10960678822398186 0
1652526579457 0.08389026246890426 0
1652526592638 0.07777589574679733 0
1652526605896 0.09875340123176575 0
1652526619126 0.16413221358656882 0
1652526632171 0.14132206594869495 0
1652526645536 0.1282274397658184 0
1652526658498 0.10771227922737599 0
1652526673405 1.5057145654678346 0
1652526686848 1.0170414642333985 0
1652526699977 0.8272261360168457 0
1652526713093 0.6453474454879761 0
1652526726437 0.5411494087219239 0
1652526739878 0.4757281579017639 0
1652526753140 0.39015703201293944 0
1652526766561 0.30592611031532285 0
1652526779854 0.27792651529312135 0
1652526793112 0.24722350714206695 0
1652526806278 0.22900533467531203 0
1652526819693 0.2089069946050644 0
1652526832688 0.20655283551216125 0
1652526845993 0.17516866143941878 0
1652526859339 0.15286644318699838 0
1652526872494 0.1548886857330799 0
1652526885864 0.15767625225782395 0
1652526899321 0.14192332500219346 0
1652526912670 0.1445898427963257 0
1652526925830 0.15436315947771073 0
1652526938687 0.12778548169508577 0
1652526952049 0.1248937719374895 0
1652526965349 0.17117794616818427 0
1652526978737 0.17940752769261598 0
1652526992168 0.09361870876252651 0
1652527005449 0.10278417799174785 0
1652527018860 0.16095147531330586 0
1652527032298 0.11086471501886845 0
1652527045617 0.10441538463085889 0
1652527058720 0.1102241864413023 0
1652527071898 0.11829838387966156 0
1652527084969 0.11478113830089569 0
1652527098246 0.1017598239928484 0
1652527111565 0.0929314060330391 0
1652527125007 0.1072713748395443 0
1652527138289 0.10424185695201159 0
1652527151476 0.12862375016510486 0
1652527164880 0.09756124380230903 0
1652527177773 0.08790177988149225 0
1652527191103 0.08469728044867515 0
1652527204615 0.11141875736415387 0
1652527217909 0.1243413164049387 0
1652527231247 0.1134429139893502 0
1652527244449 0.12867074661348016 0
1652527257942 0.09350035535246133 0
1652527271357 0.08462119277492165 0
1652527284693 0.09368467914760113 0
1652527297850 0.08580434028953314 0
1652527310985 0.11425232730209828 0
1652527324362 0.12209064072370529 0
1652527339412 1.6703388526916505 0
1652527352687 1.2643358432769776 0
1652527365720 1.0747416213989258 0
1652527379084 0.9454696083068848 0
1652527392463 0.7964569646835327 0
1652527405435 0.676504995918274 0
1652527419077 0.527181032037735 0
1652527432418 0.49570615663528445 0
1652527445950 0.40505916233062744 0
1652527459359 0.33111728138923646 0
1652527472830 0.29721940274238584 0
1652527486201 0.27500577292442324 0
1652527499832 0.21838146584033966 0
1652527513328 0.22002907928824425 0
1652527526660 0.17945599533617496 0
1652527540047 0.18024519066810607 0
1652527553400 0.1953546384871006 0
1652527566798 0.1384644291996956 0
1652527580071 0.14568797379732132 0
1652527593538 0.14482481439113618 0
1652527607030 0.16333162088692188 0
1652527620440 0.12683141734004022 0
1652527633857 0.13199425389766692 0
1652527647333 0.15903074654340743 0
1652527660926 0.13395236376523972 0
1652527674363 0.10377237311005592 0
1652527687720 0.11161594551801682 0
1652527701241 0.1511735804975033 0
1652527714717 0.14895293470025062 0
1652527728338 0.11249029434323311 0
1652527741894 0.13094708629846574 0
1652527755327 0.1362599800646305 0
1652527768764 0.10878054669722914 0
1652527782111 0.140461993008852 0
1652527795455 0.15415992622375488 0
1652527808585 0.1255646891027689 0
1652527822090 0.09757085548639298 0
1652527835543 0.10178763135075569 0
1652527849053 0.11942649650350214 0
1652527862557 0.1004440680012107 0
1652527875814 0.10834891234636307 0
1652527889176 0.11333107037842274 0
1652527902778 0.07754753571413457 0
1652527916372 0.09336790640056133 0
1652527929676 0.1404172668159008 0
1652527943139 0.1278179786130786 0
1652527956503 0.13574285295829178 0
1652527969995 0.1027068480193615 0
1652527983410 0.08298696937263011 0
1652527996930 0.14085323083400728 0
