1651783965253 0.7512 0
1651783968565 0.8956 0
1651783971905 0.9216 0
1651783975119 0.9508 0
1651783978347 0.9492 0
1651783981745 0.9548 0
1651783985032 0.9612 0
1651783988400 0.956 0
1651783991726 0.9724 0
1651783994986 0.9628 0
1651783998279 0.9664 0
1651784001625 0.9816 0
1651784004898 0.9788 0
1651784008324 0.9816 0
1651784011622 0.9776 0
1651784014904 0.9664 0
1651784018234 0.9836 0
1651784021587 0.9688 0
1651784024891 0.9856 0
1651784028264 0.9904 0
1651784031633 0.992 0
1651784034881 0.994 0
1651784038115 0.9972 0
1651784041414 0.9852 0
1651784044766 0.9784 0
1651784048059 0.988 0
1651784051253 0.9908 0
1651784054471 0.9756 0
1651784057742 0.9872 0
1651784060995 0.99 0
1651784064327 0.988 0
1651784067543 0.9896 0
1651784070876 0.9896 0
1651784074151 0.986 0
1651784077333 0.9916 0
1651784080670 0.9892 0
1651784083964 0.9964 0
1651784087193 0.9936 0
1651784090481 0.994 0
1651784093802 0.9904 0
1651784097195 0.9936 0
1651784100581 0.9916 0
1651784103930 0.9888 0
1651784107266 0.9956 0
1651784110507 0.9924 0
1651784113791 0.976 0
1651784117010 0.9948 0
1651784120338 0.9884 0
1651784123710 0.994 0
1651784127049 0.9868 0
1651784134063 0.5784 0
1651784140719 0.7536 0
1651784147363 0.8264 0
1651784154100 0.8796 0
1651784160784 0.8852 0
1651784167494 0.9216 0
1651784174284 0.9236 0
1651784181178 0.9292 0
1651784188005 0.9092 0
1651784194771 0.9512 0
1651784201548 0.9604 0
1651784208272 0.9672 0
1651784215070 0.9732 0
1651784221940 0.9776 0
1651784228609 0.9572 0
1651784235489 0.9796 0
1651784242228 0.9764 0
1651784249004 0.9728 0
1651784255771 0.9608 0
1651784262501 0.982 0
1651784269473 0.984 0
1651784276302 0.9828 0
1651784283121 0.982 0
1651784290097 0.9832 0
1651784296854 0.9844 0
1651784303701 0.9904 0
1651784310345 0.988 0
1651784317361 0.9836 0
1651784324069 0.9864 0
1651784330985 0.9832 0
1651784337670 0.9836 0
1651784344421 0.9856 0
1651784351418 0.988 0
1651784358239 0.9784 0
1651784364910 0.9844 0
1651784371597 0.9836 0
1651784378574 0.9884 0
1651784385584 0.9896 0
1651784392496 0.9908 0
1651784399392 0.9828 0
1651784406150 0.9896 0
1651784413018 0.984 0
1651784419726 0.9904 0
1651784426596 0.9924 0
1651784433585 0.9904 0
1651784440262 0.986 0
1651784447267 0.9832 0
1651784454074 0.9876 0
1651784460757 0.9924 0
1651784467835 0.988 0
1651784475787 0.562 0
1651784482716 0.7436 0
1651784489771 0.8012 0
1651784496841 0.8496 0
1651784503699 0.8792 0
1651784510583 0.9028 0
1651784517404 0.9168 0
1651784524310 0.9312 0
1651784531363 0.946 0
1651784538395 0.9472 0
1651784545509 0.9448 0
1651784552408 0.958 0
1651784559324 0.9236 0
1651784566408 0.9636 0
1651784573474 0.9792 0
1651784580344 0.9848 0
1651784587205 0.9816 0
1651784594273 0.9664 0
1651784601148 0.9804 0
1651784607876 0.9712 0
1651784614958 0.9764 0
1651784621806 0.978 0
1651784628697 0.9784 0
1651784635725 0.9288 0
1651784642750 0.9848 0
1651784649712 0.9876 0
1651784656693 0.986 0
1651784663395 0.9868 0
1651784670245 0.9908 0
1651784677338 0.992 0
1651784684156 0.9888 0
1651784691127 0.9872 0
1651784698162 0.9896 0
1651784705169 0.9856 0
1651784712119 0.9868 0
1651784719249 0.988 0
1651784726301 0.9904 0
1651784733340 0.9868 0
1651784740284 0.9732 0
1651784747043 0.9648 0
1651784754126 0.9916 0
1651784761165 0.9908 0
1651784768264 0.9892 0
1651784775030 0.9924 0
1651784782004 0.9952 0
1651784788850 0.9944 0
1651784795665 0.9888 0
1651784802445 0.9724 0
1651784809457 0.984 0
1651784816464 0.988 0
1651784824638 0.718 0
1651784831709 0.8996 0
1651784838792 0.9304 0
1651784845860 0.9492 0
1651784852910 0.946 0
1651784859805 0.9572 0
1651784866953 0.9792 0
1651784874036 0.9876 0
1651784881084 0.9772 0
1651784888174 0.9888 0
1651784895238 0.9844 0
1651784902293 0.9684 0
1651784909341 0.9784 0
1651784916381 0.99 0
1651784923488 0.9752 0
1651784930383 0.9828 0
1651784937429 0.9844 0
1651784944541 0.9876 0
1651784951593 0.964 0
1651784958555 0.988 0
1651784965720 0.9928 0
1651784972572 0.9952 0
1651784979592 0.9928 0
1651784986316 0.9916 0
1651784993370 0.9936 0
1651785000392 0.9984 0
1651785007389 0.994 0
1651785014409 0.9932 0
1651785021395 0.992 0
1651785028323 0.9928 0
1651785035362 0.9916 0
1651785042482 0.9884 0
1651785049362 0.9736 0
1651785056367 0.9908 0
1651785063363 0.9968 0
1651785070503 0.9916 0
1651785077538 0.9916 0
1651785084531 0.9944 0
1651785091654 0.9964 0
1651785098746 0.9912 0
1651785105910 0.9932 0
1651785112982 0.9948 0
1651785119990 0.9924 0
1651785127073 0.9892 0
1651785134120 0.9948 0
1651785141216 0.9888 0
1651785148459 0.9856 0
1651785155502 0.992 0
1651785162244 0.9972 0
1651785169397 0.996 0
1651785177631 0.478 0
1651785184767 0.6984 0
1651785191821 0.7728 0
1651785199007 0.8444 0
1651785206075 0.8776 0
1651785213228 0.8996 0
1651785220344 0.9084 0
1651785227119 0.9356 0
1651785234196 0.946 0
1651785241324 0.948 0
1651785248484 0.9584 0
1651785255554 0.9584 0
1651785262706 0.9708 0
1651785269715 0.9696 0
1651785276866 0.9692 0
1651785283968 0.9764 0
1651785291118 0.9816 0
1651785298180 0.9772 0
1651785304923 0.9812 0
1651785311985 0.988 0
1651785319099 0.9848 0
1651785326143 0.9732 0
1651785333269 0.986 0
1651785340420 0.9748 0
1651785347488 0.9804 0
1651785354618 0.986 0
1651785361814 0.9904 0
1651785368954 0.9368 0
1651785376034 0.9696 0
1651785383075 0.9832 0
1651785390122 0.9884 0
1651785397217 0.9876 0
1651785404063 0.9864 0
1651785411244 0.9908 0
1651785418336 0.9844 0
1651785425500 0.9932 0
1651785432452 0.9932 0
1651785439536 0.9884 0
1651785446566 0.9896 0
1651785453714 0.9864 0
1651785460892 0.9908 0
1651785468004 0.9884 0
1651785475036 0.9832 0
1651785482009 0.962 0
1651785489127 0.9888 0
1651785496223 0.9816 0
1651785503333 0.9896 0
1651785510458 0.99 0
1651785517642 0.9892 0
1651785524783 0.992 0
