1654935172270 0.7959839844697889 0
1654935185537 0.9541373453045378 0
1654935198667 0.9742780878427566 0
1654935211842 0.9794952681388013 0
1654935224940 0.987078379034215 0
1654935238424 0.986289735501092 0
1654935251634 0.9868357194855617 0
1654935264873 0.9933875272991992 0
1654935278395 0.987867022567338 0
1654935291594 0.9915675806843 0
1654935305033 0.9925988837660762 0
1654935318774 0.9929022082018928 0
1654935332068 0.9908396020383402 0
1654935345758 0.9932055326377093 0
1654935359124 0.9952074739140985 0
1654935372388 0.9927202135404029 0
1654935385765 0.9943581654938122 0
1654935399010 0.9964207716573648 0
1654935412395 0.996481436544528 0
1654935425631 0.9917495753457899 0
1654935439000 0.9955714632370783 0
1654935452443 0.9964207716573648 0
1654935466084 0.9950254792526085 0
1654935479338 0.9962387769958748 0
1654935492725 0.9958141227857317 0
1654935505997 0.9961781121087114 0
1654935519595 0.9991506915797137 0
1654935532931 0.9933268624120359 0
1654935546147 0.9964207716573648 0
1654935559476 0.9939941761708323 0
1654935572867 0.9976947342877942 0
1654935586213 0.9970274205289978 0
1654935599549 0.9964207716573648 0
1654935612747 0.9970880854161611 0
1654935626196 0.995692793011405 0
1654935639772 0.9978160640621209 0
1654935652918 0.9964207716573648 0
1654935666250 0.9964207716573648 0
1654935679565 0.9981800533851007 0
1654935693141 0.9987867022567338 0
1654935706400 0.999211356466877 0
1654935719736 1.0 0
1654935733056 1.0 0
1654935746023 0.99138558602281 0
1654935759240 0.9978767289492841 0
1654935772581 0.9984833778209172 0
1654935785970 0.9989686969182238 0
1654935799268 0.9950254792526085 0
1654935812530 0.9962387769958748 0
1654935825779 0.9966027663188547 0
1654935855935 0.9731476424540324 0
1654935881693 0.9937496207294132 0
1654935908096 0.994447478609139 0
1654935934253 0.9952060197827538 0
1654935960029 0.9953273863705322 0
1654935985876 0.995570119546089 0
1654936011867 0.9960555858972026 0
1654936037402 0.9953880696644214 0
1654936063246 0.9975726682444324 0
1654936088763 0.9969354936585958 0
1654936114561 0.998422234358881 0
1654936140690 0.9949329449602524 0
1654936166410 0.997663693185266 0
1654936191920 0.99623763577887 0
1654936217621 0.9978760847138782 0
1654936243298 0.9969658353055404 0
1654936269304 0.9967534437769282 0
1654936295326 0.997603009891377 0
1654936321133 0.9975726682444324 0
1654936346918 0.9989077007099946 0
1654936372974 0.9964196856605376 0
1654936398898 0.996692760483039 0
1654936424737 0.9993628254141634 0
1654936450608 0.9969354936585958 0
1654936476452 0.9987863341222162 0
1654936501695 0.9971782268341526 0
1654936527819 0.9980884762424904 0
1654936553290 0.9975726682444324 0
1654936578851 0.9983312094180472 0
1654936604721 0.9971782268341526 0
1654936630653 0.9980581345955458 0
1654936656593 0.9971175435402634 0
1654936682271 0.9979064263608228 0
1654936707976 0.998118817889435 0
1654936733999 0.998270526124158 0
1654936760213 0.9979367680077674 0
1654936785952 0.9968141270708174 0
1654936811298 0.9991504338855514 0
1654936837063 0.9975119849505432 0
1654936862584 0.9994538503549972 0
1654936888497 0.9972085684810972 0
1654936914154 0.9985436009466594 0
1654936940050 0.998270526124158 0
1654936965887 0.9975726682444324 0
1654936991461 0.9993628254141634 0
1654937017673 0.9973906183627648 0
1654937043219 0.9975119849505432 0
1654937069008 0.997967109654712 0
1654937095382 0.9994538503549972 0
1654937121345 0.9974816433035986 0
1654937169020 0.9597775530839232 0
1654937208144 0.9918705763397371 0
1654937247544 0.9939737108190091 0
1654937286845 0.9947017189079879 0
1654937325732 0.99577350859454 0
1654937365200 0.9953892821031345 0
1654937404504 0.9975126390293225 0
1654937443646 0.9953083923154702 0
1654937482812 0.996319514661274 0
1654937521525 0.9968857431749242 0
1654937560357 0.9974721941354904 0
1654937599265 0.9967846309403438 0
1654937638155 0.9963801820020223 0
1654937677423 0.9966228513650152 0
1654937716689 0.9974317492416582 0
1654937756201 0.9974115267947422 0
1654937795476 0.9972093023255814 0
1654937834642 0.9965217391304347 0
1654937874412 0.9973306370070778 0
1654937913668 0.9966835187057634 0
1654937953515 0.9975126390293225 0
1654937992963 0.9969868554095046 0
1654938031746 0.9977553083923155 0
1654938071191 0.9970273003033367 0
1654938110654 0.9977957532861477 0
1654938149697 0.9973306370070778 0
1654938189154 0.9975733063700708 0
1654938227948 0.9973508594539939 0
1654938267453 0.9982810920121334 0
1654938306444 0.9969464105156723 0
1654938345762 0.9984833164812943 0
1654938385103 0.9967846309403438 0
1654938424133 0.9977553083923155 0
1654938462768 0.9974519716885744 0
1654938501940 0.9983822042467139 0
1654938540910 0.9974317492416582 0
1654938579675 0.9976946410515672 0
1654938619030 0.9976744186046511 0
1654938658455 0.9984630940343782 0
1654938697372 0.9971284125379171 0
1654938736425 0.997876643073812 0
1654938775467 0.9979575328614763 0
1654938814665 0.9973306370070778 0
1654938853732 0.998139534883721 0
1654938893247 0.9979777553083923 0
1654938932121 0.9976541961577351 0
1654938971771 0.998442871587462 0
1654939010949 0.9972295247724975 0
1654939050326 0.9980586450960566 0
1654939089569 0.9985844287158746 0
1654939155168 0.9827413630986684 0
1654939208379 0.9949649670902969 0
1654939261583 0.9959204100821984 0
1654939314633 0.9964967090296946 0
1654939368850 0.9968303557887712 0
1654939422929 0.9964057144590373 0
1654939476891 0.9974824835451485 0
1654939530097 0.9964512117443659 0
1654939583531 0.997300494403834 0
1654939636717 0.9967545269798902 0
1654939689937 0.997239831356729 0
1654939743890 0.9974066547362674 0
1654939796993 0.9974976493069246 0
1654939850610 0.997376323212715 0
1654939904937 0.9976341411629106 0
1654939958744 0.9970123449300858 0
1654940012182 0.997164002547848 0
1654940065923 0.9975279808304771 0
1654940118470 0.9978161303042252 0
1654940171917 0.9974976493069246 0
1654940225588 0.9972094998331766 0
1654940278458 0.9977403014953441 0
1654940331677 0.9980587824926446 0
1654940385594 0.9970578422154145 0
1654940439768 0.9979222906366587 0
1654940493355 0.9975734781158058 0
1654940546321 0.9978009645424489 0
1654940600371 0.9982711031575116 0
1654940653895 0.9975279808304771 0
1654940706905 0.9981952743486305 0
1654940760067 0.9976493069246868 0
1654940813820 0.9975734781158058 0
1654940867285 0.9983924292517213 0
1654940920806 0.9969820134065334 0
1654940973937 0.997588643877582 0
1654941028334 0.9980132852073159 0
1654941082017 0.9978616275895538 0
1654941135840 0.9978312960660014 0
1654941188816 0.998089114016197 0
1654941242246 0.9973611574509388 0
1654941295692 0.9984985895841548 0
1654941348749 0.9979222906366587 0
1654941401855 0.9978464618277776 0
1654941455219 0.9984075950134975 0
1654941508554 0.9976948042100154 0
1654941562006 0.9976493069246868 0
1654941615635 0.998089114016197 0
1654941669348 0.9977099699717917 0
1654941723156 0.9981952743486305 0
1654941776543 0.998089114016197 0
1654941861040 0.9888379316201985 0
1654941930109 0.9956079687462085 0
1654941998586 0.9965179199728228 0
1654942067580 0.9969182985125331 0
1654942135854 0.9968333697313824 0
1654942204510 0.9967484409502317 0
1654942273042 0.997682657542889 0
1654942345367 0.9971366868069205 0
1654942414091 0.9972580136371357 0
1654942483061 0.9972094829050496 0
1654942551185 0.997427871199437 0
1654942620162 0.9975370653466308 0
1654942688873 0.9975127999805877 0
1654942757498 0.9971852175390066 0
1654942827225 0.9976462594938245 0
1654942895458 0.9972701463201572 0
1654942964127 0.9982892916939652 0
1654943032907 0.9974885346145447 0
1654943101987 0.9975006672975661 0
1654943170806 0.9977190555919536 0
1654943239665 0.9980345053505132 0
1654943308074 0.9973429424182864 0
1654943376983 0.9980587707165562 0
1654943445821 0.9977190555919536 0
1654943514925 0.9977433209579967 0
1654943584085 0.9982771590109437 0
1654943653246 0.9973429424182864 0
1654943722687 0.9978403824221689 0
1654943791721 0.9980223726674917 0
1654943860569 0.9975006672975661 0
1654943929405 0.9977675863240397 0
1654943998628 0.9982892916939652 0
1654944067759 0.9973672077843294 0
1654944136188 0.9974642692485016 0
1654944205599 0.9978767804712334 0
1654944275099 0.9979131785202979 0
1654944343473 0.9978282497391473 0
1654944412044 0.998192230229793 0
1654944480812 0.997682657542889 0
1654944549326 0.9978767804712334 0
1654944618641 0.9975127999805877 0
1654944687052 0.9983499551090729 0
1654944755385 0.997706922908932 0
1654944824436 0.9978039843731042 0
1654944892512 0.9986411395015894 0
1654944961539 0.9978039843731042 0
1654945031168 0.9978646477882119 0
1654945100273 0.9980102399844701 0
1654945168480 0.9978161170561258 0
1654945237670 0.9979738419354056 0
1654945343585 0.9914670764626786 0
1654945429464 0.9966838875352589 0
1654945514464 0.9969568602076614 0
1654945598994 0.9970377409994844 0
1654945683822 0.9974623651565548 0
1654945768096 0.9978263287197582 0
1654945853862 0.997148952088241 0
1654945938991 0.9973713742657541 0
1654946023976 0.9977454479279352 0
1654946108640 0.9974118146616655 0
1654946193153 0.9975028055524664 0
1654946277579 0.9976544570371344 0
1654946362024 0.9979678701054483 0
1654946447020 0.9975230257504221 0
1654946531218 0.997614016641223 0
1654946615702 0.9976746772350902 0
1654946700066 0.9977454479279352 0
1654946785138 0.9978061085218024 0
1654946869587 0.9976342368391786 0
1654946954973 0.997917319610559 0
1654947039455 0.9976241267402007 0
1654947123497 0.9978970994126033 0
1654947207953 0.997998200402382 0
1654947292354 0.9976948974330458 0
1654947376879 0.9980689710952271 0
1654947461042 0.9976039065422451 0
1654947545737 0.9979274297095369 0
1654947630680 0.9978162186207803 0
1654947715083 0.9978768792146475 0
1654947800032 0.9979577600064705 0
1654947884398 0.9978263287197582 0
1654947968900 0.9981195215901164 0
1654948053503 0.997917319610559 0
1654948138072 0.9980285306993155 0
1654948222482 0.9980993013921606 0
1654948306915 0.9978768792146475 0
1654948391925 0.997684787334068 0
1654948477231 0.9976746772350902 0
1654948561959 0.9979375398085147 0
1654948646421 0.9985037053512754 0
1654948731677 0.9977959984228245 0
1654948816995 0.9983217235696737 0
1654948902534 0.9980487508972713 0
1654948986807 0.9979476499074926 0
1654949070962 0.9979678701054483 0
1654949155653 0.9982206225798951 0
1654949241664 0.9979375398085147 0
1654949325944 0.9979375398085147 0
1654949409977 0.9982408427778507 0
1654949494881 0.9974118146616655 0
1654949620653 0.980546264362836 0
1654949721187 0.9943241884889343 0
1654949821760 0.9953380357359491 0
1654949923044 0.9959792724562833 0
1654950023466 0.996585847732275 0
1654950126097 0.996672501343131 0
1654950228010 0.9962912254553647 0
1654950329461 0.9968978007313565 0
1654950430259 0.9966551706209598 0
1654950531158 0.996845808564843 0
1654950631833 0.9972270844526091 0
1654950734144 0.996845808564843 0
1654950835497 0.9974523838408347 0
1654950935835 0.997079773314154 0
1654951036913 0.9972964073412939 0
1654951138273 0.9971317654806676 0
1654951238846 0.9978076636453441 0
1654951340585 0.9970104504254692 0
1654951442528 0.9971057693974108 0
1654951544049 0.9971837576471811 0
1654951644916 0.9975563681738618 0
1654951746149 0.9974090570354067 0
1654951847522 0.9971144347584964 0
1654951948961 0.9973830609521499 0
1654952050392 0.9976430217847178 0
1654952151143 0.997530372090605 0
1654952252124 0.997079773314154 0
1654952353644 0.9977123446734025 0
1654952454374 0.9973743955910643 0
1654952554553 0.9977643368399162 0
1654952655751 0.997530372090605 0
1654952757100 0.9971924230082667 0
1654952858202 0.9976256910625466 0
1654952959333 0.997400391674321 0
1654953060018 0.9977903329231729 0
1654953161234 0.997573698896033 0
1654953262911 0.9973137380634651 0
1654953363588 0.9978683211729433 0
1654953465130 0.9974177223964923 0
1654953566283 0.9976863485901457 0
1654953667668 0.9979636401448848 0
1654953768429 0.9979289787005424 0
1654953869447 0.9974783799240914 0
1654953971245 0.9974523838408347 0
1654954071863 0.9977470061177449 0
1654954171933 0.9975130413684338 0
1654954273147 0.9978163290064297 0
1654954373235 0.9974090570354067 0
1654954474368 0.9977816675620873 0
1654954575248 0.9977816675620873 0
1654954722507 0.9868303334495883 0
1654954841365 0.9950566363898282 0
1654954959329 0.9959209668370055 0
1654955077404 0.9958072391465874 0
1654955195022 0.9964668597510121 0
1654955313376 0.9967549699000713 0
1654955431376 0.9965123508271794 0
1654955548735 0.9969824252809074 0
1654955667079 0.99683078836035 0
1654955785623 0.9967625517460992 0
1654955903068 0.9968535338984336 0
1654956020458 0.9970809892792697 0
1654956139096 0.9970279163570747 0
1654956257108 0.997361517582301 0
1654956376345 0.997118898509409 0
1654956496454 0.9974221723505239 0
1654956613996 0.9972098806617435 0
1654956731136 0.9969748434348795 0
1654956848620 0.9970430800491303 0
1654956967196 0.9974373360425797 0
1654957085290 0.9973994268124403 0
1654957202737 0.997005170818991 0
1654957320494 0.9973084446601058 0
1654957438411 0.9973690994283289 0
1654957556267 0.997414590504496 0
1654957673617 0.9970582437411861 0
1654957792373 0.9973842631203845 0
1654957910044 0.9975738092710813 0
1654958028107 0.9972553717379108 0
1654958147063 0.9974828271187469 0
1654958265735 0.9970734074332418 0
1654958385328 0.9975434818869698 0
1654958503612 0.9973236083521616 0
1654958621920 0.9971719714316042 0
1654958739129 0.9971037348173534 0
1654958856887 0.9973236083521616 0
1654958975247 0.9974524997346353 0
1654959092853 0.9973387720442173 0
1654959211408 0.9971947169696878 0
1654959328796 0.9973236083521616 0
1654959446853 0.997414590504496 0
1654959565044 0.9974221723505239 0
1654959683380 0.997414590504496 0
1654959801733 0.9976799551154715 0
1654959919962 0.9975434818869698 0
1654960038068 0.9975738092710813 0
1654960155953 0.9974449178886076 0
1654960275155 0.9973463538902452 0
1654960393608 0.9977254461916387 0
1654960511479 0.997361517582301 0
1654960681613 0.9940424040651831 0
1654960818545 0.9964753137172973 0
1654960954839 0.9966774945748137 0
1654961090654 0.996657276489062 0
1654961227081 0.9970144626706744 0
1654961362899 0.9970077233087571 0
1654961499904 0.9970683775660121 0
1654961634600 0.9969538084134194 0
1654961770296 0.9970616382040949 0
1654961906010 0.9971762073566874 0
1654962042208 0.997162728632853 0
1654962177374 0.9972233828901079 0
1654962313844 0.9972840371473629 0
1654962450991 0.9971762073566874 0
1654962587286 0.997479478642962 0
1654962722989 0.997257079699694 0
1654962859070 0.9973244733188662 0
1654962995014 0.9973783882142039 0
1654963131291 0.9972436009758596 0
1654963267018 0.9973918669380383 0
1654963402355 0.997634483967058 0
1654963538704 0.997317733956949 0
1654963673962 0.9974323031095416 0
1654963810039 0.997351430766535 0
1654963946500 0.9974727392810449 0
1654964082725 0.9973446914046178 0
1654964218330 0.9974323031095416 0
1654964355283 0.9974255637476244 0
1654964490836 0.9974457818333761 0
1654964627601 0.9971155530994326 0
1654964763108 0.9975940477955547 0
1654964898838 0.9976614414147269 0
1654965035391 0.9974525211952933 0
1654965171864 0.9974053456618728 0
1654965308160 0.9974457818333761 0
1654965443729 0.9976277446051408 0
1654965579279 0.9974255637476244 0
1654965715219 0.9974053456618728 0
1654965851316 0.9974255637476244 0
1654965986748 0.9975536116240514 0
1654966122863 0.9976277446051408 0
1654966258979 0.9972907765092801 0
1654966394181 0.9976816595004785 0
1654966529054 0.9973312126807834 0
1654966665730 0.9976614414147269 0
1654966802395 0.9973649094903695 0
1654966938629 0.9976075265193891 0
1654967074166 0.9973918669380383 0
1654967210308 0.9975805690717203 0
1654967348188 0.9975603509859686 0
1654967539290 0.9907379326240705 0
1654967693435 0.9956146203583516 0
1654967848224 0.9966578918636954 0
1654968002325 0.9960816663229531 0
1654968156520 0.996767071439836 0
1654968310371 0.9971128067642813 0
1654968464708 0.9966578918636954 0
1654968619459 0.996961168464086 0
1654968773880 0.9970400203801876 0
1654968927413 0.9968580544199531 0
1654969081194 0.9971370688923126 0
1654969235652 0.9969187097400313 0
1654969389965 0.9971916586803828 0
1654969543976 0.9971491999563282 0
1654969698324 0.9972037897443985 0
1654969852777 0.9973736246406172 0
1654970006840 0.9972098552764063 0
1654970161010 0.9973311659165626 0
1654970315689 0.9969672339960938 0
1654970468893 0.9973069037885313 0
1654970623302 0.9971855931483751 0
1654970777728 0.997155265488336 0
1654970931420 0.9970824791042422 0
1654971084068 0.9973129693205391 0
1654971237300 0.9973554280445938 0
1654971391209 0.9972401829364453 0
1654971545474 0.9973129693205391 0
1654971700777 0.9973372314485703 0
1654971855227 0.997252314000461 0
1654972009806 0.9972887071925078 0
1654972163036 0.9971613310203438 0
1654972317015 0.9973190348525469 0
1654972471484 0.9971795276163672 0
1654972624997 0.9973311659165626 0
1654972779808 0.9975191974088047 0
1654972933424 0.9972583795324688 0
1654973088333 0.9969732995281017 0
1654973244041 0.9976526391129766 0
1654973397725 0.9971188722962891 0
1654973551865 0.9974282144286876 0
1654973705256 0.9973372314485703 0
1654973859547 0.9973251003845547 0
1654974016399 0.9973069037885313 0
1654974169482 0.9972401829364453 0
1654974323632 0.9976101803889219 0
1654974478051 0.9974282144286876 0
1654974632841 0.9974342799606953 0
1654974788986 0.9974039523006563 0
1654974942940 0.9973069037885313 0
1654975097517 0.9974100178326641 0
