1652155706664 0.6004 0
1652155709136 0.7836 0
1652155711604 0.798 0
1652155714061 0.8452 0
1652155716506 0.8804 0
1652155719676 0.671 0
1652155722625 0.7616 0
1652155725566 0.794 0
1652155728484 0.8322 0
1652155731436 0.8578 0
1652155736010 0.7394666666666667 0
1652155740111 0.8036 0
1652155744197 0.8350666666666666 0
1652155748362 0.8537333333333333 0
1652155752373 0.8757333333333334 0
1652155757187 0.8271539077087223 0
1652155761288 0.8842357962123233 0
1652155765555 0.8981061616431049 0
1652155769837 0.9079754601226994 0
1652155774066 0.9361162976793812 0
1652155779109 0.7961333333333334 0
1652155783530 0.8430666666666666 0
1652155787822 0.8701333333333333 0
1652155792225 0.8953333333333333 0
1652155796527 0.9106666666666666 0
