1654524378955 0.4574061723155278 0
1654524387573 0.8356878675801855 0
1654524396528 0.9103862244588613 0
1654524404951 0.9274843873158309 0
1654524413649 0.9302734493421452 0
1654524421816 0.9350633602134238 0
1654524430468 0.9373673679742921 0
1654524439184 0.9358515733947735 0
1654524448103 0.9236645849754441 0
1654524456792 0.9309403989571333 0
1654524465625 0.9286970229794458 0
1654524474139 0.9354877826956891 0
1654524482805 0.9334869338507246 0
1654524491540 0.9208148911659492 0
1654524500512 0.9379130540229188 0
1654524509251 0.9383374765051841 0
1654524518001 0.9326987206693749 0
1654524526884 0.94045958891651 0
1654524535821 0.9379130540229188 0
1654524544744 0.9398532710847026 0
1654524553536 0.9323349299702904 0
1654524562391 0.9374279997574728 0
1654524571095 0.9345176741647971 0
1654524579724 0.9416115927969442 0
1654524588222 0.9388225307706299 0
1654524597202 0.9414903292305826 0
1654524605968 0.9349420966470624 0
1654524614980 0.9405808524828715 0
1654524623549 0.9391256896865336 0
1654524632593 0.9340326198993513 0
1654524641238 0.9397926393015219 0
1654524650176 0.9381555811556418 0
1654524658657 0.943309282726005 0
1654524667357 0.9387012672042685 0
1654524675879 0.9411265385314982 0
1654524684584 0.9488267749954526 0
1654524693700 0.945916449402777 0
1654524702133 0.9454920269205117 0
1654524710692 0.9346389377311587 0
1654524719433 0.9464621354514037 0
1654524727988 0.9406414842660523 0
1654524736624 0.9450069726550658 0
1654524745297 0.9450676044382466 0
1654524753882 0.943309282726005 0
1654524762896 0.9445825501728006 0
1654524771478 0.9429454920269205 0
1654524779727 0.9485842478627297 0
1654524788261 0.9463408718850421 0
1654524796842 0.9393682168192566 0
1654524805281 0.9451282362214273 0
1654524826762 0.7988599842338245 0
1654524845360 0.9266266448365775 0
1654524864070 0.9366927414953611 0
1654524882888 0.9351767630828937 0
1654524901299 0.9418470680977503 0
1654524920020 0.9489418470680977 0
1654524938749 0.9450609423321812 0
1654524957371 0.9471226729731369 0
1654524976133 0.9428779334182281 0
1654524994789 0.9432417682372203 0
1654525013358 0.9508822994360561 0
1654525032298 0.9476684252016251 0
1654525050946 0.9417864289612516 0
1654525069563 0.9484567339761082 0
1654525088197 0.9529440300770117 0
1654525106825 0.951488690801043 0
1654525125317 0.959856891637863 0
1654525144001 0.9543387302164817 0
1654525162413 0.9515493299375417 0
1654525181138 0.9511854951185496 0
1654525199900 0.9492450427505912 0
1654525218104 0.9604026438663513 0
1654525236861 0.9323873628039536 0
1654525255625 0.9470013947001394 0
1654525274630 0.9431204899642229 0
1654525292939 0.9570068522224243 0
1654525311694 0.9561579043114427 0
1654525330355 0.9490631253410952 0
1654525348938 0.9620399005518161 0
1654525367640 0.9574919653144139 0
1654525386175 0.955672791219453 0
1654525404633 0.9564610999939361 0
1654525423172 0.9593717785458735 0
1654525442111 0.9611303135043358 0
1654525460352 0.9610090352313383 0
1654525478793 0.9536716997149961 0
1654525497618 0.9594324176823722 0
1654525516223 0.9571281304954218 0
1654525534833 0.9580377175429022 0
1654525553728 0.9656176096052392 0
1654525572226 0.9652537747862471 0
1654525590852 0.9607058395488448 0
1654525609073 0.9600388090473592 0
1654525627864 0.9615547874598266 0
1654525646055 0.9667697531987145 0
1654525664722 0.9523376387120247 0
1654525683802 0.9605239221393488 0
1654525702550 0.9631314050087927 0
1654525721077 0.9646473834212601 0
1654525739581 0.9584621914983931 0
1654525768835 0.7830726324724142 0
1654525791016 0.9214259730811204 0
1654525813417 0.9407057111676973 0
1654525835862 0.9413119922396023 0
1654525857378 0.9472535467442706 0
1654525879319 0.9503455802109858 0
1654525901794 0.9437977446344125 0
1654525924165 0.9476173153874136 0
1654525946497 0.9524675639626531 0
1654525968701 0.9442221413847459 0
1654525990806 0.9519825391051291 0
1654526012781 0.9512550018188433 0
1654526034999 0.9519219109979387 0
1654526057458 0.9524069358554625 0
1654526079127 0.9532557293561295 0
1654526101182 0.9504062083181763 0
1654526123469 0.9543470352855584 0
1654526145652 0.9554383412149873 0
1654526167856 0.9554989693221778 0
1654526189944 0.9641687886504183 0
1654526212595 0.9608948708621317 0
1654526234960 0.9584091184673215 0
1654526257238 0.9618042924699891 0
1654526279378 0.9619255486843701 0
1654526301397 0.9625924578634655 0
1654526323670 0.9681096156178004 0
1654526345685 0.957863465502607 0
1654526367622 0.9642294167576089 0
1654526389316 0.9688371529040863 0
1654526411822 0.9658057475445616 0
1654526434198 0.9678064750818479 0
1654526456849 0.9630774827209895 0
1654526479129 0.9632593670425609 0
1654526501148 0.9646538135079423 0
1654526523171 0.9750212198375167 0
1654526545133 0.9647750697223233 0
1654526567516 0.9682308718321814 0
1654526589173 0.9705347399054202 0
1654526611214 0.9682308718321814 0
1654526633451 0.9672001940099431 0
1654526655683 0.967685218867467 0
1654526677850 0.9593791681823693 0
1654526699749 0.971626045834849 0
1654526721405 0.9689584091184673 0
1654526743674 0.9700497150478962 0
1654526765891 0.9635625075785134 0
1654526788282 0.9704134836910392 0
1654526810574 0.9708378804413726 0
1654526832908 0.9708985085485631 0
1654526855340 0.9622286892203226 0
1654526892730 0.6707095209217707 0
1654526918229 0.8437841115827774 0
1654526943808 0.88077622801698 0
1654526969050 0.898483929654336 0
1654526993618 0.8997574287446938 0
1654527019408 0.9068526379624015 0
1654527045069 0.9120679199514857 0
1654527070525 0.9117040630685264 0
1654527095268 0.9124924196482717 0
1654527121279 0.9174651303820497 0
1654527146861 0.9134020618556701 0
1654527172884 0.9246816252274106 0
1654527198907 0.9175864160097028 0
1654527224250 0.9302001212856277 0
1654527250108 0.927107337780473 0
1654527275499 0.9328684050939964 0
1654527301394 0.9385081867798666 0
1654527326870 0.9303820497271074 0
1654527352775 0.9363856882959369 0
1654527378431 0.9285627653123105 0
1654527404039 0.9302001212856277 0
1654527429480 0.9360824742268041 0
1654527454870 0.9356579745300182 0
1654527480407 0.9328077622801698 0
1654527505878 0.9446937537901758 0
1654527530918 0.9408126137052759 0
1654527556241 0.9376591873862947 0
1654527581921 0.9426318981200728 0
1654527607518 0.9411158277744087 0
1654527633698 0.9442692540933899 0
1654527659712 0.9443298969072165 0
1654527684920 0.9398423286840509 0
1654527710619 0.9455427531837477 0
1654527736444 0.9356579745300182 0
1654527762289 0.9488781079442086 0
1654527788268 0.9437841115827774 0
1654527813554 0.9500909642207398 0
1654527839517 0.9479684657368102 0
1654527864606 0.944390539721043 0
1654527890232 0.9469981807155852 0
1654527916139 0.9405093996361431 0
1654527941797 0.9459066100667071 0
1654527967426 0.9466343238326258 0
1654527992338 0.9454214675560946 0
1654528018082 0.948817465130382 0
1654528043725 0.9497271073377804 0
1654528069877 0.9351728320194057 0
1654528095493 0.9468162522741055 0
1654528120915 0.9485748938750758 0
1654528147059 0.9529411764705882 0
1654528194909 0.7620693837942746 0
1654528224976 0.9196991751576904 0
1654528254146 0.9337093643862203 0
1654528284465 0.9442624939349831 0
1654528314606 0.9435346918971373 0
1654528343887 0.9437772925764192 0
1654528373960 0.9475982532751092 0
1654528404235 0.9440805434255216 0
1654528433855 0.9445657447840854 0
1654528463836 0.9503881610868511 0
1654528493486 0.9466278505579816 0
1654528523102 0.9508733624454149 0
1654528552595 0.9523289665211062 0
1654528582217 0.9500849102377487 0
1654528612067 0.9494177583697234 0
1654528641415 0.9552401746724891 0
1654528671578 0.9494784085395439 0
1654528701533 0.9538452207666182 0
1654528731498 0.9503275109170306 0
1654528761551 0.9553008248423096 0
1654528791271 0.9521470160116449 0
1654528821088 0.9566957787481805 0
1654528850956 0.9516618146530811 0
1654528880594 0.9594250363901019 0
1654528910521 0.9568777292576419 0
1654528940354 0.9563925278990781 0
1654528970148 0.9574842309558467 0
1654529000101 0.9555434255215914 0
1654529030364 0.9565138282387191 0
1654529060401 0.9625181950509462 0
1654529090058 0.9590004852013586 0
1654529119842 0.9539058709364386 0
1654529150022 0.9555434255215914 0
1654529179992 0.9548762736535662 0
1654529209235 0.9596069868995634 0
1654529238402 0.9599708879184862 0
1654529268097 0.9560286268801552 0
1654529297828 0.9543910722950024 0
1654529327819 0.9568170790878214 0
1654529357444 0.9595463367297429 0
1654529387238 0.964034449296458 0
1654529417210 0.945536147501213 0
1654529447109 0.9635492479378942 0
1654529477262 0.9569990295972829 0
1654529506947 0.9532387190684134 0
1654529536783 0.9647016011644832 0
1654529566566 0.95918243571082 0
1654529596410 0.9619723435225619 0
1654529626203 0.9519650655021834 0
1654529655920 0.9584546336729742 0
