1652060630095 1.5109509632110596 0
1652060634818 1.1809313385009765 0
1652060639578 0.9776183400154114 0
1652060644211 0.8400415261268616 0
1652060648885 0.7482230838775634 0
1652060653583 0.658978914141655 0
1652060658361 0.5835703454971314 0
1652060663184 0.5071488311767578 0
1652060667974 0.4419962513566017 0
1652060672830 0.3828563650369644 0
1652060687945 0.9241383318794506 0
1652060702904 0.7735315498740599 0
1652060717855 0.6971749703787082 0
1652060732673 0.6413738974217691 0
1652060747535 0.5866395924344409 0
1652060762453 0.5498672505188065 0
1652060777439 0.5117894582099565 0
1652060792303 0.4796633568888936 0
1652060807252 0.4500663682925444 0
1652060822328 0.41169114645157256 0
1652060842375 1.0724453495106312 0
1652060861695 0.8533298927407595 0
1652060881009 0.7198368131353298 0
1652060900309 0.6396880782397385 0
1652060919652 0.5780123202494403 0
1652060938932 0.5323515024217528 0
1652060958507 0.4879746531736156 0
1652060978059 0.4492390804997655 0
1652060997624 0.4170915703010483 0
1652061017226 0.3844388587443427 0
1652061041810 0.9363222246824601 0
1652061065792 0.7387996227001059 0
1652061089427 0.547352856478497 0
1652061113083 0.41671750282442105 0
1652061136617 0.34801708308107265 0
1652061160499 0.306427203267456 0
1652061184132 0.27114760263243964 0
1652061207855 0.23726467904764847 0
1652061231733 0.21168600302561225 0
1652061255565 0.18655934217493722 0
1652061284496 0.870344306955505 0
1652061312361 0.7509284685206051 0
1652061340427 0.6866919828336523 0
1652061368307 0.6458780288529795 0
1652061396164 0.6031984418797094 0
1652061424185 0.563961830219077 0
1652061451975 0.5233853151107538 0
1652061479965 0.49235625590026044 0
1652061508166 0.45616099725983567 0
1652061536096 0.41897552216043493 0
