1652150476780 0.5924 0
1652150479202 0.7652 0
1652150481643 0.798 0
1652150484103 0.83 0
1652150486550 0.8564 0
1652150489735 0.6494 0
1652150492625 0.7436 0
1652150495531 0.7854 0
1652150498432 0.819 0
1652150501294 0.8482 0
1652150505827 0.7274666666666667 0
1652150509982 0.7930666666666667 0
1652150514031 0.8210666666666666 0
1652150518190 0.8530666666666666 0
1652150522208 0.8666666666666667 0
1652150527047 0.8174179781275007 0
1652150531141 0.8714323819685249 0
1652150535134 0.8839690584155775 0
1652150539218 0.9070418778340891 0
1652150543316 0.9227794078420912 0
1652150548345 0.7833333333333333 0
1652150552755 0.8361333333333333 0
1652150557275 0.8676 0
1652150561632 0.8882666666666666 0
1652150566061 0.9073333333333333 0
