1652145433037 1.4248970848083495 0
1652145435482 0.884636459350586 0
1652145437886 0.873264922273159 0
1652145440354 0.7589380636215209 0
1652145442754 0.6544509351730347 0
1652145445185 0.7660224153876305 0
1652145447601 0.6321830078125 0
1652145450030 0.5853335808157921 0
1652145452497 0.5740746083259582 0
1652145454975 0.6200318292617798 0
1652145458114 1.3096684365272522 0
1652145461085 1.165477836418152 0
1652145463940 1.144651851940155 0
1652145466810 1.084062167739868 0
1652145469669 1.108086047744751 0
1652145472517 1.0027053230285645 0
1652145475427 1.0500918628692626 0
1652145478330 0.9735866096496582 0
1652145481263 0.9744070457458496 0
1652145484181 0.9617458784103393 0
1652145488751 1.2620157039006552 0
1652145492785 1.1937123845100404 0
1652145496845 1.1566253309567769 0
1652145500795 1.0915291959444682 0
1652145504871 1.0562844697316487 0
1652145508972 1.0915770748138427 0
1652145513044 1.0667709753990173 0
1652145517133 1.003484189383189 0
1652145521115 1.0259601482073466 0
1652145525247 1.0189207104841869 0
1652145530169 1.1650384509045144 0
1652145534341 1.0954604406584483 0
1652145538592 1.0513228666117809 0
1652145542901 1.0880603178496933 0
1652145547011 1.028514194103774 0
1652145551199 0.9928668531998853 0
1652145555398 0.9937151356295415 0
1652145559653 1.042490777173784 0
1652145563923 1.007198112476473 0
1652145568060 1.0385131231941647 0
1652145573278 1.3249053111394247 0
1652145577684 1.286317422580719 0
1652145581936 1.1964870971043904 0
1652145586367 1.149696599260966 0
1652145590588 1.253012788581848 0
1652145595138 1.2049828541437786 0
1652145599435 1.225673620669047 0
1652145603871 1.2046662190119426 0
1652145608113 1.140373930422465 0
1652145612518 1.1798783736546834 0
