1652219453762 0.8443166666666667 0
1652219477280 0.9126166666666666 0
1652219501022 0.9186 0
1652219524556 0.9245333333333333 0
1652219548530 0.9278833333333333 0
1652219572609 0.9293666666666667 0
1652219596558 0.9312166666666667 0
1652219620050 0.9342666666666667 0
1652219644012 0.9335666666666667 0
1652219668188 0.9369333333333333 0
1652219691736 0.9386333333333333 0
1652219715615 0.9392833333333334 0
1652219739428 0.9392 0
1652219763555 0.94105 0
1652219787479 0.9407833333333333 0
1652219811789 0.9420333333333333 0
1652219835538 0.9444333333333333 0
1652219859907 0.9441166666666667 0
1652219884383 0.9431 0
1652219908641 0.9465666666666667 0
1652219932508 0.9478333333333333 0
1652219956371 0.9491333333333334 0
1652219980026 0.9470166666666666 0
1652220003847 0.9477666666666666 0
1652220027808 0.9488666666666666 0
1652220051183 0.9518333333333333 0
1652220075101 0.9507833333333333 0
1652220098764 0.9518166666666666 0
1652220122600 0.9526666666666667 0
1652220146710 0.95165 0
1652220177422 0.8719692307692307 0
1652220204239 0.9137846153846154 0
1652220230615 0.9240153846153846 0
1652220257730 0.9311230769230769 0
1652220284593 0.928923076923077 0
1652220311672 0.9332923076923076 0
1652220339147 0.9346461538461538 0
1652220366211 0.9360923076923077 0
1652220393639 0.9358461538461539 0
1652220420817 0.9388153846153846 0
1652220448213 0.9387076923076924 0
1652220475698 0.9417692307692308 0
1652220502474 0.9400153846153846 0
1652220530034 0.9403076923076923 0
1652220557222 0.9428769230769231 0
1652220584534 0.9408307692307692 0
1652220611541 0.9452461538461538 0
1652220638370 0.9447230769230769 0
1652220665346 0.9443846153846154 0
1652220692519 0.9444615384615385 0
1652220719898 0.9436769230769231 0
1652220747067 0.9458615384615384 0
1652220774122 0.946 0
1652220801521 0.9445076923076923 0
1652220828334 0.9463076923076923 0
1652220855326 0.9464615384615385 0
1652220882025 0.9468923076923077 0
1652220908874 0.9481538461538461 0
1652220935959 0.9484153846153847 0
1652220963150 0.9464769230769231 0
