1651896184227 1.1042870697975158 0
1651896187860 0.7368534370422364 0
1651896191534 0.6161786262512207 0
1651896195128 0.5410416192054749 0
1651896198661 0.4952474733352661 0
1651896204216 1.4059020080566407 0
1651896208779 1.0884350250244141 0
1651896213925 0.9125033226013184 0
1651896219218 0.7795917625427247 0
1651896224367 0.6552187618255615 0
1651896230552 1.4199040046691895 0
1651896236381 1.0497246389389039 0
1651896242252 0.9492396141052246 0
1651896247914 0.7930693707466125 0
1651896253806 0.7126969453811646 0
1651896261377 0.9798363237380981 0
1651896267817 0.55759477186203 0
1651896274487 0.47840989093780517 0
1651896280869 0.38857739807367325 0
1651896287273 0.2863550210952759 0
1651896296220 1.4301664375305176 0
1651896303545 1.1057010822296143 0
1651896311072 0.973767643737793 0
1651896318273 0.8760929817199707 0
1651896325515 0.8286416697502136 0
