1652803144580 2.625514081764221 0
1652803157918 2.3215888103485107 0
1652803171527 2.1189571632385253 0
1652803185258 1.9828025946617127 0
1652803199049 1.841872578907013 0
1652803212566 1.7504116339445115 0
1652803226306 1.6085412058115005 0
1652803240086 1.619885014986992 0
1652803253720 1.3856443976044654 0
1652803267367 1.4128457891821862 0
1652803282049 2.53394858341217 0
1652803292418 1.9571896997451783 0
1652803302536 1.743908049964905 0
1652803312615 1.5759433394432067 0
1652803323061 1.495867728948593 0
1652803333436 1.3697853404045104 0
1652803343341 1.3310914811849595 0
1652803353403 1.2866158534348011 0
1652803363788 1.2444938295528292 0
1652803373816 1.1495531042933465 0
1652803394937 2.463521994304657 0
1652803405358 2.0663237884521486 0
1652803415797 1.939358347082138 0
1652803426222 1.8302617799043654 0
1652803436599 1.7746142515659333 0
1652803446539 1.6260062826156616 0
1652803456360 1.6877347183942795 0
1652803466124 1.551121039891243 0
1652803475854 1.4741605451107025 0
1652803485793 1.380116610711813 0
1652803511548 2.303944258594513 0
1652803521546 1.8874810619831086 0
1652803531548 1.6830759304523468 0
1652803541742 1.6140537317991257 0
1652803551639 1.5408013891935348 0
1652803561469 1.5335850524902344 0
1652803571341 1.3664867581129074 0
1652803581193 1.4483193049907683 0
1652803591427 1.4344103120088578 0
1652803601462 1.40163747651577 0
1652803633346 2.528566029930115 0
1652803643366 2.0881857734680174 0
1652803653406 1.980921524810791 0
1652803663393 1.840273036980629 0
1652803673119 1.8227363164901733 0
1652803682890 1.7104005799293518 0
1652803692841 1.6782685861587525 0
1652803702676 1.6288310662269592 0
1652803712744 1.5771521513938904 0
1652803723012 1.525515931892395 0
