1639917272735 1.6942338107426962 0
1639917300755 0.6305844575723012 0
1639917328824 0.28638361585934957 0
1639917356702 0.17954039436181388 0
1639917385008 0.1280099366426468 0
1639917413136 0.09480998533169428 0
1639917441212 0.07013734203577042 0
1639917469060 0.053390660480658214 0
1639917497068 0.0391040024459362 0
1639917525335 0.028327511803309124 0
1639917553344 0.021511748552322386 0
1639917581385 0.014486963846286139 0
1639917609292 0.010995512454708417 0
1639917637358 0.010499422010034322 0
1639917665494 0.007682622327655554 0
1639917693535 0.010925610630835096 0
1639917721739 0.006934694339334965 0
1639917751347 0.0026323643298819662 0
1639917779614 0.0018640572025751074 0
1639917807804 0.001398816696399202 0
1639917858541 1.531391041660309 0
1639917878825 0.6110336031754812 0
1639917899064 0.3433448368390401 0
1639917919269 0.2431035450140635 0
1639917939616 0.19044767469565074 0
1639917959980 0.15302910501162212 0
1639917980074 0.12942062868277232 0
1639918000271 0.1076382848739624 0
1639918020496 0.08897426086862882 0
1639918040758 0.07534868699510892 0
1639918060880 0.06283648301959038 0
1639918081139 0.05220612720946471 0
1639918101526 0.04247720299164454 0
1639918121864 0.03594029067854086 0
1639918142261 0.02783131703635057 0
1639918162566 0.022250471071402232 0
1639918182703 0.017410278256237508 0
1639918203018 0.014973592441280683 0
1639918223284 0.011209772210816543 0
1639918243425 0.008918239423632622 0
1639918311021 1.5136561021169026 0
1639918332011 0.5869249027252197 0
1639918353098 0.3412558736960093 0
1639918374094 0.24728457159996034 0
1639918394974 0.19531935988664628 0
1639918415953 0.16235451927979788 0
1639918436790 0.13520484325091045 0
1639918457702 0.11565942411820093 0
1639918478563 0.10004343047340711 0
1639918499539 0.08240267802476883 0
1639918520690 0.06981404249469439 0
1639918541550 0.058646984177827835 0
1639918562437 0.04946959305008253 0
1639918583513 0.04280141861538092 0
1639918604327 0.03426287145018578 0
1639918625366 0.028179026693105697 0
1639918646236 0.02242992201646169 0
1639918667011 0.01835981006473303 0
1639918687990 0.01466830344547828 0
1639918709027 0.011453027616937955 0
1639918794880 1.5201247571627299 0
1639918815943 0.5970157446702321 0
1639918836879 0.3486041502157847 0
1639918857908 0.2526566649675369 0
1639918878926 0.2039032547712326 0
1639918899851 0.16815880892276763 0
1639918920741 0.1444680006980896 0
1639918941668 0.12323819852670034 0
1639918962674 0.10518624794284502 0
1639918983445 0.09103293820222219 0
1639919004154 0.07988512717485428 0
1639919025058 0.06834416188100974 0
1639919045959 0.05847539296050867 0
1639919066988 0.05043600883881251 0
1639919087946 0.04167773245672385 0
1639919108906 0.03350828284521898 0
1639919129816 0.028046503256758053 0
1639919150712 0.024591810792684556 0
1639919171580 0.018995105760296185 0
1639919192558 0.017126356359322865 0
1639919296598 1.5192322620709737 0
1639919318036 0.6316291416962941 0
1639919339410 0.3741183166980743 0
1639919361114 0.27288167988459266 0
1639919382386 0.2155358173529307 0
1639919403793 0.17786053427855172 0
1639919425317 0.15015304452578226 0
1639919446716 0.13048469119469325 0
1639919467963 0.11325106163024902 0
1639919489372 0.09667756951848666 0
1639919510721 0.08281813199917476 0
1639919532112 0.07257803450028101 0
1639919553416 0.05979727334181468 0
1639919574828 0.05364020493030548 0
1639919596173 0.044811331554253896 0
1639919617530 0.03645185518016418 0
1639919638816 0.031117870755990346 0
1639919660193 0.025234468205769855 0
1639919681617 0.0215299720471104 0
1639919703027 0.016699684002002082 0
1639919825164 1.4963883564313252 0
1639919846464 0.6048087034066518 0
1639919867861 0.3626268607934316 0
1639919889429 0.268043768787384 0
1639919910829 0.2138540551106135 0
1639919932304 0.1783264751593272 0
1639919953787 0.151000878850619 0
1639919975060 0.12976760848363242 0
1639919996410 0.11118032910426458 0
1639920017604 0.09751229338248571 0
1639920039053 0.08366085581978162 0
1639920060381 0.07113831053376198 0
1639920081837 0.06383273008267085 0
1639920103317 0.052321083766222 0
1639920124899 0.044311724064747496 0
1639920146285 0.038442067629098894 0
1639920167607 0.030998696038126945 0
1639920189146 0.027896056340138118 0
1639920210547 0.020642813088496526 0
1639920231906 0.01835120684057474 0
1639920372078 1.538306369113922 0
1639920393796 0.6583267036279042 0
1639920415615 0.3906367563565572 0
1639920437238 0.278883664449056 0
1639920459308 0.2205890996615092 0
1639920480968 0.1839812655846278 0
1639920502703 0.1571622409383456 0
1639920524553 0.13560932891368865 0
1639920546524 0.1156493378440539 0
1639920568281 0.10108131437897683 0
1639920589956 0.08694871441920599 0
1639920611770 0.07521186344226201 0
1639920633557 0.06460034451087315 0
1639920655103 0.05537273963093758 0
1639920676756 0.04757518196602662 0
1639920698413 0.0390948006828626 0
1639920720110 0.03369576848944028 0
1639920741859 0.02749680935740471 0
1639920763486 0.023572830986976625 0
1639920785185 0.01977533700739344 0
1639920943816 1.5163108589490255 0
1639920965278 0.6086791046619415 0
1639920986614 0.3565632063229879 0
1639921007976 0.2586713907559713 0
1639921029258 0.20604109400908152 0
1639921050642 0.17086388324101767 0
1639921072177 0.14585760533412298 0
1639921093757 0.124642276374499 0
1639921115150 0.10585864282449087 0
1639921136728 0.09211056640545527 0
1639921158192 0.07789827027519544 0
1639921179674 0.06689621782302857 0
1639921201004 0.058119870054721835 0
1639921222248 0.04764270349244277 0
1639921243609 0.04033363220691681 0
1639921264925 0.0339356625760595 0
1639921286377 0.029568703492482504 0
1639921307744 0.024497960726420083 0
1639921329150 0.019288943834106127 0
1639921350451 0.01735744954943657 0
1639921526455 1.4943358249982197 0
1639921548259 0.608399311765035 0
1639921570060 0.36629371649424236 0
1639921591876 0.2722205019632975 0
1639921613517 0.21878278342882793 0
1639921636330 0.1843571541706721 0
1639921658142 0.15802495330174765 0
1639921679993 0.13601213300228118 0
1639921701870 0.11659156662623088 0
1639921723618 0.10362065608501435 0
1639921745492 0.0888179580450058 0
1639921767205 0.07912872392733891 0
1639921789137 0.0685036527633667 0
1639921811223 0.05711684679289659 0
1639921833008 0.047524473601579666 0
1639921854783 0.03982875911394755 0
1639921876557 0.034388286023338634 0
1639921898492 0.028242847202718257 0
1639921920281 0.023918896263837815 0
1639921942131 0.021295734204848607 0
1639922137883 1.5207285513559978 0
1639922160002 0.6283096461137135 0
1639922182185 0.37796381627718606 0
1639922204378 0.28113061904112496 0
1639922226388 0.22552219465573628 0
1639922248410 0.18932751868565878 0
1639922270549 0.16379887998104095 0
1639922292777 0.1396584260225296 0
1639922314951 0.12143741792837778 0
1639922337097 0.10532179168860117 0
1639922359254 0.09336790243387222 0
1639922381407 0.07970585437615713 0
1639922403674 0.06910624142686526 0
1639922425931 0.0588971903026104 0
1639922448256 0.051711719671885176 0
1639922470456 0.04219154963095983 0
1639922492666 0.034283131942152975 0
1639922514893 0.028924383244415125 0
1639922537076 0.023975259059667586 0
1639922559335 0.019476447909325362 0
1639922773579 1.489950007979075 0
1639922794747 0.5771262609799703 0
1639922815784 0.3406344753901164 0
1639922836749 0.2500046345472336 0
1639922857840 0.20132871205012004 0
1639922879038 0.16582195911010106 0
1639922899899 0.13837966045538586 0
1639922920917 0.11962897919416428 0
1639922941758 0.10151050128539403 0
1639922962735 0.08503963910738627 0
1639922983885 0.07533232990105947 0
1639923004751 0.061885554522275926 0
1639923025688 0.05236661640803019 0
1639923046592 0.04311450167496999 0
1639923067646 0.03621385101477305 0
1639923088571 0.030105773690342903 0
1639923109507 0.024790368996808927 0
1639923130593 0.01979895115395387 0
1639923151663 0.016343355632076662 0
1639923172696 0.015761067344745 0
1639923404638 1.5186747033754984 0
1639923426291 0.6223440732796987 0
1639923448155 0.3724922914505005 0
1639923469977 0.2747466869592667 0
1639923491592 0.22022694682280222 0
1639923513371 0.18386163452466328 0
1639923535112 0.15766659212907155 0
1639923556913 0.13425126084486644 0
1639923578856 0.11653381835222244 0
1639923600762 0.10124328471024831 0
1639923622564 0.08782925390005111 0
1639923644411 0.07495597163836161 0
1639923666200 0.06350597659945488 0
1639923688053 0.05483678342103958 0
1639923709852 0.04650723448197047 0
1639923731761 0.03921904978354772 0
1639923753476 0.033175046759843826 0
1639923775250 0.029247182019551596 0
1639923797176 0.022294197091460227 0
1639923818881 0.017799041169881822 0
1639924066973 1.5246908192634583 0
1639924087041 0.6146839999516805 0
1639924107340 0.3462757434686025 0
1639924127666 0.24419975197315216 0
1639924147907 0.18940032049417496 0
1639924168258 0.15464730846881866 0
1639924188602 0.12840118689139685 0
1639924208836 0.10859686922629674 0
1639924229217 0.09113768699566523 0
1639924249468 0.07640940953691801 0
1639924269806 0.06323817851146062 0
1639924290205 0.0517236048857371 0
1639924310622 0.04355657021900018 0
1639924330929 0.03474744403759639 0
1639924351095 0.030655532215038934 0
1639924371434 0.02356154643247525 0
1639924391797 0.019242812075217566 0
1639924412106 0.015621283683677514 0
1639924432505 0.012936698285738627 0
1639924452909 0.010850863998631636 0
1639924718506 1.4874200795173644 0
1639924740225 0.6192665881156921 0
1639924762068 0.378113574997584 0
1639924783966 0.28122502846717834 0
1639924805785 0.22488157698313396 0
1639924827479 0.1877570528825124 0
1639924849146 0.16204145092169445 0
1639924870802 0.14146364244222642 0
1639924892543 0.12133054373661677 0
1639924914324 0.1056103785832723 0
1639924936232 0.09350916690429052 0
1639924957966 0.07994333100517591 0
1639924979830 0.07153098043600718 0
1639925001458 0.061153054749965664 0
1639925023323 0.05169953426718712 0
1639925045222 0.04490723909536998 0
1639925066962 0.0374620998164018 0
1639925088771 0.03105144843161106 0
1639925110554 0.025688607970873516 0
1639925132510 0.024388199562331042 0
1639925418005 1.4736857638041179 0
1639925439859 0.6006099761486053 0
1639925461757 0.3662006108125051 0
1639925483401 0.27315881578922274 0
1639925505255 0.22065518016815186 0
1639925527181 0.1854143235206604 0
1639925549004 0.156976789410909 0
1639925570837 0.1359666612784068 0
1639925592745 0.11907953519026439 0
1639925614762 0.10366691460609435 0
1639925636561 0.0900075254837672 0
1639925658391 0.0775469309548537 0
1639925680170 0.06955484919548034 0
1639925702188 0.058698826189835865 0
1639925724092 0.049530002011855444 0
1639925746029 0.04160563502013683 0
1639925768040 0.03507941900392374 0
1639925789922 0.028756584979097048 0
1639925811696 0.025838937884569167 0
1639925833529 0.023378510472675165 0
1639926137535 1.5316694730122884 0
1639926159776 0.6599847287495931 0
1639926182228 0.3987293904304504 0
1639926204475 0.291051815478007 0
1639926226717 0.23560686217943827 0
1639926248808 0.19503498893578847 0
1639926271068 0.1670801192442576 0
1639926293270 0.144549964483579 0
1639926315441 0.1274155266404152 0
1639926337587 0.1115432334860166 0
1639926359645 0.09561816658576329 0
1639926381770 0.0842862176656723 0
1639926403915 0.0724390097796917 0
1639926426050 0.06199435137907664 0
1639926448296 0.05470231509407361 0
1639926470399 0.04527541415890058 0
1639926492674 0.040313697449366255 0
1639926514908 0.033211079653104145 0
1639926537082 0.028556602737804256 0
1639926559269 0.023304909596343834 0
1639926884360 1.4591159121195476 0
1639926907376 0.55120477587382 0
1639926930354 0.3294177097002665 0
1639926953232 0.245743745470047 0
1639926976117 0.19597864116032918 0
1639926999151 0.16064114542404812 0
1639927022269 0.13595147434075674 0
1639927045201 0.11482418487866719 0
1639927068411 0.09670851287047068 0
1639927091372 0.0812073641260465 0
1639927114255 0.06848703440427781 0
1639927137283 0.05932179333766301 0
1639927160235 0.046667098793387415 0
1639927183217 0.03836590938170751 0
1639927206326 0.0314785793821017 0
1639927229354 0.02602729545235634 0
1639927252263 0.022594784234960873 0
1639927275180 0.01833602972527345 0
1639927298084 0.01507505639642477 0
1639927320996 0.010505594367037217 0
1639927665427 1.3468370894114177 0
1639927690014 0.4932154522577922 0
1639927714592 0.3041495390892029 0
1639927739146 0.22711688181559245 0
1639927763631 0.18208587827682496 0
1639927788239 0.14707198067506155 0
1639927812952 0.12156048276821772 0
1639927837492 0.09912757041454315 0
1639927861913 0.08076566481192907 0
1639927886632 0.06465522286097208 0
1639927911206 0.050917345199982325 0
1639927935771 0.04013342454085747 0
1639927960278 0.0314416887541612 0
1639927984970 0.024567525766789913 0
1639928009522 0.01905420631666978 0
1639928034256 0.014825930264095465 0
1639928058928 0.017229993801315624 0
1639928083459 0.009019193229700129 0
1639928108040 0.010705245000123978 0
1639928132628 0.005038887107248108 0
1639928493909 1.4785064581871032 0
1639928515769 0.5941610538482666 0
1639928537595 0.3601163417339325 0
1639928559521 0.26622819951375326 0
1639928581585 0.21459843417008717 0
1639928603350 0.1784978447119395 0
1639928625203 0.15377281341552734 0
1639928647027 0.13204725750287374 0
1639928668707 0.11533647220929463 0
1639928690597 0.09949442950089772 0
1639928712331 0.08622810801664989 0
1639928734082 0.07514417268832525 0
1639928756039 0.06483440187573433 0
1639928777814 0.05354168590903282 0
1639928799818 0.04566858507990837 0
1639928822638 0.03962073615590731 0
1639928844419 0.03193374376296997 0
1639928866302 0.027456622244914373 0
1639928888085 0.02306709037423134 0
1639928909996 0.019119880416244267 0
1639929291878 1.4535072948773702 0
1639929315491 0.567351138496399 0
1639929339455 0.34418110076586406 0
1639929363391 0.25835159670114516 0
1639929387158 0.20613437678813934 0
1639929410962 0.17471055297851562 0
1639929434660 0.14739056255022684 0
1639929458680 0.12520408614079157 0
1639929482550 0.10793302207787832 0
1639929506212 0.09322980732719104 0
1639929530027 0.07810085968375206 0
1639929553748 0.0641391851902008 0
1639929577445 0.054922558027505876 0
1639929600865 0.046052442663908004 0
1639929624703 0.03898228932718436 0
1639929648411 0.03168281268874804 0
1639929672143 0.023156701658169427 0
1639929695794 0.02052651916742325 0
1639929719550 0.017247086623311043 0
1639929743078 0.012583884860078495 0
1639930146040 1.3307741244951885 0
1639930171065 0.4815369031270345 0
1639930196007 0.3032222827911377 0
1639930220926 0.22830165747006734 0
1639930245899 0.182324562950929 0
1639930270959 0.1474726326306661 0
1639930295851 0.1231178570151329 0
1639930320768 0.10178519081672033 0
1639930345694 0.0839519475221634 0
1639930370632 0.0687591692229112 0
1639930395451 0.05568931727806727 0
1639930420373 0.044947202030817666 0
1639930445379 0.03568635809024175 0
1639930470611 0.028555090988675754 0
1639930495611 0.021798166852196058 0
1639930520700 0.02079983791609605 0
1639930545592 0.016010478579004606 0
1639930570594 0.010462144563595455 0
1639930595744 0.009424397395551204 0
1639930620654 0.01910232468297084 0
1639931040929 1.4945883556683859 0
1639931062992 0.6079736529191335 0
1639931084954 0.36633369153340656 0
1639931107204 0.27134852256774905 0
1639931129020 0.2180618027528127 0
1639931150849 0.1838700736204783 0
1639931172551 0.15769538967609406 0
1639931194597 0.13422880552808444 0
1639931216476 0.11700970123211543 0
1639931238272 0.10151708402236302 0
1639931260375 0.08855721916357676 0
1639931282101 0.07511871941486994 0
1639931303859 0.06616960872213046 0
1639931325782 0.05650811487237612 0
1639931347631 0.04787383261521657 0
1639931369481 0.03973547056367 0
1639931391815 0.03379427205920219 0
1639931413788 0.027388704574108125 0
1639931435665 0.022687999570866427 0
1639931457504 0.01956415519764026 0
1639931897155 1.4857880874315899 0
1639931919056 0.6050026809215545 0
1639931940854 0.3650733275731405 0
1639931962634 0.27203778722286226 0
1639931984690 0.21941128890514375 0
1639932006471 0.18423054793278376 0
1639932028304 0.1590213995218277 0
1639932050249 0.13583416536649068 0
1639932071973 0.11999096584717432 0
1639932093664 0.10259270827770234 0
1639932115539 0.09000465502738952 0
1639932137610 0.07724280593693256 0
1639932159520 0.06663595413565636 0
1639932181348 0.057793087228139244 0
1639932203263 0.047879607206583026 0
1639932225139 0.043368182462453844 0
1639932246907 0.035429892985026044 0
1639932269009 0.027731450018286707 0
1639932290871 0.02450997973481814 0
1639932312727 0.0208870846281449 0
1639932768293 1.4405024878184 0
1639932791456 0.5564493034998576 0
1639932814663 0.3345354151407878 0
1639932837639 0.24862824959754945 0
1639932860712 0.2020279580752055 0
1639932883652 0.1665498143752416 0
1639932906632 0.13903769295215607 0
1639932929685 0.11731234197616577 0
1639932952736 0.09887066532373429 0
1639932975628 0.08461391429106395 0
1639932998634 0.07242797696590424 0
1639933021925 0.059835996613899864 0
1639933045025 0.04939094205300013 0
1639933068139 0.041118671170870466 0
1639933091236 0.03285511970321337 0
1639933114088 0.02826025246481101 0
1639933137006 0.020901569026708602 0
1639933160051 0.018973325961331527 0
1639933183163 0.013153747203449409 0
1639933206118 0.012992306075493495 0
1639933680587 1.497607539876302 0
1639933702461 0.5971484098911285 0
1639933724366 0.35342128156026204 0
1639933746366 0.2629588957866033 0
1639933768215 0.21007682925065357 0
1639933790022 0.1755076357126236 0
1639933812095 0.15016405466397603 0
1639933833989 0.12804251935482025 0
1639933855791 0.11168975451787312 0
1639933877658 0.09649927475452423 0
1639933899458 0.08334046653906504 0
1639933921322 0.0699330425341924 0
1639933943160 0.06191364108324051 0
1639933964967 0.05152219319542249 0
1639933986793 0.04344004057248434 0
1639934008616 0.03682790629863739 0
1639934030377 0.030093372081716856 0
1639934052225 0.025717246883114178 0
1639934074104 0.021017326217889785 0
1639934095935 0.018521355053782464 0
1639934594739 1.2984677160898845 0
1639934620771 0.457890057293574 0
1639934646823 0.28690793155034383 0
1639934672796 0.2152578607002894 0
1639934699147 0.16986202456156413 0
1639934725131 0.1371872521797816 0
1639934751085 0.11208487124840419 0
1639934777193 0.0911529509027799 0
1639934803430 0.07392659416993459 0
1639934829439 0.058581570567687355 0
1639934855627 0.04760343918999036 0
1639934881696 0.03737425365348657 0
1639934907629 0.02866467862625917 0
1639934933653 0.02215150990386804 0
1639934959963 0.020389288186530272 0
1639934986065 0.022647769282261532 0
1639935012082 0.016368746221562227 0
1639935038127 0.011040578307832281 0
1639935064332 0.011572228928655386 0
1639935090477 0.014192753953735034 0
1639935606136 1.5208585759798685 0
1639935628044 0.634577763970693 0
1639935650060 0.37752492950757344 0
1639935671931 0.2786350784937541 0
1639935693767 0.22226318479379018 0
1639935715661 0.18535304934183758 0
1639935737563 0.157720499142011 0
1639935759397 0.1368303204456965 0
1639935781172 0.11697176756461461 0
1639935803029 0.10169602729082107 0
1639935824932 0.08819555566708247 0
1639935846879 0.07642657951513926 0
1639935869002 0.06502058675289155 0
1639935890833 0.055955890369415284 0
1639935912698 0.04544996092915535 0
1639935934564 0.038585221563776334 0
1639935956536 0.03272786880036195 0
1639935978460 0.027177806997299193 0
1639936000444 0.022523311873277028 0
1639936022345 0.018135155219833055 0
1639936559994 1.2397338258425394 0
1639936587316 0.4340586665471395 0
1639936614908 0.2777784034093221 0
1639936642271 0.20434464059670765 0
1639936669458 0.16152166575193405 0
1639936696812 0.12712126395304998 0
1639936724255 0.09983189460833868 0
1639936751912 0.07810916308959324 0
1639936779427 0.06404150966207187 0
1639936806839 0.0501866879661878 0
1639936834297 0.04198532405793667 0
1639936861614 0.03161785272161166 0
1639936889124 0.02801196221212546 0
1639936920116 0.026658691805104415 0
1639936948084 0.025438807780543964 0
1639936975598 0.016088572406520445 0
1639937003064 0.013096440244466066 0
1639937030523 0.016413950959593058 0
1639937057994 0.014290375829488038 0
1639937085514 0.010414137360205253 0
1639937648086 1.115130112806956 0
1639937677413 0.36358910545508066 0
1639937706583 0.23187664789358775 0
1639937735940 0.16883186983267467 0
1639937765263 0.12625523598194122 0
1639937794494 0.09753253568013509 0
1639937823707 0.0777174458483855 0
1639937853161 0.05805334022641182 0
1639937882352 0.04657712511817614 0
1639937912213 0.0367852949788173 0
1639937941547 0.030481709224979083 0
1639937970744 0.0287897722274065 0
1639938000117 0.023468421097596486 0
1639938029419 0.018536038373410703 0
1639938058671 0.015941686227420968 0
1639938088065 0.01515473805045088 0
1639938117356 0.014815063903977474 0
1639938146636 0.01452159972563386 0
1639938175972 0.01645778122941653 0
1639938205341 0.008418249696865677 0
1639938789774 1.0697569219589234 0
1639938820109 0.36694471783638 0
1639938850365 0.23297217011054358 0
1639938880320 0.16984798523585 0
1639938910508 0.12635484989086787 0
1639938940626 0.09672472862799962 0
1639938970763 0.07447513388395309 0
1639939000847 0.06143931672970454 0
1639939031162 0.05104013426105181 0
1639939061466 0.03761758983830611 0
1639939091558 0.03328971307178338 0
1639939121694 0.03137625068922838 0
1639939151920 0.024228805328905582 0
1639939182179 0.02221743569622437 0
1639939212360 0.018924880593518417 0
1639939242558 0.01967321201811234 0
1639939272683 0.01746492068047325 0
1639939302720 0.014728950640186667 0
1639939333139 0.016086673417066533 0
1639939363272 0.012058399731603761 0
1639939974371 0.9819235703468323 0
1639940005482 0.32753969902992247 0
1639940036660 0.21136091856559117 0
1639940067854 0.15098309876124064 0
1639940099033 0.11368997491200765 0
1639940130212 0.08624259296655655 0
1639940161394 0.06760674163103103 0
1639940192553 0.05350565972129504 0
1639940223715 0.04224778619805972 0
1639940254899 0.03627080755432447 0
1639940286089 0.03013172933012247 0
1639940317245 0.027601302074889342 0
1639940348464 0.02648000178386768 0
1639940379614 0.019387070037424563 0
1639940410929 0.0168904466783007 0
1639940442114 0.012432806222637495 0
1639940473381 0.01896695940097173 0
1639940504619 0.01516385196323196 0
1639940535840 0.014657191954056422 0
1639940567071 0.01070575968598326 0
1639941201200 0.9825314446767172 0
1639941233803 0.3426261106967926 0
1639941266320 0.21775537147521973 0
1639941298874 0.15560061838626862 0
1639941331520 0.11461952319145202 0
1639941364290 0.08568772800763448 0
1639941396892 0.06616627617081007 0
1639941429533 0.05263893062472343 0
1639941462101 0.04171829484005769 0
1639941494784 0.035202465338508286 0
1639941527580 0.03176288987894853 0
1639941560232 0.028581817566851776 0
1639941592783 0.023187573713560897 0
1639941625428 0.022532580984135468 0
1639941658145 0.016791380093991757 0
1639941690777 0.018828208748747906 0
1639941723388 0.014622418631861608 0
1639941755964 0.01539676127396524 0
1639941788467 0.012433559062828621 0
1639941821218 0.014097292202959457 0
1639942480734 0.9098008605480195 0
1639942514491 0.31146723392009734 0
1639942548323 0.20087550934155782 0
1639942582130 0.14421218863328297 0
1639942616010 0.10391238317588965 0
1639942649895 0.07763312540054321 0
1639942683947 0.061459879704316454 0
1639942718006 0.048136587020754816 0
1639942751989 0.03827346899832289 0
1639942785873 0.03597405885110299 0
1639942819686 0.02782691832780838 0
1639942853596 0.02550684298823277 0
1639942887519 0.020177241845428944 0
1639942921381 0.023473474452147883 0
1639942955377 0.023172895290205876 0
1639942989224 0.015956698561211426 0
1639943023180 0.014580424523601929 0
1639943057157 0.015174178326626618 0
1639943091073 0.014320018655558427 0
1639943124970 0.008699399634388585 0
1639943808585 0.9120478763818741 0
1639943843905 0.3015606209754944 0
1639943879381 0.18958838187058766 0
1639943914966 0.13139505020777384 0
1639943950167 0.09599100700616836 0
1639943985483 0.07180944659511249 0
1639944020845 0.05742442644238472 0
1639944056090 0.046245895561079185 0
1639944091357 0.038557341626286504 0
1639944126801 0.033135536709427836 0
1639944162116 0.028368880888819694 0
1639944197471 0.023362008633216223 0
1639944232747 0.023542173214505115 0
1639944268174 0.018181254433095456 0
1639944303594 0.017805683727562426 0
1639944338841 0.016507158966362477 0
1639944374160 0.012596894788493712 0
1639944409665 0.013661787681281566 0
1639944445199 0.016080930534005167 0
1639944481519 0.014514789667973916 0
1639945189769 0.8943191061019897 0
1639945226618 0.2993393680890401 0
1639945263255 0.18642879773775736 0
1639945300064 0.12820573941071828 0
1639945336763 0.09002499993244807 0
1639945373382 0.06734167269468308 0
1639945410053 0.05715836578408877 0
1639945446713 0.044531328637401266 0
1639945483468 0.035675322049856184 0
1639945520108 0.03183999491830667 0
1639945556913 0.02616041588584582 0
1639945593677 0.026659526476760707 0
1639945630477 0.021649362559989095 0
1639945667334 0.02071175363063812 0
1639945704168 0.018874489877124628 0
1639945741082 0.01411427050208052 0
1639945777778 0.01388064225713412 0
1639945814486 0.014689306278030077 0
1639945851235 0.014574439656734467 0
1639945887989 0.011169887545456489 0
1639946625073 0.8920073303699494 0
1639946663515 0.30161826419830323 0
1639946702011 0.18782380265394846 0
1639946740416 0.1287887677550316 0
1639946778755 0.09115577263832092 0
1639946817097 0.06979325740933419 0
1639946855593 0.05555438743631045 0
1639946895032 0.04401391081611315 0
1639946933458 0.03697995188037555 0
1639946971906 0.029519992126027742 0
1639947010344 0.02876401529063781 0
1639947048935 0.022839846743394933 0
1639947087512 0.025837927617629368 0
1639947126199 0.021039102189118662 0
1639947164652 0.017329456706841787 0
1639947203176 0.016679254147410394 0
1639947241769 0.0180941726539284 0
1639947280302 0.013031374079237382 0
1639947319076 0.01617877020587524 0
1639947357611 0.011042015992850065 0
1639948120469 0.8458333589394887 0
1639948160140 0.27961104770501455 0
1639948199832 0.17796070443789164 0
1639948239483 0.12248288397391636 0
1639948279204 0.08803714368840058 0
1639948319058 0.07038962843418121 0
1639948358781 0.05518852904041608 0
1639948398707 0.04787009751300017 0
1639948438486 0.03657841485738754 0
1639948478338 0.032422226909796396 0
1639948518214 0.02947456251035134 0
1639948557868 0.02659192486057679 0
1639948597750 0.021046154780810077 0
1639948637402 0.02247104684772591 0
1639948676911 0.01954593785107136 0
1639948716799 0.016890126241122683 0
1639948756818 0.01901099623925984 0
1639948796562 0.01593627744751672 0
1639948836372 0.012315274878653387 0
1639948876173 0.010149947763855258 0
1639949664618 0.8168265266736349 0
1639949705299 0.2736232884407043 0
1639949746195 0.17374192833105723 0
1639949786886 0.11965000694592794 0
1639949827502 0.08798515659769376 0
1639949868268 0.06562932611703873 0
1639949909035 0.05753038373688857 0
1639949949750 0.04193694783051809 0
1639949990539 0.03931925035963456 0
1639950031391 0.031866854212681456 0
1639950072134 0.025973753957947095 0
1639950112795 0.02444675575395425 0
1639950153572 0.023643070996552707 0
1639950194370 0.01960545271957914 0
1639950235166 0.01935234438230594 0
1639950275834 0.017536119213700293 0
1639950316788 0.01437763815994064 0
1639950357504 0.012744758163392544 0
1639950398192 0.014814081694434086 0
1639950438974 0.014814107894897462 0
1639951258660 0.8320882927417755 0
1639951300432 0.2781950906594594 0
1639951342232 0.17050167454083762 0
1639951384080 0.1177841505130132 0
1639951425893 0.08510753587285677 0
1639951467741 0.06498480591575305 0
1639951509566 0.055594365525245666 0
1639951551419 0.0447350131402413 0
1639951593300 0.03562971134185791 0
1639951635071 0.033221343701084455 0
1639951676982 0.03185058329204718 0
1639951718845 0.027796533541878065 0
1639951760772 0.022073561766495307 0
1639951802608 0.02143337876846393 0
1639951844386 0.02068950807849566 0
1639951886276 0.018339471194768947 0
1639951928017 0.014800330724318822 0
1639951969921 0.018446326392889022 0
1639952011876 0.01659918214653929 0
1639952053659 0.013265802107999722 0
1639952897708 0.8336806609948476 0
1639952940652 0.2691919734636943 0
1639952983784 0.16552737459341685 0
1639953026871 0.1118218522588412 0
1639953070093 0.08142850989103317 0
1639953114235 0.06277848193645477 0
1639953157372 0.05188600624203682 0
1639953200675 0.0435683353771766 0
1639953243722 0.03763058254222075 0
1639953286712 0.027951993785301846 0
1639953329715 0.02592755347415805 0
1639953372853 0.026457661119351786 0
1639953415943 0.02281083564956983 0
1639953458968 0.019333452228208384 0
1639953502393 0.020070133392512797 0
1639953545523 0.016082417719811202 0
1639953588717 0.01894005254978935 0
1639953631804 0.014525681996842225 0
1639953674850 0.015054340050121148 0
1639953717978 0.010747944979121288 0
1639954591344 0.7779250858147939 0
1639954635615 0.25283941785494485 0
1639954680035 0.15213963441054026 0
1639954724561 0.10596457053025564 0
1639954768927 0.07658897137244543 0
1639954813267 0.06048860644797484 0
1639954857860 0.04798607171177864 0
1639954902292 0.03802511560221513 0
1639954946651 0.033726869515577955 0
1639954991168 0.029631796336670718 0
1639955035566 0.027834094704687597 0
1639955079921 0.024762472402552763 0
1639955124428 0.022183169741431873 0
1639955169975 0.019408653329809507 0
1639955214386 0.01922597086255749 0
1639955258812 0.017646358573809265 0
1639955303291 0.014292518567293883 0
1639955347916 0.014911625449856122 0
1639955392268 0.014286980980013807 0
1639955436765 0.01123680977144589 0
1639956341011 0.8153444384415944 0
1639956386833 0.2631795571724574 0
1639956432509 0.1595405124425888 0
1639956478228 0.10718542162179946 0
1639956524006 0.07750447708368301 0
1639956569759 0.05861665109395981 0
1639956615608 0.046616419219474 0
1639956661376 0.04018064469397068 0
1639956707178 0.03525452697277069 0
1639956752924 0.030392856170237063 0
1639956798740 0.026652961619198324 0
1639956844464 0.023545207140843072 0
1639956890197 0.022337480912109214 0
1639956936114 0.016816055887192486 0
1639956982079 0.01599276385307312 0
1639957027813 0.019480273216962815 0
1639957073532 0.015419452751303712 0
1639957119185 0.016523113048324982 0
1639957164978 0.012902587014560898 0
1639957211853 0.012314174438516299 0
1639958145874 0.8129860483487447 0
1639958192997 0.2546862525542577 0
1639958240088 0.15233189431826274 0
1639958287210 0.1051880875190099 0
1639958334242 0.07302318001190822 0
1639958381336 0.058819140948851906 0
1639958428520 0.04619096751511097 0
1639958475647 0.03847972515324752 0
1639958522826 0.03085186236699422 0
1639958569847 0.026965618913372357 0
1639958616959 0.025088930140435697 0
1639958663900 0.020661542084440588 0
1639958711020 0.02038926106741031 0
1639958758216 0.0203652477281789 0
1639958805408 0.014925664447496335 0
1639958852799 0.014771732575198015 0
1639958900930 0.014120218715630472 0
1639958948069 0.011294663043568532 0
1639958995132 0.01309764200647672 0
1639959042216 0.010121998163561026 0
1639960004515 0.806934785381953 0
1639960052930 0.2525213903824488 0
1639960101509 0.15201288160483042 0
1639960149927 0.09911663906574249 0
1639960198673 0.072543779840072 0
1639960246991 0.0537532820045948 0
1639960295392 0.0462426328698794 0
1639960343876 0.03798771767218908 0
1639960392230 0.03347826105157534 0
1639960440831 0.029987111325562 0
1639960489351 0.024865008746584257 0
1639960537771 0.01961657497783502 0
1639960586277 0.017921818088491758 0
1639960634791 0.02116957557151715 0
1639960684218 0.018438308570782342 0
1639960732707 0.016120418735345206 0
1639960781195 0.015483480564008157 0
1639960829704 0.016355258197834094 0
1639960878355 0.011532277853166064 0
1639960926895 0.012617958560523888 0
1639961919128 0.8084564993699391 0
1639961968968 0.2501853102127711 0
1639962018930 0.14767953415115675 0
1639962068876 0.09744096957445145 0
1639962118701 0.0705222066740195 0
1639962168558 0.054964164366324744 0
1639962218546 0.04446473636428515 0
1639962268521 0.033734171687563264 0
1639962318411 0.032371039379636445 0
1639962369303 0.030462467830379803 0
1639962419216 0.023757182019452254 0
1639962469163 0.02076389114757379 0
1639962518987 0.022120812199885646 0
1639962568932 0.014617522241423528 0
1639962618717 0.01816687854031722 0
1639962668666 0.015691810511549314 0
1639962718481 0.013520872570822635 0
1639962768361 0.014063176392018794 0
1639962818294 0.011033727206041415 0
1639962868062 0.012431462963608404 0
1639963894745 0.8217676753520966 0
1639963946136 0.2561084708452225 0
1639963997343 0.15349570813973745 0
1639964048358 0.09811431210041047 0
1639964100498 0.07259416471719742 0
1639964151594 0.05597209042310715 0
1639964202805 0.04362956941525142 0
1639964254113 0.038540898178021116 0
1639964305351 0.034162176518638926 0
1639964356795 0.02625010622491439 0
1639964407994 0.024508383675167958 0
1639964459219 0.02482582092285156 0
1639964510340 0.02039505297889312 0
1639964561581 0.018643540740634006 0
1639964612981 0.015640718177706004 0
1639964664196 0.016504450571661194 0
1639964715129 0.014968202217419943 0
1639964766251 0.012596792336491247 0
1639964817482 0.014226836811626951 0
1639964868678 0.011340271620452404 0
1639965947831 0.7633046837647756 0
1639966000491 0.23627950359185537 0
1639966053262 0.13885485599835715 0
1639966105882 0.09527081659634908 0
1639966158480 0.06642877737979094 0
1639966211312 0.049874211930235224 0
1639966263874 0.04336738660434882 0
1639966316874 0.03665450872431199 0
1639966369544 0.02942504971300562 0
1639966422196 0.0255588191062212 0
1639966474929 0.026458161103725432 0
1639966527651 0.02104419771184524 0
1639966580482 0.01921975401888291 0
1639966633263 0.0191194166349868 0
1639966685840 0.015056842127939065 0
1639966738455 0.014961181331798435 0
1639966791095 0.014332918837107718 0
1639966843548 0.0135381101736178 0
1639966896169 0.011221491230279207 0
1639966948850 0.009680533302202822 0
1639968041235 0.802297539917628 0
1639968095420 0.24642923053503035 0
1639968149434 0.14439027925332387 0
1639968203384 0.0940956072807312 0
1639968257724 0.06962046971420446 0
1639968311827 0.052639434655507404 0
1639968365956 0.043762495706478756 0
1639968420051 0.03353130459785461 0
1639968474225 0.029054287918408712 0
1639968528310 0.022415754725287357 0
1639968582723 0.022163259312013784 0
1639968636917 0.02026349301834901 0
1639968691201 0.015267717764899135 0
1639968745346 0.01898666791121165 0
1639968799807 0.01535623573437333 0
1639968853861 0.01121960850066195 0
1639968907950 0.015725843114654223 0
1639968962082 0.012008284557486574 0
1639969016120 0.013052262556677064 0
1639969070097 0.009149179444089531 0
1639970194621 0.803183123588562 0
1639970250384 0.2500009932676951 0
1639970305974 0.14782576875686645 0
1639970361779 0.09640737514098485 0
1639970417582 0.06843487195372581 0
1639970473347 0.05531656229893366 0
1639970528817 0.04082422385364771 0
1639970584654 0.03427655776242415 0
1639970640497 0.0337153629899025 0
1639970696183 0.030154936999082567 0
1639970752023 0.022911800725385546 0
1639970807968 0.020127712555229663 0
1639970863520 0.018168543979525567 0
1639970920179 0.022198224597672622 0
1639970975875 0.014939578901479641 0
1639971031491 0.01563168486543 0
1639971087160 0.01470587758856515 0
1639971142785 0.012067071468755602 0
1639971198460 0.014588654260089 0
1639971254363 0.012088763406251868 0
1639972413113 0.781290498081843 0
1639972470173 0.2448449218273163 0
1639972527546 0.14614229638576506 0
1639972584961 0.0986653267065684 0
1639972642413 0.07454185318350792 0
1639972699762 0.05770849143217007 0
1639972757039 0.04452408210833867 0
1639972814342 0.03765532998541991 0
1639972871535 0.0341025093279779 0
1639972928868 0.031328647181391715 0
1639972985772 0.02691530468761921 0
1639973042941 0.020912434459726015 0
1639973100318 0.017746655999620754 0
1639973158004 0.01788305353994171 0
1639973215116 0.017164361949265003 0
1639973272341 0.016848471065983178 0
1639973329689 0.016876662713537615 0
1639973386859 0.014870785949875912 0
1639973444212 0.011460523329302669 0
1639973501701 0.011612400927642982 0
