1652265159040 0.646 0
1652265166887 0.8204 0
1652265174671 0.8584 0
1652265182370 0.892 0
1652265190151 0.8988 0
1652265197835 0.9004 0
1652265205628 0.9132 0
1652265213511 0.9212 0
1652265221250 0.9092 0
1652265229011 0.924 0
1652265238418 0.4432 0
1652265244100 0.6416 0
1652265249932 0.6876 0
1652265255503 0.7424 0
1652265261298 0.7696 0
1652265267006 0.7944 0
1652265272783 0.7772 0
1652265278479 0.83 0
1652265284228 0.8404 0
1652265289960 0.8468 0
1652265302860 0.3916 0
1652265308657 0.62 0
1652265314485 0.6768 0
1652265320232 0.716 0
1652265325876 0.7472 0
1652265331573 0.7428 0
1652265337368 0.7956 0
1652265343007 0.814 0
1652265348809 0.8164 0
1652265354623 0.826 0
1652265370976 0.5852 0
1652265376669 0.7672 0
1652265382269 0.8204 0
1652265388042 0.858 0
1652265393819 0.8608 0
1652265399542 0.8752 0
1652265405280 0.886 0
1652265411024 0.8876 0
1652265416712 0.9172 0
1652265422522 0.9016 0
1652265442315 0.388 0
1652265448206 0.5664 0
1652265454052 0.6312 0
1652265459702 0.6992 0
1652265465334 0.696 0
1652265470780 0.7448 0
1652265476492 0.7744 0
1652265482266 0.776 0
1652265487890 0.7948 0
1652265493734 0.8372 0
