1654733155381 0.3352100129078836 0
1654733175884 0.09159922736904644 0
1654733196815 0.0626716648656912 0
1654733217685 0.04685749212409737 0
1654733238733 0.039183710212758224 0
1654733258721 0.03495980754238529 0
1654733279167 0.0339344709340517 0
1654733300359 0.027150163325356913 0
1654733321421 0.01960623287798563 0
1654733341605 0.022468693617426188 0
1654733362524 0.02136018523114022 0
1654733383201 0.021556623150643207 0
1654733403434 0.016219559260087845 0
1654733424356 0.019493498082402583 0
1654733444850 0.015157628274594983 0
1654733465787 0.019389707268502004 0
1654733486523 0.016574905973955143 0
1654733506455 0.012980926381428916 0
1654733526909 0.0175325270677051 0
1654733547820 0.014782770932642773 0
1654733568583 0.011654707714042558 0
1654733589244 0.019902860855031988 0
1654733610295 0.01669154375069339 0
1654733631698 0.010084314953577615 0
1654733652484 0.012027759764081823 0
1654733673857 0.01184326250652133 0
1654733695001 0.012963864691264038 0
1654733715352 0.003935075292371453 0
1654733735530 0.017836700401573174 0
1654733756244 0.009898537487757753 0
1654733785220 0.24755052961760224 0
1654733801114 0.07217458363250231 0
1654733816730 0.045233709839494554 0
1654733832757 0.03822792891377334 0
1654733848732 0.028985931054391664 0
1654733864728 0.030484350723860618 0
1654733880934 0.024556810171403244 0
1654733897258 0.025389930523657185 0
1654733913569 0.019984150929732 0
1654733929168 0.018285440011944997 0
1654733945241 0.012922319225812084 0
1654733961480 0.018081416466964626 0
1654733977704 0.01128571748002809 0
1654733993629 0.01732101520068698 0
1654734009683 0.02385078196204344 0
1654734025451 0.015664037806286498 0
1654734041122 0.007660073511988303 0
1654734057614 0.012944652295264088 0
1654734073818 0.014717341506182254 0
1654734090047 0.011232167824604634 0
1654734106057 0.013302573044156541 0
1654734122450 0.008542142644904193 0
1654734138509 0.008321888927888306 0
1654734154447 0.01114622854799745 0
1654734170575 0.008834804620710738 0
1654734186435 0.016008330368740525 0
1654734202350 0.009023851419339398 0
1654734218574 0.013815392266414348 0
1654734234757 0.007778066263067698 0
1654734250686 0.015926497648000602 0
1654734293506 0.2499042281221076 0
1654734309349 0.06555594586262409 0
1654734325393 0.04579806781421038 0
1654734341437 0.03450300676710156 0
1654734357432 0.0272042767803553 0
1654734373506 0.0213174298328547 0
1654734389344 0.02723882465459015 0
1654734404955 0.021151264671283816 0
1654734420882 0.016752969459435284 0
1654734436764 0.016645077103446763 0
1654734452528 0.016475185475890216 0
1654734468406 0.01374424575156884 0
1654734484212 0.014084774849494311 0
1654734499821 0.011938086183573251 0
1654734515196 0.018426730177531193 0
1654734531283 0.014130027281963851 0
1654734546833 0.009759887981482099 0
1654734563004 0.010725306122091324 0
1654734579311 0.01207184025720115 0
1654734594806 0.006981074462920154 0
1654734610528 0.013624756046311994 0
1654734626425 0.009847195223301627 0
1654734642161 0.005669777167376417 0
1654734657586 0.009833788360031338 0
1654734673475 0.008463712985164589 0
1654734689791 0.014281180180072642 0
1654734705256 0.009273176502602155 0
1654734721269 0.009683382265853717 0
1654734737463 0.008327348980634176 0
1654734753485 0.0015930156146113812 0
1654734809527 0.35183238008575207 0
1654734825670 0.11068175569020794 0
1654734842408 0.07461874409394269 0
1654734858865 0.0569659078471229 0
1654734875217 0.048763178781906794 0
1654734891598 0.04137588103189114 0
1654734907834 0.04131098909608763 0
1654734924816 0.027541170159667623 0
1654734941521 0.03548156596521533 0
1654734957750 0.024200605944328296 0
1654734973937 0.023333258662310494 0
1654734990115 0.026949402246363448 0
1654735006013 0.019459725476296083 0
1654735022317 0.023889689907492347 0
1654735038804 0.022576123694342223 0
1654735055256 0.021729322632547794 0
1654735071898 0.019728863982337284 0
1654735088641 0.0206523087047121 0
1654735105563 0.013420662260229798 0
1654735121590 0.01784093793449548 0
1654735138004 0.013974611701294475 0
1654735154724 0.01389018504428804 0
1654735171025 0.019026987809054843 0
1654735187665 0.014406170207043755 0
1654735204348 0.01367534956617705 0
1654735220575 0.012752867685306007 0
1654735236826 0.017273323568744305 0
1654735253336 0.009789278595240595 0
1654735269548 0.01643587243307086 0
1654735285837 0.014220406270536175 0
1654735356273 0.2312529518013465 0
1654735372138 0.06410861341044077 0
1654735388250 0.041563327297945665 0
1654735404232 0.03441783674996511 0
1654735419675 0.03131030867343032 0
1654735435717 0.0158429335538627 0
1654735451390 0.02329868545309523 0
1654735466999 0.022286307955711505 0
1654735483112 0.01677513753164156 0
1654735499144 0.0160889580458823 0
1654735515042 0.01733051433673785 0
1654735530953 0.011765059911652253 0
1654735546608 0.015048110241067319 0
1654735562473 0.010282657734386285 0
1654735578178 0.012883289560363761 0
1654735593848 0.008244079527148097 0
1654735609920 0.012596556835087341 0
1654735625442 0.0122322553489251 0
1654735641594 0.010374465605889891 0
1654735657496 0.010959813599215114 0
1654735673531 0.010909606555753501 0
1654735689234 0.010346683476228908 0
1654735704892 0.0059262144877838905 0
1654735721056 0.011148182810489335 0
1654735736968 0.008689983150712215 0
1654735752767 0.010666368636397082 0
1654735768951 0.007010710900820007 0
1654735784231 0.012157363325830754 0
1654735800364 0.007390843371275753 0
1654735816112 0.009065833777259093 0
