1651702894520 0.5048 0
1651702897544 0.6856 0
1651702900516 0.75 0
1651702903639 0.7952 0
1651702906755 0.816 0
1651702909858 0.8452 0
1651702912922 0.8788 0
1651702915935 0.8816 0
1651702919020 0.91 0
1651702921917 0.8764 0
1651702924977 0.8932 0
1651702927950 0.9428 0
1651702930987 0.946 0
1651702933998 0.9476 0
1651702937070 0.9312 0
1651702939971 0.946 0
1651702943072 0.9532 0
1651702946007 0.9584 0
1651702949038 0.9684 0
1651702951999 0.9568 0
1651702955091 0.9696 0
1651702958127 0.9548 0
1651702961095 0.9608 0
1651702964058 0.9752 0
1651702967024 0.974 0
1651702970050 0.9768 0
1651702973088 0.976 0
1651702975978 0.9572 0
1651702979061 0.9724 0
1651702982169 0.9824 0
1651702987480 0.751 0
1651702992640 0.8158 0
1651702997841 0.8432 0
1651703002817 0.8712 0
1651703008031 0.8912 0
1651703013083 0.9082 0
1651703018203 0.9016 0
1651703023447 0.922 0
1651703028519 0.9236 0
1651703033521 0.9352 0
1651703038582 0.937 0
1651703043755 0.9468 0
1651703048839 0.957 0
1651703053789 0.9502 0
1651703059105 0.9508 0
1651703064226 0.9584 0
1651703069536 0.9526 0
1651703074607 0.9724 0
1651703079681 0.9632 0
1651703085010 0.963 0
1651703089963 0.9524 0
1651703094923 0.9706 0
1651703100044 0.9686 0
1651703105275 0.9656 0
1651703110446 0.9694 0
1651703115652 0.9704 0
1651703120756 0.9678 0
1651703125733 0.9664 0
1651703130675 0.9756 0
1651703135575 0.9828 0
1651703143164 0.8606666666666667 0
1651703150437 0.8969333333333334 0
1651703157841 0.9013333333333333 0
1651703165242 0.9249333333333334 0
1651703172503 0.9358666666666666 0
1651703179749 0.9322666666666667 0
1651703187087 0.9406666666666667 0
1651703194297 0.9341333333333334 0
1651703201540 0.9541333333333334 0
1651703208577 0.95 0
1651703215749 0.9618666666666666 0
1651703223036 0.9624 0
1651703230558 0.9517333333333333 0
1651703237957 0.96 0
1651703245422 0.9573333333333334 0
1651703252850 0.9648 0
1651703260293 0.9590666666666666 0
1651703267614 0.9698666666666667 0
1651703274895 0.9637333333333333 0
1651703282262 0.9684 0
1651703289681 0.9690666666666666 0
1651703296937 0.9702666666666667 0
1651703304129 0.9674666666666667 0
1651703311480 0.9757333333333333 0
1651703318950 0.9730666666666666 0
1651703326103 0.9696 0
1651703333583 0.9672 0
1651703341028 0.9646666666666667 0
1651703348307 0.9710666666666666 0
1651703355792 0.9694666666666667 0
1651703366240 0.9043 0
1651703375724 0.9296 0
1651703385309 0.9428 0
1651703394752 0.9539 0
1651703404516 0.9549 0
1651703414138 0.9547 0
1651703423870 0.958 0
1651703433450 0.963 0
1651703443067 0.965 0
1651703452940 0.9684 0
1651703462541 0.9647 0
1651703472289 0.9667 0
1651703482188 0.9695 0
1651703491929 0.9625 0
1651703501736 0.9722 0
1651703511800 0.971 0
1651703521589 0.9688 0
1651703531412 0.9724 0
1651703541139 0.9762 0
1651703551006 0.9685 0
1651703560977 0.9708 0
1651703570540 0.9774 0
1651703580155 0.9674 0
1651703589829 0.9725 0
1651703599354 0.968 0
1651703609110 0.9749 0
1651703618744 0.9748 0
1651703628624 0.966 0
1651703638530 0.9786 0
1651703648028 0.9689 0
1651703661041 0.92016 0
1651703673220 0.94456 0
1651703685354 0.95616 0
1651703697664 0.96024 0
1651703709917 0.95944 0
1651703722102 0.95512 0
1651703734363 0.96824 0
1651703746646 0.966 0
1651703759025 0.96136 0
1651703771363 0.96576 0
1651703783530 0.9656 0
1651703795817 0.96792 0
1651703807916 0.97216 0
1651703819966 0.97344 0
1651703832204 0.96824 0
1651703844250 0.96816 0
1651703856560 0.97032 0
1651703868734 0.97152 0
1651703881117 0.9668 0
1651703893383 0.9752 0
1651703905765 0.97312 0
1651703918175 0.96472 0
1651703930276 0.97344 0
1651703942315 0.97552 0
1651703954711 0.96992 0
1651703966814 0.96984 0
1651703979044 0.97104 0
1651703991501 0.97592 0
1651704003460 0.9692 0
1651704015749 0.97624 0
1651704031708 0.9232666666666667 0
1651704046448 0.9494 0
1651704061466 0.9478 0
1651704076445 0.9574 0
1651704091269 0.9618 0
1651704105970 0.9563333333333334 0
1651704121158 0.9558666666666666 0
1651704136013 0.9627333333333333 0
1651704150548 0.9612666666666667 0
1651704165204 0.9662 0
1651704179979 0.9612666666666667 0
1651704194739 0.9682666666666667 0
1651704209394 0.9734666666666667 0
1651704224261 0.9640666666666666 0
1651704238986 0.9663333333333334 0
1651704253869 0.9627333333333333 0
1651704268509 0.9727333333333333 0
1651704283403 0.9686666666666667 0
1651704298282 0.9697333333333333 0
1651704313449 0.9697333333333333 0
1651704328409 0.9712666666666666 0
1651704343361 0.9694 0
1651704358279 0.9676 0
1651704373370 0.9702 0
1651704388371 0.9686 0
1651704403121 0.9682 0
1651704417930 0.9706 0
1651704432697 0.9732 0
1651704447367 0.9709333333333333 0
1651704461856 0.9720666666666666 0
1651704480714 0.9076571428571428 0
1651704498293 0.9227428571428572 0
1651704516045 0.9352571428571429 0
1651704533714 0.9390857142857143 0
1651704551325 0.9452 0
1651704568935 0.9417714285714286 0
1651704586293 0.9457714285714286 0
1651704603791 0.9493142857142857 0
1651704621414 0.9551428571428572 0
1651704638992 0.9542857142857143 0
1651704656453 0.9567428571428571 0
1651704674276 0.9542857142857143 0
1651704691824 0.9624 0
1651704709077 0.9601714285714286 0
1651704726419 0.9555428571428571 0
1651704744274 0.9601142857142857 0
1651704762021 0.9625714285714285 0
1651704779375 0.9610857142857143 0
1651704796603 0.9645714285714285 0
1651704814384 0.9653714285714285 0
1651704831988 0.9609714285714286 0
1651704849386 0.9638857142857142 0
1651704866452 0.9623428571428572 0
1651704884276 0.9622857142857143 0
1651704901953 0.9681142857142857 0
1651704919378 0.9664571428571429 0
1651704936807 0.9640571428571428 0
1651704954150 0.9648 0
1651704971782 0.9661714285714286 0
1651704989004 0.9654857142857143 0
1651705011370 0.90965 0
1651705031326 0.92745 0
1651705051677 0.9327 0
1651705072020 0.94015 0
1651705092551 0.9428 0
1651705113453 0.94905 0
1651705133823 0.9478 0
1651705154154 0.9505 0
1651705174242 0.94925 0
1651705193835 0.95565 0
1651705214193 0.9545 0
1651705234084 0.95385 0
1651705254186 0.95595 0
1651705274511 0.9539 0
1651705294843 0.95815 0
1651705315216 0.9605 0
1651705335994 0.9598 0
1651705356574 0.9611 0
1651705377087 0.961 0
1651705396915 0.9638 0
1651705417018 0.9592 0
1651705437139 0.96055 0
1651705457331 0.9605 0
1651705477953 0.95905 0
1651705497751 0.9655 0
1651705518212 0.96385 0
1651705538134 0.954 0
1651705558779 0.96535 0
1651705579427 0.9648 0
1651705599503 0.9608 0
1651705624024 0.9282222222222222 0
1651705646903 0.9428888888888889 0
1651705670182 0.9458666666666666 0
1651705693177 0.9489333333333333 0
1651705716055 0.9541333333333334 0
1651705739296 0.9510666666666666 0
1651705762844 0.9563555555555555 0
1651705786140 0.9539555555555556 0
1651705809925 0.9552888888888889 0
1651705833473 0.9564888888888889 0
1651705856499 0.9584 0
1651705879407 0.9546666666666667 0
1651705902303 0.9559111111111112 0
1651705925563 0.9622666666666667 0
1651705948778 0.9576888888888889 0
1651705971961 0.9605333333333334 0
1651705995219 0.96 0
1651706018539 0.9612444444444445 0
1651706041557 0.9563555555555555 0
1651706065116 0.9578666666666666 0
1651706088166 0.9620888888888889 0
1651706111258 0.9576444444444444 0
1651706134156 0.9613333333333334 0
1651706157331 0.9611111111111111 0
1651706180779 0.9579111111111112 0
1651706204055 0.9561333333333333 0
1651706227591 0.9637777777777777 0
1651706251086 0.9623111111111111 0
1651706274251 0.9601777777777778 0
1651706296926 0.9606222222222223 0
1651706325460 0.91624 0
1651706351763 0.93228 0
1651706378123 0.9376 0
1651706404070 0.93556 0
1651706430512 0.93684 0
1651706456833 0.94144 0
1651706483293 0.94272 0
1651706509559 0.9426 0
1651706535577 0.9482 0
1651706561805 0.945 0
1651706588741 0.94132 0
1651706614768 0.94828 0
1651706640784 0.9496 0
1651706666592 0.94828 0
1651706693154 0.95 0
1651706718891 0.94844 0
1651706745074 0.95052 0
1651706771052 0.95532 0
1651706796795 0.95132 0
1651706822728 0.95076 0
1651706848749 0.9562 0
1651706874327 0.95344 0
1651706900637 0.95224 0
1651706927116 0.95376 0
1651706953323 0.95444 0
1651706979427 0.95624 0
1651707005545 0.95452 0
1651707031222 0.95492 0
1651707057304 0.95512 0
1651707083438 0.95672 0
1651707114801 0.9236727272727273 0
1651707144197 0.9374181818181818 0
1651707173355 0.9373454545454546 0
1651707202676 0.9402909090909091 0
1651707231989 0.947490909090909 0
1651707260053 0.9425454545454546 0
1651707289554 0.9449454545454545 0
1651707318980 0.9458909090909091 0
1651707348128 0.9478909090909091 0
1651707377134 0.9484 0
1651707406684 0.9508727272727273 0
1651707435704 0.9490181818181819 0
1651707464430 0.9512 0
1651707493426 0.9505454545454546 0
1651707522167 0.9494181818181818 0
1651707551469 0.9489090909090909 0
1651707580643 0.9527272727272728 0
1651707610449 0.9499272727272727 0
1651707640039 0.9533090909090909 0
1651707669453 0.9536363636363636 0
1651707698127 0.9522181818181819 0
1651707727571 0.9541454545454545 0
1651707756353 0.9521090909090909 0
1651707784891 0.9501090909090909 0
1651707814274 0.9553818181818182 0
1651707843231 0.9526545454545454 0
1651707872731 0.9536727272727272 0
1651707902124 0.9546545454545454 0
1651707931457 0.9526181818181818 0
1651707960015 0.9504363636363636 0
1651707994398 0.9219 0
1651708026049 0.9366666666666666 0
1651708057533 0.9368333333333333 0
1651708089682 0.9418 0
1651708122382 0.9435333333333333 0
1651708154894 0.9428666666666666 0
1651708187194 0.9434333333333333 0
1651708219527 0.9467666666666666 0
1651708251795 0.9469 0
1651708284089 0.9451666666666667 0
1651708316561 0.9432 0
1651708348193 0.9502666666666667 0
1651708380666 0.9473 0
1651708412905 0.9485666666666667 0
1651708445291 0.9489 0
1651708477220 0.9482666666666667 0
1651708509697 0.9472666666666667 0
1651708541161 0.9503666666666667 0
1651708573213 0.9490666666666666 0
1651708604872 0.9528666666666666 0
1651708637487 0.9493333333333334 0
1651708669593 0.9516333333333333 0
1651708701409 0.9490666666666666 0
1651708733540 0.9531333333333334 0
1651708765678 0.9489333333333333 0
1651708798097 0.9533666666666667 0
1651708830744 0.9503333333333334 0
1651708863438 0.9503 0
1651708895411 0.9488 0
1651708927850 0.9510333333333333 0
1651708966774 0.9297538461538462 0
1651709002954 0.9383076923076923 0
1651709038241 0.9423384615384616 0
1651709073946 0.943076923076923 0
1651709110072 0.9426769230769231 0
1651709145490 0.9465230769230769 0
1651709181506 0.9432 0
1651709217163 0.9424923076923077 0
1651709252403 0.9440923076923077 0
1651709287583 0.9481538461538461 0
1651709323295 0.9456615384615384 0
1651709358376 0.9462769230769231 0
1651709393671 0.9477538461538462 0
1651709428752 0.9471692307692308 0
1651709464620 0.9481846153846154 0
1651709500162 0.9483076923076923 0
1651709535115 0.9485230769230769 0
1651709570315 0.9462461538461538 0
1651709605480 0.9464307692307692 0
1651709640913 0.9497538461538462 0
1651709676150 0.9498153846153846 0
1651709710723 0.9472307692307692 0
1651709746369 0.9504923076923077 0
1651709781610 0.9494769230769231 0
1651709817409 0.9483692307692307 0
1651709852506 0.9500615384615385 0
1651709888415 0.9505538461538462 0
1651709923829 0.9482769230769231 0
1651709959107 0.9521846153846154 0
1651709994732 0.9502461538461539 0
1651710036193 0.9328 0
1651710074785 0.9410285714285714 0
1651710113440 0.9432 0
1651710152045 0.9438285714285715 0
1651710190847 0.9485714285714286 0
1651710229499 0.9421428571428572 0
1651710267792 0.9427714285714286 0
1651710305803 0.9491142857142857 0
1651710344273 0.9467428571428571 0
1651710382847 0.9468 0
1651710421194 0.9438285714285715 0
1651710459967 0.9482857142857143 0
1651710498380 0.9475428571428571 0
1651710537918 0.9433142857142857 0
1651710576019 0.9475714285714286 0
1651710614957 0.9478571428571428 0
1651710654200 0.9478857142857143 0
1651710692069 0.9500285714285714 0
1651710730621 0.945 0
1651710769424 0.9506285714285714 0
1651710808168 0.9474 0
1651710847000 0.9472857142857143 0
1651710885526 0.9500857142857143 0
1651710923642 0.9494857142857143 0
1651710961245 0.9457142857142857 0
1651710999876 0.9498571428571428 0
1651711038418 0.948 0
1651711077581 0.9521714285714286 0
1651711116515 0.9504571428571429 0
1651711155292 0.9460571428571428 0
1651711200989 0.9267466666666667 0
1651711243410 0.9349066666666667 0
1651711285221 0.9345333333333333 0
1651711327322 0.9379733333333333 0
1651711369126 0.9360533333333333 0
1651711410238 0.9400533333333333 0
1651711451360 0.9382666666666667 0
1651711493265 0.9399466666666667 0
1651711535323 0.9423733333333333 0
1651711576297 0.9388 0
1651711618171 0.9453333333333334 0
1651711660066 0.94048 0
1651711701576 0.9442133333333333 0
1651711743622 0.94208 0
1651711785693 0.944 0
1651711827684 0.9412 0
1651711868846 0.9439733333333333 0
1651711910603 0.94312 0
1651711952458 0.9446666666666667 0
1651711995018 0.9459466666666667 0
1651712037379 0.94312 0
1651712079064 0.94728 0
1651712121347 0.9441866666666666 0
1651712162786 0.94232 0
1651712204099 0.9459733333333333 0
1651712245980 0.9461866666666666 0
1651712287767 0.9456266666666666 0
1651712329341 0.9475466666666666 0
1651712370695 0.9464 0
1651712412852 0.94616 0
1651712461901 0.922025 0
1651712505969 0.92975 0
1651712551133 0.933825 0
1651712596243 0.934025 0
1651712641553 0.934925 0
1651712686577 0.9361 0
1651712731312 0.937375 0
1651712776140 0.935775 0
1651712820679 0.9406 0
1651712865740 0.93555 0
1651712910741 0.939975 0
1651712955935 0.937125 0
1651713000904 0.93965 0
1651713045527 0.93965 0
1651713090707 0.940375 0
1651713136018 0.9391 0
1651713181036 0.941725 0
1651713225847 0.94055 0
1651713270820 0.94015 0
1651713316124 0.940375 0
1651713360582 0.9395 0
1651713404747 0.941525 0
1651713450481 0.941125 0
1651713495002 0.9413 0
1651713539327 0.945 0
1651713583656 0.938275 0
1651713627928 0.943425 0
1651713672280 0.943275 0
1651713716985 0.942825 0
1651713762104 0.941125 0
1651713813550 0.9220705882352941 0
1651713862216 0.9325882352941176 0
1651713910477 0.9340235294117647 0
1651713958685 0.9363529411764706 0
1651714006754 0.9334117647058824 0
1651714054818 0.9356941176470588 0
1651714102977 0.9371529411764706 0
1651714151718 0.9376941176470588 0
1651714199209 0.9379529411764705 0
1651714247082 0.9345882352941176 0
1651714294797 0.9391294117647059 0
1651714342701 0.9381647058823529 0
1651714390797 0.9410352941176471 0
1651714438103 0.9372470588235294 0
1651714486082 0.9406823529411765 0
1651714533607 0.9381411764705883 0
1651714581740 0.9373411764705882 0
1651714629570 0.9402352941176471 0
1651714678278 0.9395764705882353 0
1651714726866 0.9398117647058823 0
1651714775368 0.9430117647058823 0
1651714823665 0.9385411764705882 0
1651714872367 0.9419058823529411 0
1651714921437 0.9391529411764706 0
1651714970159 0.9382823529411765 0
1651715018252 0.9422117647058823 0
1651715067356 0.9397176470588235 0
1651715115824 0.9392705882352941 0
1651715164179 0.9378823529411765 0
1651715212340 0.9408705882352941 0
1651715267962 0.9202444444444444 0
1651715319869 0.932 0
1651715371535 0.9335777777777777 0
1651715423886 0.9325111111111111 0
1651715474695 0.9332666666666667 0
1651715525509 0.9346888888888889 0
1651715577269 0.9364444444444444 0
1651715628946 0.9329333333333333 0
1651715680585 0.9375333333333333 0
1651715732666 0.9331111111111111 0
1651715784597 0.9382222222222222 0
1651715836275 0.9348 0
1651715888160 0.9355555555555556 0
1651715939853 0.9358666666666666 0
1651715991963 0.9364222222222223 0
1651716043711 0.9371333333333334 0
1651716094888 0.9370444444444445 0
1651716147095 0.9352666666666667 0
1651716199098 0.9387111111111112 0
1651716250884 0.9373333333333334 0
1651716302698 0.9389555555555555 0
1651716354086 0.9364666666666667 0
1651716406209 0.9400222222222222 0
1651716457549 0.9364 0
1651716508679 0.9369777777777778 0
1651716560172 0.9394888888888889 0
1651716611347 0.9386666666666666 0
1651716663306 0.9389777777777778 0
1651716714182 0.9387111111111112 0
1651716766329 0.9370222222222222 0
1651716825348 0.9166105263157894 0
1651716880524 0.9230736842105263 0
1651716935385 0.9283578947368422 0
1651716989545 0.9270736842105263 0
1651717044700 0.9282526315789473 0
1651717099043 0.9298105263157894 0
1651717153743 0.9310736842105263 0
1651717208625 0.9301263157894737 0
1651717262902 0.9302526315789473 0
1651717316895 0.9292421052631579 0
1651717372172 0.9313684210526316 0
1651717427233 0.9297473684210527 0
1651717482419 0.9298105263157894 0
1651717536833 0.9320421052631579 0
1651717591262 0.9310947368421053 0
1651717646054 0.9305263157894736 0
1651717700964 0.9327578947368421 0
1651717755207 0.9325894736842105 0
1651717810368 0.9311578947368421 0
1651717865410 0.9302736842105264 0
1651717919340 0.9325894736842105 0
1651717974487 0.9319157894736843 0
1651718028747 0.9321263157894737 0
1651718083293 0.9335157894736842 0
1651718137748 0.9357894736842105 0
1651718193052 0.9328842105263158 0
1651718247508 0.933221052631579 0
1651718302433 0.9333473684210526 0
1651718357681 0.9346526315789474 0
1651718412033 0.9341052631578948 0
1651718475751 0.92102 0
1651718533809 0.9297 0
1651718591858 0.9338 0
1651718649996 0.92806 0
1651718706844 0.93252 0
1651718764919 0.93278 0
1651718822953 0.93154 0
1651718881002 0.93128 0
1651718939040 0.93394 0
1651718996449 0.9328 0
1651719054845 0.9326 0
1651719112593 0.9336 0
1651719170519 0.93178 0
1651719227952 0.93228 0
1651719285639 0.9305 0
1651719343746 0.93264 0
1651719402036 0.93412 0
1651719460142 0.933 0
1651719517825 0.93326 0
1651719575769 0.93408 0
1651719633686 0.93274 0
1651719690637 0.93264 0
1651719748507 0.93366 0
1651719806887 0.93158 0
1651719864869 0.93406 0
1651719922063 0.9343 0
1651719979847 0.93464 0
1651720038079 0.93306 0
1651720096322 0.93284 0
1651720153472 0.93338 0
