1651898074337 1.0460784238815308 0
1651898077959 0.7299833671569824 0
1651898081596 0.6076482094764709 0
1651898085184 0.5277772818565368 0
1651898088735 0.4562334356307983 0
1651898092407 0.3734493761062622 0
1651898096054 0.41263759356737134 0
1651898099676 0.31093625605106356 0
1651898103248 0.3227453812122345 0
1651898106835 0.25431677946150305 0
1651898110334 0.21274250470250844 0
1651898113891 0.21931314907073973 0
1651898117479 0.22726364046782255 0
1651898120920 0.19632296907901764 0
1651898124512 0.21500119560956954 0
1651898128018 0.13385007917433978 0
1651898131556 0.12252615551948548 0
1651898135185 0.15083723423480988 0
1651898138833 0.1944853271484375 0
1651898142346 0.1670988860554993 0
1651898145756 0.12066560072898865 0
1651898149395 0.0974608304798603 0
1651898152971 0.1454602122336626 0
1651898156606 0.09595635499060154 0
1651898160251 0.08255314412713051 0
1651898163868 0.0754408994043246 0
1651898167452 0.09258634854778647 0
1651898171031 0.09040167805533857 0
1651898174564 0.08034518690109253 0
1651898178175 0.11047405798435211 0
1651898183475 1.329336515903473 0
1651898188669 0.947421770954132 0
1651898193891 0.7745133015155792 0
1651898199032 0.6794312631607056 0
1651898204313 0.6597777097523212 0
1651898209434 0.45609935297966003 0
1651898214697 0.41593571043014527 0
1651898220070 0.3552116184949875 0
1651898225367 0.3116388269424438 0
1651898230440 0.2741824802160263 0
1651898235804 0.23451071332097054 0
1651898241051 0.20495075617432595 0
1651898246125 0.1767084870815277 0
1651898251312 0.2213940539598465 0
1651898256360 0.17194404106140138 0
1651898261563 0.16060393214821816 0
1651898266876 0.14837289263010026 0
1651898272052 0.11822701179385185 0
1651898277249 0.14526448584795 0
1651898282480 0.25681446005403996 0
1651898287475 0.09403542225062847 0
1651898292522 0.08656984750032425 0
1651898297555 0.10211308969259263 0
1651898302738 0.11478932646885515 0
1651898307967 0.07641711185574532 0
1651898313066 0.07458348952531814 0
1651898318246 0.09953281862437725 0
1651898323584 0.07390620149262249 0
1651898328618 0.044446556720137594 0
1651898333804 0.12381729487255215 0
1651898340255 1.2383875314712525 0
1651898346053 0.8833963527679444 0
1651898351886 0.7471750858783722 0
1651898357974 0.6224622106909752 0
1651898363605 0.5453704710006714 0
1651898369423 0.4808842691421509 0
1651898375388 0.4309785264492035 0
1651898381191 0.38031925220489504 0
1651898386903 0.3479702167510986 0
1651898392655 0.25476338214874267 0
1651898398494 0.28147412339858713 0
1651898404418 0.235395152592659 0
1651898410088 0.16508552527427672 0
1651898416007 0.19126920607686043 0
1651898421820 0.19205554976463318 0
1651898427564 0.18286071326732636 0
1651898433319 0.16320370275974275 0
1651898439103 0.12632710677608847 0
1651898444982 0.09922184832058847 0
1651898450736 0.08045711240619421 0
1651898456695 0.11045893171429634 0
1651898462419 0.11771758446395397 0
1651898468166 0.09429756643995643 0
1651898473848 0.0862902823626995 0
1651898479656 0.17185751623511314 0
1651898485554 0.08076454121991992 0
1651898491211 0.08378437851071358 0
1651898496916 0.1414683940857649 0
1651898502858 0.0995075763888657 0
1651898508616 0.07372986882776023 0
1651898516229 0.8541691453456879 0
1651898522667 0.4652720544815063 0
1651898529306 0.3797114346504211 0
1651898535864 0.3093652927398682 0
1651898542416 0.25723692647218704 0
1651898549003 0.20006201333999635 0
1651898555539 0.21129184657335282 0
1651898562115 0.14444572322666646 0
1651898568758 0.11197415061830543 0
1651898575310 0.10075398871898651 0
1651898582075 0.1393355191603303 0
1651898588717 0.09208981525935232 0
1651898595249 0.07291469490230083 0
1651898601796 0.12004326919130981 0
1651898608430 0.08032436538338661 0
1651898615025 0.09233366985917091 0
1651898621716 0.07862703368961811 0
1651898628376 0.08092641022205353 0
1651898635024 0.13303798949420453 0
1651898641651 0.05825397900491953 0
1651898648284 0.04393238364756107 0
1651898654672 0.03195864614546299 0
1651898661364 0.03272840810660273 0
1651898667853 0.0347402594063431 0
1651898674326 0.03595074789505452 0
1651898680808 0.05992190453754738 0
1651898687270 0.058374539336562156 0
1651898693928 0.03220738191977143 0
1651898700462 0.02673503572884947 0
1651898706766 0.019620633260533215 0
1651898715899 1.4012860057830812 0
1651898723311 0.9946980459213257 0
1651898730680 0.8408969704627991 0
1651898738037 0.708725120639801 0
1651898745422 0.6288095679998398 0
1651898752790 0.4847759977340698 0
1651898760001 0.4189909769594669 0
1651898767450 0.4043094684779644 0
1651898774496 0.3130746242046356 0
1651898782008 0.3316357639312744 0
1651898789495 0.29646418681144715 0
1651898796885 0.25776545240879056 0
1651898804075 0.20618408244252204 0
1651898811349 0.15287155528515578 0
1651898818834 0.17383394306302072 0
1651898826199 0.15908072361946107 0
1651898833397 0.14701222476959228 0
1651898840543 0.12864344418644905 0
1651898847728 0.08524501247946173 0
1651898855015 0.12824149038791657 0
1651898862392 0.2025368996143341 0
1651898869450 0.11155184427499772 0
1651898876875 0.10280946033000946 0
1651898884239 0.08371776102408766 0
1651898891667 0.10359220533967019 0
1651898898936 0.07321875849552452 0
1651898906317 0.08064902642220259 0
1651898913533 0.08833979463577271 0
1651898920877 0.1013441637068987 0
1651898928144 0.07799565837979316 0
