1645622331299 0.1102 0
1645622335972 0.1742 0
1645622340584 0.2046 0
1645622345138 0.2608 0
1645622349720 0.2822 0
1645622354201 0.2932 0
1645622358864 0.3124 0
1645622363413 0.3282 0
1645622367960 0.3332 0
1645622372571 0.3292 0
1645622381265 0.2344 0
1645622389749 0.2494 0
1645622398227 0.2665 0
1645622406598 0.2742 0
1645622414967 0.295 0
1645622423223 0.3083 0
1645622431579 0.3197 0
1645622440175 0.3393 0
1645622448642 0.3473 0
1645622456550 0.3623 0
1645622469842 0.27853333333333335 0
1645622482225 0.30073333333333335 0
1645622494563 0.3066 0
1645622507076 0.31433333333333335 0
1645622519629 0.3187333333333333 0
1645622532046 0.3286 0
1645622544365 0.3290666666666667 0
1645622556959 0.343 0
1645622569100 0.33526666666666666 0
1645622581531 0.3322 0
