1644398874610 1.6066764450073243 0
1644398875710 1.5965366968154908 0
1644398876661 1.5757656871795653 0
1644398877557 1.5193998420715331 0
1644398878462 1.4101483901977538 0
1644398879577 1.5831696056365967 0
1644398880541 1.4626510299682618 0
1644398881495 1.2418170137405395 0
1644398882472 1.0016289180755615 0
1644398883457 0.8623543081283569 0
1644398884798 1.5445132266998292 0
1644398885840 1.3420266981124878 0
1644398886890 1.1667741918563843 0
1644398887941 1.0591587230682373 0
1644398888964 0.9835996526718139 0
