1651951264954 0.756 0
1651951267315 0.89 0
1651951269679 0.9116 0
1651951272060 0.9332 0
1651951274421 0.9384 0
1651951276744 0.9548 0
1651951279110 0.9704 0
1651951281444 0.9644 0
1651951283779 0.9708 0
1651951286103 0.974 0
1651951288515 0.9756 0
1651951290894 0.9672 0
1651951293221 0.936 0
1651951295576 0.9792 0
1651951297924 0.9816 0
1651951300299 0.9764 0
1651951302652 0.988 0
1651951305030 0.9924 0
1651951307393 0.992 0
1651951309749 0.9792 0
1651951312090 0.9808 0
1651951314485 0.962 0
1651951316877 0.986 0
1651951319207 0.99 0
1651951321566 0.988 0
1651951323915 0.9884 0
1651951326282 0.9984 0
1651951328656 0.9904 0
1651951331035 0.9784 0
1651951333301 0.9892 0
1651951335630 0.9848 0
1651951337989 0.9852 0
1651951340358 0.9976 0
1651951342685 0.992 0
1651951345016 0.9896 0
1651951347348 0.9908 0
1651951349727 0.9884 0
1651951352049 0.9764 0
1651951354444 0.9884 0
1651951356804 0.9964 0
1651951359160 0.9928 0
1651951361478 0.9396 0
1651951363861 0.9836 0
1651951366254 0.992 0
1651951368632 0.9968 0
1651951370956 0.994 0
1651951373347 0.9892 0
1651951375707 0.9948 0
1651951378099 0.9936 0
1651951380480 0.9892 0
1651951383561 0.783 0
1651951386407 0.8692 0
1651951389115 0.9016 0
1651951391909 0.922 0
1651951394670 0.92 0
1651951397478 0.9408 0
1651951400336 0.9506 0
1651951403125 0.9512 0
1651951405820 0.964 0
1651951408675 0.9632 0
1651951411466 0.973 0
1651951414324 0.9734 0
1651951417273 0.9798 0
1651951420166 0.9758 0
1651951423011 0.9854 0
1651951425810 0.9792 0
1651951428660 0.9804 0
1651951431495 0.9758 0
1651951434273 0.9742 0
1651951437181 0.9832 0
1651951440059 0.9852 0
1651951442882 0.9864 0
1651951445674 0.9792 0
1651951448515 0.9848 0
1651951451252 0.9794 0
1651951454186 0.985 0
1651951457003 0.9784 0
1651951459861 0.988 0
1651951462749 0.9886 0
1651951465482 0.9876 0
1651951468317 0.9878 0
1651951471094 0.9826 0
1651951473824 0.9892 0
1651951476651 0.9866 0
1651951479516 0.9864 0
1651951482375 0.9882 0
1651951485293 0.9886 0
1651951488168 0.991 0
1651951490978 0.9882 0
1651951493833 0.9874 0
1651951496739 0.985 0
1651951499627 0.9872 0
1651951502580 0.9888 0
1651951505514 0.9902 0
1651951508430 0.9854 0
1651951511240 0.9868 0
1651951514077 0.9862 0
1651951516897 0.9904 0
1651951519781 0.9858 0
1651951522591 0.9928 0
1651951527011 0.8425333333333334 0
1651951530879 0.8952 0
1651951534896 0.9146666666666666 0
1651951538693 0.9289333333333334 0
1651951542788 0.9414666666666667 0
1651951546879 0.9541333333333334 0
1651951550965 0.9557333333333333 0
1651951555073 0.9630666666666666 0
1651951559074 0.9693333333333334 0
1651951563121 0.9750666666666666 0
1651951567129 0.9758666666666667 0
1651951571206 0.976 0
1651951575178 0.9753333333333334 0
1651951579188 0.9816 0
1651951583201 0.9828 0
1651951587257 0.9794666666666667 0
1651951591243 0.9825333333333334 0
1651951595270 0.982 0
1651951599175 0.9828 0
1651951603139 0.9824 0
1651951607212 0.9870666666666666 0
1651951611187 0.9821333333333333 0
1651951615247 0.9848 0
1651951619267 0.9801333333333333 0
1651951623226 0.9861333333333333 0
1651951627202 0.9868 0
1651951631180 0.9822666666666666 0
1651951635291 0.9845333333333334 0
1651951639373 0.9825333333333334 0
1651951643387 0.9916 0
1651951647467 0.9850666666666666 0
1651951651610 0.9834666666666667 0
1651951655607 0.9816 0
1651951659520 0.9914666666666667 0
1651951663545 0.9912 0
1651951667459 0.9904 0
1651951671502 0.9902666666666666 0
1651951675507 0.9888 0
1651951679554 0.9844 0
1651951683318 0.9773333333333334 0
1651951687388 0.9874666666666667 0
1651951691401 0.9828 0
1651951695555 0.9934666666666667 0
1651951699607 0.9906666666666667 0
1651951703749 0.9893333333333333 0
1651951707734 0.9862666666666666 0
1651951711689 0.9864 0
1651951715720 0.9884 0
1651951719811 0.9857333333333334 0
1651951723870 0.9922666666666666 0
1651951728705 0.9049079754601227 0
1651951732904 0.9498532942117898 0
1651951737145 0.9663910376100293 0
1651951741045 0.9723926380368099 0
1651951745300 0.9695918911709789 0
1651951749504 0.9743931715124033 0
1651951753800 0.981461723126167 0
1651951757832 0.9797279274473193 0
1651951761987 0.9777273939717258 0
1651951766022 0.9829287810082689 0
1651951770170 0.9889303814350493 0
1651951774263 0.984129101093625 0
1651951778388 0.9873299546545745 0
1651951782607 0.9889303814350493 0
1651951786704 0.9882635369431848 0
1651951790922 0.9847959455854894 0
1651951795129 0.9845292077887436 0
1651951799222 0.9850626833822352 0
1651951803368 0.992131234995999 0
1651951807500 0.9867964790610829 0
1651951811673 0.984129101093625 0
1651951815844 0.9918644971992532 0
1651951820048 0.9913310216057616 0
1651951824220 0.987996799146439 0
1651951828365 0.9889303814350493 0
1651951832476 0.992131234995999 0
1651951836744 0.983995732195252 0
1651951840769 0.9885302747399306 0
1651951844851 0.9890637503334222 0
1651951848907 0.9938650306748467 0
1651951853101 0.9906641771138971 0
1651951857358 0.9906641771138971 0
1651951861527 0.9913310216057616 0
1651951865707 0.9927980794878635 0
1651951869781 0.9874633235529474 0
1651951873906 0.98666311016271 0
1651951877988 0.9874633235529474 0
1651951882245 0.9883969058415577 0
1651951886468 0.99079754601227 0
1651951890611 0.9939983995732196 0
1651951894636 0.9847959455854894 0
1651951898678 0.9909309149106429 0
1651951902776 0.9926647105894906 0
1651951906829 0.9943985062683383 0
1651951910967 0.9891971192317951 0
1651951915134 0.9899973326220325 0
1651951919193 0.989330488130168 0
1651951923360 0.9902640704187783 0
1651951927609 0.9906641771138971 0
1651951931743 0.9911976527073887 0
1651951936871 0.8381333333333333 0
1651951941128 0.9008 0
1651951945446 0.9161333333333334 0
1651951949584 0.9352 0
1651951953932 0.9508 0
1651951958302 0.9568 0
1651951962564 0.9676 0
1651951966848 0.9717333333333333 0
1651951971014 0.9714666666666667 0
1651951975348 0.9796 0
1651951979615 0.9754666666666667 0
1651951983967 0.9816 0
1651951988224 0.9808 0
1651951992436 0.9789333333333333 0
1651951996569 0.9844 0
1651952000854 0.9874666666666667 0
1651952005286 0.9858666666666667 0
1651952009465 0.9902666666666666 0
1651952013719 0.9861333333333333 0
1651952017956 0.9792 0
1651952022265 0.9861333333333333 0
1651952026448 0.9877333333333334 0
1651952030637 0.9872 0
1651952034924 0.9898666666666667 0
1651952039268 0.9890666666666666 0
1651952043472 0.9948 0
1651952047752 0.9846666666666667 0
1651952051976 0.9832 0
1651952056146 0.9878666666666667 0
1651952060400 0.9892 0
1651952064665 0.9905333333333334 0
1651952068912 0.9890666666666666 0
1651952073076 0.9869333333333333 0
1651952077510 0.9893333333333333 0
1651952081876 0.9885333333333334 0
1651952086281 0.9853333333333333 0
1651952090692 0.9858666666666667 0
1651952094986 0.9914666666666667 0
1651952099217 0.9862666666666666 0
1651952103586 0.9894666666666667 0
1651952107716 0.9944 0
1651952112094 0.9888 0
1651952116310 0.9868 0
1651952120491 0.9904 0
1651952124700 0.9904 0
1651952128897 0.9936 0
1651952133265 0.9896 0
1651952137558 0.9850666666666666 0
1651952141896 0.9885333333333334 0
1651952146213 0.9902666666666666 0
