1651671846724 1.387895125770569 0
1651671850803 0.971263216495514 0
1651671854609 0.7438790153503418 0
1651671858714 0.6121349461555481 0
1651671862825 0.514965503001213 0
1651671867009 0.44836533722877503 0
1651671871062 0.37825338399410247 0
1651671875173 0.33093933359384536 0
1651671879233 0.2951140893280506 0
1651671883279 0.23553754032254218 0
1651671887341 0.2194455512225628 0
1651671891445 0.185124228438735 0
1651671895480 0.15489528886079787 0
1651671899506 0.13344051254689693 0
1651671903541 0.13305328983962536 0
1651671907528 0.10858881189376116 0
1651671911552 0.10057184073626996 0
1651671915511 0.09471703817993403 0
1651671919530 0.1014936176598072 0
1651671923657 0.08391933783590794 0
1651671927805 0.08362828900963068 0
1651671931771 0.08221867424324154 0
1651671935737 0.0859539821870625 0
1651671939819 0.07076931811869144 0
1651671943867 0.06894700345695019 0
1651671947837 0.07169402535371483 0
1651671951918 0.06921521838605404 0
1651671955954 0.06237695256993175 0
1651671959992 0.066448940590024 0
1651671964041 0.04906300824061036 0
1651671968198 0.056429869831353424 0
1651671972261 0.05309846713915467 0
1651671976270 0.06094803566336632 0
1651671980350 0.06428719417639077 0
1651671984444 0.04707924468256533 0
1651671988501 0.048015987587347625 0
1651671992404 0.05030511571913958 0
1651671996456 0.048581191665679216 0
1651672000442 0.053050307684764264 0
1651672004445 0.0575855399556458 0
1651672008457 0.03555151738971472 0
1651672012468 0.049560163788869974 0
1651672016520 0.05026633845400065 0
1651672020585 0.038021233113110064 0
1651672024598 0.04191816848404706 0
1651672028670 0.040152326564863325 0
1651672032734 0.04727257155030966 0
1651672036763 0.033500641053169966 0
1651672040739 0.026677404973469675 0
1651672044802 0.05406345590185374 0
1651672050986 1.0587737825870513 0
1651672054395 0.5454246359109879 0
1651672057819 0.3967239357829094 0
1651672061213 0.2962079373240471 0
1651672064649 0.2526490633606911 0
1651672068101 0.2001063521593809 0
1651672071550 0.16046964342594147 0
1651672075067 0.1473097427636385 0
1651672078535 0.1214712031275034 0
1651672081946 0.10851491147279739 0
1651672085382 0.08704942850247026 0
1651672088837 0.08587203449457884 0
1651672092306 0.07849380887150764 0
1651672095758 0.0741652634114027 0
1651672099193 0.06414350118860603 0
1651672102554 0.04564037338867784 0
1651672105994 0.04738309668004513 0
1651672109439 0.06225045775026083 0
1651672112955 0.05009768914841115 0
1651672116443 0.04474779234975576 0
1651672119906 0.03636355793736875 0
1651672123426 0.0326475048057735 0
1651672126875 0.030524579027667642 0
1651672130294 0.03603196851853281 0
1651672133733 0.04516537476163358 0
1651672137150 0.03409115521926433 0
1651672140551 0.02838435828704387 0
1651672143975 0.032928675046935675 0
1651672147322 0.03111503460407257 0
1651672150728 0.02864364296384156 0
1651672154127 0.039481738574616614 0
1651672157554 0.02877104011364281 0
1651672160944 0.02473573708385229 0
1651672164358 0.03247555270716548 0
1651672167775 0.031057978999987246 0
1651672171275 0.020468488531932234 0
1651672174709 0.020374699348397553 0
1651672178163 0.028974904928728937 0
1651672181602 0.01889942792560905 0
1651672185062 0.023527166597358883 0
1651672188514 0.033568247440829875 0
1651672191937 0.023527627148479224 0
1651672195413 0.019574203802924604 0
1651672198864 0.02527041394338012 0
1651672202325 0.01807888281182386 0
1651672205779 0.033899315764103086 0
1651672209243 0.018331818626541645 0
1651672212704 0.01999941895441152 0
1651672216158 0.020987206727359445 0
1651672219565 0.017100979265617208 0
1651672228516 1.0785661286354065 0
1651672232052 0.6088793133735657 0
1651672235565 0.43800851790905 0
1651672239121 0.36060470472574235 0
1651672242592 0.29053180708289145 0
1651672246133 0.25881606491208076 0
1651672249661 0.203488408690691 0
1651672253206 0.17968899510502814 0
1651672256791 0.17085199018716812 0
1651672260358 0.14377173455655576 0
1651672263931 0.11732574828267098 0
1651672267474 0.117240932713449 0
1651672270930 0.11067591173052788 0
1651672274441 0.09321714878678322 0
1651672277978 0.0769738416492939 0
1651672281513 0.07414902590811252 0
1651672285046 0.07206313252076507 0
1651672288595 0.06736423824504018 0
1651672292168 0.07473589729145169 0
1651672295752 0.0797619023643434 0
1651672299245 0.06786205926723778 0
1651672302758 0.06495799531415104 0
1651672306269 0.061955266091227534 0
1651672309823 0.04957542169801891 0
1651672313374 0.04632498386055231 0
1651672316909 0.05076526509448886 0
1651672320452 0.044414500494487585 0
1651672323987 0.051353158206865195 0
1651672327502 0.03344684759117663 0
1651672330984 0.04639758561290801 0
1651672334505 0.047636988235265014 0
1651672338033 0.03261735949851573 0
1651672341554 0.03451089660581201 0
1651672345118 0.04693315759263933 0
1651672348677 0.03737857207097113 0
1651672352267 0.032499515491724015 0
1651672355840 0.034064768500253556 0
1651672359351 0.04705006927903742 0
1651672362881 0.03202245304118842 0
1651672366452 0.03968534639198333 0
1651672370001 0.029857782398909332 0
1651672373495 0.0403840760756284 0
1651672377002 0.03477840506499633 0
1651672380514 0.029374711568932982 0
1651672383924 0.03576218742756173 0
1651672387476 0.027931639679335058 0
1651672391018 0.03216632966557518 0
1651672394566 0.029548057797551156 0
1651672398151 0.038575322303175924 0
1651672401727 0.026418091245368123 0
1651672413627 0.9003708016395569 0
1651672417175 0.47991637296676637 0
1651672420740 0.3555652126312256 0
1651672424302 0.2997091758131981 0
1651672427812 0.26509251616597174 0
1651672431357 0.2071666800379753 0
1651672434895 0.1660347625464201 0
1651672438395 0.14800267820954321 0
1651672442059 0.13613754559457303 0
1651672445622 0.11134589822515845 0
1651672449144 0.10216442463994026 0
1651672452648 0.09213884160220623 0
1651672456202 0.08053304211348296 0
1651672459792 0.07546461254805327 0
1651672463374 0.05576603626906872 0
1651672466891 0.07200635667741298 0
1651672470444 0.06550146100744605 0
1651672473949 0.04955235080718994 0
1651672477511 0.06121253618821502 0
1651672481049 0.057638761749863626 0
1651672484606 0.03851509708836675 0
1651672488179 0.038839803571254015 0
1651672491714 0.05297576050497591 0
1651672495300 0.046657589831203224 0
1651672498854 0.039330698102712634 0
1651672502339 0.04462019339241088 0
1651672505800 0.02650235681030899 0
1651672509308 0.05575400864928961 0
1651672512871 0.03785946050509811 0
1651672516323 0.027042989192716776 0
1651672519837 0.018865875667147338 0
1651672523303 0.027227418459020554 0
1651672526796 0.033163141992129386 0
1651672530311 0.035283654002286495 0
1651672533733 0.023065664088353515 0
1651672537251 0.014293357842229307 0
1651672540738 0.0315624387126416 0
1651672544221 0.027384929287433624 0
1651672547757 0.03187506493572146 0
1651672551290 0.01915442945882678 0
1651672554843 0.028601095538400113 0
1651672558363 0.024626518572308125 0
1651672561852 0.023627397166378798 0
1651672565263 0.03034640429308638 0
1651672568789 0.019991695909388364 0
1651672572311 0.02119496261300519 0
1651672575817 0.016771484762709586 0
1651672579379 0.02263220568494871 0
1651672582985 0.025367879140842705 0
1651672586488 0.0145415662067011 0
1651672601215 1.3154691035270691 0
1651672604799 0.8689669454574585 0
1651672608413 0.6677714447975158 0
1651672611968 0.5539486201286316 0
1651672615547 0.4707490978002548 0
1651672619108 0.39767049936056137 0
1651672622643 0.33118359780311585 0
1651672626153 0.2855154302716255 0
1651672629651 0.24267515903115272 0
1651672633246 0.21529440590143203 0
1651672636783 0.18316261430084704 0
1651672640339 0.1591552839130163 0
1651672643815 0.15745951904952527 0
1651672647374 0.14421672013103962 0
1651672650884 0.11761452677696943 0
1651672654422 0.10619712194055318 0
1651672657985 0.08995676143467426 0
1651672661519 0.0901922482252121 0
1651672665024 0.07881688414886594 0
1651672668476 0.09022316911146044 0
1651672671952 0.09698288569450378 0
1651672675508 0.08399481883570552 0
1651672679011 0.07507470694407821 0
1651672682564 0.0650606685884297 0
1651672686092 0.07301907856687903 0
1651672689658 0.08240352944731712 0
1651672693188 0.062293665308505296 0
1651672696687 0.06281476894840599 0
1651672700259 0.06219947312064469 0
1651672703769 0.06045515192002058 0
1651672707330 0.049377125203236935 0
1651672710889 0.05290678729750216 0
1651672714416 0.06255701358243823 0
1651672717954 0.0480067166082561 0
1651672721478 0.05540169862098992 0
1651672725062 0.04781768831834197 0
1651672728561 0.04422206855081022 0
1651672732112 0.05641773854792118 0
1651672735707 0.038213569311983886 0
1651672739221 0.05130626805573702 0
1651672742798 0.03475996110439301 0
1651672746398 0.03767758989240974 0
1651672749960 0.043437570371106266 0
1651672753453 0.06095603649392724 0
1651672757021 0.043176980022899804 0
1651672760606 0.035870792601071295 0
1651672764200 0.03162607351243496 0
1651672767745 0.03744233015216887 0
1651672771205 0.04028680767826736 0
1651672774786 0.04337198331132531 0
1651672792535 1.2378600828170776 0
1651672796085 0.8071415618896485 0
1651672799670 0.6450004858970642 0
1651672803307 0.5481291239976883 0
1651672806901 0.4768367862224579 0
1651672810443 0.4063778362989426 0
1651672814034 0.33810521434545515 0
1651672817629 0.28185045254826546 0
1651672821168 0.26451178840100764 0
1651672824719 0.20973595730662345 0
1651672828264 0.17768993537724018 0
1651672831711 0.17940395525097846 0
1651672835227 0.17735561068058014 0
1651672838766 0.14088559003323317 0
1651672842387 0.11295111733078957 0
1651672845876 0.11263553956449032 0
1651672849447 0.10263795139715076 0
1651672853024 0.10109499815553427 0
1651672856592 0.0897715294122696 0
1651672860095 0.09232032854259015 0
1651672863656 0.09822368873432279 0
1651672867166 0.06650635365769267 0
1651672870688 0.07060877610594034 0
1651672874240 0.07714326887503266 0
1651672877741 0.06587855699956417 0
1651672881339 0.06836447729468345 0
1651672884896 0.07486759167909622 0
1651672888456 0.06305595322363079 0
1651672892040 0.07985416633673012 0
1651672895542 0.06011612972021103 0
1651672899119 0.051684237041324375 0
1651672902584 0.06099838429167867 0
1651672906087 0.05925674110390246 0
1651672909678 0.061398701668158175 0
1651672913241 0.05541193072274327 0
1651672916812 0.05698628459814936 0
1651672920260 0.04555222915522754 0
1651672923791 0.049444918320700526 0
1651672927266 0.04399569326452911 0
1651672930798 0.04206185540985316 0
1651672934350 0.04534340518955141 0
1651672937928 0.03670610722471029 0
1651672941478 0.03019197122398764 0
1651672944988 0.04168378548696637 0
1651672948507 0.02817007905077189 0
1651672952074 0.0386981611514464 0
1651672955618 0.0473337747875601 0
1651672959141 0.047296286879107356 0
1651672962665 0.03197864821832627 0
1651672966157 0.03028971295002848 0
1651672986686 1.2228401453971862 0
1651672990208 0.8418985889434815 0
1651672993724 0.6753936051368713 0
1651672997242 0.5904900998592376 0
1651673000822 0.4983190880179405 0
1651673004431 0.44677032454013826 0
1651673007954 0.38613930535316465 0
1651673011552 0.3279820056438446 0
1651673015107 0.28604066373109815 0
1651673018654 0.24901386127471925 0
1651673022203 0.23018631144165994 0
1651673025691 0.17732933778762816 0
1651673029254 0.16064681433439254 0
1651673032740 0.15239321650862694 0
1651673036223 0.1392532519161701 0
1651673039806 0.12621433338075877 0
1651673043391 0.09575477884113788 0
1651673046918 0.1254949291959405 0
1651673050507 0.10488372565209865 0
1651673054109 0.08655722461789847 0
1651673057683 0.09495394209623337 0
1651673061201 0.08857158960700035 0
1651673064797 0.07613648225516081 0
1651673068318 0.07110412186719477 0
1651673071947 0.07493021136596799 0
1651673075473 0.08578200731649994 0
1651673078987 0.06659951925054193 0
1651673082592 0.07689188185930253 0
1651673086057 0.06839169149249792 0
1651673089685 0.047858246121183036 0
1651673093235 0.07069299438707531 0
1651673096774 0.07102591220773756 0
1651673100339 0.06719187624491751 0
1651673103910 0.0559741180960089 0
1651673107540 0.06057949406169355 0
1651673111087 0.05124562459103763 0
1651673114666 0.04530141652133316 0
1651673118307 0.05890168042294681 0
1651673121897 0.03766166562531143 0
1651673125491 0.050986431645788255 0
1651673128951 0.054625542267411946 0
1651673132396 0.04494516795165837 0
1651673135951 0.05171844075471163 0
1651673139465 0.0501495850764215 0
1651673143043 0.04449603093359619 0
1651673146606 0.03835659826416522 0
1651673150080 0.05103029769267887 0
1651673153636 0.04305946933142841 0
1651673157182 0.046106726265326144 0
1651673160768 0.03691617321483791 0
1651673184278 1.1732768629074097 0
1651673187864 0.7044950080871581 0
1651673191471 0.55971456656456 0
1651673194971 0.4602562438964844 0
1651673198555 0.40404900478124617 0
1651673202093 0.32681024651527407 0
1651673205692 0.2981000258028507 0
1651673209252 0.2362553654909134 0
1651673212841 0.21787196584939958 0
1651673216400 0.17743086849749087 0
1651673219956 0.1575382904946804 0
1651673223544 0.15119960257411003 0
1651673227088 0.13055046461820602 0
1651673230690 0.11942768682092428 0
1651673234209 0.13145307427346706 0
1651673237700 0.0983227714240551 0
1651673241264 0.09351030214428901 0
1651673244859 0.1025480207592249 0
1651673248449 0.08557049706950784 0
1651673252099 0.08306423278972506 0
1651673255715 0.07545891849249602 0
1651673259300 0.08367320463508368 0
1651673262879 0.05956796930655837 0
1651673266413 0.05785397283434868 0
1651673269903 0.08610346041992306 0
1651673273514 0.06985772397145629 0
1651673277026 0.05592145424559712 0
1651673280603 0.05632340460419655 0
1651673284170 0.06189999665617943 0
1651673287638 0.05337079300656915 0
1651673291246 0.05021527026705444 0
1651673294800 0.04388945161253214 0
1651673298353 0.04604155440256 0
1651673301932 0.05303626963496208 0
1651673305523 0.053939296624064444 0
1651673309125 0.03331487375050783 0
1651673312710 0.04470967289209366 0
1651673316283 0.06386182731259614 0
1651673319870 0.0480375355117023 0
1651673323398 0.043894633779302236 0
1651673326895 0.034175420949049296 0
1651673330488 0.04123354268632829 0
1651673334075 0.037173236827924845 0
1651673337707 0.04047111401818693 0
1651673341300 0.037119058487564326 0
1651673344917 0.03341334189344197 0
1651673348525 0.04931453711623326 0
1651673352102 0.02346750689866021 0
1651673355734 0.03275032510403544 0
1651673359333 0.0403896220959723 0
1651673385827 1.2861737752914428 0
1651673389426 0.847091030216217 0
1651673393013 0.6513949570655823 0
1651673396587 0.530341409945488 0
1651673400070 0.4332818643569946 0
1651673403475 0.4003545503735542 0
1651673407072 0.3326788410305977 0
1651673410660 0.2904002602696419 0
1651673414179 0.2610541841089726 0
1651673417750 0.22930455090999602 0
1651673421361 0.202940072786808 0
1651673424944 0.17032575160562993 0
1651673428521 0.14330290190279485 0
1651673432072 0.15180606761276721 0
1651673435669 0.11776421175301074 0
1651673439297 0.11285518869459629 0
1651673442871 0.10430797046869993 0
1651673446496 0.08873758439049124 0
1651673450141 0.09164216049164534 0
1651673453759 0.09843432118743659 0
1651673457266 0.08495090509057045 0
1651673460751 0.07230494964495301 0
1651673464302 0.08572410225719214 0
1651673467923 0.08643434430360794 0
1651673471484 0.07634763025417923 0
1651673474972 0.05184183524996042 0
1651673478572 0.08397900623232127 0
1651673482193 0.06723171585798264 0
1651673485800 0.057288769636675715 0
1651673489374 0.05607207039967179 0
1651673492921 0.06434818907827139 0
1651673496516 0.05765038902126253 0
1651673500004 0.05567469064593315 0
1651673503573 0.04243407113291323 0
1651673507164 0.050445013806968926 0
1651673510682 0.048619498656317595 0
1651673514216 0.057794874493032694 0
1651673517785 0.05656932933032513 0
1651673521368 0.048116376601159576 0
1651673524880 0.04951103782244027 0
1651673528339 0.047761304320022464 0
1651673531853 0.036754179054684935 0
1651673535428 0.053488398487120864 0
1651673538988 0.03174994881637395 0
1651673542561 0.05176677120141685 0
1651673546154 0.033231887412071226 0
1651673549741 0.03929766954667866 0
1651673553369 0.055596731598488984 0
1651673556900 0.03462945636697114 0
1651673560436 0.028506373364385218 0
1651673590115 1.1003691537857057 0
1651673593806 0.7495092364788055 0
1651673597326 0.6366061316013336 0
1651673600977 0.5521734214782715 0
1651673604670 0.4878519479870796 0
1651673608370 0.42789191373586655 0
1651673612092 0.39341655471920967 0
1651673615790 0.35939299136996267 0
1651673619394 0.29601055425405504 0
1651673623053 0.2849786898612976 0
1651673626701 0.2631091637790203 0
1651673630294 0.2222208787769079 0
1651673633943 0.21187721112370492 0
1651673637607 0.17281815640926362 0
1651673641263 0.15745654157698155 0
1651673644878 0.13259076818525792 0
1651673648561 0.12711981552243232 0
1651673652248 0.14128294330835342 0
1651673655901 0.10836704672574997 0
1651673659587 0.1191302213832736 0
1651673663268 0.10703799436688423 0
1651673666951 0.1003344610080123 0
1651673670604 0.09101188614666463 0
1651673674182 0.08255231836438179 0
1651673677852 0.08900136386752129 0
1651673681518 0.07974878805615009 0
1651673685226 0.07904703378491104 0
1651673688927 0.08055314916670323 0
1651673692570 0.07465746910199524 0
1651673696257 0.07553332462646067 0
1651673699901 0.07789860147759319 0
1651673703494 0.06046049504205585 0
1651673707124 0.06174251796230674 0
1651673710764 0.06841181765533984 0
1651673714411 0.051810581179521975 0
1651673718068 0.05498022730238736 0
1651673721725 0.08185980603508651 0
1651673725470 0.06156569073311985 0
1651673729151 0.07021111106257885 0
1651673732818 0.041319481996819375 0
1651673736583 0.05414475157912821 0
1651673740278 0.061888055276870725 0
1651673743965 0.04278759816400707 0
1651673747662 0.044815607903338966 0
1651673751373 0.03729092734325677 0
1651673754987 0.04263511268831789 0
1651673758701 0.05997610476091504 0
1651673762311 0.0406665590133518 0
1651673766014 0.0376911747539416 0
1651673769672 0.05863495844434947 0
1651673801983 1.1524492230415344 0
1651673805535 0.654410744857788 0
1651673809103 0.46236616671085357 0
1651673812596 0.38346565922498704 0
1651673816144 0.33042341623306276 0
1651673819693 0.2652689343214035 0
1651673823219 0.2325488366484642 0
1651673826804 0.1917075452655554 0
1651673830319 0.17528791924715043 0
1651673833799 0.1549703470259905 0
1651673837367 0.12866590920090676 0
1651673840968 0.1221149345651269 0
1651673844537 0.10168671575635671 0
1651673848120 0.10753724749088288 0
1651673851687 0.09022229015678167 0
1651673855339 0.08726307036429644 0
1651673858908 0.066165414480865 0
1651673862477 0.07978400598466397 0
1651673866081 0.07210958787500858 0
1651673869685 0.06477558693438769 0
1651673873251 0.0678485053755343 0
1651673876875 0.07291021917983889 0
1651673880367 0.05734655417129397 0
1651673883912 0.050847742512822154 0
1651673887462 0.06158774510994554 0
1651673891116 0.06088462141677737 0
1651673894722 0.059973009914532305 0
1651673898300 0.052071118430420754 0
1651673901970 0.0428356602307409 0
1651673905566 0.04820846125036478 0
1651673909066 0.040190292543172836 0
1651673912667 0.043443270563706754 0
1651673916148 0.05710233736783266 0
1651673919702 0.04106785200089216 0
1651673923297 0.03326429152805358 0
1651673926883 0.0385003670707345 0
1651673930503 0.03603908101581037 0
1651673934087 0.04194790957849473 0
1651673937711 0.03701673796270043 0
1651673941298 0.02873447586428374 0
1651673944851 0.0418826143745333 0
1651673948435 0.050643681300990284 0
1651673952063 0.03445285343583673 0
1651673955646 0.04018318177144974 0
1651673959204 0.037812698978744445 0
1651673962768 0.02676205865787342 0
1651673966356 0.02926783397272229 0
1651673969954 0.026154409089125693 0
1651673973493 0.03689288365673274 0
1651673977087 0.0309000332262367 0
1651674012551 1.2258052510261537 0
1651674016101 0.7961011960029603 0
1651674019599 0.6352652313232422 0
1651674023242 0.537351509141922 0
1651674026832 0.4445222663640976 0
1651674030375 0.406311191213131 0
1651674033907 0.3269547298312187 0
1651674037569 0.2978342145204544 0
1651674041156 0.2847314576983452 0
1651674044738 0.2201532724261284 0
1651674048322 0.2255594643712044 0
1651674051972 0.19439725612401962 0
1651674055556 0.1765707372069359 0
1651674059111 0.1476980095177889 0
1651674062687 0.1442274385869503 0
1651674066266 0.13760557917356492 0
1651674069850 0.12802426114678384 0
1651674073396 0.11820186067074537 0
1651674076986 0.08649230696558953 0
1651674080614 0.09912982946038246 0
1651674084235 0.10166522039026021 0
1651674087870 0.0841090070977807 0
1651674091476 0.09448485872596503 0
1651674095022 0.07735788819640875 0
1651674098609 0.10195741883665323 0
1651674102185 0.06141508435532451 0
1651674105813 0.06697254789024591 0
1651674109411 0.0810604909773916 0
1651674113047 0.057570438249781725 0
1651674116643 0.06935412707515061 0
1651674120158 0.051477406262606384 0
1651674123738 0.06256050389558077 0
1651674127342 0.06800088823102414 0
1651674130934 0.05639842323157936 0
1651674134549 0.06204330938011408 0
1651674138191 0.04716052441280335 0
1651674141878 0.06666072683818638 0
1651674145415 0.04860590798445046 0
1651674149019 0.04648852557111532 0
1651674152572 0.04833978197537363 0
1651674156215 0.04917864572480321 0
1651674159851 0.06410437404364347 0
1651674163528 0.044547861534357074 0
1651674167209 0.037816796826943756 0
1651674170772 0.05104945601057261 0
1651674174387 0.059717520803026856 0
1651674177955 0.04327986253611744 0
1651674181613 0.0342696139479056 0
1651674185155 0.04329724280703813 0
1651674188653 0.0479136026494205 0
1651674227377 1.2515111673355102 0
1651674230946 0.869685593700409 0
1651674234614 0.7330218869686127 0
1651674238283 0.6439258997917175 0
1651674241940 0.5442044019460678 0
1651674245584 0.4860597406625748 0
1651674249237 0.4265515667080879 0
1651674252943 0.39613873428106305 0
1651674256642 0.35359046018123624 0
1651674260320 0.30161185851097105 0
1651674263996 0.28002244955301286 0
1651674267640 0.2533531040608883 0
1651674271305 0.2248436904847622 0
1651674275015 0.1880252746105194 0
1651674278696 0.1873365483403206 0
1651674282407 0.1758584917485714 0
1651674286143 0.15714723208546638 0
1651674289820 0.14258138492852448 0
1651674293423 0.13529704754054547 0
1651674297125 0.11973252438902855 0
1651674300793 0.1294435404598713 0
1651674304375 0.12083537784814835 0
1651674308055 0.10535586009770632 0
1651674311791 0.11157275630682707 0
1651674315449 0.10705344634354115 0
1651674319180 0.08234310352951288 0
1651674322856 0.08906070286557079 0
1651674326544 0.08407303129583597 0
1651674330249 0.10731057100743055 0
1651674333945 0.07730490935891866 0
1651674337572 0.07651023530513049 0
1651674341198 0.07202984144501388 0
1651674344909 0.06116133619248867 0
1651674348583 0.07675211097672582 0
1651674352232 0.07022252371385694 0
1651674355883 0.07744369347020984 0
1651674359575 0.05152624491192401 0
1651674363185 0.0639002944663167 0
1651674366848 0.06466670654006303 0
1651674370519 0.061158880007267 0
1651674374216 0.06780770733822138 0
1651674377929 0.06291112116612493 0
1651674381583 0.04384161827675998 0
1651674385296 0.05219117438308895 0
1651674388983 0.05163933989666402 0
1651674392725 0.06824087212532759 0
1651674396486 0.056503485695831475 0
1651674400245 0.05783506027162075 0
1651674403989 0.04151594795715064 0
1651674407707 0.04778400254137814 0
1651674449653 1.201870986366272 0
1651674453190 0.7056204857349396 0
1651674456836 0.5412179871439934 0
1651674460441 0.42727734518051147 0
1651674464089 0.3640783555150032 0
1651674467751 0.3228193020701408 0
1651674471344 0.27768900478482245 0
1651674474959 0.21787971372008325 0
1651674478592 0.1892316468447447 0
1651674482151 0.15906359993219377 0
1651674485773 0.1606113127976656 0
1651674489426 0.14278066731989383 0
1651674493025 0.13623109161257743 0
1651674496696 0.11189904868602753 0
1651674500264 0.11317331889420748 0
1651674503785 0.10677804401367903 0
1651674507405 0.08798608827590942 0
1651674510992 0.09065205746889114 0
1651674514586 0.0713652721516788 0
1651674518272 0.0877584078423679 0
1651674521899 0.08377431914806366 0
1651674525477 0.06199533203095198 0
1651674528998 0.06617102445811034 0
1651674532630 0.05747302438691258 0
1651674536163 0.07588453848436474 0
1651674539751 0.05151737330928445 0
1651674543348 0.06676628310531378 0
1651674546915 0.036389635590463876 0
1651674550520 0.05598109931498766 0
1651674554137 0.05095951902717352 0
1651674557671 0.0548072241269052 0
1651674561297 0.0426427911747247 0
1651674564988 0.07078956010192633 0
1651674568664 0.038080791282653806 0
1651674572311 0.03391190369278192 0
1651674575970 0.047850888082385065 0
1651674579571 0.03867742909118533 0
1651674583177 0.034131586485356094 0
1651674586800 0.035776477384008465 0
1651674590400 0.04189817337691784 0
1651674593983 0.04300244392175227 0
1651674597614 0.04923154652621597 0
1651674601245 0.03580556236281991 0
1651674604858 0.033151682245358825 0
1651674608435 0.03874615136384964 0
1651674612041 0.04368426082935184 0
1651674615644 0.028222285252064466 0
1651674619267 0.0360317753860727 0
1651674622840 0.03617234055623412 0
1651674626443 0.03198896893505007 0
1651674671456 1.1050757300376892 0
1651674675169 0.7259083638191223 0
1651674678924 0.577634149479866 0
1651674682655 0.4822844346523285 0
1651674686416 0.41226836194992067 0
1651674690145 0.3815488189697266 0
1651674694009 0.31919236862659456 0
1651674697669 0.25762484241724015 0
1651674701465 0.22365054819583893 0
1651674705189 0.2247906901896 0
1651674708910 0.19391141353845595 0
1651674712627 0.16176445971131326 0
1651674716371 0.14912122055888177 0
1651674720028 0.1474471060425043 0
1651674723761 0.11690811178982258 0
1651674727505 0.12625810734331608 0
1651674731263 0.1138386813223362 0
1651674734924 0.10303539744764566 0
1651674738636 0.09767587780803443 0
1651674742323 0.09321041861996054 0
1651674746074 0.0878743088722229 0
1651674749818 0.08341736860945821 0
1651674753535 0.07299515768364072 0
1651674757305 0.0817238493859768 0
1651674761006 0.07499014900587499 0
1651674764714 0.05802406675033271 0
1651674768460 0.04888676164299249 0
1651674772181 0.06710212087221444 0
1651674775882 0.08402538941241801 0
1651674779597 0.051277549237012866 0
1651674783303 0.05670867339223623 0
1651674786950 0.05494805130362511 0
1651674790677 0.058671020090952514 0
1651674794417 0.04490655549094081 0
1651674798170 0.05256787397302687 0
1651674801817 0.042998176583833994 0
1651674805400 0.050011948335357014 0
1651674809182 0.04814668059255928 0
1651674812891 0.05785080579444766 0
1651674816603 0.04262391540315002 0
1651674820301 0.03462115339711309 0
1651674823996 0.05835754932891578 0
1651674827756 0.05397261433210224 0
1651674831473 0.030086296913027763 0
1651674835244 0.04438039655629546 0
1651674838953 0.04819708296768367 0
1651674842663 0.04004489911552519 0
1651674846400 0.045779813708923756 0
1651674850095 0.032335500112362206 0
1651674853861 0.028577369565702976 0
1651674901749 1.1930868819236755 0
1651674905345 0.763897596859932 0
1651674909041 0.5979322869777679 0
1651674912681 0.49681888098716737 0
1651674916299 0.42761719200611115 0
1651674919931 0.37005111125707624 0
1651674923466 0.3252124360442162 0
1651674927038 0.2890000094413757 0
1651674930665 0.22781743448972702 0
1651674934292 0.22434692586660385 0
1651674937890 0.1864214553952217 0
1651674941502 0.16186743780374527 0
1651674945120 0.1520474279910326 0
1651674948662 0.1486157729178667 0
1651674952245 0.11381925268471241 0
1651674955809 0.1188953061118722 0
1651674959445 0.10664152717292309 0
1651674963085 0.08810986289083958 0
1651674966651 0.11540739433169366 0
1651674970304 0.0775745668746531 0
1651674973982 0.09013722135499119 0
1651674977644 0.07721281464919448 0
1651674981265 0.06937204009592533 0
1651674984926 0.06713426138609647 0
1651674988442 0.0672243738822639 0
1651674992123 0.06022655271962285 0
1651674995749 0.08153467434197664 0
1651674999348 0.053950793066620824 0
1651675002966 0.05369576035141945 0
1651675006616 0.051090925988927484 0
1651675010350 0.0618717471152544 0
1651675013913 0.05031896553337574 0
1651675017466 0.04874309874251485 0
1651675021000 0.04854068254008889 0
1651675024692 0.037774530835449696 0
1651675028218 0.062193244399875405 0
1651675031825 0.06084160145409405 0
1651675035512 0.0499519004214555 0
1651675039198 0.040269243121519686 0
1651675042825 0.04532747959922999 0
1651675046449 0.05379233292639256 0
1651675050036 0.045012634493783114 0
1651675053723 0.04871284416411072 0
1651675057351 0.03090508497301489 0
1651675060940 0.052187799141183495 0
1651675064576 0.03777613147087395 0
1651675068122 0.04439058891292661 0
1651675071758 0.04471591679789126 0
1651675075318 0.044640232661366464 0
1651675078970 0.03327641931418329 0
1651675130116 1.1332545273780823 0
1651675133799 0.6023406271457672 0
1651675137441 0.45925204300880434 0
1651675141096 0.3647760787129402 0
1651675144697 0.3103334301590919 0
1651675148289 0.2663490203976631 0
1651675151889 0.21416004933714866 0
1651675155456 0.1861573524683714 0
1651675159111 0.15456951567828656 0
1651675162794 0.1374686951994896 0
1651675166494 0.13745366983711718 0
1651675170213 0.12936786894351243 0
1651675173865 0.09708488530814648 0
1651675177527 0.10750156861841678 0
1651675181284 0.08779137631505728 0
1651675184886 0.08356015195697546 0
1651675188518 0.07682577218934894 0
1651675192140 0.06886144327670336 0
1651675195749 0.069896664198488 0
1651675199323 0.0680670639872551 0
1651675202915 0.0634698379792273 0
1651675206607 0.06466484823040664 0
1651675210273 0.06263632175400853 0
1651675213914 0.0521122511677444 0
1651675217532 0.052917156918346885 0
1651675221222 0.04552820748724044 0
1651675224909 0.04716841925680637 0
1651675228593 0.034086014796420934 0
1651675232276 0.049370801305398344 0
1651675235928 0.04691591771505773 0
1651675239566 0.04970870081111789 0
1651675243178 0.04390489365067333 0
1651675246778 0.03822968234587461 0
1651675250411 0.03707869279049337 0
1651675254051 0.0494922500282526 0
1651675257705 0.03715252222958952 0
1651675261404 0.024589393971301617 0
1651675264993 0.04189576354045421 0
1651675268634 0.03361095868349075 0
1651675272224 0.028069512016884984 0
1651675275862 0.03662687660995871 0
1651675279512 0.027897737414389848 0
1651675283228 0.035796451918873935 0
1651675286898 0.031338878023065626 0
1651675290532 0.028843050834536553 0
1651675294161 0.036795546944439414 0
1651675297828 0.026070616418868302 0
1651675301552 0.026908203987404705 0
1651675305282 0.043056371482275424 0
1651675308960 0.030444656821526587 0
1651675363485 1.1342486933708191 0
1651675367039 0.6339509053230286 0
1651675370640 0.46777205872535704 0
1651675374397 0.3812820050239563 0
1651675378029 0.33292360020875933 0
1651675381686 0.2545656381845474 0
1651675385366 0.22973916969299316 0
1651675389005 0.201364500105381 0
1651675392617 0.18881947785019876 0
1651675396301 0.14752299205958844 0
1651675399970 0.14988984159380198 0
1651675403617 0.11015310661494732 0
1651675407244 0.1158187307626009 0
1651675410887 0.10225616485923529 0
1651675414479 0.08198261491432786 0
1651675418082 0.07083383608013391 0
1651675421697 0.06292484267950058 0
1651675425347 0.08274787455499172 0
1651675428957 0.08304275055229664 0
1651675432571 0.05682875631153583 0
1651675436251 0.057707186265289784 0
1651675439903 0.058087260615825656 0
1651675443545 0.05513562004044652 0
1651675447239 0.0472149968188256 0
1651675450888 0.05289135561622679 0
1651675454518 0.058733706521987915 0
1651675458127 0.04828556601172313 0
1651675461810 0.04616093883141875 0
1651675465491 0.04593585384115577 0
1651675469131 0.05104989180117846 0
1651675472806 0.043372285002470014 0
1651675476467 0.04441298517454416 0
1651675480156 0.040160480194538835 0
1651675483854 0.04124041185099631 0
1651675487510 0.037420921151340006 0
1651675491081 0.02996993255484849 0
1651675494746 0.04422627013549209 0
1651675498392 0.02347192866168916 0
1651675502025 0.03248771845884621 0
1651675505667 0.04848582389811054 0
1651675509350 0.029722682748548685 0
1651675512972 0.039900055461376906 0
1651675516606 0.022681814473494887 0
1651675520138 0.033883658887259666 0
1651675523845 0.032063719926029445 0
1651675527609 0.034605753755383196 0
1651675531272 0.034941860185004774 0
1651675535005 0.023200110790692268 0
1651675538656 0.03772131043560803 0
1651675542311 0.0279180714905262 0
1651675600024 1.305468957710266 0
1651675603711 0.9808869311332703 0
1651675607347 0.8004813296318054 0
1651675610956 0.7081611921310424 0
1651675614588 0.6118760063648224 0
1651675618241 0.530132976603508 0
1651675621876 0.47965817110538483 0
1651675625525 0.38636042556762695 0
1651675629278 0.3380477972626686 0
1651675632893 0.2981132390022278 0
1651675636577 0.26745699429512027 0
1651675640268 0.22345739512443544 0
1651675643971 0.2048427676796913 0
1651675647638 0.19929588052630426 0
1651675651277 0.1628293820142746 0
1651675654856 0.1524143796682358 0
1651675658516 0.1416216152653098 0
1651675662179 0.12404920576214791 0
1651675665822 0.12014337881356478 0
1651675669454 0.11323773167729377 0
1651675673064 0.1259300947010517 0
1651675676705 0.10823248415067792 0
1651675680345 0.08611597291454673 0
1651675684023 0.10761916233748198 0
1651675687680 0.06935133096426725 0
1651675691314 0.08594467891603708 0
1651675694945 0.0817566592298448 0
1651675698622 0.06377643015384674 0
1651675702262 0.076666129013896 0
1651675705915 0.09665379216745495 0
1651675709584 0.08126528638899326 0
1651675713224 0.0562222960177809 0
1651675716839 0.09021642071083188 0
1651675720426 0.05928191747292876 0
1651675724051 0.06180418844334781 0
1651675727608 0.0728245469853282 0
1651675731256 0.051343745244666936 0
1651675734922 0.06298167791329325 0
1651675738551 0.06820836604908109 0
1651675742227 0.06431552315540612 0
1651675745922 0.05981524253655225 0
1651675749624 0.0386646444760263 0
1651675753201 0.05138371521942318 0
1651675756891 0.044700180620513855 0
1651675760634 0.06092831254340708 0
1651675764240 0.05581586690321565 0
1651675767843 0.05519420788623393 0
1651675771482 0.03944739080574364 0
1651675775092 0.0774133935039863 0
1651675778767 0.04918786261826753 0
1651675839545 1.1152919914245605 0
1651675843109 0.6427595577716827 0
1651675846716 0.48551249537467955 0
1651675850321 0.39429135543107985 0
1651675853985 0.3368139085412025 0
1651675857658 0.29541095638275144 0
1651675861284 0.21867027916312218 0
1651675864907 0.20466783631145954 0
1651675868480 0.17873497652709483 0
1651675872051 0.16397510913610458 0
1651675875709 0.12722097963392734 0
1651675879378 0.10992283420860767 0
1651675883010 0.10807690187543631 0
1651675886744 0.09118178591579199 0
1651675890390 0.08121801176667214 0
1651675893967 0.08462291733026504 0
1651675897628 0.07747756157815457 0
1651675901150 0.07021032860353589 0
1651675904822 0.06129608118385076 0
1651675908516 0.060843594519793986 0
1651675912155 0.06259777564555406 0
1651675915804 0.05283686721771955 0
1651675919456 0.06797874414995313 0
1651675923179 0.05933308951631188 0
1651675926899 0.05438200534470379 0
1651675930621 0.055323856291547416 0
1651675934261 0.06153149096295238 0
1651675937965 0.04381237501483411 0
1651675941730 0.05028628560118377 0
1651675945391 0.03954723941981792 0
1651675949135 0.035925878359004855 0
1651675952796 0.052304849575832486 0
1651675956421 0.04291899685245007 0
1651675960022 0.03969774496536702 0
1651675963617 0.03692482909504324 0
1651675967269 0.03567478514946997 0
1651675970914 0.03757578589580953 0
1651675974611 0.04164955861158669 0
1651675978234 0.028300624372716993 0
1651675981919 0.03357235892266035 0
1651675985597 0.034892755681276325 0
1651675989284 0.023067523856833576 0
1651675992961 0.024893746546283364 0
1651675996597 0.045467209719028324 0
1651676000284 0.03572692795731127 0
1651676003902 0.0251127079189755 0
1651676007563 0.03690178852397948 0
1651676011224 0.025646986314095555 0
1651676014870 0.030473712701816112 0
1651676018460 0.03563421847261489 0
