1653188444550 2.4126663055419924 0
1653188448835 2.2147495273590088 0
1653188453143 2.084106699371338 0
1653188457492 1.9829822761535645 0
1653188461810 1.8385833404541017 0
1653188466147 1.7383013679504395 0
1653188470612 1.6565060153961182 0
1653188475021 1.540734178352356 0
1653188479336 1.4305266647338868 0
1653188483692 1.322840851020813 0
1653188489271 2.014640971374512 0
1653188494638 1.6866536239624024 0
1653188499999 1.435560788345337 0
1653188505339 1.219908971786499 0
1653188510697 1.1452340967178345 0
1653188516118 0.9934470866203308 0
1653188521427 0.8748370651245118 0
1653188526800 0.777873588848114 0
1653188532092 0.690800698852539 0
1653188537253 0.644196240234375 0
1653188543094 2.0057443256378176 0
1653188548197 1.5684156797409057 0
1653188553616 1.374183625125885 0
1653188559001 1.188655358314514 0
1653188564322 1.054682494354248 0
1653188569685 0.9301186159133911 0
1653188574908 0.7662267055511475 0
1653188580232 0.7333353350639343 0
1653188585554 0.6478489957809448 0
1653188591003 0.5889625975608825 0
1653188597235 1.8374007427215575 0
1653188602549 1.338332567024231 0
1653188607784 1.1482833926200866 0
1653188613101 0.9908744302749634 0
1653188618388 0.8475115419387818 0
1653188623650 0.6668570034027099 0
1653188629056 0.6070457110404969 0
1653188634322 0.5011068959712982 0
1653188639526 0.44376754055023193 0
1653188644825 0.3189364719390869 0
1653188651374 1.898535570526123 0
1653188656691 1.5326761365890502 0
1653188661826 1.317918420791626 0
1653188667124 1.1937085620880128 0
1653188672470 1.0281496620178223 0
1653188677882 0.9108612584590912 0
1653188683139 0.7646458890914917 0
1653188688525 0.6879622920989991 0
1653188693822 0.5482435402870178 0
1653188699094 0.501549353504181 0
