1652033875709 0.28223175922383864 0
1652033899127 0.13401695694923402 0
1652033922783 0.098865979986048 0
1652033946985 0.07862787536233663 0
1652033970970 0.06260586994420737 0
1652034001417 0.23800846807360648 0
1652034028489 0.10879907750154917 0
1652034055677 0.07796994771945935 0
1652034082984 0.05960782585922055 0
1652034110196 0.04941935854685994 0
1652034144901 0.2255633672310756 0
1652034172128 0.10106582873151279 0
1652034199446 0.06793304460977133 0
1652034226390 0.053822141643284034 0
1652034253693 0.042739775880528255 0
1652034292625 0.22766149239912925 0
1652034320206 0.1013332843385725 0
1652034347774 0.06438275694144667 0
1652034375429 0.05271256434731784 0
1652034403185 0.041174621596971786 0
1652034445519 0.22674596576140477 0
1652034473541 0.096500128196753 0
1652034501237 0.060222743674382 0
1652034529397 0.049107677206196465 0
1652034557740 0.038602966005118707 0
