1645629761134 0.2572 0
1645629765896 0.4248 0
1645629770478 0.5198 0
1645629775136 0.5802 0
1645629779635 0.6286 0
1645629784258 0.6674 0
1645629789067 0.7102 0
1645629793742 0.7406 0
1645629798431 0.786 0
1645629803211 0.8134 0
1645629807917 0.8348 0
1645629812545 0.8666 0
1645629817272 0.896 0
1645629822003 0.8976 0
1645629826832 0.9102 0
1645629831504 0.9372 0
1645629836213 0.9408 0
1645629840912 0.9424 0
1645629845841 0.9434 0
1645629850715 0.9494 0
1645629859853 0.6419 0
1645629868782 0.7183 0
1645629877480 0.756 0
1645629886219 0.7811 0
1645629894960 0.8163 0
1645629903506 0.8399 0
1645629911778 0.8679 0
1645629920247 0.8767 0
1645629928591 0.9049 0
1645629936967 0.9181 0
1645629945108 0.9257 0
1645629953458 0.9444 0
1645629961421 0.9433 0
1645629969492 0.95 0
1645629977565 0.9561 0
1645629985852 0.962 0
1645629994155 0.9529 0
1645630002366 0.9611 0
1645630010773 0.9746 0
1645630019156 0.9575 0
1645630031842 0.7630666666666667 0
1645630044338 0.8161333333333334 0
1645630056837 0.8523333333333334 0
1645630069373 0.87 0
1645630082196 0.8866 0
1645630094793 0.8984666666666666 0
1645630107639 0.9160666666666667 0
1645630120173 0.9284 0
1645630132761 0.9404666666666667 0
1645630144990 0.9461333333333334 0
1645630157292 0.9512 0
1645630169616 0.9548 0
1645630182009 0.9621333333333333 0
1645630194567 0.9628666666666666 0
1645630207301 0.9658 0
1645630220204 0.9664 0
1645630233031 0.9718666666666667 0
1645630245304 0.9686 0
1645630257883 0.9738 0
1645630270361 0.9696666666666667 0
