1640257926112 2.2426898460388185 0
1640257933832 2.020319739151001 0
1640257941525 1.8008436141967774 0
1640257949269 1.59429600982666 0
1640257957013 1.421618613433838 0
1640257964845 1.2772507177352905 0
1640257972607 1.1468996406555176 0
1640257980260 1.043171500968933 0
1640257987976 0.9251916432380676 0
1640257995916 0.8336430656433106 0
1640258003713 0.7499076707839966 0
1640258011445 0.6670518117904664 0
1640258019091 0.6030422790527343 0
1640258026657 0.5257915338039398 0
1640258034616 0.47959191427230835 0
1640258042550 0.4179897060394287 0
1640258050355 0.3617615005493164 0
1640258058032 0.3449146014690399 0
1640258065750 0.2765636651277542 0
1640258073341 0.22890554540157318 0
1640258087185 2.1790110132217406 0
1640258093434 1.8585762163162232 0
1640258099534 1.5915177206039428 0
1640258105696 1.367632137107849 0
1640258111845 1.1906902250289917 0
1640258117961 1.0518321266174318 0
1640258124279 0.9327833333969117 0
1640258130430 0.8421320539474487 0
1640258136853 0.7436726572036744 0
1640258142944 0.6557042927742004 0
1640258149305 0.5942429588317871 0
1640258155634 0.5207454808235168 0
1640258161777 0.4604153228998184 0
1640258167963 0.4018789944410324 0
1640258174363 0.36251412024497986 0
1640258180502 0.33379713339805606 0
1640258186798 0.2693219924926758 0
1640258193101 0.2808625177383423 0
1640258199416 0.2155749487400055 0
1640258205574 0.19020481197834016 0
1640258224934 2.1423705121994017 0
1640258231488 1.828055728149414 0
1640258237901 1.6167277097702026 0
1640258244234 1.4532006258010863 0
1640258250564 1.288778904914856 0
1640258257089 1.1739816843032838 0
1640258263487 1.057387384033203 0
1640258269926 0.9690154341697693 0
1640258276262 0.9042981988906861 0
1640258282564 0.823571127128601 0
1640258289068 0.7557183795928956 0
1640258295583 0.7111392936706543 0
1640258302000 0.6518287424087524 0
1640258308596 0.5964475631713867 0
1640258314930 0.5774284812927246 0
1640258321201 0.5082492589473724 0
1640258327487 0.4573200046539307 0
1640258333864 0.4709905993461609 0
1640258340320 0.4257048711538315 0
1640258346831 0.3471107127189636 0
1640258371637 2.2088569660186765 0
1640258378021 1.947387823867798 0
1640258384555 1.7405016977310181 0
1640258391009 1.5777876745224 0
1640258397359 1.457434523010254 0
1640258403732 1.3703002188682556 0
1640258410196 1.2806076816558838 0
1640258416564 1.2004105848312379 0
1640258423010 1.1313663066864013 0
1640258429591 1.072265993118286 0
1640258435845 1.020412442779541 0
1640258442345 0.9739611301422119 0
1640258448812 0.9252940347671509 0
1640258455207 0.8525859824180603 0
1640258461674 0.7998199327468872 0
1640258468091 0.7483584969520569 0
1640258474511 0.6972595289230347 0
1640258480767 0.6780526926994324 0
1640258487079 0.6429685504913331 0
1640258493426 0.6193053910255432 0
1640258523554 2.0615171606063845 0
1640258530087 1.5278728324890136 0
1640258536486 1.1941153282165526 0
1640258542889 1.0076490869522094 0
1640258549357 0.8696581016540528 0
1640258555714 0.7944217553138733 0
1640258562111 0.6895471517562867 0
1640258568503 0.6157696009635926 0
1640258574869 0.5561870520591736 0
1640258581241 0.5187956019878387 0
1640258587654 0.4827521632194519 0
1640258594024 0.4383938093185425 0
1640258600499 0.4000851047039032 0
1640258607244 0.37191881523132325 0
1640258613896 0.3511084948062897 0
1640258620371 0.31608068859577176 0
1640258626689 0.2907433077812195 0
1640258633029 0.25992339282035826 0
1640258639391 0.24744768333435058 0
1640258645798 0.2160776237845421 0
1640258681219 2.1548753004074097 0
1640258687575 1.8068946380615234 0
1640258694110 1.5943528602600097 0
1640258700569 1.4283984634399414 0
1640258706931 1.2975938455581666 0
1640258713515 1.191308515071869 0
1640258719820 1.0879123747825623 0
1640258726339 1.0170358513832092 0
1640258732683 0.9420832063674927 0
1640258739008 0.8726151071548461 0
1640258745313 0.8128680578231812 0
1640258751698 0.7353321384429932 0
1640258757980 0.6848460015296935 0
1640258764418 0.6350020989418029 0
1640258770754 0.5732959141731262 0
1640258777136 0.542284669494629 0
1640258783452 0.4896446032524109 0
1640258789954 0.44383158626556396 0
1640258796324 0.39424422912597656 0
1640258802632 0.4265534879207611 0
1640258843700 2.071047003555298 0
1640258850360 1.6134352735519408 0
1640258856696 1.344621734905243 0
1640258863192 1.1763832242965697 0
1640258869812 1.063212015914917 0
1640258876388 0.9728012072563171 0
1640258882846 0.9141772024154663 0
1640258889263 0.8332645659446716 0
1640258895831 0.7936745994567871 0
1640258902331 0.7238704413890839 0
1640258908970 0.6800852117538452 0
1640258915403 0.6421409364700318 0
1640258921727 0.6322804076194763 0
1640258928300 0.5514082178592682 0
1640258935104 0.5268807338237762 0
1640258941651 0.5174878611564636 0
1640258948178 0.4534180874824524 0
1640258954637 0.4328806617736816 0
1640258961054 0.37850092735290525 0
1640258967568 0.4032852067947388 0
1640259015152 2.075282094192505 0
1640259021877 1.6659986240386964 0
1640259028469 1.3991900205612182 0
1640259035130 1.2142153367996216 0
1640259041713 1.0730495105743407 0
1640259048172 0.9735527168273925 0
1640259054716 0.8814812634468079 0
1640259061214 0.8100264088630676 0
1640259067713 0.7550945236206055 0
1640259074419 0.6902489053726196 0
1640259080982 0.6293783402442932 0
1640259087599 0.6090114385604858 0
1640259094031 0.5489521704673767 0
1640259100572 0.5361757550477981 0
1640259107116 0.5061052989959717 0
1640259113657 0.4749896687746048 0
1640259120192 0.4127052314758301 0
1640259126794 0.4472088240623474 0
1640259133322 0.3740252651453018 0
1640259139768 0.31804329929351804 0
1640259192597 2.0023041736602782 0
1640259199340 1.5235222888946534 0
1640259206253 1.2921626819610597 0
1640259213216 1.1265763332366943 0
1640259220072 1.0253973762512207 0
1640259227082 0.9592642894744873 0
1640259233964 0.8838519416809082 0
1640259240891 0.8198166436195373 0
1640259247665 0.7620840475082398 0
1640259254523 0.7208710361480712 0
1640259261255 0.6973884879112243 0
1640259268313 0.6204884727954865 0
1640259275164 0.598441483783722 0
1640259281998 0.5484504596948624 0
1640259289010 0.5106175130844116 0
1640259295834 0.4533414433479309 0
1640259302626 0.4301345069885254 0
1640259309654 0.4955912242889404 0
1640259316593 0.40783089103698733 0
1640259323622 0.40521046657562254 0
1640259382438 2.0537535152435304 0
1640259389404 1.626450786781311 0
1640259396673 1.4232940031051635 0
1640259403927 1.261979761695862 0
1640259411107 1.1466329399108888 0
1640259418219 1.0622850578308105 0
1640259425496 0.9832019144058227 0
1640259432899 0.8942900230407714 0
1640259440126 0.8380688456535339 0
1640259447392 0.8162690220832824 0
1640259454784 0.7566876058578491 0
1640259462015 0.68111940574646 0
1640259469190 0.6977134238243103 0
1640259476538 0.6158931344032288 0
1640259483639 0.5410337593555451 0
1640259491097 0.5165508678436279 0
1640259498324 0.5541563695907593 0
1640259505513 0.5742691108703614 0
1640259512893 0.4137062277793884 0
1640259520019 0.3886458353042603 0
