1651766577927 0.4216 0
1651766581274 0.622 0
1651766584556 0.6852 0
1651766587825 0.724 0
1651766591189 0.7644 0
1651766594713 0.7948 0
1651766597932 0.82 0
1651766601244 0.8304 0
1651766604572 0.848 0
1651766607918 0.8044 0
1651766611156 0.8632 0
1651766614439 0.874 0
1651766617734 0.8524 0
1651766621084 0.868 0
1651766624450 0.8592 0
1651766627711 0.8764 0
1651766631059 0.8764 0
1651766634426 0.8808 0
1651766637767 0.8824 0
1651766641170 0.8944 0
1651766644436 0.8932 0
1651766647799 0.9124 0
1651766651167 0.872 0
1651766654507 0.8948 0
1651766657902 0.8724 0
1651766661345 0.9168 0
1651766664714 0.9236 0
1651766668066 0.926 0
1651766671472 0.8948 0
1651766674818 0.9124 0
1651766681952 0.4292 0
1651766688682 0.59 0
1651766695427 0.6492 0
1651766702138 0.7052 0
1651766708942 0.7224 0
1651766715668 0.7628 0
1651766722465 0.756 0
1651766729229 0.7856 0
1651766735907 0.792 0
1651766742765 0.7752 0
1651766749659 0.8304 0
1651766756406 0.8276 0
1651766763280 0.8344 0
1651766770136 0.8428 0
1651766776937 0.8632 0
1651766783782 0.87 0
1651766790840 0.872 0
1651766797625 0.8776 0
1651766804640 0.8772 0
1651766811527 0.8724 0
1651766818456 0.8796 0
1651766825452 0.8844 0
1651766832420 0.8804 0
1651766839434 0.908 0
1651766846474 0.8948 0
1651766853507 0.8384 0
1651766860440 0.8924 0
1651766867208 0.8796 0
1651766874071 0.9292 0
1651766880922 0.9276 0
