1645708901717 0.4432 0
1645708906654 0.5712 0
1645708911579 0.6316 0
1645708916613 0.6492 0
1645708921445 0.6964 0
1645708926476 0.7172 0
1645708931354 0.746 0
1645708936336 0.7668 0
1645708941324 0.8024 0
1645708946240 0.7924 0
1645708951079 0.8176 0
1645708956000 0.8536 0
1645708960914 0.8392 0
1645708965867 0.8704 0
1645708970883 0.8888 0
1645708975850 0.8824 0
1645708980705 0.902 0
1645708985605 0.8916 0
1645708990579 0.914 0
1645708995441 0.9112 0
1645709019974 0.7244 0
1645709044076 0.8388 0
1645709068725 0.8644 0
1645709093523 0.8936 0
1645709118307 0.9032 0
1645709143215 0.9372 0
1645709167912 0.9432 0
1645709192763 0.9472 0
1645709217222 0.9444 0
1645709241319 0.95 0
1645709265535 0.9532 0
1645709289795 0.9444 0
1645709314082 0.96 0
1645709338068 0.9588 0
1645709362189 0.9732 0
1645709386513 0.9772 0
1645709410683 0.9728 0
1645709435318 0.9748 0
1645709459375 0.9568 0
1645709483611 0.9728 0
1645709508225 0.6368 0
1645709531925 0.8036 0
1645709555857 0.8564 0
1645709579660 0.8836 0
1645709603486 0.8908 0
1645709627072 0.9208 0
1645709650898 0.9256 0
1645709674797 0.938 0
1645709698507 0.9488 0
1645709722178 0.948 0
1645709745978 0.9496 0
1645709769845 0.9604 0
1645709793587 0.9592 0
1645709817291 0.9672 0
1645709840918 0.982 0
1645709864853 0.966 0
1645709888676 0.9684 0
1645709912865 0.968 0
1645709936941 0.962 0
1645709960663 0.9532 0
