1645725295424 0.1766 0
1645725297307 0.3172 0
1645725299254 0.3648 0
1645725301163 0.392 0
1645725303035 0.4218 0
1645725304933 0.4446 0
1645725306878 0.4628 0
1645725308796 0.4804 0
1645725310705 0.5036 0
1645725312544 0.519 0
1645725315471 0.183 0
1645725317997 0.3222 0
1645725320600 0.3874 0
1645725323219 0.4272 0
1645725325785 0.4646 0
1645725328414 0.4946 0
1645725331000 0.5268 0
1645725333559 0.556 0
1645725336125 0.58 0
1645725338678 0.6102 0
1645725342372 0.4234 0
1645725345391 0.5176 0
1645725348430 0.547 0
1645725351491 0.5706 0
1645725354528 0.596 0
1645725357568 0.61 0
1645725360581 0.6322 0
1645725363605 0.6544 0
1645725366612 0.6904 0
1645725369681 0.7082 0
1645725374329 0.3066 0
1645725377831 0.413 0
1645725381371 0.4618 0
1645725384832 0.4808 0
1645725388363 0.5042 0
1645725391877 0.5378 0
1645725395489 0.5568 0
1645725399003 0.577 0
1645725402484 0.6028 0
1645725406010 0.6246 0
1645725411437 0.2992 0
1645725415409 0.4176 0
1645725419333 0.4556 0
1645725423305 0.4912 0
1645725427322 0.5342 0
1645725431336 0.5632 0
1645725435191 0.5794 0
1645725439299 0.6098 0
1645725443336 0.6356 0
1645725447328 0.6616 0
1645725453629 0.3526 0
1645725458149 0.4596 0
1645725462577 0.4996 0
1645725467058 0.5376 0
1645725471535 0.5636 0
1645725475968 0.594 0
1645725480397 0.6186 0
1645725484973 0.6378 0
1645725489597 0.6644 0
1645725494019 0.6898 0
1645725501231 0.2854 0
1645725506363 0.397 0
1645725511251 0.431 0
1645725516252 0.4664 0
1645725521223 0.4792 0
1645725526220 0.5026 0
1645725531262 0.529 0
1645725536258 0.5604 0
1645725541321 0.5872 0
1645725546194 0.6144 0
1645725554490 0.3654 0
1645725559991 0.4458 0
1645725565553 0.4706 0
1645725571224 0.4898 0
1645725576731 0.5152 0
1645725582151 0.5328 0
1645725587635 0.5562 0
1645725593144 0.5772 0
1645725598727 0.6004 0
1645725604199 0.6322 0
1645725613360 0.2434 0
1645725619313 0.366 0
1645725625370 0.409 0
1645725631315 0.4426 0
1645725637222 0.4778 0
1645725643162 0.4982 0
1645725649170 0.534 0
1645725654986 0.5726 0
1645725661083 0.5982 0
1645725667102 0.6384 0
1645725677330 0.3088 0
1645725683810 0.4526 0
1645725690330 0.4916 0
1645725696737 0.518 0
1645725703097 0.558 0
1645725709616 0.5758 0
1645725715920 0.6018 0
1645725722414 0.6258 0
1645725728731 0.6592 0
1645725735126 0.6918 0
1645725746485 0.3096 0
1645725753735 0.3894 0
1645725760712 0.4218 0
1645725767827 0.4676 0
1645725774951 0.4782 0
1645725782071 0.5052 0
1645725789061 0.5484 0
1645725796211 0.5778 0
1645725803166 0.5896 0
1645725810096 0.6258 0
1645725822366 0.2624 0
1645725830135 0.3714 0
1645725837803 0.4296 0
1645725845519 0.4528 0
1645725853445 0.4922 0
1645725861010 0.5202 0
1645725868687 0.543 0
1645725876352 0.5708 0
1645725884049 0.6004 0
1645725891720 0.63 0
1645725905615 0.3736 0
1645725914017 0.4684 0
1645725922134 0.5058 0
1645725930358 0.5314 0
1645725938560 0.5512 0
1645725946854 0.5786 0
1645725955118 0.6004 0
1645725963283 0.6264 0
1645725971559 0.6542 0
1645725979774 0.6834 0
1645725994689 0.3584 0
1645726003549 0.466 0
1645726012334 0.497 0
1645726021061 0.5334 0
1645726029944 0.5576 0
1645726038648 0.5794 0
1645726047682 0.6234 0
1645726056547 0.6458 0
1645726065354 0.6672 0
1645726074134 0.6984 0
1645726090312 0.4036 0
1645726099896 0.4966 0
1645726109306 0.5302 0
1645726118647 0.5608 0
1645726128122 0.587 0
1645726137506 0.612 0
1645726146921 0.6392 0
1645726156390 0.6752 0
1645726165764 0.6932 0
1645726175042 0.7224 0
1645726192634 0.3862 0
1645726202955 0.4784 0
1645726212956 0.5028 0
1645726223112 0.5334 0
1645726233251 0.562 0
1645726243431 0.584 0
1645726253662 0.6112 0
1645726263888 0.6382 0
1645726273850 0.6676 0
1645726283869 0.6996 0
1645726303200 0.3794 0
1645726314004 0.4778 0
1645726324766 0.5136 0
1645726335660 0.5278 0
1645726346676 0.5632 0
1645726357672 0.5954 0
1645726368518 0.6262 0
1645726379535 0.6474 0
1645726390358 0.6782 0
1645726401081 0.704 0
1645726421631 0.3142 0
1645726433164 0.3926 0
1645726444474 0.425 0
1645726456021 0.469 0
1645726467743 0.4832 0
1645726479056 0.5172 0
1645726490405 0.5416 0
1645726501842 0.5692 0
1645726513152 0.5902 0
1645726524618 0.6192 0
1645726546907 0.3774 0
1645726559141 0.479 0
1645726571723 0.505 0
1645726584122 0.5302 0
1645726596297 0.569 0
1645726608726 0.6028 0
1645726620849 0.6202 0
1645726633192 0.6512 0
1645726645621 0.6856 0
1645726658103 0.7052 0
1645726681900 0.3234 0
1645726694927 0.4008 0
1645726707956 0.4436 0
1645726721202 0.4726 0
1645726734408 0.5034 0
1645726747627 0.5302 0
1645726760838 0.5582 0
1645726774014 0.5828 0
1645726787215 0.6164 0
1645726800298 0.6554 0
