1645577026730 0.1192 0
1645577034306 0.1892 0
1645577041952 0.2628 0
1645577049547 0.3206 0
1645577057088 0.3806 0
1645577064637 0.4208 0
1645577072218 0.4736 0
1645577079877 0.5078 0
1645577087385 0.5612 0
1645577095116 0.609 0
1645577112638 0.2024 0
1645577121801 0.3302 0
1645577130781 0.383 0
1645577139883 0.4298 0
1645577149356 0.4636 0
1645577158367 0.4886 0
1645577167539 0.524 0
1645577176399 0.5356 0
1645577185613 0.5532 0
1645577194542 0.582 0
1645577213620 0.2278 0
1645577223809 0.344 0
1645577234063 0.3862 0
1645577244371 0.402 0
1645577254634 0.4282 0
1645577264897 0.4548 0
1645577274893 0.4754 0
1645577285115 0.4834 0
1645577295360 0.4906 0
1645577305617 0.4984 0
