1644596278692 2.3039703411102295 0
1644596280114 2.3030156784057616 0
1644596281476 2.3022872230529785 0
1644596282862 2.3014711631774905 0
1644596284273 2.3006779472351075 0
1644596285676 2.299855010223389 0
1644596287054 2.298926282119751 0
1644596288460 2.2980605281829836 0
1644596289891 2.2971734622955324 0
1644596291292 2.2961016242980956 0
1644596292690 2.2950790462493895 0
1644596294101 2.294143256378174 0
1644596295519 2.292822497177124 0
1644596296928 2.29164383392334 0
1644596298307 2.2903214347839356 0
1644596299708 2.288866759109497 0
1644596301099 2.2873439025878906 0
1644596302504 2.285691464996338 0
1644596303935 2.2837386463165283 0
1644596305343 2.281672300338745 0
1644596307211 2.3017553665161135 0
1644596308793 2.300675587844849 0
1644596310361 2.2995007289886473 0
1644596311948 2.2983386840820312 0
1644596313577 2.2969604095458984 0
1644596315175 2.2956506313323977 0
1644596316720 2.2943664981842042 0
1644596318278 2.293129360580444 0
1644596319864 2.2918441886901855 0
1644596321470 2.290440504837036 0
1644596323028 2.2886791790008547 0
1644596324563 2.2870160919189453 0
1644596326186 2.285206731033325 0
1644596327758 2.283020160293579 0
1644596329357 2.2807627765655516 0
1644596330915 2.2783155563354494 0
1644596332499 2.275565482330322 0
1644596334087 2.2727205680847167 0
1644596335665 2.2690226348876954 0
1644596337197 2.265292402648926 0
1644596339427 2.3026063400268555 0
1644596341054 2.3012856426239012 0
1644596342730 2.2997570304870605 0
1644596344359 2.298451067733765 0
1644596346057 2.2967810317993163 0
1644596347714 2.295441065979004 0
1644596349392 2.2940314933776857 0
1644596351067 2.292636388015747 0
1644596352746 2.2909760692596435 0
1644596354471 2.2893462104797364 0
1644596356135 2.2877467575073243 0
1644596358043 2.2861026569366456 0
1644596359726 2.2842313526153566 0
1644596361369 2.282402784729004 0
1644596363060 2.280550874710083 0
1644596364702 2.2782108924865723 0
1644596366369 2.2759551517486574 0
1644596368005 2.2734614768981936 0
1644596369649 2.270967626953125 0
1644596371297 2.267968507385254 0
