1654777870611 0.8522789361535733 0
1654777884369 0.119658745730199 0
1654777901305 0.03335961075652681 0
1654777914819 0.017263593236867037 0
1654777928328 0.012382780647969494 0
1654777941834 0.00710812318266113 0
1654777955070 0.0052171804437891305 0
1654777968873 0.004770403747638656 0
1654777982602 0.003492244812389156 0
1654777996647 0.0026192267923177965 0
1654778010135 0.004512269175890669 0
1654778023365 0.003914972593115546 0
1654778036820 0.0020692203610027924 0
1654778050379 0.0034870645403667186 0
1654778063796 0.0015940144103434226 0
1654778077124 0.0014484097284099497 0
1654778090371 0.0013706268045826184 0
1654778103481 0.0010517238015954685 0
1654778117121 0.0010069709086705358 0
1654778130609 0.001235189009903216 0
1654778143819 0.0009247626789427608 0
1654778157117 0.0008014972646597495 0
1654778170268 0.0007136292542656852 0
1654778183720 0.0006728556532575705 0
1654778197266 0.000651278473014496 0
1654778210873 0.0007024981407452884 0
1654778224234 0.0007268946763683798 0
1654778237693 0.0005812277933024763 0
1654778251102 0.0006086417950482782 0
1654778264373 0.00192618442502156 0
1654778277806 0.0013673139792538193 0
1654778291251 0.0007415818737268016 0
1654778304793 0.0006479081854608242 0
1654778318243 0.0012714222991664114 0
1654778331821 0.0006473934391808736 0
1654778345322 0.0005965606087474091 0
1654778358858 0.0005147433772365287 0
1654778372126 0.0006537633480041035 0
1654778385769 0.000564154208106723 0
1654778399373 0.00048749910096388543 0
1654778412569 0.0006908209661489114 0
1654778426507 0.0004135804630994901 0
1654778439882 0.0004672743509839677 0
1654778453544 0.00045682943760799293 0
1654778467186 0.0003995526852123173 0
1654778480626 0.0003565646906550466 0
1654778494277 0.0003606273685868274 0
1654778507913 0.0003207643410879959 0
1654778521256 0.0010376887807701973 0
1654778534598 0.0004963351059011313 0
1654778556099 0.40147347253200666 0
1654778573111 0.04141955314090357 0
1654778590118 0.017697116071257235 0
1654778607127 0.012286548935649266 0
1654778624273 0.006768929980752626 0
1654778641346 0.005298185472941221 0
1654778658414 0.004183336350393989 0
1654778675364 0.0034199682043162326 0
1654778692610 0.002226128500970578 0
1654778709664 0.0023997247740741544 0
1654778726999 0.0021761728586449105 0
1654778744024 0.002992235202801467 0
1654778760881 0.002023743963966406 0
1654778777934 0.0017660025518054807 0
1654778794963 0.001381409076123458 0
1654778812038 0.0010928209648663793 0
1654778829286 0.0009723535610151559 0
1654778846094 0.000910108594828587 0
1654778863385 0.000972563338813138 0
1654778880529 0.0009875931544928262 0
1654778897551 0.0014434485971689828 0
1654778914530 0.0008355848648459497 0
1654778931589 0.001348551328045745 0
1654778948746 0.0021561006862502114 0
1654778965675 0.0016355172959676182 0
1654778982767 0.0007298213632450459 0
1654778999868 0.0007394085927043226 0
1654779016865 0.000663712177286046 0
1654779033966 0.0006093464044552301 0
1654779051009 0.000546436842051807 0
1654779067843 0.0004974871098713514 0
1654779084866 0.0006157964687427306 0
1654779102159 0.00047072302366887967 0
1654779119500 0.00046513543323508717 0
1654779136860 0.0004340085931143114 0
1654779154269 0.0004429139385896716 0
1654779171287 0.000520175408675194 0
1654779188444 0.00040191713981246814 0
1654779205531 0.0003824367503193728 0
1654779222781 0.00036300896779024926 0
1654779239797 0.0003654358582788576 0
1654779257274 0.0003601373785781101 0
1654779274289 0.0003564038590502544 0
1654779291398 0.0005774966833953348 0
1654779308429 0.0003497946531082693 0
1654779325201 0.00033050050440194226 0
1654779341989 0.0003252277313658194 0
1654779359099 0.0003032831618705913 0
1654779376321 0.000297437869402807 0
1654779393523 0.00029200818801071595 0
1654779419182 0.30580380596098533 0
1654779436008 0.03755141943736074 0
1654779452928 0.016558725880582045 0
1654779469896 0.009932139365037973 0
1654779486800 0.006191407658787164 0
1654779503634 0.006300072657172284 0
1654779520927 0.0037832969059503423 0
1654779537995 0.004434497847650469 0
1654779554814 0.002497038237996263 0
1654779572055 0.0016381317203101283 0
1654779589225 0.0032769997992355307 0
1654779606521 0.0013549943850293838 0
1654779623726 0.0012575226718150156 0
1654779640929 0.0011044492307959826 0
1654779658087 0.0010731269405884626 0
1654779675285 0.0009093047829504211 0
1654779692439 0.0009807160990655999 0
1654779709816 0.001290169764185392 0
1654779726980 0.0011239162667775176 0
1654779744042 0.0007644434798731013 0
1654779761202 0.00069873282991969 0
1654779778446 0.0038571879145376724 0
1654779795576 0.0015930442195166048 0
1654779812706 0.0008826267886434256 0
1654779829528 0.0007303053953181657 0
1654779846621 0.0006051307790833073 0
1654779863665 0.0007858210874711132 0
1654779880719 0.0011621082657097784 0
1654779897982 0.0010538423074278594 0
1654779914858 0.0005374063675304427 0
1654779932136 0.0011057049263492533 0
1654779949249 0.0005077356690104948 0
1654779966191 0.0010844886656125293 0
1654779983133 0.0004488191592396225 0
1654780000111 0.0015373586742506386 0
1654780017444 0.001121125894207817 0
1654780034565 0.000441383829914468 0
1654780051728 0.0003987958279725269 0
1654780068884 0.00038778389597208173 0
1654780085902 0.0003724832758950162 0
1654780102980 0.00034809817753837964 0
1654780120109 0.0003372877989298673 0
1654780137235 0.0003482947374389255 0
1654780154598 0.0003196921897063971 0
1654780171997 0.0006260872922551009 0
1654780188949 0.0005151536976594473 0
1654780206001 0.00038696970348353675 0
1654780223004 0.0003101962450220231 0
1654780239931 0.00029386543072952646 0
1654780257024 0.0003116647569766915 0
1654780286834 0.37528735214540493 0
1654780304168 0.0655971558908031 0
1654780321442 0.031476222021587695 0
1654780338257 0.01866823475194554 0
1654780355207 0.012313044297956766 0
1654780372536 0.006951803271023341 0
1654780389923 0.005442156348086039 0
1654780407063 0.0036599845668807028 0
1654780424202 0.004747881123972881 0
1654780441651 0.006732672311731582 0
1654780458588 0.0051188975688366 0
1654780475471 0.0019640924519305205 0
1654780492582 0.002933071567939584 0
1654780509832 0.004204725289598431 0
1654780526783 0.001308348411925729 0
1654780543897 0.0010153304193882761 0
1654780561275 0.0008863568501806777 0
1654780578425 0.0008350159035865138 0
1654780595751 0.0006897409994021316 0
1654780613262 0.0006284021411337898 0
1654780630358 0.0006448883841857947 0
1654780647323 0.0005592861171843447 0
1654780664725 0.0005685132807823832 0
1654780681966 0.0009493153168466293 0
1654780699322 0.0006758264474499588 0
1654780716505 0.00091950938465207 0
1654780733659 0.0004790285811392424 0
1654780751108 0.0018933921874971838 0
1654780768299 0.0018108512332775614 0
1654780785679 0.0007645227368676775 0
1654780803059 0.0009755398644450114 0
1654780820442 0.00046902206195337644 0
1654780837773 0.0004966258132465132 0
1654780855026 0.0006878358260626759 0
1654780872382 0.0030986300153824967 0
1654780889853 0.0005686233163751399 0
1654780907107 0.00043179167409440454 0
1654780924223 0.0004096194186864625 0
1654780941581 0.00036145726291111484 0
1654780959236 0.0003632901044389636 0
1654780976708 0.0003236747098491646 0
1654780994400 0.0015400389262761416 0
1654781011448 0.0007122449256306635 0
1654781028625 0.00038618296993009094 0
1654781046045 0.0004612754371224492 0
1654781063047 0.0002985723805839728 0
1654781080362 0.0003343880419858566 0
1654781098107 0.0002821393418331953 0
1654781115650 0.0002918393185568788 0
1654781132716 0.0002747968931843653 0
1654781166935 0.3025758432668138 0
1654781184286 0.02659115823386133 0
1654781201684 0.010209889957872895 0
1654781219263 0.007892216855821853 0
1654781236862 0.0058504799583114315 0
1654781254229 0.003379353998664519 0
1654781271618 0.0023867907577584243 0
1654781289315 0.002048257485751473 0
1654781306619 0.002325733466781513 0
1654781324243 0.001986003072183599 0
1654781341972 0.0012539968214032575 0
1654781359466 0.0013687350424702474 0
1654781376912 0.0014602845582524962 0
1654781394700 0.0011144486285993727 0
1654781412008 0.0008657437576419795 0
1654781429428 0.0007854344229004221 0
1654781446446 0.0007318608578152626 0
1654781463782 0.000677287401502689 0
1654781481305 0.0006742339069441717 0
1654781498554 0.00065211814824602 0
1654781515632 0.0006050561465314385 0
1654781533144 0.0006126938003654448 0
1654781550314 0.0005376643932992497 0
1654781567590 0.0005174594018395949 0
1654781584668 0.00048252625596718136 0
1654781601821 0.000522765315987675 0
1654781619298 0.0008674593417148825 0
1654781636867 0.0014779163415040793 0
1654781654018 0.0005013843741193811 0
1654781671513 0.0004741238171131021 0
1654781689136 0.00041182121812229934 0
1654781706595 0.0004020234626985152 0
1654781723870 0.000379415546238426 0
1654781741275 0.0003589899532794266 0
1654781758615 0.00035380609702361383 0
1654781776005 0.0003550240343394461 0
1654781793156 0.00032662979002862584 0
1654781810704 0.00030953703022110993 0
1654781828028 0.0003033406084786589 0
1654781845536 0.00029647124169856646 0
1654781862829 0.0002905974663761957 0
1654781879869 0.0002804946889845525 0
1654781897217 0.00031595947575646514 0
1654781914373 0.0002740553455971916 0
1654781931678 0.0002630119785039032 0
1654781948894 0.00026689669136705814 0
1654781966063 0.00024978055326168214 0
1654781983567 0.00025028520053494785 0
1654782000789 0.0002451729201865353 0
1654782017866 0.00023294278183525627 0
