1654777870594 0.7384344873582732 0
1654777884351 0.9747771781968108 0
1654777901287 0.9951494573455405 0
1654777914791 0.9975747286727703 0
1654777928307 0.9985448372036622 0
1654777941816 0.9992117868186503 0
1654777955052 0.999514945734554 0
1654777968855 0.9995755775177348 0
1654777982578 0.999757472867277 0
1654777996629 0.9999393682168193 0
1654778010112 0.9991511550354696 0
1654778023345 0.9993936821681926 0
1654778036802 0.9998787364336386 0
1654778050360 0.9990905232522889 0
1654778063778 1.0 0
1654778077106 0.9999393682168193 0
1654778090353 0.9998787364336386 0
1654778103463 1.0 0
1654778117103 1.0 0
1654778130580 0.9998787364336386 0
1654778143799 1.0 0
1654778157099 1.0 0
1654778170250 1.0 0
1654778183691 1.0 0
1654778197248 1.0 0
1654778210852 1.0 0
1654778224204 0.9999393682168193 0
1654778237676 1.0 0
1654778251084 1.0 0
1654778264354 0.9996968410840963 0
1654778277788 0.9996968410840963 0
1654778291226 1.0 0
1654778304775 0.9999393682168193 0
1654778318225 0.999757472867277 0
1654778331801 1.0 0
1654778345304 1.0 0
1654778358839 1.0 0
1654778372107 0.9998787364336386 0
1654778385748 0.9999393682168193 0
1654778399346 1.0 0
1654778412546 0.9999393682168193 0
1654778426476 1.0 0
1654778439862 1.0 0
1654778453527 1.0 0
1654778467168 1.0 0
1654778480608 1.0 0
1654778494260 1.0 0
1654778507895 1.0 0
1654778521239 0.9998181046504577 0
1654778534573 1.0 0
1654778556078 0.8766599963616518 0
1654778573083 0.9931477775756473 0
1654778590096 0.9973925171305561 0
1654778607102 0.9977563519495483 0
1654778624255 0.9992723303620157 0
1654778641328 0.9994542477715117 0
1654778658396 0.9996968043175065 0
1654778675344 0.9996968043175065 0
1654778692592 0.9999393608635013 0
1654778709634 0.9997574434540052 0
1654778726974 0.9998180825905039 0
1654778744005 0.9995148869080104 0
1654778760855 0.9998787217270027 0
1654778777906 0.9998787217270027 0
1654778794933 1.0 0
1654778812018 1.0 0
1654778829268 1.0 0
1654778846076 1.0 0
1654778863367 0.9999393608635013 0
1654778880511 0.9999393608635013 0
1654778897523 0.9997574434540052 0
1654778914512 1.0 0
1654778931571 0.9998180825905039 0
1654778948728 0.9994542477715117 0
1654778965642 0.9996968043175065 0
1654778982740 1.0 0
1654778999850 1.0 0
1654779016847 1.0 0
1654779033949 1.0 0
1654779050991 1.0 0
1654779067824 1.0 0
1654779084848 0.9999393608635013 0
1654779102140 1.0 0
1654779119473 1.0 0
1654779136842 1.0 0
1654779154250 1.0 0
1654779171269 0.9999393608635013 0
1654779188418 1.0 0
1654779205502 1.0 0
1654779222754 1.0 0
1654779239766 1.0 0
1654779257244 1.0 0
1654779274271 1.0 0
1654779291380 0.9999393608635013 0
1654779308403 1.0 0
1654779325182 1.0 0
1654779341961 1.0 0
1654779359081 1.0 0
1654779376303 1.0 0
1654779393493 1.0 0
1654779419164 0.911907360252213 0
1654779435989 0.9922396022796168 0
1654779452909 0.9972717351764278 0
1654779469877 0.9984236692130471 0
1654779486781 0.9992118346065236 0
1654779503616 0.9990299502849521 0
1654779520909 0.9996968594640475 0
1654779537969 0.9994543470352856 0
1654779554795 0.9998181156784285 0
1654779572033 1.0 0
1654779589196 0.9993330908209046 0
1654779606502 1.0 0
1654779623697 1.0 0
1654779640903 1.0 0
1654779658069 1.0 0
1654779675259 1.0 0
1654779692412 1.0 0
1654779709793 0.9997574875712381 0
1654779726952 0.9999393718928095 0
1654779744023 1.0 0
1654779761179 1.0 0
1654779778426 0.9988480659633806 0
1654779795555 0.9996362313568571 0
1654779812688 0.9999393718928095 0
1654779829507 1.0 0
1654779846602 1.0 0
1654779863646 0.999878743785619 0
1654779880700 0.9998181156784285 0
1654779897963 0.9996968594640475 0
1654779914836 1.0 0
1654779932117 0.9998181156784285 0
1654779949229 1.0 0
1654779966172 0.9999393718928095 0
1654779983114 1.0 0
1654780000092 0.9995756032496665 0
1654780017420 0.9998181156784285 0
1654780034545 1.0 0
1654780051702 1.0 0
1654780068855 1.0 0
1654780085883 1.0 0
1654780102951 1.0 0
1654780120083 1.0 0
1654780137204 1.0 0
1654780154580 1.0 0
1654780171975 0.999878743785619 0
1654780188930 0.9999393718928095 0
1654780205977 1.0 0
1654780222985 1.0 0
1654780239912 1.0 0
1654780257005 1.0 0
1654780286815 0.8779260157671316 0
1654780304149 0.9830200121285627 0
1654780321414 0.9922983626440267 0
1654780338238 0.9952092177077017 0
1654780355184 0.9974530018192844 0
1654780372517 0.9986658580958157 0
1654780389898 0.999029714978775 0
1654780407037 0.9997574287446938 0
1654780424183 0.9987871437234688 0
1654780441632 0.9982413583990297 0
1654780458567 0.9987265009096422 0
1654780475452 0.9998180715585203 0
1654780492559 0.9993329290479078 0
1654780509813 0.9989084293511219 0
1654780526764 0.9999393571861734 0
1654780543878 1.0 0
1654780561257 1.0 0
1654780578407 1.0 0
1654780595723 1.0 0
1654780613236 1.0 0
1654780630318 1.0 0
1654780647296 1.0 0
1654780664696 1.0 0
1654780681946 0.9998180715585203 0
1654780699302 1.0 0
1654780716486 0.9999393571861734 0
1654780733637 1.0 0
1654780751083 0.9993935718617344 0
1654780768273 0.9996361431170406 0
1654780785659 0.9999393571861734 0
1654780803038 0.9998180715585203 0
1654780820411 1.0 0
1654780837753 1.0 0
1654780855007 1.0 0
1654780872363 0.9991510006064281 0
1654780889833 1.0 0
1654780907087 1.0 0
1654780924204 1.0 0
1654780941558 1.0 0
1654780959216 1.0 0
1654780976688 1.0 0
1654780994379 0.9996361431170406 0
1654781011418 0.9999393571861734 0
1654781028603 1.0 0
1654781046023 0.9999393571861734 0
1654781063028 1.0 0
1654781080341 1.0 0
1654781098081 1.0 0
1654781115621 1.0 0
1654781132697 1.0 0
1654781166916 0.907265890344493 0
1654781184265 0.9957544881125667 0
1654781201664 0.9990295972828724 0
1654781219243 0.9987869966035905 0
1654781236843 0.9992115477923338 0
1654781254199 0.9996967491508976 0
1654781271598 0.999878699660359 0
1654781289296 0.9999393498301795 0
1654781306600 0.999757399320718 0
1654781324222 0.9998180494905385 0
1654781341949 1.0 0
1654781359444 0.9999393498301795 0
1654781376893 0.9998180494905385 0
1654781394680 0.9999393498301795 0
1654781411975 1.0 0
1654781429401 1.0 0
1654781446427 1.0 0
1654781463762 1.0 0
1654781481285 1.0 0
1654781498534 1.0 0
1654781515612 1.0 0
1654781533116 0.9999393498301795 0
1654781550295 1.0 0
1654781567571 1.0 0
1654781584636 1.0 0
1654781601802 0.9999393498301795 0
1654781619279 0.999878699660359 0
1654781636834 0.9995754488112567 0
1654781653997 1.0 0
1654781671494 1.0 0
1654781689109 1.0 0
1654781706572 1.0 0
1654781723842 1.0 0
1654781741255 1.0 0
1654781758594 1.0 0
1654781775986 1.0 0
1654781793126 1.0 0
1654781810677 1.0 0
1654781828005 1.0 0
1654781845517 1.0 0
1654781862803 1.0 0
1654781879850 1.0 0
1654781897198 1.0 0
1654781914354 1.0 0
1654781931657 1.0 0
1654781948874 1.0 0
1654781966044 1.0 0
1654781983547 1.0 0
1654782000767 1.0 0
1654782017832 1.0 0
