1654295723001 1.1397455199646747 0
1654295737897 0.4539310854351384 0
1654295752444 0.2702041448467259 0
1654295766883 0.2160939330084129 0
1654295781299 0.1641530195702962 0
1654295796130 0.17213364167312065 0
1654295810778 0.18451783205229216 0
1654295825774 0.1665382036918201 0
1654295840858 0.13829665737530714 0
1654295855264 0.2000627644875729 0
1654295908642 0.3901644233817741 0
1654295946026 0.15596670338201896 0
1654295983329 0.14096301864125804 0
1654296021020 0.12722601167137934 0
1654296058334 0.15740867432558253 0
1654296095707 0.12721473342928602 0
1654296133405 0.08344814404547082 0
1654296170737 0.1237096673755821 0
1654296207986 0.1149795106122745 0
1654296245746 0.09660710703190954 0
1654296314360 0.2511491096212988 0
1654296351137 0.11972700819121639 0
1654296387845 0.09598252135257239 0
1654296424639 0.1273479515157024 0
1654296461562 0.09063262267385545 0
1654296498250 0.0757171480552182 0
1654296535058 0.11567640715730174 0
1654296572062 0.0837680107154503 0
1654296609057 0.08779147476447537 0
1654296645992 0.08136130163078237 0
1654296728027 0.4833218869438599 0
1654296764532 0.22806862018247892 0
1654296801251 0.1573411674211067 0
1654296838326 0.18896584251410967 0
1654296874912 0.14108311235570767 0
1654296912198 0.14012182923033834 0
1654296948846 0.14885132693545597 0
1654296985866 0.1114381974234221 0
1654297022514 0.13203060391694 0
1654297059663 0.13768774439667433 0
1654297159228 0.1945947624786704 0
1654297197354 0.0841134145466384 0
1654297234985 0.07778827079054891 0
1654297272696 0.08440879889316065 0
1654297310479 0.08074033190228613 0
1654297348273 0.05726482487243065 0
1654297385637 0.07614684380352767 0
1654297422710 0.07922881576705376 0
1654297459506 0.06648352288685964 0
1654297497237 0.08474521561878064 0
