1652014791540 1.4079592685699462 0
1652014796323 1.045505601119995 0
1652014801053 0.8603862754151225 0
1652014805809 0.6195819236278534 0
1652014810555 0.512275444316864 0
1652014815313 0.46336530788838864 0
1652014819991 0.3543663102388382 0
1652014824720 0.27908853962421415 0
1652014829461 0.29812746309116483 0
1652014834212 0.20368424305319785 0
1652014838908 0.1918585792697966 0
1652014843529 0.23567355286478997 0
1652014848280 0.13259315558969975 0
1652014853073 0.13331052713245153 0
1652014857854 0.11569269581735134 0
1652014862600 0.0965081275805831 0
1652014867324 0.09640856359824539 0
1652014872216 0.08265284773483872 0
1652014877058 0.08715188834220171 0
1652014881782 0.0972718935131561 0
1652014886531 0.16821500278525053 0
1652014891307 0.055314993818104265 0
1652014895972 0.029969109219126402 0
1652014900755 0.018020978125650434 0
1652014905363 0.019354801728972235 0
1652014910173 0.036345967962313444 0
1652014914919 0.03264764871983789 0
1652014919666 0.03320397305374499 0
1652014924349 0.02756325694422703 0
1652014929140 0.020248229667011765 0
1652014944578 0.711237891069528 0
1652014959553 0.5442382018159888 0
1652014974548 0.43037295141104975 0
1652014989255 0.32429137095178684 0
1652015004127 0.2814834686107666 0
1652015019137 0.21051447263399267 0
1652015033818 0.1644401882937905 0
1652015048658 0.1126171093886006 0
1652015063866 0.10890635905723427 0
1652015078983 0.07040130855115717 0
1652015094036 0.05782147133050238 0
1652015108984 0.03963504450325835 0
1652015123848 0.0337050137870424 0
1652015138908 0.03908830679914448 0
1652015154095 0.02884622459602375 0
1652015168826 0.029611673376486538 0
1652015183697 0.01914250340298969 0
1652015198858 0.013006764793025623 0
1652015213799 0.00853781068771156 0
1652015228488 0.015107591024206777 0
1652015243609 0.017269635930265682 0
1652015258371 0.013707192361218066 0
1652015273371 0.011912613643050128 0
1652015288339 0.009599891265557672 0
1652015303480 0.012056784147801024 0
1652015318517 0.00873647501656127 0
1652015333512 0.011197990673933853 0
1652015348521 0.004141304746670804 0
1652015363541 0.0067113247344285955 0
1652015378344 0.00902210065800658 0
1652015398203 0.6922696010408074 0
1652015417743 0.45930964663232315 0
1652015437136 0.38086782008742487 0
1652015456460 0.27840582408005016 0
1652015475980 0.21720758965870712 0
1652015495460 0.1900170356724991 0
1652015514694 0.15861036173600915 0
1652015533968 0.1059492561231826 0
1652015553188 0.10975926206056966 0
1652015572852 0.0965442313215824 0
1652015592306 0.06378420665919637 0
1652015611658 0.06370369484239308 0
1652015630927 0.05024987727021598 0
1652015650435 0.03527193326809267 0
1652015669724 0.029316651473395638 0
1652015689007 0.029285671459235912 0
1652015708499 0.0263736389922268 0
1652015727873 0.02684079689410027 0
1652015747083 0.015410672788896969 0
1652015766476 0.027232604950862653 0
1652015786121 0.02378637942631193 0
1652015805574 0.020464744910535366 0
1652015824961 0.0252409174448178 0
1652015844441 0.014674967305373522 0
1652015863700 0.01667412072868872 0
1652015882816 0.020734896554469657 0
1652015902023 0.01032317206482808 0
1652015921260 0.011569828370601646 0
1652015940789 0.007903453922296851 0
1652015960121 0.013376642793930952 0
1652015984442 0.4454194665525974 0
1652016007940 0.24066644811858584 0
1652016031638 0.15146701720506786 0
1652016055275 0.10800352512137089 0
1652016078842 0.06878989415223943 0
1652016102560 0.06418925049641903 0
1652016126082 0.039543285957000206 0
1652016149730 0.024235974565811353 0
1652016173624 0.023806007801951263 0
1652016197388 0.012508777794870418 0
1652016221137 0.015655455598533333 0
1652016244623 0.010506838179547978 0
1652016268360 0.019009985261087967 0
1652016292200 0.010921533728473288 0
1652016315721 0.005536122270989851 0
1652016339413 0.0025064063714467827 0
1652016362994 0.0032507981210764935 0
1652016386521 0.0035880528959383964 0
1652016410287 0.004029976267308883 0
1652016433865 0.0032972811981597104 0
1652016457697 0.003098970145494019 0
1652016481524 0.001806298773298159 0
1652016505153 0.005049323055581751 0
1652016528704 0.0026464380059281257 0
1652016552300 0.0028104076740991233 0
1652016575932 0.0011288643401084172 0
1652016599633 0.0010511004787556461 0
1652016623288 0.0014804047961620478 0
1652016646609 0.0026491212447494247 0
1652016670329 0.0027448334666125103 0
1652016699349 0.7389852638636601 0
1652016727593 0.493198644658231 0
1652016755615 0.38707068225358454 0
1652016783647 0.30558869999321286 0
1652016811476 0.2515871747198432 0
1652016839461 0.17377635764057695 0
1652016867547 0.15065347111998728 0
1652016895416 0.10288054262661782 0
1652016923288 0.08364432809929417 0
1652016951008 0.07076779024858335 0
1652016978978 0.06811061175800236 0
1652017006882 0.0559279176942463 0
1652017034782 0.05259420815483627 0
1652017062432 0.030719362155081673 0
1652017090629 0.033771028082166685 0
1652017118534 0.03120380276011367 0
1652017146391 0.03375888143198569 0
1652017174068 0.019699338246032844 0
1652017202198 0.016311592736273278 0
1652017230038 0.019061657201152382 0
1652017257981 0.015528876579430546 0
1652017286274 0.013580921663867766 0
1652017314444 0.024853175913310013 0
1652017342569 0.03032424086660254 0
1652017370619 0.017396500705780738 0
1652017398723 0.022075206441589217 0
1652017426743 0.019348330110837746 0
1652017454793 0.01775998689148037 0
1652017482658 0.02496260319853533 0
1652017510521 0.032164590351108135 0
