1644590348268 2.438848683166504 0
1644590350598 1.5419804124832153 0
1644590352929 1.1197516580581666 0
1644590355291 0.8059397670745849 0
1644590357673 0.6245782481193543 0
1644590360055 0.5403230870246887 0
1644590362409 0.380027508354187 0
1644590364760 0.3040744386911392 0
1644590367126 0.2358390559196472 0
1644590369447 0.26692442398071287 0
1644590371805 0.11612342088222503 0
1644590374153 0.07911504740715027 0
1644590376455 0.04349260048866272 0
1644590378827 0.0440700259834528 0
1644590381146 0.0244592334151268 0
1644590383516 0.013520636314153671 0
1644590385867 0.009619704251736402 0
1644590388205 0.005483727615326643 0
1644590390532 0.00478390084952116 0
1644590392913 0.003568622312694788 0
1644590396146 4.522317435455323 0
1644590399084 2.189971294403076 0
1644590401926 1.83095054397583 0
1644590404892 1.481465863418579 0
1644590407827 1.2550617546081544 0
1644590410780 1.0345583488464356 0
1644590413652 0.8434115161895752 0
1644590416579 0.7931559820175171 0
1644590419646 0.5965697516679764 0
1644590422706 0.4479659265518188 0
1644590426255 0.39837434611320494 0
1644590429696 0.37037941513061523 0
1644590433199 0.30321081714630127 0
1644590436570 0.27290743350982666 0
1644590440194 0.1903365555524826 0
1644590443239 0.10570022065639496 0
1644590446707 0.09252727737277747 0
1644590450280 0.04529981837272644 0
1644590454147 0.041257280519604686 0
1644590457729 0.020958292470872403 0
1644590462530 5.837810112762451 0
1644590466066 2.3117335983276366 0
1644590469004 2.2657885597229006 0
1644590473088 2.1340317642211915 0
1644590476528 1.8497724571228027 0
1644590480469 1.561200468826294 0
1644590483837 1.2793023166656494 0
1644590487792 1.0528652645111083 0
1644590491194 0.8581359828948975 0
1644590494159 0.805505357503891 0
1644590497884 0.5802950943470001 0
1644590501782 0.45964118690490724 0
1644590505618 0.41257520718574525 0
1644590509184 0.3031502725839615 0
1644590512602 0.28649718923568723 0
1644590516593 0.22257065811157226 0
1644590520494 0.2164892077445984 0
1644590524205 0.13614651273339987 0
1644590527747 0.08118929456174373 0
1644590531130 0.05809334642887116 0
