1652282994913 0.649735697221756 0
1652283002864 0.34192333095669747 0
1652283010792 0.2537044694304466 0
1652283018671 0.19409561758190394 0
1652283026679 0.15827623310387134 0
1652283036423 1.069299908065796 0
1652283042242 0.7309169236660004 0
1652283048072 0.5810275034487248 0
1652283054043 0.48775298668146133 0
1652283059893 0.42540806045532226 0
1652283073065 1.1466100249767304 0
1652283078946 0.7936079001426697 0
1652283084805 0.6729538756966591 0
1652283090695 0.5464994653701782 0
1652283096488 0.4692499490380287 0
1652283113274 0.7543779991865158 0
1652283119235 0.4369281861066818 0
1652283125092 0.33858447673022746 0
1652283131042 0.24962088663429022 0
1652283136930 0.23213246004730462 0
1652283157643 1.217191534614563 0
1652283163495 0.8881951543807983 0
1652283169398 0.721796332025528 0
1652283175280 0.6063801500320435 0
1652283181114 0.5076674151659012 0
