1654297594125 0.5232522888498151 0
1654297608964 0.845752743588189 0
1654297623767 0.938580003637907 0
1654297638465 0.9557387982780574 0
1654297652734 0.9679257866973868 0
1654297667297 0.9731401200509306 0
1654297681797 0.9726550657854848 0
1654297696861 0.9708361122900625 0
1654297711683 0.974231492148184 0
1654297726607 0.980173406899897 0
1654297780199 0.8963677157237281 0
1654297817781 0.9708932144806258 0
1654297855382 0.9739858104420593 0
1654297893023 0.9822933721423807 0
1654297930534 0.980231641501425 0
1654297968530 0.9845370201928324 0
1654298006152 0.9853859681038142 0
1654298043571 0.9861742768782973 0
1654298081021 0.9848402158753259 0
1654298118414 0.9837487114183494 0
1654298187144 0.9168788650418334 0
1654298224178 0.9745361949799928 0
1654298261233 0.981326542985328 0
1654298298435 0.9844185764520431 0
1654298335531 0.9839335515945192 0
1654298372746 0.9915120649933309 0
1654298409842 0.9883594034194253 0
1654298446833 0.9855705104886625 0
1654298483949 0.9936340487449982 0
1654298520994 0.9876924942403298 0
1654298605137 0.8611279563371741 0
1654298641891 0.9588235294117647 0
1654298679338 0.9674348089751365 0
1654298717191 0.9749545178896301 0
1654298754296 0.9785930867192237 0
1654298791055 0.9805336567616737 0
1654298827834 0.9758035172832019 0
1654298864930 0.9751364463311097 0
1654298901799 0.9850818677986659 0
1654298938573 0.9862947240751971 0
1654299038795 0.9392891800097041 0
1654299075810 0.984958757884522 0
1654299112764 0.9848981077147017 0
1654299150775 0.9878699660359049 0
1654299188624 0.9919941775836972 0
1654299226775 0.99363173216885 0
1654299264684 0.9911450752062105 0
1654299302454 0.9929039301310044 0
1654299339812 0.9898107714701602 0
1654299377365 0.9961183891314895 0
