1645594468386 0.149 0
1645594477105 0.2628 0
1645594485680 0.3428 0
1645594494271 0.402 0
1645594502851 0.4532 0
1645594511490 0.5146 0
1645594520167 0.5492 0
1645594528791 0.5768 0
1645594537400 0.6158 0
1645594546066 0.6714 0
1645594564504 0.3038 0
1645594574561 0.4356 0
1645594584749 0.4796 0
1645594594785 0.4976 0
1645594604582 0.53 0
1645594614897 0.539 0
1645594625023 0.5454 0
1645594634810 0.5638 0
1645594644890 0.5574 0
1645594655085 0.5724 0
1645594674768 0.2988 0
1645594685745 0.4194 0
1645594696283 0.443 0
1645594707013 0.448 0
1645594717942 0.4582 0
1645594728867 0.4754 0
1645594739546 0.4898 0
1645594750710 0.502 0
1645594761418 0.4944 0
1645594771901 0.506 0
1645594793228 0.3212 0
1645594805813 0.444 0
1645594817925 0.466 0
1645594830151 0.4686 0
1645594842386 0.4786 0
1645594854877 0.493 0
1645594866882 0.4842 0
1645594878737 0.497 0
1645594891110 0.5154 0
1645594902648 0.5006 0
1645594925062 0.2696 0
1645594937925 0.3624 0
1645594951115 0.3814 0
1645594964232 0.3888 0
1645594977371 0.3984 0
1645594989562 0.4058 0
1645595002357 0.4096 0
1645595015395 0.4116 0
1645595028083 0.4114 0
1645595039291 0.4136 0
1645595062997 0.2862 0
1645595076080 0.3948 0
1645595089524 0.4186 0
1645595103149 0.4248 0
1645595117122 0.4232 0
1645595131077 0.436 0
1645595144794 0.4504 0
1645595158965 0.4428 0
1645595172620 0.454 0
1645595185918 0.438 0
1645595210551 0.3084 0
1645595225022 0.3888 0
1645595239095 0.4114 0
1645595252949 0.4368 0
1645595267050 0.4372 0
1645595281157 0.4548 0
1645595295279 0.4556 0
1645595309257 0.452 0
1645595322972 0.4612 0
1645595337169 0.4484 0
1645595363219 0.2536 0
1645595377957 0.3288 0
1645595392811 0.3342 0
1645595407383 0.3496 0
1645595422414 0.3542 0
1645595437074 0.363 0
1645595451632 0.3662 0
1645595466245 0.3638 0
1645595480929 0.3724 0
1645595495988 0.3752 0
1645595522838 0.3158 0
1645595538561 0.4086 0
1645595553887 0.4332 0
1645595569689 0.4378 0
1645595585240 0.4468 0
1645595600480 0.4494 0
1645595616255 0.4596 0
1645595632039 0.4584 0
1645595647585 0.463 0
1645595662605 0.4834 0
1645595690680 0.3078 0
1645595706498 0.4036 0
1645595722563 0.426 0
1645595740032 0.4526 0
1645595756741 0.4436 0
1645595772761 0.4542 0
1645595789067 0.4428 0
1645595805967 0.4566 0
1645595822680 0.4642 0
1645595838167 0.4486 0
1645595866961 0.2484 0
1645595884260 0.3216 0
1645595901466 0.3282 0
1645595918420 0.3638 0
1645595935923 0.3634 0
1645595953065 0.372 0
1645595970538 0.385 0
1645595987949 0.3798 0
1645596004953 0.3874 0
1645596022393 0.387 0
1645596052303 0.3124 0
1645596070604 0.4052 0
1645596088986 0.4244 0
1645596106888 0.4332 0
1645596125063 0.4426 0
1645596142716 0.4418 0
1645596160486 0.4444 0
1645596178059 0.4572 0
1645596196160 0.4604 0
1645596214475 0.4506 0
1645596245718 0.2404 0
1645596264524 0.3404 0
1645596283622 0.3692 0
1645596302175 0.3656 0
1645596320986 0.3922 0
1645596339803 0.3968 0
1645596358128 0.3912 0
1645596376647 0.396 0
1645596395488 0.3932 0
1645596414305 0.4036 0
1645596447132 0.3306 0
1645596467460 0.4294 0
1645596488810 0.442 0
1645596508999 0.4506 0
1645596529721 0.4576 0
1645596550252 0.4656 0
1645596570746 0.4576 0
1645596590839 0.475 0
1645596611119 0.4634 0
1645596631495 0.4692 0
1645596666290 0.3546 0
1645596687353 0.4446 0
1645596708413 0.4642 0
1645596729603 0.4578 0
1645596751511 0.474 0
1645596772698 0.4942 0
1645596793609 0.4886 0
1645596815143 0.5008 0
1645596835987 0.5022 0
1645596857200 0.4986 0
1645596893626 0.336 0
1645596916276 0.4202 0
1645596939257 0.4468 0
1645596962111 0.4488 0
1645596985358 0.4422 0
1645597009855 0.4462 0
1645597032844 0.457 0
1645597055748 0.4698 0
1645597078749 0.47 0
1645597101888 0.4722 0
1645597140521 0.3286 0
1645597165116 0.4214 0
1645597189365 0.4348 0
1645597213780 0.4506 0
1645597238042 0.4606 0
1645597261921 0.4756 0
1645597286579 0.4782 0
1645597311566 0.4832 0
1645597335761 0.4732 0
1645597360478 0.4832 0
1645597400982 0.3108 0
1645597427402 0.4024 0
1645597451964 0.4258 0
1645597476628 0.4362 0
1645597503040 0.4476 0
1645597527915 0.4558 0
1645597553699 0.459 0
1645597578847 0.4648 0
1645597604634 0.4434 0
1645597631737 0.454 0
1645597674089 0.3694 0
1645597700807 0.4618 0
1645597726727 0.5044 0
1645597753448 0.5076 0
1645597781151 0.4908 0
1645597808201 0.4982 0
1645597836572 0.5136 0
1645597863413 0.516 0
1645597890988 0.515 0
1645597918303 0.5168 0
1645597962841 0.2552 0
1645597992005 0.3402 0
1645598020251 0.371 0
1645598048581 0.3816 0
1645598076649 0.3824 0
1645598106231 0.3874 0
1645598134875 0.3964 0
1645598163245 0.4016 0
1645598190725 0.4026 0
1645598219419 0.3944 0
