1652328953574 0.1258 0
1652328958809 0.1802 0
1652328963945 0.2028 0
1652328969029 0.214 0
1652328974237 0.2112 0
1652328979397 0.2282 0
1652328984516 0.2362 0
1652328989689 0.2392 0
1652328994820 0.2418 0
1652328999835 0.26 0
1652329004914 0.2538 0
1652329010001 0.2498 0
1652329015167 0.255 0
1652329020286 0.2558 0
1652329025439 0.2626 0
1652329030375 0.2482 0
1652329035461 0.2582 0
1652329040603 0.2722 0
1652329045844 0.2674 0
1652329051024 0.2586 0
1652329056125 0.2666 0
1652329061220 0.2556 0
1652329066422 0.2678 0
1652329071603 0.2772 0
1652329076615 0.2824 0
1652329081822 0.2846 0
1652329086877 0.2778 0
1652329091850 0.2882 0
1652329097009 0.2746 0
1652329102022 0.2754 0
1652329111309 0.2126 0
1652329120337 0.2323 0
1652329129761 0.2342 0
1652329138837 0.2503 0
1652329147738 0.2555 0
1652329156804 0.2537 0
1652329165960 0.2739 0
1652329174930 0.2747 0
1652329183832 0.2743 0
1652329192948 0.2787 0
1652329201865 0.2884 0
1652329211012 0.2941 0
1652329220037 0.2873 0
1652329229096 0.305 0
1652329238104 0.3119 0
1652329247171 0.3039 0
1652329256207 0.31 0
1652329265172 0.3094 0
1652329274181 0.3201 0
1652329283228 0.3215 0
1652329292407 0.3227 0
1652329301546 0.334 0
1652329310555 0.3332 0
1652329319448 0.3392 0
1652329328463 0.3425 0
1652329337532 0.3449 0
1652329346577 0.3454 0
1652329355732 0.3486 0
1652329365012 0.3547 0
1652329374289 0.3541 0
1652329388244 0.27853333333333335 0
1652329401608 0.3122 0
1652329414982 0.3182 0
1652329428294 0.321 0
1652329441599 0.32953333333333334 0
1652329454774 0.3342 0
1652329468019 0.3426666666666667 0
1652329481389 0.34573333333333334 0
1652329494772 0.345 0
1652329507518 0.3444 0
1652329520633 0.3589333333333333 0
1652329533932 0.3568 0
1652329547130 0.3622 0
1652329560205 0.3668 0
1652329573732 0.3698 0
1652329587186 0.35933333333333334 0
1652329600094 0.3664 0
1652329613116 0.3766 0
1652329626527 0.37726666666666664 0
1652329639715 0.3771333333333333 0
1652329652621 0.3824 0
1652329665992 0.3884 0
1652329679160 0.3866 0
1652329692602 0.3877333333333333 0
1652329706129 0.38553333333333334 0
1652329719315 0.3922 0
1652329732503 0.39413333333333334 0
1652329745648 0.3877333333333333 0
1652329759135 0.39113333333333333 0
1652329772369 0.3993333333333333 0
1652329790699 0.3427 0
1652329808597 0.3687 0
1652329826595 0.38115 0
1652329844331 0.3814 0
1652329862135 0.3841 0
1652329879933 0.38325 0
1652329897750 0.3858 0
1652329915575 0.39305 0
1652329933156 0.39295 0
1652329950848 0.39195 0
1652329968629 0.3956 0
1652329986492 0.39965 0
1652330004367 0.3985 0
1652330022146 0.3992 0
1652330040081 0.4 0
1652330057867 0.3964 0
1652330075613 0.40195 0
1652330093231 0.4055 0
1652330110902 0.40785 0
1652330128719 0.39855 0
1652330146752 0.3991 0
1652330164664 0.40265 0
1652330182390 0.4055 0
1652330200495 0.4002 0
1652330218366 0.4065 0
1652330236007 0.4024 0
1652330254143 0.40945 0
1652330271901 0.4097 0
1652330289712 0.40565 0
1652330307470 0.4074 0
1652330331253 0.35916 0
1652330354120 0.3672 0
1652330376848 0.37624 0
1652330399455 0.37656 0
1652330421894 0.37824 0
1652330443991 0.37952 0
1652330466574 0.3784 0
1652330489194 0.3808 0
1652330511561 0.38088 0
1652330534076 0.382 0
1652330556864 0.38224 0
1652330579548 0.381 0
1652330602207 0.38468 0
1652330624733 0.3832 0
1652330647445 0.37964 0
1652330670059 0.38272 0
1652330692620 0.38376 0
1652330714985 0.38956 0
1652330737107 0.38612 0
1652330759797 0.38548 0
1652330782326 0.38396 0
1652330804828 0.38252 0
1652330827419 0.382 0
1652330849868 0.3876 0
1652330872429 0.38528 0
1652330894946 0.38708 0
1652330917780 0.38676 0
1652330940243 0.38636 0
1652330962280 0.3894 0
1652330984339 0.38876 0
