1643865475497 0.9829750216325124 0
1643865490234 0.2927901995658875 0
1643865505035 0.1882526476462682 0
1643865519732 0.13335000489155452 0
1643865534659 0.09509009472529094 0
1643865588283 0.48464806921482084 0
1643865605778 0.18917627010742824 0
1643865623555 0.12472196404536565 0
1643865641205 0.08532796341578165 0
1643865658942 0.05930039091904958 0
1643865719627 0.4463140527566274 0
1643865739233 0.17691711440086363 0
1643865758971 0.11796423426469167 0
1643865778550 0.07920005798737208 0
1643865798078 0.05437326499025027 0
1643865865267 0.4363837815284729 0
1643865886338 0.17802296894391378 0
1643865907799 0.1203317767659823 0
1643865929099 0.08429418162902197 0
1643865950457 0.06093805984258652 0
1643866023452 0.45532048687934873 0
1643866046424 0.18820754090547562 0
1643866069376 0.12668697578112284 0
1643866092024 0.09182175034681955 0
1643866115218 0.06807224321762721 0
1643866193212 0.4212106533606847 0
1643866217576 0.18856714658737184 0
1643866241994 0.1326176773548126 0
1643866266442 0.09730546948512395 0
1643866290945 0.07390514531135559 0
1643866376020 0.41927655464808145 0
1643866401563 0.18795701886812846 0
1643866427609 0.13541413513819375 0
1643866453449 0.10054413603941599 0
1643866479400 0.07919634029070537 0
1643866570142 0.4149312551498413 0
1643866597405 0.19429265500704448 0
1643866624248 0.14012803632418314 0
1643866651405 0.10768621840079626 0
1643866678624 0.08775961592197418 0
1643866774967 0.4483351993004481 0
1643866803459 0.20678755979537963 0
1643866831442 0.14943178389867146 0
1643866859804 0.11617990579605103 0
1643866887777 0.09291680954694748 0
1643866990102 0.4622478743076324 0
1643867019403 0.2119712790966034 0
1643867048792 0.15286266366640727 0
1643867078017 0.12152433606783548 0
1643867107316 0.10024252899885178 0
1643867215223 0.46043551394144694 0
1643867245568 0.2130831103960673 0
1643867276080 0.15970237310727436 0
1643867306603 0.12648563819726308 0
1643867337685 0.10501213773091635 0
1643867454498 0.4372695106744766 0
1643867485909 0.21676311922073363 0
1643867517536 0.163476313773791 0
1643867548634 0.1318739326953888 0
1643867579938 0.10961263211568197 0
1643867699231 0.4532914255460103 0
1643867731579 0.22381948207219443 0
1643867764326 0.1707270624478658 0
1643867796444 0.13959727374712627 0
1643867829084 0.11838694314956665 0
1643867953650 0.455906939570109 0
1643867986954 0.23191650892893473 0
1643868020599 0.17668903447389603 0
1643868053856 0.14689670901298524 0
1643868086873 0.12676216068665186 0
1643868217822 0.4474025858561198 0
1643868252526 0.234468656317393 0
1643868287024 0.18270565338134764 0
1643868321767 0.15214136042594908 0
1643868355890 0.1315254631002744 0
1643868492754 0.46835452836354574 0
1643868528401 0.24322462871869405 0
1643868563926 0.1913217225710551 0
1643868599219 0.15859990697701773 0
1643868635069 0.13751520612239837 0
1643868777123 0.47017867585817974 0
1643868813548 0.2484530960083008 0
1643868850537 0.19465143944422403 0
1643868887474 0.16279446949164073 0
1643868924058 0.14266249616146087 0
1643869077422 0.4639113560040792 0
1643869115563 0.2510271419843038 0
1643869154984 0.1985532720088959 0
1643869192698 0.1689655366341273 0
1643869230192 0.14744078359603882 0
1643869383544 0.499290993642807 0
1643869421890 0.2646524763743083 0
1643869461008 0.21025874565442404 0
1643869499785 0.17882817261219025 0
1643869538613 0.1583578771909078 0
1643869697970 0.48813942658106485 0
1643869737487 0.2738526643117269 0
1643869777617 0.22273514768282573 0
1643869817036 0.19005347884496054 0
1643869856798 0.1684894352753957 0
1643870021271 0.4902248437245687 0
1643870062068 0.27877692499160767 0
1643870102940 0.22497172821362812 0
1643870143835 0.1933845906019211 0
1643870184519 0.1710799854516983 0
1643870355574 0.49782584374745686 0
1643870397562 0.28307279550234477 0
1643870439375 0.23116542412439983 0
1643870481539 0.19867287866274516 0
1643870523025 0.17687227584520976 0
1643870699623 0.4898051806131999 0
1643870742202 0.2821824905872345 0
1643870785403 0.23236436943213146 0
1643870828342 0.2005994924465815 0
1643870872616 0.18169505602518718 0
1643871054501 0.531280529085795 0
1643871098849 0.2980070076306661 0
1643871143605 0.2441090700308482 0
1643871188166 0.2119052591085434 0
1643871232441 0.18936797966162364 0
1643871420479 0.5183546600341797 0
1643871465704 0.30217013444900515 0
1643871511818 0.24784052141507468 0
1643871557265 0.2162565613826116 0
1643871602802 0.1946527832667033 0
1643871796857 0.5134273709932963 0
1643871843522 0.3073806832154592 0
1643871889695 0.2560888339837392 0
1643871936392 0.22597805372873941 0
1643871982540 0.2036740375995636 0
1643872181787 0.5326232653299967 0
1643872229165 0.31934598587354024 0
1643872276286 0.26710449601809183 0
1643872323824 0.23157126111984253 0
1643872371787 0.2117241202990214 0
1643872577099 0.5569560869852702 0
1643872625970 0.3257598980585734 0
1643872674707 0.2695901291211446 0
1643872723361 0.23604867583910624 0
1643872772089 0.21551206610997517 0
1643872983313 0.5468271727085113 0
1643873032310 0.32966582910219827 0
1643873081685 0.27677374510765074 0
1643873131236 0.24272254557609557 0
1643873181486 0.22233663092454276 0
1643873398735 0.5530300846417745 0
1643873449476 0.33472902096112567 0
1643873500569 0.27991290334065755 0
1643873551530 0.24796382233301797 0
1643873602342 0.22547307205200195 0
