1645626398747 2.0653808097839357 0
1645626403497 1.6880022638320922 0
1645626408257 1.4194146486282349 0
1645626413093 1.2809948264122009 0
1645626417619 1.1335867389678955 0
1645626422114 1.0135095879554747 0
1645626426816 0.9188077647209167 0
1645626431617 0.8341028741836548 0
1645626436366 0.7318655294895172 0
1645626441130 0.6382781128406525 0
1645626445987 0.585285165977478 0
1645626450692 0.5097693253993988 0
1645626455351 0.4111040647983551 0
1645626459973 0.38412396261692044 0
1645626464584 0.2941983216166496 0
1645626469235 0.25813485215902326 0
1645626473975 0.2138207554191351 0
1645626478654 0.2423763743817806 0
1645626483306 0.18419276091903447 0
1645626487928 0.17264687965214254 0
1645626496886 1.0726233081579208 0
1645626505395 0.8812106723546982 0
1645626513766 0.789537729281187 0
1645626522612 0.6977831867992877 0
1645626531434 0.6138221155881882 0
1645626540068 0.5505572099328041 0
1645626548864 0.4808854751944542 0
1645626557644 0.4215520038366318 0
1645626566060 0.3584923057898879 0
1645626574582 0.30717874518632887 0
1645626583475 0.2636243237018585 0
1645626592485 0.2236514834687114 0
1645626601489 0.2255056862603873 0
1645626610297 0.18609969024583697 0
1645626619093 0.18290822061784565 0
1645626627668 0.1711563071642071 0
1645626636039 0.15273191654682158 0
1645626644643 0.11591210879795254 0
1645626653532 0.13116190767753869 0
1645626661988 0.14902462505120784 0
1645626675565 0.7371521454254786 0
1645626688055 0.5942304931879043 0
1645626700556 0.49880790079832077 0
1645626713581 0.4620082488576571 0
1645626726251 0.39267066431144876 0
1645626739165 0.34786401393413546 0
1645626752133 0.3199624217003584 0
1645626765060 0.29322398607532185 0
1645626777732 0.24264190509667 0
1645626790578 0.23013857008069755 0
1645626803298 0.19787376247569918 0
1645626816097 0.18319068774729966 0
1645626828787 0.17598866678103806 0
1645626841876 0.16805055779429773 0
1645626854839 0.1395415771616002 0
1645626867457 0.15185896711995203 0
1645626880020 0.14022500024642795 0
1645626892469 0.1472072797048837 0
1645626904999 0.11772078540250659 0
1645626917881 0.13230721693597733 0
