1652366916418 1.9701304767608643 0
1652366921617 1.6097905208587646 0
1652366926785 1.3816204097747802 0
1652366931693 1.2233805303573608 0
1652366936981 1.073083323097229 0
1652366942128 0.9774381081581116 0
1652366947349 0.8836898123264313 0
1652366952668 0.7502355056762695 0
1652366957996 0.6875082173347473 0
1652366963396 0.5744128251075744 0
1652366972802 1.2303356634140015 0
1652366982154 0.9903591608047485 0
1652366991319 0.8361325016975403 0
1652367000352 0.7079103304862976 0
1652367009449 0.629881397819519 0
1652367018447 0.5656286233425141 0
1652367027559 0.4994953722000122 0
1652367036672 0.42965884518623354 0
1652367046050 0.378966108083725 0
1652367054868 0.3599401766061783 0
1652367068802 0.8761152915000916 0
1652367081885 0.7229848391532898 0
1652367094861 0.6530710408210755 0
1652367108424 0.5571713196913402 0
1652367121336 0.5125794987996419 0
1652367134706 0.44585104258855185 0
1652367148120 0.39039316263198853 0
1652367161423 0.37479556128184 0
1652367174720 0.32667022767066956 0
1652367188005 0.276947242363294 0
1652367206712 0.63297803606987 0
1652367224414 0.50252860019207 0
1652367242395 0.4389253561973572 0
1652367260327 0.40126072963476184 0
1652367278141 0.35275312955379484 0
1652367295804 0.3330426216363907 0
1652367313387 0.3023085388958454 0
1652367331237 0.2667840290129185 0
1652367349043 0.2580889737188816 0
1652367367080 0.2249468648135662 0
1652367391033 0.5500728599357605 0
1652367413527 0.45209561846733093 0
1652367436188 0.4260907149410248 0
1652367458716 0.3837957300376892 0
1652367481307 0.34764292305469513 0
1652367504081 0.33098193123817443 0
1652367526536 0.3022149414610863 0
1652367549069 0.28047511139273645 0
1652367571679 0.25701652850151063 0
1652367593998 0.2434956679391861 0
