1645128954367 0.4436 0
1645128957923 0.5924 0
1645128961462 0.6368 0
1645128965026 0.6748 0
1645128968685 0.7048 0
1645128999589 0.7144 0
1645129030131 0.8056 0
1645129061069 0.8488 0
1645129091863 0.86 0
1645129122624 0.886 0
1645129153716 0.632 0
1645129183536 0.7552 0
1645129213790 0.8104 0
1645129243974 0.8536 0
1645129273916 0.8716 0
1645129305028 0.688 0
1645129334553 0.8276 0
1645129364282 0.8628 0
1645129393952 0.8896 0
1645129423911 0.9264 0
1645129455812 0.5772 0
1645129485458 0.7188 0
1645129515448 0.7664 0
1645129545642 0.8076 0
1645129575676 0.8392 0
1645129607771 0.586 0
1645129637552 0.7776 0
1645129667494 0.838 0
1645129697560 0.8604 0
1645129727502 0.8836 0
1645129759958 0.5864 0
1645129789540 0.7076 0
1645129819297 0.76 0
1645129848989 0.7916 0
1645129878618 0.8172 0
1645129911630 0.6476 0
1645129941183 0.7868 0
1645129970646 0.8248 0
1645130000099 0.8648 0
1645130029602 0.88 0
1645130063332 0.558 0
1645130093501 0.7288 0
1645130123877 0.8128 0
1645130154092 0.8424 0
1645130184307 0.8648 0
1645130218312 0.6068 0
1645130248243 0.7356 0
1645130278062 0.7988 0
1645130307861 0.816 0
1645130337306 0.8552 0
1645130371699 0.6952 0
1645130401468 0.8256 0
1645130430956 0.8584 0
1645130460507 0.8976 0
1645130490275 0.9136 0
1645130525476 0.6084 0
1645130555367 0.7612 0
1645130585291 0.8204 0
1645130615081 0.866 0
1645130644817 0.8868 0
1645130680326 0.5768 0
1645130710174 0.7464 0
1645130739889 0.8032 0
1645130769654 0.8364 0
1645130799476 0.8676 0
1645130835322 0.6204 0
1645130865042 0.7952 0
1645130894543 0.8648 0
1645130923925 0.882 0
1645130953322 0.9196 0
1645130989718 0.6564 0
1645131019577 0.7996 0
1645131049549 0.8452 0
1645131079522 0.8776 0
1645131109464 0.892 0
1645131147096 0.6288 0
1645131177377 0.7652 0
1645131207649 0.8332 0
1645131237853 0.856 0
1645131267993 0.896 0
1645131306238 0.7276 0
1645131336718 0.846 0
1645131367291 0.8948 0
1645131397769 0.9112 0
1645131428113 0.94 0
1645131466604 0.6988 0
1645131497622 0.8572 0
1645131528121 0.896 0
1645131558358 0.9276 0
1645131588610 0.9312 0
1645131627658 0.5132 0
1645131658763 0.656 0
1645131689525 0.736 0
1645131719778 0.7912 0
1645131750675 0.8292 0
1645131790186 0.702 0
1645131820042 0.8512 0
1645131849676 0.882 0
1645131879531 0.9064 0
1645131909330 0.9248 0
