1652823168872 0.2986 0
1652823182456 0.4398 0
1652823196348 0.517 0
1652823209912 0.5702 0
1652823223627 0.6288 0
1652823237366 0.6716 0
1652823251059 0.7138 0
1652823264817 0.7468 0
1652823278661 0.7822 0
1652823292644 0.8156 0
1652823306214 0.8462 0
1652823319889 0.8642 0
1652823333581 0.865 0
1652823347392 0.8942 0
1652823361234 0.8878 0
1652823375173 0.9132 0
1652823389188 0.913 0
1652823402971 0.9208 0
1652823416562 0.9242 0
1652823430194 0.93 0
1652823443737 0.9294 0
1652823457361 0.934 0
1652823471080 0.9258 0
1652823484773 0.9452 0
1652823498462 0.9354 0
1652823511963 0.9464 0
1652823525837 0.9466 0
1652823539739 0.9394 0
1652823553340 0.9494 0
1652823567461 0.952 0
1652823582668 0.4004 0
1652823592337 0.558 0
1652823601969 0.6228 0
1652823611793 0.6644 0
1652823621528 0.7138 0
1652823631322 0.747 0
1652823641142 0.769 0
1652823650860 0.8066 0
1652823660707 0.8342 0
1652823670540 0.8536 0
1652823680461 0.8796 0
1652823689940 0.8812 0
1652823699724 0.9036 0
1652823709590 0.9096 0
1652823719148 0.9138 0
1652823728953 0.9252 0
1652823738892 0.9204 0
1652823748499 0.9318 0
1652823758117 0.9412 0
1652823768002 0.935 0
1652823777935 0.9512 0
1652823787605 0.9416 0
1652823797256 0.941 0
1652823806996 0.9434 0
1652823816757 0.9536 0
1652823826666 0.951 0
1652823836750 0.9476 0
1652823846610 0.9526 0
1652823856224 0.9548 0
1652823865970 0.9552 0
1652823886218 0.33 0
1652823896148 0.4634 0
1652823906246 0.532 0
1652823916118 0.5756 0
1652823925933 0.6256 0
1652823935859 0.6632 0
1652823945973 0.6966 0
1652823955839 0.7304 0
1652823965953 0.7566 0
1652823976116 0.7864 0
1652823985889 0.8188 0
1652823995818 0.8294 0
1652824005803 0.8538 0
1652824015659 0.854 0
1652824025521 0.8752 0
1652824035592 0.8824 0
1652824045291 0.8934 0
1652824055018 0.8968 0
1652824065177 0.911 0
1652824075200 0.9166 0
1652824084953 0.9176 0
1652824095077 0.9268 0
1652824105180 0.927 0
1652824115180 0.923 0
1652824125106 0.9364 0
1652824135177 0.9412 0
1652824145046 0.9292 0
1652824155102 0.934 0
1652824165097 0.9492 0
1652824175048 0.9396 0
1652824201146 0.377 0
1652824211136 0.5268 0
1652824221013 0.6008 0
1652824230746 0.6336 0
1652824240962 0.6778 0
1652824250890 0.702 0
1652824260953 0.7336 0
1652824271003 0.7704 0
1652824280836 0.8056 0
1652824290809 0.8238 0
1652824300567 0.8344 0
1652824310718 0.859 0
1652824320589 0.8664 0
1652824330470 0.884 0
1652824340360 0.8832 0
1652824350341 0.8976 0
1652824360472 0.9162 0
1652824370411 0.9164 0
1652824380254 0.9248 0
1652824390234 0.9222 0
1652824400002 0.9242 0
1652824410155 0.9312 0
1652824420074 0.9308 0
1652824429923 0.9392 0
1652824439978 0.9378 0
1652824449818 0.9516 0
1652824459579 0.945 0
1652824469410 0.9438 0
1652824479256 0.947 0
1652824489281 0.9474 0
1652824521058 0.3332 0
1652824530972 0.4626 0
1652824541115 0.5308 0
1652824550889 0.568 0
1652824560828 0.6072 0
1652824570760 0.6602 0
1652824580568 0.6936 0
1652824590568 0.725 0
1652824600725 0.7744 0
1652824610745 0.7884 0
1652824620905 0.823 0
1652824631068 0.8314 0
1652824641038 0.8536 0
1652824650973 0.8632 0
1652824661121 0.8796 0
1652824671143 0.8942 0
1652824680983 0.8862 0
1652824690993 0.9076 0
1652824701222 0.9176 0
1652824711185 0.918 0
1652824721090 0.9242 0
1652824731166 0.9198 0
1652824741118 0.9322 0
1652824751126 0.9204 0
1652824761151 0.936 0
1652824770915 0.934 0
1652824780920 0.936 0
1652824790662 0.9394 0
1652824800675 0.94 0
1652824810611 0.9474 0
