1654592213796 0.7470627773551101 0
1654592222715 0.18823469886783833 0
1654592231811 0.0993952903622871 0
1654592240668 0.07044759324120146 0
1654592249540 0.05821644717941843 0
1654592258599 0.045762632062808534 0
1654592267591 0.051825794536286766 0
1654592275995 0.042092539402881844 0
1654592284781 0.03773340891484779 0
1654592293575 0.03068760787836206 0
1654592302428 0.03502435991696967 0
1654592311343 0.029826858826297837 0
1654592320287 0.027514373250262736 0
1654592328970 0.02688971958667214 0
1654592337654 0.025855149317536505 0
1654592346559 0.013064569293309082 0
1654592355419 0.018318413478515594 0
1654592364239 0.009674016475856606 0
1654592373174 0.027860972977961973 0
1654592382012 0.02097434619143366 0
1654592390583 0.015847517152402367 0
1654592399596 0.01856769092270126 0
1654592408258 0.01667857043147836 0
1654592416571 0.0057871064590491 0
1654592425341 0.019201110868753164 0
1654592434048 0.01279875482489259 0
1654592442571 0.002979924667834054 0
1654592451144 0.01996642202279382 0
1654592460142 0.007356827737728922 0
1654592469255 0.0009528900519224058 0
1654592478389 0.029788784218423466 0
1654592487015 0.01006182823060654 0
1654592495755 0.005225954365082154 0
1654592504496 0.00903719970320512 0
1654592513127 0.014852172993050618 0
1654592522106 0.007907679377451 0
1654592531202 0.011457924090030061 0
1654592539717 0.01089718655947357 0
1654592548560 0.0003781784013311159 0
1654592557403 0.016702784189738213 0
1654592565706 0.012162531278541274 0
1654592574208 0.004905360542332737 0
1654592583201 0.004451967112092712 0
1654592591596 0.010851271993304323 0
1654592600090 0.01643835477029004 0
1654592608951 0.001195082923279249 0
1654592617293 0.011972751896560262 0
1654592625993 0.011604752066317683 0
1654592635086 0.001905410615790267 0
1654592644100 0.015217515372282463 0
1654592665874 0.3010047394381335 0
1654592684953 0.059118615341500334 0
1654592703849 0.041270663175189966 0
1654592722669 0.03459189354847717 0
1654592741474 0.024300681566708716 0
1654592760170 0.027929206351907813 0
1654592779162 0.024219534132025582 0
1654592798010 0.01738346669592642 0
1654592816776 0.024069501332691652 0
1654592835471 0.011855322851684898 0
1654592853900 0.012007212216960094 0
1654592872642 0.02021607972391677 0
1654592891869 0.01411516980794437 0
1654592910769 0.014813869615399083 0
1654592929391 0.017237336906487016 0
1654592948123 0.005214946145889547 0
1654592966720 0.01410114844059689 0
1654592985353 0.012716164581710569 0
1654593004416 0.01509186743577946 0
1654593023223 0.01250609126413995 0
1654593042377 0.006217337389986513 0
1654593061093 0.00020893340114597127 0
1654593080033 0.01710766093644882 0
1654593098992 0.014158415282930846 0
1654593117967 0.0038974798870698084 0
1654593136945 0.013185427561662006 0
1654593155776 0.00934852045453879 0
1654593174970 0.008759545866078324 0
1654593194179 0.015312643672310474 0
1654593213107 0.007635566257236495 0
1654593231883 0.00792194130622897 0
1654593249741 0.007818273409038096 0
1654593268719 0.005398409098592975 0
1654593287280 0.0067368400673052265 0
1654593305748 0.009330860819971872 0
1654593324587 0.009712335677649453 0
1654593343703 0.007028813204853402 0
1654593362832 0.003140664711729817 0
1654593381833 0.006428042358424567 0
1654593400383 0.006931582982124529 0
1654593419451 0.0073382651141156155 0
1654593438340 0.013768250978313745 0
1654593457540 0.01079248693422432 0
1654593476381 0.0014500499793561631 0
1654593495344 0.0013398497005281005 0
1654593514446 0.010725602713424829 0
1654593533273 0.0046537573848122685 0
1654593552192 0.011345566855074568 0
1654593571187 0.0020475672579292397 0
1654593590202 0.010312655164380987 0
1654593619530 0.2093267747008708 0
1654593642189 0.05336988942085119 0
1654593664709 0.02786722728749709 0
1654593687159 0.030351964313601477 0
1654593709258 0.01988601284397408 0
1654593731794 0.01725344051768667 0
1654593753977 0.02264329700910326 0
1654593776519 0.00990717009844304 0
1654593798957 0.015198182029125993 0
1654593821611 0.0216742925802567 0
1654593843463 0.010802413880761747 0
1654593866025 0.013178449020000548 0
1654593888351 0.0077297831532233035 0
1654593910512 0.013608996383102418 0
1654593932896 0.013610328110312108 0
1654593955070 0.011110271258966591 0
1654593977449 0.007035315644222182 0
1654593999751 0.005655351011060862 0
1654594022081 0.015500655587274122 0
1654594044627 0.0011232703980644698 0
1654594067155 0.012746033930325681 0
1654594089136 0.0031983407102443113 0
1654594111168 0.011820128300250352 0
1654594133757 0.008656517052955214 0
1654594156046 0.002064053144900533 0
1654594178502 0.00768477598059773 0
1654594201076 0.00897636827653594 0
1654594223471 0.0057952089976918714 0
1654594246221 0.010817054483683827 0
1654594268141 0.007557669639105564 0
1654594290844 0.004604137344291334 0
1654594313041 0.003412379127018138 0
1654594335065 0.010574426094681861 0
1654594357553 0.004709460557716081 0
1654594379843 0.003244988766673377 0
1654594402273 0.007505384866356864 0
1654594424596 0.0021840689250064455 0
1654594447323 0.008443200700985707 0
1654594469839 0.000999750563862993 0
1654594491888 0.010541334687882096 0
1654594514370 0.007751956551483102 0
1654594536730 0.0014406228471767664 0
1654594559146 0.002660540502721341 0
1654594581617 0.004094278932305897 0
1654594603914 0.0032242828029018142 0
1654594626521 0.002573548676440533 0
1654594648725 0.012726999343690185 0
1654594671235 0.005470110243587097 0
1654594693733 0.0028513078887125744 0
1654594715913 0.0018904068814560992 0
1654594754437 0.37152856670776374 0
1654594780654 0.10727511678210681 0
1654594806818 0.05398827699160462 0
1654594832824 0.052903506394279154 0
1654594859273 0.045369257123172545 0
1654594885100 0.029893534430915466 0
1654594910966 0.034422721676548224 0
1654594937299 0.025084697789016414 0
1654594963394 0.027593422079079864 0
1654594989561 0.02276571599277795 0
1654595016166 0.01940437480452199 0
1654595041784 0.02739168106994957 0
1654595068317 0.020365776968366632 0
1654595094681 0.012516105050390731 0
1654595120901 0.015575057760111274 0
1654595147099 0.023734356564037013 0
1654595173038 0.012516423859353233 0
1654595199090 0.014100517014665555 0
1654595224901 0.014476707377634335 0
1654595250824 0.02172750320832054 0
1654595277033 0.01819423940863477 0
1654595303387 0.005650345166820728 0
1654595329380 0.005910796250668999 0
1654595355405 0.022542093445431868 0
1654595381077 0.017486199057519306 0
1654595407328 0.008513238349177023 0
1654595433441 0.0038853881409896675 0
1654595458790 0.020265849180472553 0
1654595484905 0.007092298585670673 0
1654595510858 0.011901604799373123 0
1654595536563 0.0058607865486510514 0
1654595562319 0.013210549179018016 0
1654595588556 0.013662109930758712 0
1654595615052 0.010993121302521268 0
1654595640558 0.009187348585615067 0
1654595666534 0.007224884453027005 0
1654595692856 0.01643762981426527 0
1654595719253 0.002461908318385562 0
1654595745007 0.005850839758765338 0
1654595770702 0.009649546571072642 0
1654595796879 0.008242048359122896 0
1654595823361 0.01637762060559486 0
1654595849819 0.0050670503525513605 0
1654595876005 0.004341602361346679 0
1654595901670 0.007463538297049627 0
1654595927593 0.0030363857232706512 0
1654595953850 0.010363352971283168 0
1654595979691 0.009041021757407066 0
1654596005251 0.009110829509928987 0
1654596031420 0.009095050265975424 0
1654596079870 0.19400132688496458 0
1654596109778 0.03916110900260756 0
1654596139841 0.03361054042109986 0
1654596169816 0.01795647447195443 0
1654596199703 0.017343766119617274 0
1654596229751 0.018567954778231192 0
1654596259867 0.0068213037323867345 0
1654596289971 0.015736106044693117 0
1654596319681 0.008466359686965946 0
1654596349821 0.01693019685550947 0
1654596380120 0.010749419107676478 0
1654596410272 0.011787200385212386 0
1654596440374 0.008275041307145544 0
1654596470657 0.00878537580574065 0
1654596501259 0.014616567413982652 0
1654596531350 0.008223204401053957 0
1654596561633 0.012593857225727105 0
1654596591723 0.004480640733551788 0
1654596621912 0.0034307622280695224 0
1654596651962 0.008165172668343445 0
1654596682072 0.008172316670094095 0
1654596712221 0.00418418197364951 0
1654596742002 0.0022160037789250102 0
1654596771758 0.015650365053307233 0
1654596801644 0.002726121247739403 0
1654596832079 0.003898531157151792 0
1654596862325 0.005991144065273416 0
1654596892466 0.0008695225025987021 0
1654596922320 0.006162936773597464 0
1654596952287 0.0066539253588189795 0
1654596982375 0.010455419211542813 0
1654597012514 0.00306228806410918 0
1654597042461 0.004583294255354683 0
1654597072624 0.006857345442514317 0
1654597102492 0.002393104509697416 0
1654597131767 0.007308508627980424 0
1654597161407 0.0006648655477920721 0
1654597191191 0.005493874247250526 0
1654597221242 0.0036490042252038694 0
1654597251131 0.006975096966633933 0
1654597281663 0.006122042049387452 0
1654597311498 0.004413401117110997 0
1654597342013 0.00639093502601025 0
1654597371941 0.0044615391630186815 0
1654597402122 0.002678872019419065 0
1654597432181 0.001371409934336181 0
1654597462013 0.007336364173737902 0
1654597491995 0.004290140569574911 0
1654597521963 0.0053315515883847345 0
1654597552125 0.0024140721991327456 0
