1654580409042 0.7500506299047829 0
1654580417313 0.19421041448825502 0
1654580425950 0.0905811274442265 0
1654580434517 0.07280486891077534 0
1654580443126 0.05922451324874753 0
1654580451936 0.04601865866497784 0
1654580460426 0.044863255221195886 0
1654580469193 0.047293899302393826 0
1654580477696 0.037645430891939315 0
1654580486505 0.038252604065351935 0
1654580494829 0.022696995157232346 0
1654580503444 0.027088111676901394 0
1654580511734 0.03714891253470231 0
1654580520174 0.020651472280823917 0
1654580528270 0.03275489261023665 0
1654580536379 0.011622208029516938 0
1654580544894 0.018614050580716832 0
1654580553542 0.022219622901857444 0
1654580562012 0.014723194800424859 0
1654580570743 0.009352107588098426 0
1654580579592 0.024720997990488335 0
1654580588216 0.021003044474386667 0
1654580596393 0.006606810474294516 0
1654580604691 0.022526777796234677 0
1654580613107 0.0043921041035954 0
1654580621771 0.0004260852891638393 0
1654580630694 0.02953624619484709 0
1654580639300 0.01572574806521021 0
1654580647964 0.012745290874212575 0
1654580656353 0.014649190606107006 0
1654580677911 0.2858425948231103 0
1654580695979 0.0632666215785338 0
1654580714601 0.042004527184193056 0
1654580733225 0.03678024453944399 0
1654580751651 0.014581574314071623 0
1654580770243 0.033116340972750846 0
1654580788541 0.018078727778319672 0
1654580807249 0.028058775450446292 0
1654580825794 0.015592353063095088 0
1654580844151 0.020031376569600193 0
1654580862707 0.012445499052140789 0
1654580881196 0.016010424591505864 0
1654580899928 0.012621442501943378 0
1654580918364 0.01743656051883976 0
1654580937017 0.007132560960376412 0
1654580955447 0.019013221289387202 0
1654580974188 0.011280472001551672 0
1654580992783 0.011101898513389987 0
1654581011256 0.014935050929505051 0
1654581029157 0.013486659696300274 0
1654581047720 0.008726043502794335 0
1654581066412 0.014179480772678315 0
1654581085422 0.0035474586778408163 0
1654581104087 0.006315289926197261 0
1654581122549 0.011972824807719157 0
1654581140750 0.006111077521816492 0
1654581159373 0.013187281940880636 0
1654581177824 0.005035857863439042 0
1654581196452 0.009212417645808602 0
1654581215004 0.006950776898184989 0
1654581244278 0.2180681183678541 0
1654581266116 0.04788541578267859 0
1654581288326 0.03909702137746373 0
1654581310858 0.022132688098433034 0
1654581333003 0.021166721716325065 0
1654581355063 0.02101023781285091 0
1654581377140 0.018416209532114033 0
1654581399423 0.013184501891119567 0
1654581421725 0.023172033438487977 0
1654581443880 0.007086201102475354 0
1654581466372 0.010937002352222114 0
1654581488768 0.015088601490121515 0
1654581511006 0.010484178439985135 0
1654581533106 0.009705272592673739 0
1654581555038 0.011655302655822718 0
1654581576782 0.010209653591512952 0
1654581598649 0.00815649736177363 0
1654581620776 0.004821439052818367 0
1654581642821 0.01007502155204656 0
1654581664657 0.005538697386582371 0
1654581686994 0.010872622356935344 0
1654581709310 0.0034797187971524987 0
1654581731370 0.012088143444630082 0
1654581753567 0.003943198866848759 0
1654581775556 0.01085780046614417 0
1654581797513 0.005647919839703084 0
1654581819517 0.005180798366091982 0
1654581841725 0.0014353723160101803 0
1654581863834 0.012184074158627127 0
1654581886194 0.003756119265278546 0
1654581923596 0.36456331449604307 0
1654581948623 0.1059923150381802 0
1654581974113 0.05186243384913866 0
1654581999670 0.05609041827815834 0
1654582024877 0.042776977690953365 0
1654582050506 0.021375719787103387 0
1654582076135 0.03361823868265984 0
1654582101604 0.032951785236766284 0
1654582127069 0.03223964192560298 0
1654582151765 0.019271431091892305 0
1654582177188 0.028839052172544035 0
1654582203058 0.010444336490053429 0
1654582228480 0.024665065729014803 0
1654582254412 0.019162580712658583 0
1654582279980 0.02426460958409688 0
1654582305288 0.013645888499182374 0
1654582330911 0.016355229594187996 0
1654582356356 0.015510075486734174 0
1654582381492 0.015694247502330245 0
1654582406772 0.013457698332446784 0
1654582432301 0.018609612503291236 0
1654582457893 0.00715333143470147 0
1654582482757 0.01913955386180847 0
1654582508460 0.010331980666032749 0
1654582533575 0.010667080227068271 0
1654582558444 0.011411207617327222 0
1654582584169 0.015258020529420163 0
1654582609828 0.008434564023050765 0
1654582635298 0.0077176485634632775 0
1654582661094 0.012530202533154802 0
1654582708718 0.2157398477713643 0
1654582738277 0.04093293728181945 0
1654582768281 0.03331756157476219 0
1654582797938 0.019454121673808982 0
1654582827543 0.016827342841655366 0
1654582857341 0.01765849721199098 0
1654582887090 0.011704415304461658 0
1654582916988 0.020612306434207632 0
1654582946603 0.01143840628010181 0
1654582976529 0.011344257762681118 0
1654583005609 0.0072922748827081415 0
1654583035327 0.01332282415414328 0
1654583065129 0.014302721503776903 0
1654583095177 0.008959641549907905 0
1654583124873 0.002296165393474994 0
1654583154223 0.012869211950430533 0
1654583184305 0.011354908130929561 0
1654583213861 0.0023964602252132833 0
1654583243568 0.004230664596006459 0
1654583273054 0.01485229267883982 0
1654583302885 0.004718859097159357 0
1654583332525 0.0012275250862270265 0
1654583362170 0.008208146989145392 0
1654583391585 0.011763632671860976 0
1654583420684 0.004668875418030667 0
1654583450172 0.006131683574740912 0
1654583480044 0.010629307545396122 0
1654583509781 0.0025721136857932915 0
1654583539485 0.006351138161378062 0
1654583569230 0.0033041580651967857 0
