1652651371980 0.1878 0
1652651377357 0.2786 0
1652651382974 0.3282 0
1652651388399 0.365 0
1652651393958 0.4138 0
1652651399534 0.4254 0
1652651405046 0.4426 0
1652651410565 0.4668 0
1652651416006 0.4864 0
1652651421362 0.5162 0
1652651426907 0.5312 0
1652651432427 0.548 0
1652651437759 0.583 0
1652651443207 0.597 0
1652651448803 0.6016 0
1652651454201 0.6298 0
1652651459650 0.6602 0
1652651465094 0.6676 0
1652651470523 0.6844 0
1652651476100 0.6964 0
1652651481562 0.7214 0
1652651486977 0.7342 0
1652651492511 0.767 0
1652651498289 0.7732 0
1652651503847 0.7854 0
1652651509407 0.8038 0
1652651514877 0.8112 0
1652651520218 0.8232 0
1652651525732 0.85 0
1652651531174 0.8368 0
1652651540411 0.3486 0
1652651549329 0.4728 0
1652651558424 0.5468 0
1652651567477 0.5922 0
1652651576543 0.6328 0
1652651585706 0.6806 0
1652651594842 0.704 0
1652651603907 0.7496 0
1652651612845 0.7706 0
1652651621829 0.8066 0
1652651630790 0.8312 0
1652651639844 0.8456 0
1652651648791 0.843 0
1652651657777 0.8672 0
1652651666926 0.876 0
1652651675796 0.8956 0
1652651684926 0.9124 0
1652651693781 0.9084 0
1652651702746 0.9182 0
1652651711637 0.9252 0
1652651720540 0.925 0
1652651729460 0.9356 0
1652651738546 0.9438 0
1652651747771 0.9414 0
1652651756769 0.943 0
1652651765842 0.9376 0
1652651775072 0.9458 0
1652651784046 0.94 0
1652651792953 0.9476 0
1652651801879 0.9564 0
1652651812806 0.3472 0
1652651823013 0.4842 0
1652651833168 0.557 0
1652651843503 0.6112 0
1652651853867 0.6508 0
1652651864125 0.68 0
1652651874297 0.72 0
1652651884351 0.7356 0
1652651894590 0.782 0
1652651904838 0.8114 0
1652651915041 0.8218 0
1652651925193 0.851 0
1652651935426 0.8538 0
1652651945454 0.8716 0
1652651955720 0.8808 0
1652651965710 0.8938 0
1652651975613 0.9042 0
1652651985691 0.9214 0
1652651995756 0.9168 0
1652652005946 0.9246 0
1652652016363 0.931 0
1652652026059 0.9314 0
1652652036096 0.9338 0
1652652046389 0.9348 0
1652652056504 0.9414 0
1652652066692 0.942 0
1652652076660 0.9396 0
1652652086761 0.9452 0
1652652096894 0.952 0
1652652107065 0.9456 0
1652652120054 0.399 0
1652652131842 0.5596 0
1652652143593 0.6086 0
1652652155252 0.6516 0
1652652166911 0.683 0
1652652178364 0.7222 0
1652652189778 0.7544 0
1652652201311 0.7842 0
1652652212902 0.806 0
1652652224594 0.833 0
1652652236082 0.8622 0
1652652247662 0.8764 0
1652652259172 0.8796 0
1652652271003 0.8986 0
1652652282500 0.9056 0
1652652294277 0.9158 0
1652652305914 0.9144 0
1652652317756 0.9268 0
1652652329576 0.9254 0
1652652341289 0.9414 0
1652652352947 0.9366 0
1652652364510 0.947 0
1652652375930 0.9404 0
1652652387341 0.9388 0
1652652399154 0.9522 0
1652652410822 0.9454 0
1652652422510 0.9438 0
1652652434093 0.9468 0
1652652445830 0.959 0
1652652457441 0.9616 0
1652652472483 0.348 0
1652652485647 0.4652 0
1652652498407 0.5146 0
1652652511381 0.5734 0
1652652524413 0.619 0
1652652537493 0.6534 0
1652652550551 0.6944 0
1652652563861 0.7314 0
1652652577210 0.7576 0
1652652590069 0.7814 0
1652652603113 0.8126 0
1652652616240 0.8212 0
1652652629170 0.8506 0
1652652641978 0.867 0
1652652655130 0.8808 0
1652652668626 0.882 0
1652652681732 0.8994 0
1652652694678 0.9114 0
1652652707680 0.9046 0
1652652720698 0.919 0
1652652733665 0.9156 0
1652652746358 0.9254 0
1652652759498 0.9372 0
1652652772672 0.9412 0
1652652785829 0.95 0
1652652798894 0.944 0
1652652812015 0.9476 0
1652652825208 0.9402 0
1652652838495 0.9488 0
1652652851782 0.9436 0
