1645562769089 0.2624 0
1645562777362 0.4162 0
1645562785575 0.5018 0
1645562793696 0.5536 0
1645562801843 0.6034 0
1645562809991 0.6338 0
1645562818309 0.663 0
1645562826498 0.6944 0
1645562834768 0.7148 0
1645562842892 0.741 0
1645562859128 0.5342 0
1645562859780 0.0 0
1645562860443 0.0 0
1645562861073 0.0 0
1645562861709 0.0 0
1645562862337 0.0 0
1645562862961 0.0 0
1645562863585 0.0 0
1645562864219 0.0 0
1645562864861 0.0 0
1645562881069 0.4684 0
1645562881719 0.0 0
1645562882435 0.0 0
1645562883058 0.0 0
1645562883691 0.0 0
1645562884309 0.0 0
1645562884931 0.0 0
1645562885617 0.0 0
1645562886270 0.0 0
1645562886898 0.0 0
