1644102758950 1.0999587041536967 0
1644102774830 0.34433490300178526 0
1644102790901 0.2219173109213511 0
1644102806943 0.16136102108955383 0
1644102823029 0.1219781057357788 0
1644102880543 1.033382251660029 0
1644102898739 0.3272728020985921 0
1644102917014 0.22279457321166993 0
1644102935230 0.17174357061386109 0
1644102953356 0.13643524898687998 0
1644103017086 1.0170089970906575 0
1644103037292 0.35246593985557556 0
1644103057557 0.25626582006613413 0
1644103077792 0.2041296468893687 0
1644103098396 0.1702296070655187 0
1644103168594 1.0012652019818624 0
1644103190859 0.3786284029006958 0
1644103213335 0.29298053205808006 0
1644103235988 0.24843260661760966 0
1644103258002 0.21899926776885986 0
1644103333012 1.0190788797537487 0
1644103356724 0.4234977032820384 0
1644103380451 0.33748934135437014 0
1644103404671 0.2962943211555481 0
1644103429018 0.26123131373723346 0
1644103512723 1.039457425657908 0
1644103538550 0.4644075857162476 0
1644103564673 0.37936113195419313 0
1644103590730 0.33739751340548196 0
1644103617247 0.3039207535266876 0
1644103708301 1.0403159117380778 0
1644103735747 0.4914344550450643 0
1644103763880 0.4115736996014913 0
1644103791733 0.370575510597229 0
1644103819623 0.3406269697030385 0
1644103916584 1.0484289752324423 0
1644103946119 0.5154371354103089 0
1644103975550 0.4401457342465719 0
1644104004888 0.40293371200561523 0
1644104034445 0.37650017115275064 0
1644104136942 1.1155832459131876 0
1644104167545 0.5702079884211222 0
1644104198104 0.49772687565485635 0
1644104228672 0.45773125572204587 0
1644104259665 0.42747585186958315 0
1644104368071 1.1531071468671164 0
1644104400477 0.6238227154413859 0
1644104433073 0.5467315328915914 0
1644104465899 0.509185258547465 0
1644104498980 0.48702589184443157 0
1644104613801 1.1734776734670003 0
1644104648419 0.6734270356496175 0
1644104683039 0.5976778239885966 0
1644104717636 0.5649031640688579 0
1644104752173 0.5422295869191488 0
1644104874091 1.2066958402315775 0
1644104910552 0.7071956197420756 0
1644104946705 0.6321453865687052 0
1644104983196 0.5936849400202433 0
1644105019594 0.5713343744277954 0
1644105147954 1.234469261042277 0
1644105186158 0.7477023094813029 0
1644105224509 0.676573297627767 0
1644105262585 0.6366790083567302 0
1644105300861 0.6091093874295552 0
1644105436701 1.2951405278523762 0
1644105476320 0.7859103309631348 0
1644105516956 0.7137258815129598 0
1644105557455 0.6722729571024577 0
1644105597519 0.6520095252354939 0
1644105740254 1.3057118185043335 0
1644105782163 0.8132547466913859 0
1644105824570 0.7382849442164103 0
1644105866975 0.705434690507253 0
1644105909330 0.6845431324640909 0
1644106059251 1.3437724457422893 0
1644106104501 0.8345013644536337 0
1644106149226 0.7701824271519979 0
1644106194338 0.7354426620165507 0
1644106240256 0.7085047620455424 0
