1653195249961 2.3230610961914064 0
1653195254284 2.2816825031280517 0
1653195258519 2.2240036895751953 0
1653195262963 2.167924821472168 0
1653195267392 2.119200299072266 0
1653195273067 2.2555728439331055 0
1653195278286 2.1355535762786864 0
1653195283482 2.0577199073791506 0
1653195288857 1.9931899955749512 0
1653195294183 1.9269683425903321 0
1653195300135 2.2891929420471193 0
1653195305535 2.1891970867156982 0
1653195310884 2.13000364151001 0
1653195316320 2.0871377393722534 0
1653195321592 2.041593751525879 0
1653195327981 2.2481311246871947 0
1653195333069 2.123790933227539 0
1653195338411 2.061036399078369 0
1653195343642 1.9905758079528808 0
1653195348787 1.898193327140808 0
1653195355357 2.241099084472656 0
1653195360709 2.06108515625 0
1653195365945 1.9548355829238893 0
1653195371345 1.8821621315002441 0
1653195376734 1.8178720729827882 0
