1654100485944 0.8703692475595707 0
1654100498743 0.9947250348632753 0
1654100511799 0.993391135633299 0
1654100524674 0.9939368216819257 0
1654100537805 0.9992117868186503 0
1654100593318 0.9341458977624159 0
1654100608695 0.9974531562670548 0
1654100623976 0.9968467649020678 0
1654100639154 0.99860529986053 0
1654100654850 1.0 0
1654100728021 0.9503455802109858 0
1654100744982 0.9981811567842852 0
1654100761988 0.9973323632836183 0
1654100779406 0.9981811567842852 0
1654100796535 0.9989086940705711 0
1654100885995 0.9194057004244997 0
1654100905185 0.9849605821710128 0
1654100924434 0.9937537901758642 0
1654100943176 0.9947847180109157 0
1654100961951 0.9989084293511219 0
1654101068178 0.9568777292576419 0
1654101089230 0.9973920426977195 0
1654101110309 0.9991508976225133 0
1654101131073 0.99872634643377 0
1654101152180 0.9998180494905385 0
