1641624792731 0.8222833333333334 0
1641624812477 0.8251833333333334 0
1641624842362 0.8226 0
1641624882423 0.8278666666666666 0
1641624932586 0.8221166666666667 0
1641624992942 0.8222833333333334 0
1641625063542 0.8223 0
1641625144174 0.8299666666666666 0
1641625235131 0.82535 0
1641625336001 0.8220166666666666 0
1641625472356 0.8185 0
1641625593477 0.8268166666666666 0
1641625723908 0.8194833333333333 0
1641625865424 0.8234166666666667 0
1641626016753 0.8248 0
1641626178816 0.8237833333333333 0
1641626350772 0.83305 0
1641626532106 0.8234 0
1641626724349 0.8204 0
1641626925177 0.8274166666666667 0
1641627136556 0.8244666666666667 0
1641627358408 0.8228333333333333 0
1641627591524 0.82905 0
1641627835570 0.8229 0
1641628089563 0.8261166666666667 0
1641628352179 0.8180166666666666 0
1641628626053 0.8261166666666667 0
1641628911070 0.8260166666666666 0
1641629203481 0.8252333333333334 0
1641629508757 0.8218666666666666 0
1641629825869 0.82195 0
1641630151581 0.83085 0
1641630487349 0.8255833333333333 0
1641630830681 0.82565 0
1641631186129 0.8291666666666667 0
1641631553477 0.8307333333333333 0
1641631930316 0.826 0
1641632316261 0.82115 0
1641632713951 0.82485 0
1641633122749 0.8321833333333334 0
1641633539086 0.81765 0
1641633967397 0.8147166666666666 0
1641634407546 0.8170833333333334 0
1641634856223 0.8194833333333333 0
1641635312799 0.8194666666666667 0
1641635783767 0.8259333333333333 0
1641636259726 0.8229333333333333 0
1641636752018 0.8240666666666666 0
1641637249797 0.8282166666666667 0
1641637788325 0.8253166666666667 0
