1651405298014 0.534 0
1651405302103 0.7708 0
1651405306208 0.8488 0
1651405310142 0.8992 0
1651405314266 0.93 0
1651405318247 0.9604 0
1651405322199 0.9712 0
1651405326173 0.9796 0
1651405330206 0.9816 0
1651405334105 0.9928 0
1651405338057 0.9944 0
1651405341991 0.9908 0
1651405345964 0.9968 0
1651405349926 0.9928 0
1651405353908 0.9904 0
1651405357880 0.994 0
1651405362003 0.9904 0
1651405365995 0.9904 0
1651405369964 0.996 0
1651405374015 0.9936 0
1651405378030 0.9896 0
1651405382003 0.9932 0
1651405386071 0.9952 0
1651405390023 0.9968 0
1651405394085 0.996 0
1651405398143 0.994 0
1651405402147 0.9984 0
1651405406182 0.9968 0
1651405410117 0.9956 0
1651405414192 0.9904 0
1651405418181 0.9876 0
1651405422187 0.998 0
1651405426292 0.9976 0
1651405430376 0.9992 0
1651405434368 0.9928 0
1651405438413 0.9976 0
1651405442421 0.9928 0
1651405446466 0.9912 0
1651405450416 0.9964 0
1651405454426 0.9952 0
1651405458528 0.9996 0
1651405462644 0.9956 0
1651405466556 0.9996 0
1651405470593 0.9936 0
1651405474714 0.9952 0
1651405478834 1.0 0
1651405482833 0.9996 0
1651405486761 1.0 0
1651405490892 1.0 0
1651405495089 1.0 0
1651405501507 0.4088 0
1651405505040 0.6464 0
1651405508527 0.7364 0
1651405511998 0.8168 0
1651405515402 0.8812 0
1651405518944 0.9152 0
1651405522420 0.9408 0
1651405525987 0.9652 0
1651405529443 0.9728 0
1651405532832 0.9808 0
1651405536153 0.9792 0
1651405539548 0.982 0
1651405542947 0.9864 0
1651405546320 0.9852 0
1651405549704 0.9916 0
1651405553074 0.9864 0
1651405556477 0.9868 0
1651405559862 0.9908 0
1651405563283 0.9844 0
1651405566606 0.9916 0
1651405569949 0.9892 0
1651405573318 0.992 0
1651405576652 0.99 0
1651405579980 0.9864 0
1651405583348 0.9928 0
1651405586714 0.9984 0
1651405590247 0.9912 0
1651405593553 0.9888 0
1651405596972 0.9968 0
1651405600338 0.992 0
1651405603739 0.99 0
1651405607130 0.9972 0
1651405610459 1.0 0
1651405613814 0.9988 0
1651405617246 0.9848 0
1651405620571 0.9844 0
1651405623986 0.99 0
1651405627404 0.9872 0
1651405630869 0.9936 0
1651405634213 0.9868 0
1651405637690 0.9912 0
1651405641151 0.998 0
1651405644671 0.9972 0
1651405648109 0.9964 0
1651405651548 0.9952 0
1651405655089 0.9936 0
1651405658572 0.9952 0
1651405662026 0.9984 0
1651405665421 0.9888 0
1651405668827 0.9948 0
1651405677775 0.6888 0
1651405681163 0.87 0
1651405684562 0.9268 0
1651405687992 0.948 0
1651405691377 0.962 0
1651405694778 0.9808 0
1651405698138 0.9872 0
1651405701453 0.9916 0
1651405704849 0.9932 0
1651405708209 0.9984 0
1651405711559 0.9948 0
1651405714907 0.9972 0
1651405718211 0.992 0
1651405721657 0.9912 0
1651405725051 0.9956 0
1651405728368 0.9964 0
1651405731724 0.9948 0
1651405735064 0.992 0
1651405738417 0.988 0
1651405741761 0.9936 0
1651405745123 0.9992 0
1651405748506 1.0 0
1651405751819 0.9968 0
1651405755207 0.9956 0
1651405758589 0.9968 0
1651405761953 0.9932 0
1651405765280 0.9932 0
1651405768633 0.9984 0
1651405771968 0.996 0
1651405775370 0.9964 0
1651405778758 0.9964 0
1651405782174 1.0 0
1651405785506 1.0 0
1651405788854 1.0 0
1651405792234 0.9948 0
1651405795685 0.9968 0
1651405799107 0.9924 0
1651405802569 0.9948 0
1651405805976 0.9988 0
1651405809351 0.9992 0
1651405812794 0.9984 0
1651405816179 1.0 0
1651405819569 0.9984 0
1651405822966 0.9932 0
1651405826321 1.0 0
1651405829647 0.994 0
1651405833148 0.9996 0
1651405836518 1.0 0
1651405839927 0.9944 0
1651405843296 0.9984 0
1651405854965 0.5016 0
1651405858418 0.7244 0
1651405861793 0.8044 0
1651405865169 0.8744 0
1651405868633 0.92 0
1651405872132 0.9408 0
1651405875657 0.9636 0
1651405879088 0.9716 0
1651405882538 0.9756 0
1651405885999 0.9856 0
1651405889399 0.9832 0
1651405892811 0.9916 0
1651405896263 0.992 0
1651405899618 0.9936 0
1651405902891 0.9868 0
1651405906283 0.996 0
1651405909604 0.99 0
1651405913070 0.9972 0
1651405916461 0.9876 0
1651405919973 0.9936 0
1651405923386 0.9916 0
1651405926720 0.9864 0
1651405930131 0.9872 0
1651405933521 0.9968 0
1651405936927 0.9896 0
1651405940425 0.9908 0
1651405943792 0.9964 0
1651405947232 0.9908 0
1651405950668 0.9976 0
1651405954104 0.994 0
1651405957486 0.9952 0
1651405960910 0.9952 0
1651405964330 0.992 0
1651405967959 0.9916 0
1651405971354 0.9944 0
1651405974752 0.9948 0
1651405978214 0.9952 0
1651405981572 0.992 0
1651405984986 0.9948 0
1651405988376 0.996 0
1651405991737 0.9912 0
1651405995107 0.9952 0
1651405998504 0.9916 0
1651406001929 0.996 0
1651406005290 0.9996 0
1651406008653 1.0 0
1651406012027 0.9952 0
1651406015434 0.9928 0
1651406018805 0.9964 0
1651406022171 0.9956 0
1651406037231 0.6632 0
1651406040672 0.84 0
1651406044070 0.9076 0
1651406047455 0.9432 0
1651406050850 0.9628 0
1651406054334 0.976 0
1651406057669 0.9844 0
1651406061097 0.9892 0
1651406064499 0.99 0
1651406067854 0.9928 0
1651406071259 0.992 0
1651406074655 0.9944 0
1651406078053 0.9956 0
1651406081392 0.9988 0
1651406084800 0.9948 0
1651406088182 0.9964 0
1651406091647 1.0 0
1651406095115 1.0 0
1651406098452 1.0 0
1651406101940 1.0 0
1651406105488 1.0 0
1651406108920 1.0 0
1651406112349 1.0 0
1651406115798 1.0 0
1651406119362 1.0 0
1651406122875 1.0 0
1651406126215 1.0 0
1651406129767 1.0 0
1651406133266 1.0 0
1651406136667 1.0 0
1651406140096 1.0 0
1651406143536 1.0 0
1651406146979 1.0 0
1651406150397 1.0 0
1651406153857 1.0 0
1651406157189 1.0 0
1651406160595 1.0 0
1651406164025 1.0 0
1651406167491 1.0 0
1651406170926 1.0 0
1651406174345 1.0 0
1651406177729 1.0 0
1651406181106 1.0 0
1651406184513 1.0 0
1651406187940 1.0 0
1651406191371 1.0 0
1651406194853 1.0 0
1651406198230 1.0 0
1651406201630 1.0 0
1651406205030 1.0 0
1651406222686 0.6112 0
1651406226213 0.774 0
1651406229739 0.8452 0
1651406233304 0.8904 0
1651406236844 0.9216 0
1651406240303 0.94 0
1651406243815 0.956 0
1651406247324 0.9728 0
1651406250773 0.982 0
1651406254405 0.9788 0
1651406258045 0.9816 0
1651406261630 0.996 0
1651406265087 0.9956 0
1651406268591 0.992 0
1651406272124 0.982 0
1651406275635 0.9864 0
1651406279136 0.9868 0
1651406282644 0.9948 0
1651406286146 0.9892 0
1651406289628 0.9872 0
1651406293067 0.9916 0
1651406296576 0.9868 0
1651406300086 0.9904 0
1651406303550 0.9968 0
1651406307050 0.9972 0
1651406310536 0.99 0
1651406313999 0.9896 0
1651406317475 0.9932 0
1651406320957 0.9896 0
1651406324468 0.9956 0
1651406327989 0.9988 0
1651406331557 0.9904 0
1651406335227 0.9956 0
1651406338787 0.99 0
1651406342353 0.9964 0
1651406345983 0.9936 0
1651406349548 0.9948 0
1651406353247 1.0 0
1651406356814 0.9988 0
1651406360323 0.9916 0
1651406363857 0.9944 0
1651406367355 0.994 0
1651406370907 0.9932 0
1651406374526 0.9928 0
1651406378018 0.9964 0
1651406381541 0.9948 0
1651406385023 0.9988 0
1651406388411 0.9932 0
1651406391910 0.9944 0
1651406395409 0.9956 0
1651406415976 0.6544 0
1651406419483 0.8372 0
1651406423059 0.8912 0
1651406426542 0.93 0
1651406430020 0.9392 0
1651406433572 0.9688 0
1651406437091 0.9636 0
1651406440736 0.9828 0
1651406444293 0.9812 0
1651406447816 0.9876 0
1651406451436 0.988 0
1651406454974 0.9888 0
1651406458454 0.9912 0
1651406462026 0.99 0
1651406465625 0.9876 0
1651406469169 0.9888 0
1651406472737 0.9972 0
1651406476296 0.998 0
1651406479801 0.9964 0
1651406483329 0.9892 0
1651406486856 1.0 0
1651406490334 0.9956 0
1651406493814 0.9832 0
1651406497326 0.9912 0
1651406500873 0.9956 0
1651406504449 0.9924 0
1651406507975 0.9976 0
1651406511469 0.9964 0
1651406514943 0.988 0
1651406518503 0.9972 0
1651406522031 0.9996 0
1651406525542 1.0 0
1651406529069 1.0 0
1651406532596 0.9844 0
1651406536069 0.9904 0
1651406539564 0.9924 0
1651406543073 0.9956 0
1651406546641 0.9968 0
1651406550217 0.9936 0
1651406553792 0.9984 0
1651406557382 1.0 0
1651406560849 1.0 0
1651406564443 1.0 0
1651406568013 0.9928 0
1651406571493 0.9928 0
1651406575005 0.9972 0
1651406578521 0.998 0
1651406582011 0.9984 0
1651406585448 0.9928 0
1651406588966 0.9964 0
1651406612572 0.5008 0
1651406616115 0.7308 0
1651406619617 0.8104 0
1651406623102 0.8652 0
1651406626720 0.9064 0
1651406630335 0.9296 0
1651406633895 0.9608 0
1651406637436 0.958 0
1651406640964 0.97 0
1651406644436 0.9804 0
1651406647907 0.9832 0
1651406651472 0.988 0
1651406654997 0.9884 0
1651406658586 0.9828 0
1651406662129 0.9892 0
1651406665640 0.9852 0
1651406669222 0.9864 0
1651406672762 0.9876 0
1651406676315 0.9856 0
1651406679950 0.9924 0
1651406683513 0.99 0
1651406687022 0.9896 0
1651406690563 0.9932 0
1651406694108 0.9944 0
1651406697636 0.9912 0
1651406701094 0.9912 0
1651406704639 0.9916 0
1651406708192 0.9916 0
1651406711661 0.9924 0
1651406715152 0.9928 0
1651406718609 0.9984 0
1651406722076 0.992 0
1651406725629 0.9912 0
1651406729177 0.9928 0
1651406732686 0.99 0
1651406736166 0.9984 0
1651406739759 0.9924 0
1651406743270 0.9956 0
1651406746848 0.992 0
1651406750405 0.9972 0
1651406753880 0.998 0
1651406757415 0.9896 0
1651406760906 0.99 0
1651406764497 0.9936 0
1651406768003 0.9944 0
1651406771561 0.9984 0
1651406775136 0.9984 0
1651406778653 0.996 0
1651406782168 0.9952 0
1651406785701 0.9832 0
1651406812360 0.684 0
1651406815972 0.854 0
1651406819572 0.9048 0
1651406823172 0.9272 0
1651406826796 0.95 0
1651406830372 0.9688 0
1651406833892 0.9792 0
1651406837445 0.9828 0
1651406841014 0.99 0
1651406844595 0.9872 0
1651406848104 0.9844 0
1651406851617 0.9876 0
1651406855100 0.996 0
1651406858651 0.992 0
1651406862226 0.9936 0
1651406865778 0.996 0
1651406869304 0.994 0
1651406872914 0.9932 0
1651406876491 0.9904 0
1651406880103 0.9924 0
1651406883733 0.9892 0
1651406887313 0.9972 0
1651406890787 0.998 0
1651406894416 0.9952 0
1651406897951 0.9924 0
1651406901486 0.988 0
1651406905087 0.992 0
1651406908601 0.9936 0
1651406912153 0.9972 0
1651406915696 0.9988 0
1651406919300 0.9972 0
1651406922796 0.9972 0
1651406926351 0.9928 0
1651406929885 0.9928 0
1651406933579 0.9988 0
1651406937159 0.9996 0
1651406940767 1.0 0
1651406944325 1.0 0
1651406947828 1.0 0
1651406951384 0.9992 0
1651406954873 0.98 0
1651406958374 0.9952 0
1651406961884 0.9992 0
1651406965433 0.9944 0
1651406968991 0.9968 0
1651406972598 0.9992 0
1651406976220 1.0 0
1651406979798 1.0 0
1651406983385 1.0 0
1651406986971 1.0 0
1651407016753 0.5132 0
1651407020273 0.7228 0
1651407023857 0.8068 0
1651407027456 0.8608 0
1651407031076 0.904 0
1651407034631 0.9268 0
1651407038224 0.9488 0
1651407041833 0.9604 0
1651407045491 0.9712 0
1651407049273 0.9828 0
1651407052990 0.9796 0
1651407056709 0.9856 0
1651407060317 0.992 0
1651407063958 0.9908 0
1651407067703 0.994 0
1651407071433 0.9848 0
1651407075139 0.9916 0
1651407078709 0.9836 0
1651407082246 0.9828 0
1651407085846 0.9952 0
1651407089423 0.9928 0
1651407092942 0.9972 0
1651407096500 0.9768 0
1651407100024 0.9964 0
1651407103706 0.9932 0
1651407107281 0.9908 0
1651407110809 0.9888 0
1651407114361 0.9908 0
1651407117942 0.9956 0
1651407121485 0.996 0
1651407125052 0.9952 0
1651407128655 0.9888 0
1651407132291 0.9972 0
1651407135825 0.994 0
1651407139331 0.9848 0
1651407142968 0.9972 0
1651407146553 0.99 0
1651407150129 0.9904 0
1651407153721 0.9952 0
1651407157388 0.9964 0
1651407160963 0.9964 0
1651407164581 0.9952 0
1651407168223 0.9964 0
1651407171981 0.9888 0
1651407175864 0.9932 0
1651407179530 0.996 0
1651407183090 0.9924 0
1651407186635 0.9928 0
1651407190214 0.9956 0
1651407193718 0.9972 0
1651407227111 0.612 0
1651407230637 0.826 0
1651407234270 0.8896 0
1651407237888 0.9356 0
1651407241564 0.9456 0
1651407245172 0.9624 0
1651407248832 0.9764 0
1651407252421 0.982 0
1651407255992 0.99 0
1651407259615 0.9912 0
1651407263228 0.9912 0
1651407266830 0.9924 0
1651407270481 0.9888 0
1651407274136 0.9884 0
1651407277774 0.9928 0
1651407281343 0.9896 0
1651407284975 0.9964 0
1651407288468 0.9892 0
1651407291940 0.9856 0
1651407295511 0.9976 0
1651407299130 1.0 0
1651407302801 1.0 0
1651407306411 0.9996 0
1651407309977 1.0 0
1651407313509 1.0 0
1651407317143 1.0 0
1651407320755 1.0 0
1651407324437 1.0 0
1651407328109 1.0 0
1651407331692 1.0 0
1651407335317 1.0 0
1651407338923 1.0 0
1651407342458 1.0 0
1651407346042 1.0 0
1651407349681 1.0 0
1651407353395 1.0 0
1651407357141 1.0 0
1651407360700 1.0 0
1651407364320 1.0 0
1651407367807 1.0 0
1651407371299 1.0 0
1651407374873 1.0 0
1651407378426 1.0 0
1651407382005 1.0 0
1651407385521 1.0 0
1651407389108 1.0 0
1651407392664 1.0 0
1651407396187 1.0 0
1651407399782 1.0 0
1651407403407 1.0 0
1651407439412 0.612 0
1651407443035 0.8016 0
1651407446684 0.866 0
1651407450303 0.9076 0
1651407453989 0.9436 0
1651407457629 0.9456 0
1651407461339 0.9604 0
1651407465162 0.968 0
1651407469009 0.9796 0
1651407472833 0.9816 0
1651407476501 0.9876 0
1651407480199 0.9864 0
1651407483815 0.9916 0
1651407487452 0.9948 0
1651407491114 0.9876 0
1651407494788 0.9904 0
1651407498401 0.9904 0
1651407502007 0.9932 0
1651407505662 0.9912 0
1651407509309 0.9944 0
1651407512962 0.9924 0
1651407516683 0.9924 0
1651407520381 0.992 0
1651407523981 0.9912 0
1651407527533 0.9928 0
1651407531192 0.9948 0
1651407534871 0.9908 0
1651407538625 0.992 0
1651407542161 0.9952 0
1651407545794 0.9912 0
1651407549458 0.9988 0
1651407553008 0.9992 0
1651407556686 0.9876 0
1651407560403 0.9884 0
1651407564130 0.9968 0
1651407567838 0.9984 0
1651407571492 0.9968 0
1651407575109 0.988 0
1651407578752 0.998 0
1651407582461 1.0 0
1651407586176 0.9956 0
1651407589831 0.992 0
1651407593548 0.9936 0
1651407597289 0.9992 0
1651407600958 0.9968 0
1651407604566 0.9888 0
1651407608219 0.9996 0
1651407611896 0.998 0
1651407615534 0.9956 0
1651407619178 0.9992 0
1651407658516 0.678 0
1651407662191 0.8384 0
1651407665881 0.9044 0
1651407669509 0.942 0
1651407673140 0.9484 0
1651407676797 0.962 0
1651407680415 0.9752 0
1651407684053 0.9792 0
1651407687706 0.9816 0
1651407691469 0.9852 0
1651407695216 0.9936 0
1651407698994 0.9812 0
1651407702808 0.9872 0
1651407706473 0.988 0
1651407710091 0.9896 0
1651407713753 0.9948 0
1651407717354 0.9916 0
1651407721050 0.9908 0
1651407724734 0.992 0
1651407728311 0.9908 0
1651407732034 0.9924 0
1651407735731 0.9956 0
1651407739372 0.9936 0
1651407742999 0.9968 0
1651407746640 0.9972 0
1651407750340 0.9968 0
1651407754010 0.9872 0
1651407757746 0.9944 0
1651407761421 0.9992 0
1651407765074 0.9984 0
1651407768789 1.0 0
1651407772519 1.0 0
1651407776136 1.0 0
1651407779901 1.0 0
1651407783650 1.0 0
1651407787333 1.0 0
1651407791049 1.0 0
1651407794787 1.0 0
1651407798401 1.0 0
1651407802087 1.0 0
1651407805684 1.0 0
1651407809411 1.0 0
1651407813231 1.0 0
1651407816999 1.0 0
1651407820688 1.0 0
1651407824492 1.0 0
1651407828458 1.0 0
1651407832288 1.0 0
1651407836005 1.0 0
1651407839831 1.0 0
1651407883108 0.554 0
1651407886935 0.7012 0
1651407890735 0.7856 0
1651407894571 0.842 0
1651407898304 0.8844 0
1651407902178 0.9092 0
1651407905957 0.9376 0
1651407909774 0.9552 0
1651407913571 0.9652 0
1651407917393 0.9648 0
1651407921187 0.9784 0
1651407924991 0.9752 0
1651407928721 0.9844 0
1651407932587 0.9864 0
1651407936375 0.982 0
1651407940152 0.982 0
1651407943836 0.9748 0
1651407947488 0.9888 0
1651407951201 0.988 0
1651407954965 0.9872 0
1651407958783 0.9848 0
1651407962666 0.9892 0
1651407966511 0.9932 0
1651407970371 0.9908 0
1651407974093 0.9816 0
1651407977927 0.9888 0
1651407981865 0.9976 0
1651407985651 0.9988 0
1651407989510 0.992 0
1651407993283 0.9868 0
1651407997057 0.9932 0
1651408000828 0.9888 0
1651408004796 0.986 0
1651408008558 0.9928 0
1651408012310 1.0 0
1651408016055 0.9916 0
1651408019822 0.9916 0
1651408023818 0.986 0
1651408027561 0.998 0
1651408031381 0.9936 0
1651408035130 0.9824 0
1651408039101 0.9976 0
1651408042862 0.9932 0
1651408046613 0.9836 0
1651408050386 0.9992 0
1651408054226 0.9952 0
1651408058104 0.9968 0
1651408061864 0.9904 0
1651408065636 0.9964 0
1651408069411 0.996 0
1651408116526 0.666 0
1651408120249 0.8048 0
1651408123953 0.8704 0
1651408127620 0.9012 0
1651408131367 0.9268 0
1651408135123 0.9464 0
1651408138811 0.952 0
1651408142553 0.974 0
1651408146234 0.9764 0
1651408149870 0.9808 0
1651408153560 0.9888 0
1651408157457 0.9856 0
1651408161263 0.9784 0
1651408165008 0.9864 0
1651408168841 0.9916 0
1651408172590 0.99 0
1651408176331 0.9952 0
1651408180026 0.994 0
1651408183798 0.9944 0
1651408187422 0.996 0
1651408191100 0.9912 0
1651408194905 0.992 0
1651408198715 0.99 0
1651408202436 0.9956 0
1651408206300 0.99 0
1651408210050 0.9956 0
1651408213793 0.9896 0
1651408217495 0.9936 0
1651408221105 0.9956 0
1651408224834 0.9868 0
1651408228517 0.9948 0
1651408232180 0.9924 0
1651408235939 0.9972 0
1651408239695 0.9944 0
1651408243412 0.9972 0
1651408247165 0.9968 0
1651408250922 0.9924 0
1651408254615 0.9944 0
1651408258324 0.994 0
1651408262100 0.9992 0
1651408265916 0.9996 0
1651408269662 0.9916 0
1651408273391 0.9888 0
1651408277054 0.994 0
1651408280816 0.994 0
1651408284460 0.9992 0
1651408288088 0.9988 0
1651408291754 1.0 0
1651408295397 1.0 0
1651408298954 1.0 0
1651408348711 0.6104 0
1651408352443 0.7604 0
1651408356180 0.8176 0
1651408359958 0.872 0
1651408363673 0.9092 0
1651408367416 0.9308 0
1651408371180 0.9428 0
1651408374960 0.9552 0
1651408378663 0.9728 0
1651408382398 0.9808 0
1651408386160 0.9772 0
1651408389988 0.9772 0
1651408393724 0.9876 0
1651408397442 0.9912 0
1651408401254 0.9832 0
1651408404996 0.9772 0
1651408408765 0.9884 0
1651408412766 0.9904 0
1651408416618 0.9948 0
1651408420455 0.9912 0
1651408424323 0.986 0
1651408428153 0.9912 0
1651408431924 0.9796 0
1651408435694 0.9872 0
1651408439460 0.9872 0
1651408443211 0.99 0
1651408446979 0.994 0
1651408450768 0.9936 0
1651408454595 0.9996 0
1651408458404 1.0 0
1651408462092 1.0 0
1651408465817 1.0 0
1651408469528 1.0 0
1651408473296 1.0 0
1651408477059 1.0 0
1651408480826 1.0 0
1651408484615 1.0 0
1651408488396 1.0 0
1651408492153 1.0 0
1651408495950 1.0 0
1651408499650 1.0 0
1651408503361 1.0 0
1651408507046 1.0 0
1651408510780 1.0 0
1651408514471 1.0 0
1651408518393 1.0 0
1651408522129 1.0 0
1651408525965 1.0 0
1651408529783 1.0 0
1651408533714 1.0 0
1651408586472 0.4448 0
1651408590266 0.6256 0
1651408593984 0.7072 0
1651408597678 0.7596 0
1651408601450 0.8004 0
1651408605228 0.8576 0
1651408609093 0.8828 0
1651408612938 0.912 0
1651408616785 0.9324 0
1651408620636 0.9492 0
1651408624460 0.966 0
1651408628261 0.9764 0
1651408632060 0.9724 0
1651408635854 0.9788 0
1651408639635 0.9804 0
1651408643358 0.9784 0
1651408647305 0.9848 0
1651408651008 0.9828 0
1651408654833 0.9804 0
1651408658640 0.9768 0
1651408662391 0.9824 0
1651408666095 0.9892 0
1651408669868 0.9908 0
1651408673639 0.9856 0
1651408677373 0.9912 0
1651408681154 0.98 0
1651408684926 0.9888 0
1651408688660 0.9864 0
1651408692433 0.9884 0
1651408696234 0.9868 0
1651408699981 0.9812 0
1651408703721 0.9912 0
1651408707593 0.9908 0
1651408711372 0.9856 0
1651408715077 0.9828 0
1651408718793 0.9864 0
1651408722613 0.996 0
1651408726520 0.9824 0
1651408730278 0.9936 0
1651408734043 0.9912 0
1651408737923 0.986 0
1651408741776 0.9896 0
1651408745571 0.9896 0
1651408749351 0.994 0
1651408753084 0.9984 0
1651408756872 0.9844 0
1651408760664 0.9916 0
1651408764440 0.986 0
1651408768179 0.9992 0
1651408771909 0.996 0
1651408828064 0.5108 0
1651408831789 0.7244 0
1651408835511 0.8008 0
1651408839276 0.8496 0
1651408842929 0.8904 0
1651408846573 0.9236 0
1651408850313 0.946 0
1651408854089 0.9616 0
1651408857824 0.9668 0
1651408861581 0.9708 0
1651408865275 0.974 0
1651408869095 0.9848 0
1651408872837 0.9828 0
1651408876555 0.9844 0
1651408880212 0.9844 0
1651408883914 0.9824 0
1651408887557 0.9868 0
1651408891180 0.9908 0
1651408894832 0.9876 0
1651408898513 0.9884 0
1651408902201 0.992 0
1651408905774 0.992 0
1651408909470 0.9912 0
1651408913117 0.992 0
1651408916821 0.9916 0
1651408920532 0.9944 0
1651408924214 0.988 0
1651408927882 0.988 0
1651408931711 0.99 0
1651408935416 0.9904 0
1651408939117 0.9872 0
1651408942885 0.992 0
1651408946527 0.9884 0
1651408950253 0.994 0
1651408953997 0.9952 0
1651408957642 0.9956 0
1651408961225 0.9948 0
1651408964987 0.9968 0
1651408968766 0.9904 0
1651408972443 0.9876 0
1651408976122 0.9956 0
1651408979830 0.994 0
1651408983517 0.9984 0
1651408987205 0.9968 0
1651408990836 0.9852 0
1651408994546 0.994 0
1651408998247 0.9912 0
1651409001878 0.9948 0
1651409005536 0.9856 0
1651409009180 0.9956 0
1651409068715 0.4656 0
1651409072459 0.6296 0
1651409076285 0.714 0
1651409080095 0.7768 0
1651409084053 0.816 0
1651409087885 0.8696 0
1651409091638 0.9048 0
1651409095429 0.936 0
1651409099207 0.952 0
1651409102945 0.9588 0
1651409106764 0.9716 0
1651409110764 0.9724 0
1651409114689 0.9748 0
1651409118441 0.99 0
1651409122180 0.9732 0
1651409125961 0.978 0
1651409129738 0.9804 0
1651409133545 0.9812 0
1651409137355 0.9868 0
1651409141211 0.986 0
1651409145025 0.99 0
1651409148742 0.988 0
1651409152528 0.9944 0
1651409156467 0.9864 0
1651409160324 0.9864 0
1651409164128 0.9732 0
1651409167862 0.9932 0
1651409171575 0.9864 0
1651409175384 0.992 0
1651409179173 0.994 0
1651409182939 0.9916 0
1651409186675 0.9788 0
1651409190438 0.9904 0
1651409194212 0.9896 0
1651409197964 0.9972 0
1651409201767 0.9904 0
1651409205540 0.9912 0
1651409209271 0.9908 0
1651409212984 0.9912 0
1651409216802 0.9912 0
1651409220579 0.9876 0
1651409224326 0.9972 0
1651409228084 0.9956 0
1651409231875 0.988 0
1651409235701 0.9932 0
1651409239448 0.9864 0
1651409243234 0.9904 0
1651409247009 1.0 0
1651409250827 1.0 0
1651409254588 1.0 0
1651409318256 0.6312 0
1651409321966 0.8028 0
1651409325737 0.8568 0
1651409329587 0.8948 0
1651409333413 0.918 0
1651409337218 0.9444 0
1651409341022 0.9556 0
1651409344864 0.9724 0
1651409348720 0.9792 0
1651409352570 0.9812 0
1651409356453 0.9792 0
1651409360243 0.9776 0
1651409364043 0.9916 0
1651409367815 0.984 0
1651409371601 0.9888 0
1651409375429 0.9928 0
1651409379222 0.9884 0
1651409383111 0.9916 0
1651409387051 0.9936 0
1651409390961 0.992 0
1651409394798 0.9872 0
1651409398611 0.9892 0
1651409402424 0.9828 0
1651409406293 0.9936 0
1651409410217 0.986 0
1651409414181 0.9988 0
1651409418072 0.9992 0
1651409421999 0.9888 0
1651409425883 0.992 0
1651409429702 0.9936 0
1651409433860 0.9904 0
1651409437816 0.9964 0
1651409441721 0.998 0
1651409445546 0.9904 0
1651409449384 1.0 0
1651409453227 0.9912 0
1651409457079 0.9912 0
1651409461248 0.9956 0
1651409465066 0.9968 0
1651409468920 0.99 0
1651409472800 1.0 0
1651409476658 0.9976 0
1651409480497 0.9896 0
1651409484292 0.994 0
1651409488061 0.9932 0
1651409491845 0.9928 0
1651409495665 0.9952 0
1651409499550 0.9956 0
1651409503404 0.9988 0
1651409507176 0.9908 0
