1652648870704 0.1818 0
1652648876278 0.2776 0
1652648881678 0.3258 0
1652648887087 0.376 0
1652648892692 0.399 0
1652648898153 0.4178 0
1652648903495 0.4438 0
1652648909137 0.4604 0
1652648914362 0.479 0
1652648919829 0.5188 0
1652648929138 0.3216 0
1652648938168 0.4542 0
1652648947230 0.5102 0
1652648956154 0.5484 0
1652648965142 0.604 0
1652648973953 0.6382 0
1652648983059 0.6602 0
1652648992010 0.6888 0
1652649000947 0.7278 0
1652649010078 0.7496 0
1652649021255 0.3254 0
1652649031518 0.4662 0
1652649041854 0.5282 0
1652649052015 0.5742 0
1652649062298 0.6178 0
1652649072512 0.661 0
1652649082485 0.697 0
1652649092483 0.7274 0
1652649102799 0.7504 0
1652649113223 0.7752 0
1652649126268 0.3988 0
1652649137996 0.5366 0
1652649149629 0.5878 0
1652649161149 0.6314 0
1652649172999 0.656 0
1652649184513 0.7032 0
1652649196461 0.7296 0
1652649208010 0.7518 0
1652649219664 0.7888 0
1652649231226 0.8198 0
1652649246242 0.3476 0
1652649259465 0.4564 0
1652649272117 0.5026 0
1652649285300 0.5512 0
1652649298249 0.5912 0
1652649311370 0.6254 0
1652649324476 0.6578 0
1652649337419 0.6866 0
1652649350546 0.7284 0
1652649363844 0.7374 0
