1651672684748 1.5158097686767578 0
1651672687416 0.9509189188957214 0
1651672690659 0.7680204208374023 0
1651672693477 0.669848816049099 0
1651672696303 0.5396582618713379 0
1651672699175 0.5824234599709511 0
1651672702134 0.44766745071411135 0
1651672705003 0.4413401770293713 0
1651672707767 0.4001148878335953 0
1651672710755 0.4204542122125626 0
1651672715930 1.0687063314437866 0
1651672720978 0.9008318384170533 0
1651672725927 0.7937269387483596 0
1651672730922 0.7624429754257203 0
1651672735795 0.6920297959327698 0
1651672740608 0.6269395750522614 0
1651672745514 0.530379824078083 0
1651672750487 0.571984485244751 0
1651672755376 0.46978197984695436 0
1651672760107 0.5185506622195244 0
1651672767834 0.8588483723958333 0
1651672775114 0.8020398490905761 0
1651672782330 0.682328700319926 0
1651672789731 0.6623442152659098 0
1651672796999 0.6682768606980641 0
1651672804271 0.6141319261868795 0
1651672811532 0.5190651815096538 0
1651672818582 0.5740265394528706 0
1651672825637 0.48305885124206543 0
1651672832750 0.57149490442276 0
1651672843110 0.7219954001426697 0
1651672852778 0.620263997220993 0
1651672862066 0.5660191768407822 0
1651672871387 0.5129340090274811 0
1651672880651 0.4903451184093952 0
1651672890134 0.4729301924943924 0
1651672899639 0.5356527598381042 0
1651672909305 0.4274556688308716 0
1651672919111 0.4290253329396248 0
1651672928432 0.3674598092928529 0
1651672941277 0.7277166542243958 0
1651672953183 0.65998573928833 0
1651672965189 0.628384259262085 0
1651672977478 0.5873380026721954 0
1651672989419 0.5664533600878715 0
1651673001498 0.5522810064888001 0
1651673013638 0.5049050463914871 0
1651673025608 0.4946688199520111 0
1651673037702 0.516275097823143 0
1651673049649 0.4955192119693756 0
