1654628791679 0.8889225732128782 0
1654628807170 0.9753228642454375 0
1654628822921 0.9836900503243801 0
1654628838235 0.9810828836476081 0
1654628853091 0.9853877402534409 0
1654628868651 0.9876917480143091 0
1654628883727 0.9887831201115624 0
1654628898777 0.9875704844479476 0
1654628914192 0.9845995270720912 0
1654628929081 0.9934517674164797 0
1654628944547 0.9869035348329595 0
1654628959769 0.9892681743770084 0
1654628974737 0.9911477596556115 0
1654628990034 0.9902989146910811 0
1654629005132 0.988176802279755 0
1654629020392 0.9919966046201418 0
1654629035395 0.9984842054204814 0
1654629052022 0.9845995270720912 0
1654629066900 0.988904383677924 0
1654629081758 0.9952100891287212 0
1654629096763 0.988419329412478 0
1654629111371 0.9936942945492027 0
1654629126205 0.9909658643060693 0
1654629141160 0.9926029224519494 0
1654629155918 0.9920572364033227 0
1654629170848 0.9913296550051537 0
1654629185677 0.9935123991996605 0
1654629200937 0.9984235736373007 0
1654629215926 0.9854483720366216 0
1654629230781 0.9919966046201418 0
1654629245553 0.9932092402837568 0
1654629260486 0.9901170193415388 0
1654629275599 0.9930273449342145 0
1654629290524 0.9967865154914206 0
1654629305228 0.9882980658461166 0
1654629320112 0.9952100891287212 0
1654629335214 0.9973322015400473 0
1654629350439 0.9904808100406233 0
1654629365314 0.9946644030800946 0
1654629380170 0.9896319650760929 0
1654629395203 0.9944218759473716 0
1654629410021 0.9935123991996605 0
1654629425173 0.9927241860183108 0
1654629440151 0.9943006123810101 0
1654629455047 0.9924816588855878 0
1654629469797 0.9930273449342145 0
1654629484700 0.9939974534651064 0
1654629499964 0.9916328139210574 0
1654629514665 0.9964227247923362 0
1654629529417 0.995270720911902 0
1654629575147 0.9251713055606088 0
1654629616418 0.9884785640652477 0
1654629658023 0.9873264204717724 0
1654629699573 0.9936935298041356 0
1654629741541 0.9922988296646655 0
1654629783997 0.9911466860711904 0
1654629825905 0.9931477775756473 0
1654629869418 0.9921775513916682 0
1654629911415 0.9930871384391486 0
1654629953666 0.9905402947062034 0
1654629997999 0.9935722515311382 0
1654630041453 0.9951488690801042 0
1654630084176 0.9949669516706082 0
1654630125829 0.991813716572676 0
1654630168012 0.9963010126735795 0
1654630210119 0.9910860469346916 0
1654630254441 0.9926626644836577 0
1654630297468 0.9979989084955431 0
1654630341265 0.9929052210296525 0
1654630384099 0.9935722515311382 0
1654630426535 0.9929052210296525 0
1654630469589 0.9949669516706082 0
1654630514676 0.9987872172700261 0
1654630558165 0.9949669516706082 0
1654630602309 0.993208416712146 0
1654630645308 0.9937541689406343 0
1654630689353 0.996604208356073 0
1654630733292 0.9931477775756473 0
1654630775718 0.9962403735370808 0
1654630820501 0.9946637559881147 0
1654630863957 0.9983627433145352 0
1654630907904 0.9896913467952216 0
1654630950101 0.9984233824510339 0
1654630994819 0.9950882299436056 0
1654631038917 0.99302649930265 0
1654631081890 0.9970893214480626 0
1654631124669 0.9940573646231278 0
1654631168379 0.9953307864896004 0
1654631210900 0.9988478564065247 0
1654631254952 0.9935116123946395 0
1654631298200 0.9916924382996786 0
1654631343114 0.9978776302225456 0
1654631386479 0.9963010126735795 0
1654631429392 0.9935722515311382 0
1654631473332 0.9950275908071069 0
1654631516403 0.9963616518100782 0
1654631559664 0.9986659389970287 0
1654631602261 0.9907828512521981 0
1654631644658 0.9971499605845613 0
1654631687922 0.9953307864896004 0
1654631740839 0.9308233296956469 0
1654631783517 0.9898751060991876 0
1654631827906 0.9930883957802837 0
1654631871768 0.9920577179580453 0
1654631914823 0.9908451558142355 0
1654631957512 0.9949678671031891 0
1654632001346 0.9940584454953316 0
1654632044046 0.9943615860312841 0
1654632087901 0.9953922638535225 0
1654632131475 0.9941797017097126 0
1654632176315 0.9943009579240936 0
1654632220517 0.9964229416757608 0
1654632265228 0.9924821147083788 0
1654632309705 0.995937916818237 0
1654632354616 0.9926639990299503 0
1654632398606 0.9949072389959985 0
1654632442592 0.9967867103189039 0
1654632487140 0.9966048259973324 0
1654632529967 0.9941797017097126 0
1654632574430 0.9951497514247605 0
1654632619019 0.9965441978901419 0
1654632663315 0.9976961319267612 0
1654632707877 0.9941190736025222 0
1654632751177 0.9943615860312841 0
1654632796303 0.9948466108888081 0
1654632840415 0.9970292227476658 0
1654632883720 0.9924821147083788 0
1654632928779 0.9992118346065236 0
1654632972046 1.0 0
1654633016103 0.9915726931005214 0
1654633059288 0.9955741481750939 0
1654633103556 0.9962410573541894 0
1654633146454 0.9957560324966654 0
1654633191297 0.9979992724627137 0
1654633235634 0.9895113374560446 0
1654633279366 0.9964229416757608 0
1654633323630 0.995695404389475 0
1654633366851 0.9974536194979993 0
1654633410149 0.9963623135685704 0
1654633454973 0.9946647265672366 0
1654633499539 1.0 0
1654633542034 0.9973929913908087 0
1654633586275 0.9928458833515218 0
1654633630367 0.9947859827816176 0
1654633674540 0.9969079665332848 0
1654633718173 0.9976355038195708 0
1654633762560 0.9927852552443313 0
1654633806596 0.9942403298169031 0
1654633848583 0.9989693221777616 0
1654633891202 0.9935127925306172 0
1654633947156 0.8794420861127956 0
1654633990388 0.9704669496664645 0
1654634033965 0.9781685870224378 0
1654634077565 0.9858702243784112 0
1654634122093 0.9863553668890237 0
1654634165376 0.986173438447544 0
1654634209244 0.9882352941176471 0
1654634253897 0.9875682231655549 0
1654634296812 0.9898726500909643 0
1654634342046 0.9862340812613706 0
1654634386182 0.9903577926015767 0
1654634430097 0.989630078835658 0
1654634472947 0.9918738629472408 0
1654634517359 0.9910855063674955 0
1654634561670 0.9904790782292299 0
1654634606191 0.9924802910855064 0
1654634650589 0.9909035779260158 0
1654634693676 0.9919951485748939 0
1654634737525 0.9926015767131595 0
1654634780457 0.989630078835658 0
1654634823668 0.9976955730745907 0
1654634868315 0.9895087932080049 0
1654634911160 0.991146149181322 0
1654634955843 0.9915100060642814 0
1654634999836 0.9928441479684658 0
1654635044332 0.9907822922983627 0
1654635088317 0.9936931473620376 0
1654635132485 0.9943602183141298 0
1654635175657 0.9906610066707096 0
1654635219327 0.991570648878108 0
1654635263828 0.991570648878108 0
1654635308596 0.992116434202547 0
1654635352869 0.9941782898726501 0
1654635396820 0.9947847180109157 0
1654635441335 0.9908429351121892 0
1654635485072 0.9952092177077017 0
1654635529419 0.9955124317768345 0
1654635573469 0.989630078835658 0
1654635616302 0.9929047907822923 0
1654635659677 0.994057004244997 0
1654635703867 0.9931473620375986 0
1654635746913 0.9927228623408126 0
1654635789628 0.9971497877501516 0
1654635831715 0.9897513644633111 0
1654635873754 0.9919345057610673 0
1654635915637 0.9924196482716798 0
1654635957540 0.9976955730745907 0
1654635999324 0.9898726500909643 0
1654636041029 0.995027289266222 0
1654636083113 0.991570648878108 0
1654636142979 0.9526928675400291 0
1654636185494 0.9939349830179525 0
1654636227802 0.9928432799611839 0
1654636269860 0.9947234352256187 0
1654636311918 0.9964822901504125 0
1654636353929 0.995269286754003 0
1654636396072 0.9930252304706453 0
1654636438309 0.9979985443959243 0
1654636480714 0.9990902474526928 0
1654636522750 0.9966642406598738 0
1654636564944 0.9898714216399805 0
1654636607289 0.9979985443959243 0
1654636649726 0.9970887918486172 0
1654636692448 0.9954512372634643 0
1654636735596 0.993995633187773 0
1654636778595 0.9995147986414362 0
1654636821689 0.9930858806404658 0
1654636864611 0.9955118874332848 0
1654636907528 0.99745269286754 0
1654636950714 0.9959364386220282 0
1654636993586 0.9996967491508976 0
1654637037085 0.9998180494905385 0
1654637079937 1.0 0
1654637122876 0.9903566229985444 0
1654637165658 0.9948447355652595 0
1654637209151 0.9938136826783115 0
1654637252133 0.9992115477923338 0
1654637296593 0.9950873362445415 0
1654637340833 0.9977559437166424 0
1654637384696 0.9998180494905385 0
1654637427598 0.99490538573508 0
1654637471554 0.9956331877729258 0
1654637515868 0.9956938379427462 0
1654637559910 0.9977559437166424 0
1654637603063 0.9975133430373605 0
1654637647285 0.9958757884522077 0
1654637690485 0.9966035904900534 0
1654637735190 0.9976346433770015 0
1654637779034 0.9972707423580786 0
1654637823010 0.9980591945657448 0
1654637866190 0.995026686074721 0
1654637910901 0.9984837457544881 0
1654637955305 0.9990902474526928 0
1654637998616 0.997573993207181 0
1654638042366 1.0 0
1654638086844 1.0 0
1654638130841 0.9875667151868025 0
1654638174914 0.9981198447355653 0
1654638219118 0.9985443959243085 0
1654638262637 0.9932678311499272 0
