1645727770922 2.009631926345825 0
1645727778993 1.634489736175537 0
1645727787141 1.4384822229385377 0
1645727795083 1.2344710739135742 0
1645727803128 1.1129024942398071 0
1645727861708 1.7675654443740845 0
1645727919844 1.489058260345459 0
1645727977827 1.2939900831222535 0
1645728035851 1.2017458908081056 0
1645728093940 1.0715068860054016 0
1645728151751 1.6864164402008057 0
1645728209189 1.3118072523117066 0
1645728266631 1.1313065131187439 0
1645728324093 0.9904075023651123 0
1645728381043 0.8836902610778808 0
