1654342562192 0.6151488018803488 0
1654342576699 0.13426293648103135 0
1654342591744 0.07248626396596208 0
1654342606549 0.061282060104448526 0
1654342621068 0.035144154037965156 0
1654342674858 0.24492092321347123 0
1654342712482 0.0600726703328005 0
1654342750325 0.037927346079703106 0
1654342787811 0.030902614124701196 0
1654342825441 0.029212171080464693 0
1654342894312 0.16315335695437225 0
1654342931564 0.03572847889942954 0
1654342969171 0.03418129229866401 0
1654343006655 0.01401319619505555 0
1654343043928 0.03586089659505504 0
1654343128764 0.3020601056642681 0
1654343165675 0.07803517527039021 0
1654343202856 0.05893815112740181 0
1654343239699 0.03641863943813532 0
1654343276636 0.044868740496231865 0
1654343377145 0.16716435108259717 0
1654343415046 0.02443533395550339 0
1654343453078 0.02107481897626956 0
1654343491360 0.018064660162062596 0
1654343528797 0.0168464180015826 0
