1651682650371 0.9894130743026733 0
1651682653277 0.6141836681365966 0
1651682656343 0.5632458408594131 0
1651682659359 0.4309728172302246 0
1651682662358 0.3673304565191269 0
1651682665517 0.3270018165796995 0
1651682668569 0.27850257320404054 0
1651682671696 0.26411560838222503 0
1651682674657 0.22620378251969814 0
1651682677720 0.21155357143878936 0
1651682683072 0.7816018184661865 0
1651682688035 0.6059321523189545 0
1651682693201 0.5011997159004211 0
1651682698294 0.43965095019340517 0
1651682703453 0.360404241168499 0
1651682708566 0.32444792478084566 0
1651682713782 0.2817839141368866 0
1651682718942 0.25594635531902316 0
1651682724073 0.19730908697247504 0
1651682729258 0.17463063720166683 0
1651682737147 0.5494973535378774 0
1651682744270 0.44703691306114196 0
1651682751705 0.363138316822052 0
1651682759139 0.29871883573532104 0
1651682766491 0.29091176991065343 0
1651682773940 0.22850452170769373 0
1651682781441 0.2054186024983724 0
1651682788932 0.17668044458627702 0
1651682796414 0.16368785820404688 0
1651682803877 0.15382825793822608 0
1651682814466 0.31540480357408524 0
1651682824087 0.2348076854109764 0
1651682833683 0.17520486408770083 0
1651682843442 0.1528526003688574 0
1651682853175 0.15396901941001415 0
1651682863076 0.11846152519881725 0
1651682872698 0.11914903603047132 0
1651682882500 0.09128602288365364 0
1651682892099 0.08948616707921028 0
1651682901734 0.08214697171114385 0
1651682915039 0.3469489581012726 0
1651682927258 0.2720137620782852 0
1651682939514 0.2183101964187622 0
1651682951491 0.19164654017925262 0
1651682963714 0.17776574698925018 0
1651682975842 0.14527501856803893 0
1651682988373 0.1356337104678154 0
1651683000331 0.11021159560859203 0
1651683012604 0.11217347382307052 0
1651683024620 0.10146709404349327 0
