1645629242607 2.0284204139709474 0
1645629247265 1.6317151720046996 0
1645629251961 1.3827009881973267 0
1645629256645 1.2046740658760071 0
1645629261167 1.0784391417503356 0
1645629265823 0.949242786026001 0
1645629270370 0.8487247912406921 0
1645629274852 0.7530740909576416 0
1645629279424 0.6522031584978104 0
1645629283836 0.5740031164646149 0
1645629288550 0.4933511304140091 0
1645629293324 0.41872395861148837 0
1645629297811 0.3224699981570244 0
1645629302190 0.30063421841561794 0
1645629306691 0.2473478292942047 0
1645629311194 0.2214716697961092 0
1645629315771 0.1969922606498003 0
1645629320452 0.1843895384848118 0
1645629324951 0.16991991194784642 0
1645629329665 0.12574451567977668 0
1645629338350 1.0498283087730407 0
1645629346526 0.8601675760030747 0
1645629354787 0.7636515950918198 0
1645629363226 0.6795887827157975 0
1645629371798 0.5704647746443748 0
1645629380369 0.5194738975346088 0
1645629388235 0.4671450035750866 0
1645629396599 0.3740099607825279 0
1645629405003 0.3252411530613899 0
1645629413113 0.26072105419486763 0
1645629421274 0.22990250963419676 0
1645629429530 0.19550900620669126 0
1645629438068 0.19981571725159883 0
1645629446329 0.16792275158837439 0
1645629454866 0.1806958101645112 0
1645629463061 0.12191771776638925 0
1645629471481 0.14129794642999768 0
1645629479951 0.1487719675630331 0
1645629488143 0.11362739091496915 0
1645629496345 0.11144255760563537 0
1645629509775 0.7079731152216593 0
1645629522467 0.5647132080117861 0
1645629534681 0.4813313496718804 0
1645629547116 0.4136969280183315 0
1645629559907 0.37260129739095765 0
1645629572279 0.316834321363767 0
1645629584786 0.2817811595330636 0
1645629597034 0.24206743401090305 0
1645629609999 0.23000046502004068 0
1645629622900 0.1915219301549097 0
1645629635944 0.175705309103926 0
1645629648573 0.15648164589727917 0
1645629660871 0.14394230424826965 0
1645629673576 0.13199598372230928 0
1645629686644 0.13315419011873503 0
1645629699462 0.11946124215076367 0
1645629712710 0.11163506924541046 0
1645629725669 0.1214483053346475 0
1645629739204 0.10907934514010946 0
1645629752336 0.1037777444301794 0
