1653202996608 0.1096 0
1653203000993 0.127 0
1653203005307 0.1756 0
1653203009735 0.2172 0
1653203014047 0.233 0
1653203019802 0.1546 0
1653203025134 0.2304 0
1653203030320 0.2638 0
1653203035654 0.295 0
1653203040973 0.3192 0
1653203047025 0.1336 0
1653203052296 0.2056 0
1653203057721 0.2326 0
1653203063114 0.2504 0
1653203068511 0.272 0
1653203074866 0.1474 0
1653203080179 0.2196 0
1653203085317 0.2552 0
1653203090682 0.2762 0
1653203096047 0.3028 0
1653203102685 0.1566 0
1653203107955 0.2116 0
1653203113238 0.2464 0
1653203118585 0.2838 0
1653203123929 0.3134 0
