1645552324527 1.8015647026062012 0
1645552329256 1.4050111387252808 0
1645552333718 1.0919174102783202 0
1645552338174 0.9870626934051514 0
1645552342658 0.875300853729248 0
1645552347325 0.8011643584251403 0
1645552352136 0.7410049007415771 0
1645552356921 0.5625218485593796 0
1645552361248 0.4599516414761543 0
1645552365741 0.4506516551017761 0
1645552370195 0.40158630224466324 0
1645552374694 0.38487121169567107 0
1645552379392 0.2533071388632059 0
1645552384005 0.2673126811921597 0
1645552388774 0.230717088419199 0
1645552393610 0.12427961177974939 0
1645552398364 0.18550556172728538 0
1645552403164 0.16899427912533282 0
1645552407861 0.13736875482201577 0
1645552412310 0.12633588961064815 0
1645552422241 1.0799753253936768 0
1645552427569 0.7860520325660706 0
1645552432872 0.6787575807094574 0
1645552438320 0.5754793591499329 0
1645552443697 0.6840487441062927 0
1645552448891 0.5836904845714569 0
1645552454141 0.6628200942993164 0
1645552459600 0.6193191142082214 0
1645552464987 0.5989779715538025 0
1645552470563 0.5404945677757264 0
1645552475909 0.6201561711311341 0
1645552481369 0.6677099801063537 0
1645552486738 0.599328645324707 0
1645552492081 0.6179959916591644 0
1645552497258 0.6083643258094787 0
1645552502694 0.7254224740982056 0
1645552508090 0.7678379329681396 0
1645552513309 0.5864351161956787 0
1645552518451 0.648994999408722 0
1645552523620 0.7313333922386169 0
1645552534242 1.5249145551681518 0
1645552540436 1.1319269096374511 0
1645552546329 1.0629670471191406 0
1645552552418 1.0342696510314942 0
1645552558536 1.0161849655151367 0
1645552564793 1.0229569032669068 0
1645552571073 0.9102967794418335 0
1645552577221 0.9707763969421387 0
1645552583413 1.0427148941040039 0
1645552589606 1.1566062004089355 0
1645552595694 1.0643602340698242 0
1645552601849 1.0041009189605712 0
1645552607783 1.0796906609535217 0
1645552613931 0.9572333765983582 0
1645552619905 0.9240200439453125 0
1645552626014 1.0601775108337403 0
1645552632071 1.0884284931182862 0
1645552638177 1.4563884103775024 0
1645552644124 1.0123201480865478 0
1645552650399 1.0887571258544921 0
