1654617405224 0.29603201124964174 0
1654617420657 0.07645636412782143 0
1654617435726 0.05626267306825112 0
1654617451255 0.04309487316421683 0
1654617466371 0.030448669571882813 0
1654617481619 0.025732468657616196 0
1654617496978 0.0256166317710827 0
1654617512354 0.038753769346958664 0
1654617527488 0.02619045353535947 0
1654617542253 0.025390964857623512 0
1654617557421 0.03169129040161234 0
1654617572330 0.03143751117305211 0
1654617587299 0.015458801295804596 0
1654617602862 0.016342792558518338 0
1654617618457 0.025941807336188154 0
1654617633722 0.02864258155784457 0
1654617648921 0.0005054765218999034 0
1654617664172 0.002737682936256205 0
1654617679296 0.05073666506370836 0
1654617694817 0.024800330702089396 0
1654617710311 0.019907753505076422 0
1654617725891 0.014258933954646183 0
1654617741263 0.022705694631752902 0
1654617756715 0.025356001501457632 0
1654617771919 0.018335344514325887 0
1654617787477 0.016741770104593805 0
1654617802969 0.0026285624413344977 0
1654617818253 0.002064593776744178 0
1654617833674 9.904736086265726e-05 0
1654617848566 5.397624411192534e-05 0
1654617896256 0.18038515821139944 0
1654617937461 0.04210029623221752 0
1654617979792 0.023249533933319515 0
1654618021516 0.018760284655678597 0
1654618064182 0.02503635255234388 0
1654618106244 0.017694126167440222 0
1654618149633 0.013364592372067084 0
1654618191944 0.009868518936374778 0
1654618234204 0.034198630200720434 0
1654618278207 0.016649507247879784 0
1654618320638 0.012316014805727792 0
1654618363921 0.01816755149986006 0
1654618409543 0.02282847485686335 0
1654618453011 0.007964636661468537 0
1654618495507 0.009726637811383406 0
1654618539186 0.035182626032546 0
1654618581160 0.0074307498916413766 0
1654618624589 0.0066273990146544755 0
1654618668523 0.0001274686228839852 0
1654618711536 3.5748017522367404e-05 0
1654618755139 0.03372661556869272 0
1654618797968 0.016925764056643137 0
1654618839864 0.014474922739643707 0
1654618882332 0.010099247927778101 0
1654618925961 0.017366179477689325 0
1654618969734 0.013117743319950088 0
1654619012656 0.006013602659610588 0
1654619056256 0.018360975210854467 0
1654619097997 0.004601519645587821 0
1654619139714 0.013208790267286179 0
1654619190384 0.16261062151964717 0
1654619231611 0.027900458778261406 0
1654619273155 0.009258275955445216 0
1654619314715 0.02055042400115527 0
1654619356241 0.0011839298271253702 0
1654619397727 0.04357637367442504 0
1654619439022 0.008719960168914015 0
1654619480481 0.009190738160995223 0
1654619522242 0.008645644004633319 0
1654619563824 0.019738354679568595 0
1654619605337 0.007464822905579093 0
1654619646892 0.012055253260490157 0
1654619688575 0.01406405185401247 0
1654619730210 0.0008051048103082462 0
1654619771628 5.517028907795555e-05 0
1654619813198 0.019242759269992162 0
1654619854273 0.01589699193937166 0
1654619895704 9.098307815018261e-05 0
1654619937757 4.28046860132847e-05 0
1654619979727 0.021795085705286262 0
1654620021545 0.016915323164458748 0
1654620063749 0.001297018349401511 0
1654620105962 0.00017834448456961798 0
1654620148062 0.027503904752427744 0
1654620189958 0.010208110138361199 0
1654620231941 0.007460368915833993 0
1654620274785 0.005631234455667636 0
1654620316972 0.006252603357655899 0
1654620359213 0.01710032245824756 0
1654620401347 0.01026184988316583 0
1654620457166 0.2789919473023 0
1654620499615 0.05974499441936314 0
1654620542099 0.0382271002854329 0
1654620585364 0.043551664266525215 0
1654620627901 0.023457455299831384 0
1654620670718 0.019791910866006596 0
1654620713993 0.03240975306339431 0
1654620757560 0.01834106631094128 0
1654620800821 0.02289917529600513 0
1654620843755 0.02927477995053458 0
1654620886858 0.02097402841743749 0
1654620929831 0.012401150805013523 0
1654620972499 0.03294373158712969 0
1654621015139 0.01893666230851957 0
1654621058472 0.01847818053964361 0
1654621101928 0.021886341236212633 0
1654621145171 0.020113192404337395 0
1654621188927 0.015965502778526503 0
1654621232377 0.020581988745289312 0
1654621275521 0.007315378079696752 0
1654621318873 0.02340465347607549 0
1654621361583 0.009593663311686554 0
1654621404433 0.016205624220657962 0
1654621447898 0.015760248107443833 0
1654621490431 0.0220571519661056 0
1654621533036 0.009656116214375818 0
1654621575741 0.008802137703230205 0
1654621619940 0.023525868092576115 0
1654621663068 0.004577584461655791 0
1654621706499 0.03155807239183362 0
1654621766494 0.14198686542126818 0
1654621809115 0.019006179174686673 0
1654621852475 0.01678869259927362 0
1654621896301 0.011150841529167678 0
1654621939531 0.004518018594382318 0
1654621983746 0.01504336945475443 0
1654622027339 0.010153026629690295 0
1654622070329 0.003732796980179984 0
1654622114920 0.016104734167939855 0
1654622158881 0.009945143993258994 0
1654622203003 0.008835244108781568 0
1654622246419 0.002826071320648844 0
1654622289734 0.017770490044656074 0
1654622334167 0.00936413309144728 0
1654622377733 0.0010531989405034707 0
1654622421831 0.005372195149894893 0
1654622464814 0.019213846040332 0
1654622508612 0.007556538741324673 0
1654622551556 0.001121028050300768 0
1654622595502 0.0008060071965742394 0
1654622638776 0.01877130202055301 0
1654622682735 0.011772558392308861 0
1654622726549 0.0013271011074858414 0
1654622770360 0.0068514241319913155 0
1654622813218 0.015469589722341448 0
1654622857181 0.011429380189862682 0
1654622900038 0.005878428894650779 0
1654622943879 0.012402954860639822 0
1654622986903 0.00769815608974316 0
1654623030976 0.010333549970576299 0
