1652246419009 0.29342224542796613 0
1652246442648 0.16456141496251026 0
1652246467021 0.1413844353914261 0
1652246491458 0.12852895571415623 0
1652246515634 0.11446382754420241 0
1652246539461 0.10598877596321206 0
1652246563551 0.10134962573858598 0
1652246587701 0.09915890824856857 0
1652246611686 0.09613993708547204 0
1652246635160 0.0899651456847166 0
1652246658565 0.09060442816472301 0
1652246682462 0.08815414582118392 0
1652246706607 0.08331235152296722 0
1652246730320 0.0841027302575608 0
1652246753698 0.07823969808857267 0
1652246777095 0.07782322425671542 0
1652246801166 0.07965136905641605 0
1652246825385 0.07734972026301548 0
1652246848910 0.07532758796286458 0
1652246872660 0.07510486409010676 0
1652246897209 0.07632661314640815 0
1652246921538 0.07226346600533773 0
1652246945784 0.07416437007247781 0
1652246969681 0.0693704997937195 0
1652246993392 0.06980380853858466 0
1652247017606 0.07071640294135238 0
1652247041493 0.06984413409093394 0
1652247065726 0.06620829695508194 0
1652247089991 0.06848580932384357 0
1652247113501 0.06779830917337289 0
1652247144279 0.2572455631011954 0
1652247171265 0.15892268332655612 0
1652247198618 0.13361992474226997 0
1652247225346 0.12250500654566747 0
1652247252554 0.1162178030527555 0
1652247279859 0.1072506971387909 0
1652247306930 0.10341304036310085 0
1652247334157 0.10175662487069001 0
1652247361002 0.09941967038434858 0
1652247388475 0.09609906180271735 0
1652247415063 0.09227723283283412 0
1652247442033 0.09340876286488313 0
1652247469102 0.0896165783841163 0
1652247496553 0.08860711316443406 0
1652247523213 0.08453083917707778 0
1652247550383 0.08380509435462836 0
1652247577626 0.08349399242401123 0
1652247604609 0.08577410677751669 0
1652247631768 0.07905569171402603 0
1652247658850 0.07892506773507653 0
1652247686287 0.08219736969397905 0
1652247713239 0.07796241816568833 0
1652247740097 0.08044880426283926 0
1652247767077 0.07413619440103379 0
1652247794538 0.07384509088101869 0
1652247821714 0.07536123741998409 0
1652247848346 0.075871601559451 0
1652247875469 0.07322982790154907 0
1652247902429 0.07502622712108378 0
1652247929427 0.07004816602110289 0
1652247963870 0.24874514636746967 0
1652247990545 0.15315095943854407 0
1652248017732 0.1305830568090081 0
1652248045182 0.11852544127100935 0
1652248072643 0.10722859081548566 0
1652248100098 0.10749736004832845 0
1652248127711 0.09797610945690137 0
1652248155083 0.09837421131497966 0
1652248182628 0.10020986286473389 0
1652248210054 0.09222376385414256 0
1652248237196 0.09293378876323023 0
1652248264255 0.09224204771275131 0
1652248291640 0.08541532376792568 0
1652248318853 0.0865328925773788 0
1652248346234 0.08470454367371992 0
1652248373508 0.08089747359041985 0
1652248400652 0.0769548990206363 0
1652248428126 0.08392282320493116 0
1652248455773 0.07749632855473947 0
1652248483330 0.07642710463376 0
1652248510384 0.08138423356038446 0
1652248537598 0.0799990692985459 0
1652248564835 0.07467629534339962 0
1652248592680 0.07430171735212207 0
1652248620346 0.07761979231032042 0
1652248648065 0.07230765406548118 0
1652248675499 0.07543609889858904 0
1652248702565 0.07459161325077025 0
1652248729689 0.06929834049702263 0
1652248757041 0.07541705571593574 0
1652248795375 0.24779815055424662 0
1652248822855 0.15696226869961083 0
1652248850274 0.134118427284728 0
1652248878028 0.12075551007050853 0
1652248905380 0.1159416846977405 0
1652248932820 0.10932856837672753 0
1652248960690 0.10457781239939741 0
1652248988356 0.10153432267863681 0
1652249016003 0.10228182490381295 0
1652249043636 0.09200507910076675 0
1652249071414 0.09380059590042165 0
1652249098607 0.09028698616861257 0
1652249126329 0.0872574547580982 0
1652249154006 0.08922590709999885 0
1652249181912 0.08270359084154784 0
1652249210080 0.08523127834563603 0
1652249237663 0.0803208631782616 0
1652249265288 0.08096555003339351 0
1652249293075 0.0809814147418501 0
1652249320903 0.08024483122182846 0
1652249348533 0.0774438206356227 0
1652249376355 0.07700246735965274 0
1652249403944 0.07760223700851236 0
1652249431277 0.07552338272117416 0
1652249458824 0.07514832517264673 0
1652249486268 0.07632677016229338 0
1652249513832 0.07216250256294604 0
1652249541746 0.07527081344146334 0
1652249569119 0.07386130627586718 0
1652249596651 0.07253035185214686 0
1652249639353 0.25004151678326036 0
1652249667710 0.15893091056484443 0
1652249695570 0.13332809727146075 0
1652249723895 0.12121766636555012 0
1652249752358 0.11405661932258652 0
1652249780541 0.10740529834450438 0
1652249808716 0.10308624235107922 0
1652249836334 0.09939318090929435 0
1652249864543 0.09546281680083618 0
1652249892722 0.09764620810434796 0
1652249920819 0.08913479997335146 0
1652249948795 0.08791920681653115 0
1652249977092 0.08476563524390356 0
1652250005315 0.08356826351037105 0
1652250033328 0.08838783658381838 0
1652250061500 0.08271128511764109 0
1652250089690 0.08056472305085223 0
1652250116795 0.08025354861171487 0
1652250144263 0.07928214316342312 0
1652250172367 0.07789353257171236 0
1652250200475 0.07774431390484365 0
1652250228350 0.07966028737857794 0
1652250256039 0.07417394738948116 0
1652250285016 0.07620458603512782 0
1652250313240 0.07170467978225878 0
1652250341773 0.0725422996424425 0
1652250369748 0.07348584491977325 0
1652250398243 0.07016383902833152 0
1652250426213 0.07122416419163347 0
1652250454325 0.07410940017055434 0
