1645619347117 1.4347159421920777 0
1645619352340 1.0164190111160278 0
1645619357414 0.7293838564872742 0
1645619362491 0.5304945345878601 0
1645619367890 0.3771495090007782 0
1645619373005 0.27283830027580264 0
1645619378019 0.21455911602973937 0
1645619383027 0.1610784380674362 0
1645619387969 0.11839306669831276 0
1645619393260 0.09574504096210003 0
1645619398478 0.07858218246102333 0
1645619403581 0.0789876100718975 0
1645619408746 0.053832564190030095 0
1645619413813 0.0596853446662426 0
1645619418976 0.09251297424137592 0
1645619424132 0.046490912939608095 0
1645619429238 0.05712539578303695 0
1645619434324 0.04523515845611691 0
1645619439723 0.05832277194783091 0
1645619445052 0.03432732030749321 0
1645619451207 1.250888029384613 0
1645619454786 0.9468805448532105 0
1645619458427 0.7827351306915283 0
1645619462118 0.6389143862247467 0
1645619465929 0.5135088154792785 0
1645619469603 0.40089658479690554 0
1645619473527 0.2927410640716553 0
1645619477360 0.22939149284362792 0
1645619480978 0.14820961236953736 0
1645619484806 0.1077214934706688 0
1645619488680 0.10177676570415496 0
1645619492447 0.07769486731290817 0
1645619496362 0.060197220313549044 0
1645619500171 0.0477635581612587 0
1645619503936 0.03982932439744472 0
1645619507850 0.03545619449019432 0
1645619511737 0.026974694827198983 0
1645619515498 0.027660693398118018 0
1645619519282 0.03440061257779598 0
1645619523028 0.03102706771194935 0
1645619531952 1.3459787508964538 0
1645619535575 1.0225838516235353 0
1645619539299 0.806765640258789 0
1645619543238 0.6295475954771041 0
1645619547033 0.4745923642158508 0
1645619550968 0.3398561897277832 0
1645619554932 0.25956870279312133 0
1645619558679 0.19081264638900758 0
1645619562466 0.13257413800358772 0
1645619566495 0.11406415927410125 0
1645619570340 0.07823554091453552 0
1645619574052 0.06901635421514511 0
1645619578046 0.05146126578748226 0
1645619581737 0.03031156344562769 0
1645619585508 0.038542417511343956 0
1645619589443 0.04647631399035454 0
1645619593190 0.0331415977217257 0
1645619596961 0.025932413820922373 0
1645619600727 0.013263959600031376 0
1645619604570 0.021707924503088 0
1645619615988 1.3147660842895508 0
1645619619572 1.0850120148658753 0
1645619623518 0.9426325446128845 0
1645619627397 0.787724582862854 0
1645619631267 0.6211174182891845 0
1645619635121 0.4842512907028198 0
1645619638897 0.373539103603363 0
1645619642744 0.2695444076776505 0
1645619646510 0.18944400629401206 0
1645619650328 0.1577082287311554 0
1645619654121 0.09592705594301223 0
1645619658034 0.0753298999965191 0
1645619661852 0.05907810899615288 0
1645619665577 0.043867811822891234 0
1645619669488 0.03108288676738739 0
1645619673139 0.04177310021966696 0
1645619676854 0.020992588075995446 0
1645619680445 0.05004212876558304 0
1645619684126 0.06585578433275223 0
1645619687857 0.07151213601380586 0
1645619701913 1.516857855606079 0
1645619705667 1.2943871837615968 0
1645619709479 1.1080463718414306 0
1645619713331 0.9124393847465515 0
1645619717102 0.7253759288787842 0
1645619720825 0.5751363500595092 0
1645619724493 0.41753438096046447 0
1645619728254 0.303658428812027 0
1645619732076 0.1958520358324051 0
1645619735906 0.16035963230133057 0
1645619739649 0.11824779434204101 0
1645619743379 0.09122803014516831 0
1645619747181 0.07348931835889816 0
1645619750990 0.055047448590397834 0
1645619754830 0.03081086454987526 0
1645619758700 0.03238107075691223 0
1645619762412 0.04470083570480347 0
1645619766132 0.04277551101744175 0
1645619769834 0.037684897102415564 0
1645619773598 0.028728937968611718 0
1645619790266 1.339964566040039 0
1645619794094 0.9800402481079101 0
1645619797782 0.7790157366752625 0
1645619801471 0.6065567784309387 0
1645619805375 0.4437501643180847 0
1645619809092 0.35742242212295533 0
1645619812868 0.23969320489168167 0
1645619816712 0.18301208201646804 0
1645619820628 0.13895150149464608 0
1645619824370 0.09623792454004287 0
1645619828159 0.050237622570991514 0
1645619831843 0.048573312932252886 0
1645619835753 0.059518704757094386 0
1645619839669 0.0377245129480958 0
1645619843589 0.027206473597884178 0
1645619847380 0.017003293761610985 0
1645619851014 0.009751647755503655 0
1645619854682 0.01922708885371685 0
1645619858274 0.01115401478111744 0
1645619861913 0.007193216589093208 0
1645619881463 1.177081229019165 0
1645619885151 0.8453576961517334 0
1645619889147 0.6990280675888062 0
1645619893058 0.5680046568393707 0
1645619896850 0.4339835920333862 0
1645619900788 0.3436096467971802 0
1645619904560 0.23105653812885285 0
1645619908346 0.1751170791864395 0
1645619912327 0.12581748499870302 0
1645619916120 0.11780184288024903 0
1645619919856 0.0693103001177311 0
1645619923794 0.05394421504735947 0
1645619927617 0.03728424498438835 0
1645619931321 0.022149613732099532 0
1645619935244 0.02555094078630209 0
1645619938864 0.03666948624253273 0
1645619942514 0.03750566197633743 0
1645619946225 0.03964539033174515 0
1645619949913 0.032157589061558245 0
1645619953630 0.027638618588447572 0
1645619976122 1.3549594405174255 0
1645619979967 1.0688418659210206 0
1645619983731 0.9000285133361816 0
1645619987533 0.7727610570907593 0
1645619991236 0.6167643444061279 0
1645619994859 0.45964882259368894 0
1645619998814 0.35507502570152283 0
1645620002566 0.24490708472728728 0
1645620006282 0.17359092013835906 0
1645620010252 0.12983056889772415 0
1645620013974 0.10620239951610565 0
1645620017775 0.0747376529544592 0
1645620021616 0.07177821893692017 0
1645620025561 0.04421643683314323 0
1645620029198 0.05741425795555115 0
1645620032837 0.06337597065567971 0
1645620036564 0.054076334238052366 0
1645620040292 0.04854976352751255 0
1645620043707 0.031091609618067742 0
1645620047383 0.04422929128706455 0
1645620072330 1.4407522348403932 0
1645620076132 1.198060097026825 0
1645620079899 0.9956767301559448 0
1645620083685 0.809394867515564 0
1645620087695 0.6463318675041199 0
1645620091445 0.49896243052482603 0
1645620095255 0.34650209383964536 0
1645620099120 0.25970512251853944 0
1645620102819 0.17641606321334838 0
1645620106586 0.12461496813893318 0
1645620110512 0.0927007886648178 0
1645620114326 0.07956474378407001 0
1645620118057 0.05836643014550209 0
1645620121891 0.042988416516780856 0
1645620125630 0.02983996805548668 0
1645620129341 0.03819645512104034 0
1645620133156 0.052025508069992066 0
1645620136737 0.06047094605565071 0
1645620140367 0.03147344065606594 0
1645620144156 0.03515124259591103 0
1645620171515 1.181103591823578 0
1645620175456 0.7875295393943786 0
1645620179390 0.6333486687183381 0
1645620183220 0.5015161075115204 0
1645620187132 0.38730523438453673 0
1645620191034 0.27748130939006804 0
1645620194763 0.22449038662910462 0
1645620198706 0.1659161114692688 0
1645620202767 0.1370246512413025 0
1645620206535 0.09597942065000534 0
1645620210290 0.07237527390122414 0
1645620214223 0.06349356899857521 0
1645620217940 0.043652249309420584 0
1645620221718 0.029616058100759984 0
1645620225434 0.01889209687411785 0
1645620229151 0.01276099621206522 0
1645620232768 0.009772629464417697 0
1645620236472 0.00910454685986042 0
1645620240107 0.026792421489953994 0
1645620243837 0.05523076541274786 0
1645620273481 1.4401433207511902 0
1645620277446 1.1965210836410523 0
1645620281283 1.0286633273124695 0
1645620284994 0.8805031885147094 0
1645620288728 0.717779950428009 0
1645620292642 0.5696643247842789 0
1645620296323 0.42518866386413573 0
1645620300052 0.3326653744220734 0
1645620303922 0.20098593440055848 0
1645620307769 0.1650048795700073 0
1645620311633 0.13381708143353463 0
1645620315503 0.08177677652835846 0
1645620319179 0.06917848318219184 0
1645620322864 0.05772575154006481 0
1645620326601 0.04526512400507927 0
1645620330298 0.037996802765130996 0
1645620333964 0.03489927612543106 0
1645620337565 0.030462413144111633 0
1645620341307 0.030261291136592625 0
1645620344879 0.054322196605801586 0
1645620377706 1.3279726556777953 0
1645620381558 1.0238221086502075 0
1645620385485 0.8675391708374024 0
1645620389207 0.7090514714717865 0
1645620392999 0.6014414405822754 0
1645620396925 0.45243741788864134 0
1645620400657 0.33890354418754576 0
1645620404539 0.2548560078263283 0
1645620408320 0.20541330971717833 0
1645620412120 0.134710866522789 0
1645620415917 0.10998504979610443 0
1645620419754 0.10542819916009903 0
1645620423576 0.06166762348115444 0
1645620427264 0.05212342419028282 0
1645620431007 0.02659736254066229 0
1645620434705 0.022431018844246864 0
1645620438511 0.05528101745545864 0
1645620442109 0.03328416464626789 0
1645620445787 0.039158175852894786 0
1645620449566 0.05320372157692909 0
1645620484869 1.4522183931350707 0
1645620488724 1.1946349242210388 0
1645620492703 1.0078497722625732 0
1645620496469 0.8010005771636963 0
1645620500352 0.6395894638538361 0
1645620504167 0.4807522446632385 0
1645620507900 0.37126791224479677 0
1645620511632 0.30822345037460325 0
1645620515378 0.2041952767252922 0
1645620519225 0.15568704547286033 0
1645620522968 0.1193171630859375 0
1645620526916 0.07879355779886246 0
1645620530785 0.059765667605400086 0
1645620534552 0.049888238981366156 0
1645620538174 0.03487356575727463 0
1645620541888 0.02361549726128578 0
1645620545604 0.030769246467947958 0
1645620549248 0.035031559598445894 0
1645620552784 0.03743117341995239 0
1645620556551 0.09068764960169792 0
1645620594529 1.2922190492630006 0
1645620598435 0.9382277700424194 0
1645620602337 0.7598293447494506 0
1645620606296 0.6078306658744812 0
1645620610089 0.46915020055770873 0
1645620613920 0.37443971076011656 0
1645620617841 0.2475944836139679 0
1645620621581 0.1947669779062271 0
1645620625425 0.12583395702838898 0
1645620629223 0.10061470274925231 0
1645620633020 0.0874685493350029 0
1645620636787 0.059160389053821566 0
1645620640643 0.03470950846672058 0
1645620644323 0.029772442343831064 0
1645620648036 0.03182918010354042 0
1645620651661 0.07200150788426399 0
1645620655403 0.051439080917835237 0
1645620659157 0.06455402010381221 0
1645620662837 0.04366447728276253 0
1645620666727 0.02441617285385728 0
1645620707268 1.2374725018501282 0
1645620711159 0.8609928078651429 0
1645620715008 0.6488580431938171 0
1645620718823 0.5089830440044403 0
1645620722668 0.3868873903274536 0
1645620726477 0.27160019125938417 0
1645620730286 0.1969792784690857 0
1645620734059 0.14490169479846954 0
1645620737918 0.11527575576305389 0
1645620741601 0.07241555561423302 0
1645620745530 0.05959996723532677 0
1645620749464 0.043888587990403176 0
1645620753312 0.048494955921173095 0
1645620757105 0.04406830780506134 0
1645620760745 0.038542947858572006 0
1645620764501 0.012150919996201992 0
1645620768326 0.044160444656014444 0
1645620772421 0.03679537872374058 0
1645620776440 0.03541467608287931 0
1645620780491 0.022731564826518297 0
1645620822696 1.503184090232849 0
1645620826562 1.3079254854202271 0
1645620830454 1.1323325937271118 0
1645620834295 0.9749960138320923 0
1645620838182 0.8075990535736084 0
1645620842105 0.6314451295375824 0
1645620846061 0.4723879260063171 0
1645620850011 0.3473236960172653 0
1645620853700 0.24698251123428344 0
1645620857545 0.1913311356306076 0
1645620861239 0.16023431968688964 0
1645620865199 0.11966749494075775 0
1645620869064 0.08720585873126983 0
1645620872815 0.06517014907896519 0
1645620876676 0.04161074470281601 0
1645620880602 0.030302761033177375 0
1645620884368 0.02730522521138191 0
1645620888216 0.01885558086782694 0
1645620891948 0.055816279304027556 0
1645620895745 0.060261528041958806 0
1645620940809 1.247063885498047 0
1645620944515 0.9218922393798828 0
1645620948407 0.7686441152095794 0
1645620952328 0.6482084302902221 0
1645620956053 0.5243683326244354 0
1645620959838 0.4285813484430313 0
1645620963693 0.31859135704040525 0
1645620967500 0.2513530160427094 0
1645620971332 0.19829792120456696 0
1645620974873 0.15653014175891877 0
1645620978555 0.10745966145992279 0
1645620982428 0.11099223470687866 0
1645620986237 0.07682603750824929 0
1645620990117 0.0634166512131691 0
1645620993821 0.037547681903839114 0
1645620997493 0.04230355718135834 0
1645621001420 0.04866016991734505 0
1645621005230 0.042155256599187854 0
1645621008931 0.020278385213017464 0
1645621012784 0.017952931381762027 0
1645621061089 1.3720563653945923 0
1645621064860 1.1057696434020996 0
1645621068733 0.9225594292640686 0
1645621072701 0.7541362179756165 0
1645621076490 0.6113322566986084 0
1645621080449 0.48197078704833984 0
1645621084378 0.3414554107546806 0
1645621088136 0.2665245876789093 0
1645621091979 0.18844162940979003 0
1645621095842 0.12950944406986237 0
1645621099479 0.09056547513306142 0
1645621103354 0.07512241988182068 0
1645621107030 0.06699777582883835 0
1645621110658 0.040660731226205823 0
1645621114301 0.03752057957053184 0
1645621118033 0.051954341465234755 0
1645621121975 0.04183124624192715 0
1645621125788 0.023564349386096 0
1645621129620 0.048231005378067494 0
1645621133541 0.021094848641753195 0
1645621183553 1.1207189268112183 0
1645621187247 0.751895485496521 0
1645621190980 0.5814207855224609 0
1645621194853 0.46058720626831057 0
1645621198647 0.36100880990028383 0
1645621202536 0.28668682613372803 0
1645621206450 0.21631641106009483 0
1645621210213 0.1596176073551178 0
1645621214049 0.12916691439151765 0
1645621217939 0.08075112001001834 0
1645621221722 0.05923320555984974 0
1645621225453 0.03412604273706674 0
1645621229170 0.0450628091096878 0
1645621232922 0.03907156399190426 0
1645621236694 0.03125678459405899 0
1645621240638 0.021875517141819 0
1645621244428 0.016455227801203728 0
1645621248262 0.025416033362597228 0
1645621251972 0.010432947465032339 0
1645621255429 0.013633638932555914 0
1645621309193 1.3501409233093262 0
1645621312878 1.0409983721733094 0
1645621316765 0.8487300813674927 0
1645621320752 0.6837438523292542 0
1645621324282 0.5255025300264359 0
1645621327941 0.405179376745224 0
1645621331562 0.2961511687278748 0
1645621335289 0.20432758362293243 0
1645621338990 0.17729991809725762 0
1645621342672 0.11872611399888992 0
1645621346313 0.10099136371016502 0
1645621350210 0.052448490351438525 0
1645621354036 0.043323569005727765 0
1645621357827 0.034578176367282866 0
1645621361687 0.031200023806095125 0
1645621365441 0.03780916655063629 0
1645621369183 0.054375931407511235 0
1645621373076 0.03525384654402733 0
1645621376838 0.05591398585438728 0
1645621380506 0.0421457396864891 0
