1651739901341 1.3447412662506104 0
1651739904199 0.8196375452041625 0
1651739907134 0.5413345760345459 0
1651739910111 0.3928932357788086 0
1651739912968 0.2899086680412292 0
1651739915864 0.243009560751915 0
1651739918713 0.1813739255428314 0
1651739921574 0.14349572386741638 0
1651739924516 0.1188561714887619 0
1651739927310 0.10061365282535553 0
1651739930177 0.07971485296785831 0
1651739933002 0.06284010782241821 0
1651739935937 0.054172719886153936 0
1651739938842 0.05048504531085491 0
1651739941657 0.04709470647871494 0
1651739944576 0.0340612701356411 0
1651739947381 0.03214461897015571 0
1651739950308 0.02171730860248208 0
1651739953185 0.019834929963946344 0
1651739956029 0.020110669572651386 0
1651739958897 0.015794914504885675 0
1651739961664 0.014295276561379433 0
1651739964492 0.04350724274292588 0
1651739967246 0.01633876958116889 0
1651739970122 0.013564909382537007 0
1651739973125 0.013770331539586187 0
1651739975910 0.013882708725333214 0
1651739978854 0.012603197761625051 0
1651739981737 0.007911437613517047 0
1651739984669 0.008232231760770082 0
1651739987337 0.006223557578027249 0
1651739990119 0.006901596693694592 0
1651739993096 0.005730934550613165 0
1651739995968 0.009442423605173826 0
1651739998813 0.004779439397901297 0
1651740001723 0.004242717282380909 0
1651740004646 0.004497066020965577 0
1651740007382 0.004433556692302227 0
1651740010256 0.005086535829305649 0
1651740013170 0.003643833512067795 0
1651740016049 0.003467579162493348 0
1651740018908 0.0031504268297925593 0
1651740021770 0.0037325055673718454 0
1651740024731 0.003064400375261903 0
1651740027470 0.003387212605960667 0
1651740030363 0.0027583072286099194 0
1651740033199 0.00354115775260143 0
1651740036156 0.003340676053985953 0
1651740038996 0.0037865613710135223 0
1651740041911 0.0035113190283998846 0
1651740047745 1.370666140460968 0
1651740050992 1.000934648990631 0
1651740054355 0.788116523885727 0
1651740057712 0.6195170456886292 0
1651740061012 0.5170455008029938 0
1651740064261 0.41978223843574525 0
1651740067451 0.3578774886131287 0
1651740070847 0.2958870761871338 0
1651740074159 0.24750390863418578 0
1651740077450 0.20952539395093916 0
1651740080704 0.17133448548316957 0
1651740083987 0.1652585689306259 0
1651740087345 0.11255241273641586 0
1651740090704 0.09717135639190674 0
1651740094011 0.08834506330192089 0
1651740097320 0.08651234323978424 0
1651740100641 0.10661431269645691 0
1651740103799 0.06722692667841912 0
1651740107223 0.06280586296319962 0
1651740110507 0.04821330851316452 0
1651740113886 0.046563822335004806 0
1651740117118 0.03892939737141132 0
1651740120411 0.031858298659324644 0
1651740123637 0.03076123358309269 0
1651740126968 0.03633907494544983 0
1651740130238 0.03248798587024212 0
1651740133572 0.03931218530833721 0
1651740136898 0.03951953825950623 0
1651740140183 0.05577071524858475 0
1651740143535 0.030178149941563606 0
1651740146749 0.04145211827158928 0
1651740150085 0.027040409290790556 0
1651740153361 0.032344240123033524 0
1651740156622 0.028556967908143997 0
1651740159889 0.02696361047029495 0
1651740163140 0.024718320539593698 0
1651740166494 0.025556851744651794 0
1651740169783 0.027387305021286012 0
1651740173087 0.024366497454047203 0
1651740176297 0.022986295965313912 0
1651740179517 0.02669633780568838 0
1651740182820 0.027762791562080384 0
1651740186190 0.02408595138788223 0
1651740189556 0.024154390618205072 0
1651740192817 0.021998894260823725 0
1651740196098 0.02389807189553976 0
1651740199177 0.019859919542074205 0
1651740202529 0.0192889638453722 0
1651740205949 0.016777230659127236 0
1651740209315 0.01675676812827587 0
1651740215966 1.4298231563568116 0
1651740219399 1.0103962174415588 0
1651740222901 0.789423164987564 0
1651740226561 0.6341808605670929 0
1651740230203 0.5227125089645386 0
1651740233807 0.4911311546802521 0
1651740237360 0.41508473010063174 0
1651740240924 0.3606874059677124 0
1651740244541 0.36153292827606204 0
1651740248143 0.287560778427124 0
1651740251664 0.27010126955509184 0
1651740255324 0.2303409731864929 0
1651740258908 0.20552785068750382 0
1651740262497 0.21368404693603515 0
1651740266091 0.21388339089155198 0
1651740269529 0.17295465915203095 0
1651740273125 0.15186185420751572 0
1651740276610 0.13954570881128311 0
1651740280163 0.14472469174861907 0
1651740283871 0.13710956901311874 0
1651740287468 0.13233428785800933 0
1651740291078 0.12369190533161163 0
1651740294624 0.10586773061752319 0
1651740298184 0.20299346859455109 0
1651740301757 0.11902391362190247 0
1651740305335 0.11777637507915496 0
1651740308835 0.10839260078668594 0
1651740312539 0.10269155807495117 0
1651740316106 0.10558170986175537 0
1651740319575 0.10411406759023667 0
1651740322905 0.09644805504083634 0
1651740326381 0.09379103515148163 0
1651740329904 0.08434138025045394 0
1651740333606 0.0780275888800621 0
1651740337153 0.09055283886194229 0
1651740340793 0.09323196457624436 0
1651740344340 0.09149249656200409 0
1651740347797 0.08912293834686279 0
1651740351315 0.09854269839525223 0
1651740354863 0.09438222428560257 0
1651740358473 0.10425074818134308 0
1651740361943 0.10048370378017425 0
1651740365496 0.0827639701128006 0
1651740369164 0.08213325878381729 0
1651740372798 0.08665136551856994 0
1651740376342 0.09401493908166886 0
1651740379942 0.08280732040405274 0
1651740383487 0.08368523324728012 0
1651740387051 0.0751756056189537 0
1651740390676 0.07379169256687164 0
1651740397671 1.3675903301239014 0
1651740401448 0.6623146072387696 0
1651740405452 0.45265023946762084 0
1651740409313 0.36384443798065186 0
1651740413041 0.3135138083457947 0
1651740417061 0.2951990918636322 0
1651740421038 0.2394706340312958 0
1651740424867 0.21475444877147676 0
1651740428860 0.19320941590070725 0
1651740432759 0.1845386642932892 0
1651740436643 0.17989049844741822 0
1651740440383 0.17324301886558532 0
1651740444165 0.15047116279602052 0
1651740447956 0.14905161378383636 0
1651740451898 0.15628872215747833 0
1651740455664 0.14533988466262818 0
1651740459564 0.20121606842279435 0
1651740463233 0.15331344590187074 0
1651740466882 0.14185968891382217 0
1651740470527 0.1433573318004608 0
1651740474176 0.1387773114681244 0
1651740477855 0.12994198443889618 0
1651740481649 0.1282358831048012 0
1651740485513 0.11812425229549407 0
1651740489192 0.12252449504137039 0
1651740493049 0.11613850102424622 0
1651740497051 0.11500278940200806 0
1651740500840 0.11994627499580383 0
1651740504706 0.11597201005220413 0
1651740508462 0.13447664036750792 0
1651740512378 0.12290207833051682 0
1651740516188 0.11011381310224533 0
1651740520063 0.10903657007217407 0
1651740523913 0.10382058067321777 0
1651740527865 0.14120405905246736 0
1651740531740 0.11644575465917588 0
1651740535677 0.1092323925614357 0
1651740539584 0.11305050525665283 0
1651740543385 0.10828781687021255 0
1651740547264 0.1149101766705513 0
1651740551072 0.1233084034562111 0
1651740554883 0.12115162267684937 0
1651740558617 0.11324274160861969 0
1651740562492 0.11279507724046707 0
1651740566357 0.10377024455070495 0
1651740570243 0.09839784895181655 0
1651740573983 0.09634600945711136 0
1651740577723 0.09756342523097992 0
1651740581496 0.10084892991781234 0
1651740585296 0.10190990022420883 0
1651740592716 1.582380439567566 0
1651740596657 1.2309638820648194 0
1651740600821 1.020581591129303 0
1651740604902 0.8265866474151611 0
1651740609114 0.7010028635501862 0
1651740613114 0.619989891910553 0
1651740617336 0.5448328889846802 0
1651740621485 0.5329480108261109 0
1651740625653 0.45083206615447996 0
1651740629663 0.40561441249847413 0
1651740633683 0.36674944915771485 0
1651740637753 0.3394870939493179 0
1651740641588 0.3351926140069962 0
1651740645825 0.29013376717567446 0
1651740649884 0.3078902328252792 0
1651740654010 0.2871983949184418 0
1651740657972 0.2955872117996216 0
1651740662056 0.2985215774536133 0
1651740666133 0.30990800247192385 0
1651740669993 0.2708969493865967 0
1651740674195 0.25515575284957887 0
1651740678373 0.2672956722736359 0
1651740682471 0.2807337904214859 0
1651740686492 0.26862389953136445 0
1651740690522 0.24135114047527315 0
1651740694623 0.2570331768274307 0
1651740698681 0.2561177974700928 0
1651740702752 0.2467983401298523 0
1651740707095 0.23409169697761537 0
1651740711310 0.22853333542346954 0
1651740715532 0.23543284282684326 0
1651740719560 0.22345634582042695 0
1651740723676 0.23622321329116822 0
1651740727908 0.27099347610473634 0
1651740731978 0.24295859229564667 0
1651740735869 0.26573154628276824 0
1651740739786 0.23222143201828002 0
1651740743970 0.3656011598825455 0
1651740747954 0.26559651737213136 0
1651740751859 0.24475593841075896 0
1651740755951 0.22888813602924346 0
1651740759988 0.22312024405002595 0
1651740764020 0.2156659353017807 0
1651740768131 0.22831434855461122 0
1651740772247 0.22364037806987763 0
1651740776332 0.20195883111953736 0
1651740780347 0.19873356912136078 0
1651740784555 0.23933134934902192 0
1651740788655 0.24297434241771698 0
1651740792799 0.2149893330335617 0
