1645812164352 2.32135386428833 0
1645812173083 2.2131675128936767 0
1645812181696 2.0653486778259276 0
1645812190322 1.925749056625366 0
1645812199095 1.8130450244903564 0
1645812208010 1.6781519172668458 0
1645812216889 1.5436770380020142 0
1645812225513 1.4064915599822998 0
1645812234349 1.2561194744110107 0
1645812243174 1.143622763824463 0
1645812251936 1.0118959466934203 0
1645812260533 0.8624961212158203 0
1645812269335 0.730550967502594 0
1645812278047 0.6167608047962189 0
1645812286754 0.488087256860733 0
1645812295517 0.38896288075447083 0
1645812304319 0.27678549814224246 0
1645812313005 0.19763642035722734 0
1645812321691 0.13725822806358337 0
1645812330506 0.08891284686923027 0
1645812340439 2.1597971672058107 0
1645812350431 1.8375211303710937 0
1645812359733 1.6303016445159912 0
1645812369374 1.4457979787826538 0
1645812379054 1.2537406126976014 0
1645812388511 1.1317801429748535 0
1645812398125 0.9343738445281983 0
1645812407961 0.7893233853340149 0
1645812417613 0.6361525251865386 0
1645812427535 0.5216556739330291 0
1645812436975 0.42299022681713105 0
1645812446597 0.3131529502153397 0
1645812456520 0.21960211743116378 0
1645812466426 0.14918960933685302 0
1645812476063 0.10129760590791702 0
1645812485975 0.06457091400027275 0
1645812495302 0.043008740535378454 0
1645812504717 0.028496444597840308 0
1645812513966 0.020231952765583993 0
1645812523502 0.01699810163527727 0
1645812533931 2.026689570426941 0
1645812543801 1.6314406421661376 0
1645812553261 1.4033948028564454 0
1645812562917 1.1836874496459961 0
1645812572569 1.0363515458106995 0
1645812582301 0.8475958109378815 0
1645812591691 0.704785521364212 0
1645812601013 0.5864914581298828 0
1645812610691 0.44526725010871887 0
1645812620499 0.35658186509609224 0
1645812630174 0.2578969769358635 0
1645812639620 0.1930166314482689 0
1645812649130 0.151608966088295 0
1645812658791 0.10487403038144112 0
1645812668323 0.062393839302659036 0
1645812677933 0.05601559674739837 0
1645812687421 0.030505742482095956 0
1645812696837 0.02331091080158949 0
1645812706419 0.019411375427246094 0
1645812715859 0.010954288571327925 0
