1651938386678 0.9598152373313904 0
1651938391446 0.4676712854146957 0
1651938396230 0.3813778918325901 0
1651938400962 0.28488446469902995 0
1651938405569 0.23019921815395356 0
1651938410411 0.17943466356098653 0
1651938415001 0.15412237019985914 0
1651938419593 0.10520991452373564 0
1651938424078 0.1063370250629494 0
1651938428688 0.09963495915494859 0
1651938433417 0.07238000568300486 0
1651938438211 0.052030896280147135 0
1651938442912 0.027764847725909203 0
1651938447675 0.0673499027990736 0
1651938452382 0.05323736540423706 0
1651938457085 0.04115400847103447 0
1651938461833 0.048967209926620126 0
1651938466400 0.05266156777390861 0
1651938471155 0.04748115781010129 0
1651938476008 0.11818007374349981 0
1651938480714 0.03830876226662658 0
1651938485410 0.04622393006552011 0
1651938490089 0.017532014389976393 0
1651938494769 0.01950411859821761 0
1651938499446 0.02558128130660625 0
1651938504226 0.05850649556184653 0
1651938508884 0.038253922987205445 0
1651938513499 0.02095823875959031 0
1651938518269 0.011199469457811211 0
1651938523004 0.01615097063195426 0
1651938527806 0.016183637323300352 0
1651938532562 0.027222724776586982 0
1651938537343 0.025205729549343234 0
1651938542058 0.014738255720154848 0
1651938546858 0.04231817449141526 0
1651938551373 0.025313146555575077 0
1651938556102 0.022781391377560793 0
1651938560702 0.016693705148089794 0
1651938565475 0.012532402336539235 0
1651938570091 0.01922524089521321 0
1651938574824 0.014378124480541737 0
1651938579612 0.0076774281930644065 0
1651938584246 0.006121052612835774 0
1651938589037 0.005667591565975454 0
1651938593742 0.007926151745842071 0
1651938598306 0.015718480407758032 0
1651938603087 0.010903729882459447 0
1651938607717 0.00390853820728953 0
1651938612486 0.0011741176965646446 0
1651938617079 0.0035880018215597373 0
1651938632454 0.6413258604425862 0
1651938647518 0.4055312252101761 0
1651938662210 0.28655363647869275 0
1651938677018 0.24364154257254894 0
1651938691629 0.1676111638914654 0
1651938706571 0.13027257503568532 0
1651938721115 0.09555628471795978 0
1651938735624 0.0852266586276406 0
1651938750271 0.058498297004119834 0
1651938764985 0.04290828059006747 0
1651938779660 0.03782969528693239 0
1651938794400 0.02939387130144469 0
1651938809135 0.023901990526846363 0
1651938823931 0.019437493187065422 0
1651938838592 0.015938363109729407 0
1651938853421 0.02169738299992301 0
1651938868074 0.012837562393295822 0
1651938883007 0.009798390856181796 0
1651938897696 0.0046716919595283495 0
1651938912314 0.00946329672302804 0
1651938927054 0.01829122892021241 0
1651938941702 0.022561258552239203 0
1651938956192 0.01879870894488396 0
1651938970719 0.01625940490291801 0
1651938985404 0.009747003380533276 0
1651938999823 0.005665686459901928 0
1651939014475 0.005736961754441041 0
1651939029061 0.004737105660946223 0
1651939043795 0.004111631929778538 0
1651939058438 0.004758340353917342 0
1651939072840 0.00308566305391321 0
1651939087496 0.00794353394805181 0
1651939102523 0.009239608777392617 0
1651939117149 0.009599504222798311 0
1651939131845 0.008880907616774824 0
1651939146397 0.01090057391521141 0
1651939160978 0.005790198755752316 0
1651939175750 0.007588723252933615 0
1651939190211 0.006645730628376694 0
1651939205007 0.0039957070395949534 0
1651939219557 0.0029932887313188056 0
1651939234236 0.006144343023277605 0
1651939248724 0.0048300043312038896 0
1651939263596 0.0027106860532480717 0
1651939278241 0.006058070208455145 0
1651939292886 0.006409033601423495 0
1651939307443 0.0034451125705215547 0
1651939322133 0.001039675817075494 0
1651939337080 0.0017085939554878713 0
1651939351790 0.005868965693071621 0
1651939371321 0.6147613418834835 0
1651939390328 0.37860034986533647 0
1651939409062 0.27095123095599916 0
1651939428144 0.21815187979046574 0
1651939447359 0.1465845459511731 0
1651939466341 0.11404251155621133 0
1651939485431 0.0857088186013299 0
1651939504625 0.07473235010078023 0
1651939523666 0.09013096798591892 0
1651939542870 0.0658227388263165 0
1651939561931 0.03982992065535373 0
1651939581122 0.03138562130941716 0
1651939600541 0.028218004462314386 0
1651939619449 0.02790152765245601 0
1651939638519 0.03814795783647326 0
1651939657595 0.02604253742143702 0
1651939676900 0.03999132653943606 0
1651939695861 0.05515988653782883 0
1651939714903 0.05668557568543189 0
1651939734218 0.0276027580305818 0
1651939753333 0.02020955845715102 0
1651939772388 0.008374869104895476 0
1651939791569 0.014470623798686223 0
1651939810827 0.019163134694675465 0
1651939829710 0.010816766628668498 0
1651939848780 0.004481857830022313 0
1651939867831 0.0022223100623826467 0
1651939887005 0.007013043658625771 0
1651939906065 0.005073211930369986 0
1651939925195 0.003744410646602538 0
1651939944303 0.004206608120112881 0
1651939963275 0.0051653505469644884 0
1651939982587 0.018719607291123267 0
1651940001626 0.013611788395559973 0
1651940020569 0.007556907925578258 0
1651940039846 0.010717541783793881 0
1651940058952 0.009976629402948557 0
1651940078100 0.005792370594050126 0
1651940097175 0.006067722995071661 0
1651940116319 0.00752656722055928 0
1651940135446 0.02151954797946113 0
1651940154509 0.021493904507761348 0
1651940173617 0.004356254759166205 0
1651940192892 0.006931014869998358 0
1651940211853 0.00761203705600752 0
1651940230837 0.0018668785778166305 0
1651940250008 0.005226853581642285 0
1651940269037 0.003572876442239396 0
1651940288406 0.0020190052921695715 0
1651940307595 0.0028739863190802182 0
1651940331659 0.3839107144145326 0
1651940355295 0.1782481885156152 0
1651940378665 0.10276208942085624 0
1651940402100 0.054689273083581035 0
1651940425260 0.03999869053527796 0
1651940448485 0.036267687417180276 0
1651940472013 0.025513923912701558 0
1651940495392 0.017791760489470954 0
1651940519008 0.021151628001904857 0
1651940542450 0.011047022061159349 0
1651940565846 0.013510693080763423 0
1651940589178 0.011180475389128528 0
1651940612672 0.005581868821732753 0
1651940635889 0.006630667908823658 0
1651940659206 0.0053576949080013795 0
1651940682771 0.0028823672598510303 0
1651940706419 0.011987127728071971 0
1651940729960 0.004581547102163243 0
1651940753468 0.003316992544197438 0
1651940777012 0.004101899857499027 0
1651940800427 0.004783510347547312 0
1651940823737 0.005395169698635855 0
1651940846878 0.004115848437175363 0
1651940870193 0.0016800093509893083 0
1651940893408 0.0030064524146925183 0
1651940916826 0.0023587854808205344 0
1651940940345 0.0036552230295047302 0
1651940963761 0.0022165234451883096 0
1651940987177 0.0024627633204901815 0
1651941010361 0.004405065683110231 0
1651941033619 0.0032501003353489328 0
1651941056934 0.0009770165881363515 0
1651941080287 0.00093400557500835 0
1651941103651 0.0008393803075589953 0
1651941126811 0.000988252796080329 0
1651941150160 0.0036353845132926607 0
1651941173560 0.006133099279555226 0
1651941197029 0.00134119663159166 0
1651941220610 0.0005096479535561072 0
1651941244108 0.0006106100596328833 0
1651941267402 0.001045051514035788 0
1651941290827 0.001164174216741091 0
1651941314642 0.00043281702763651455 0
1651941337710 0.00041204585509072966 0
1651941361102 0.0003482135997491265 0
1651941384626 0.0006005217256691568 0
1651941408238 0.0003527800731118605 0
1651941431841 0.0002628670500545686 0
1651941455295 0.0003492771275304347 0
1651941478752 0.00024302176802648798 0
1651941507519 0.6027250121045094 0
1651941535717 0.3887211411406493 0
1651941563725 0.2752132417079647 0
1651941592003 0.2022781026522136 0
1651941619693 0.18868663719745987 0
1651941647544 0.11351345852909332 0
1651941675427 0.08438872603264007 0
1651941703368 0.052023943211862496 0
1651941731519 0.07902287835432165 0
1651941759532 0.062223950430122035 0
1651941787582 0.03775322944199382 0
1651941815599 0.045376385897338535 0
1651941843868 0.030869578980191863 0
1651941871880 0.03914099997496686 0
1651941899793 0.028982420136790844 0
1651941927764 0.025923261238694643 0
1651941955958 0.013297654498823386 0
1651941983835 0.012242362018398114 0
1651942011973 0.013676910933199303 0
1651942039801 0.013784032037774516 0
1651942068036 0.023396548993457392 0
1651942096005 0.02229621193683145 0
1651942124140 0.017756670933805483 0
1651942152063 0.016664279142806437 0
1651942180246 0.024404846848689574 0
1651942208372 0.019821295617832094 0
1651942236330 0.014809886444767332 0
1651942264168 0.009633151431926968 0
1651942291869 0.014444035863881398 0
1651942319728 0.015055433090356998 0
1651942348006 0.01124354671234977 0
1651942376082 0.012340699001427232 0
1651942404232 0.01685336820022348 0
1651942432579 0.008947271554331695 0
1651942460781 0.009778451331142642 0
1651942488885 0.015443460285181962 0
1651942517145 0.014365730362335563 0
1651942545168 0.0063383838599243006 0
1651942573205 0.00637654461901626 0
1651942601132 0.013113427529459357 0
1651942628923 0.016358364614266353 0
1651942656965 0.013659821064356367 0
1651942685031 0.006570552626356381 0
1651942713013 0.00680436323885936 0
1651942741149 0.0037474323443901936 0
1651942769326 0.0019624306792367313 0
1651942797336 0.004603536616611693 0
1651942825320 0.0038139910115886416 0
1651942853419 0.006967684072319713 0
1651942881619 0.007964669324213108 0
