1644602320257 1.7833065101623535 0
1644602322584 1.082721983718872 0
1644602324864 0.822737111568451 0
1644602327142 0.6408484979629516 0
1644602329466 0.5069462315559388 0
1644602333996 0.9606321945190429 0
1644602338231 0.580475235080719 0
1644602342385 0.3947865986029307 0
1644602346644 0.29324029109477995 0
1644602350806 0.24027193871339161 0
1644602358150 0.5797142365690726 0
1644602364908 0.32044585333512027 0
1644602371721 0.2075501569277154 0
1644602378376 0.15815400941350172 0
1644602385176 0.09978932877255857 0
