1652791562947 0.164 0
1652791567887 0.2818 0
1652791572733 0.366 0
1652791577441 0.43 0
1652791582197 0.4786 0
1652791587003 0.5122 0
1652791591767 0.5564 0
1652791596520 0.5988 0
1652791601349 0.6282 0
1652791606195 0.6644 0
1652791610976 0.6884 0
1652791615795 0.7164 0
1652791620531 0.7382 0
1652791625157 0.763 0
1652791629840 0.7918 0
1652791634528 0.8202 0
1652791639278 0.834 0
1652791644197 0.8586 0
1652791648873 0.879 0
1652791653709 0.8878 0
1652791658525 0.9086 0
1652791663353 0.9198 0
1652791668095 0.9318 0
1652791672922 0.938 0
1652791677772 0.9478 0
1652791682497 0.9566 0
1652791687370 0.963 0
1652791692161 0.9732 0
1652791696929 0.9674 0
1652791701679 0.9768 0
1652791706510 0.9752 0
1652791711131 0.9792 0
1652791716009 0.9804 0
1652791720632 0.9824 0
1652791725294 0.9816 0
1652791730175 0.9832 0
1652791734903 0.9866 0
1652791739765 0.9918 0
1652791744487 0.9884 0
1652791749333 0.9888 0
1652791754192 0.9926 0
1652791759008 0.9908 0
1652791763833 0.988 0
1652791768573 0.992 0
1652791773225 0.9948 0
1652791778127 0.9962 0
1652791782886 0.994 0
1652791787665 0.9956 0
1652791792443 0.9944 0
1652791797253 0.9966 0
1652791803430 0.2718 0
1652791809377 0.49 0
1652791815163 0.5898 0
1652791820953 0.649 0
1652791826795 0.694 0
1652791832737 0.7458 0
1652791838483 0.7696 0
1652791844306 0.7988 0
1652791850206 0.8222 0
1652791855852 0.8434 0
1652791861718 0.8714 0
1652791867494 0.8866 0
1652791873245 0.9014 0
1652791879187 0.9198 0
1652791885043 0.9252 0
1652791890980 0.9382 0
1652791896839 0.9518 0
1652791902659 0.9544 0
1652791908522 0.9612 0
1652791914550 0.9652 0
1652791920375 0.97 0
1652791926232 0.972 0
1652791932068 0.9758 0
1652791937898 0.9794 0
1652791943796 0.981 0
1652791949554 0.982 0
1652791955383 0.9854 0
1652791961166 0.989 0
1652791967105 0.9906 0
1652791972864 0.991 0
1652791978636 0.991 0
1652791984342 0.9882 0
1652791990139 0.9894 0
1652791996067 0.9942 0
1652792001956 0.9926 0
1652792007702 0.9924 0
1652792013666 0.9934 0
1652792019617 0.9942 0
1652792025297 0.9908 0
1652792031081 0.993 0
1652792036958 0.9936 0
1652792042776 0.9938 0
1652792048516 0.9934 0
1652792054481 0.9948 0
1652792060254 0.9922 0
1652792066129 0.9954 0
1652792072102 0.9972 0
1652792078049 0.9964 0
1652792083820 0.9962 0
1652792089607 0.997 0
1652792096219 0.2754 0
1652792102289 0.4542 0
1652792108091 0.5618 0
1652792113968 0.6316 0
1652792119856 0.6688 0
1652792125720 0.7144 0
1652792131575 0.74 0
1652792137452 0.7756 0
1652792143224 0.7952 0
1652792148971 0.8186 0
1652792154659 0.8494 0
1652792160603 0.8506 0
1652792166515 0.868 0
1652792172411 0.8868 0
1652792178293 0.9056 0
1652792184178 0.9218 0
1652792189911 0.9284 0
1652792195800 0.9416 0
1652792201621 0.9458 0
1652792207490 0.9524 0
1652792213191 0.9566 0
1652792218985 0.958 0
1652792224823 0.9606 0
1652792230604 0.9634 0
1652792236579 0.9664 0
1652792242494 0.9728 0
1652792248267 0.975 0
1652792254294 0.9826 0
1652792260253 0.9812 0
1652792266052 0.9834 0
1652792271873 0.9802 0
1652792277615 0.9858 0
1652792283490 0.987 0
1652792289267 0.9888 0
1652792295201 0.9868 0
1652792301173 0.989 0
1652792307122 0.9908 0
1652792313146 0.9902 0
1652792319141 0.9866 0
1652792325077 0.9852 0
1652792330911 0.991 0
1652792336941 0.9896 0
1652792342880 0.9898 0
1652792348723 0.9856 0
1652792354616 0.992 0
1652792360591 0.9942 0
1652792366342 0.9932 0
1652792372132 0.9924 0
1652792378034 0.9948 0
1652792383966 0.9904 0
1652792390916 0.3676 0
1652792396610 0.5496 0
1652792402324 0.6424 0
1652792408095 0.6988 0
1652792413838 0.723 0
1652792419649 0.7696 0
1652792425468 0.7998 0
1652792431269 0.8214 0
1652792437155 0.8478 0
1652792442830 0.866 0
1652792448532 0.8794 0
1652792454403 0.8982 0
1652792460252 0.9172 0
1652792466258 0.9274 0
1652792472322 0.9364 0
1652792478202 0.9476 0
1652792484110 0.9584 0
1652792490051 0.9538 0
1652792495877 0.9592 0
1652792501758 0.968 0
1652792507660 0.9752 0
1652792513333 0.9728 0
1652792519024 0.9818 0
1652792524752 0.9818 0
1652792530526 0.9868 0
1652792536553 0.9856 0
1652792542408 0.9834 0
1652792548251 0.9884 0
1652792553948 0.9896 0
1652792559819 0.9934 0
1652792565705 0.9934 0
1652792571428 0.986 0
1652792577206 0.9838 0
1652792583022 0.99 0
1652792588891 0.993 0
1652792594729 0.9896 0
1652792600567 0.992 0
1652792606634 0.991 0
1652792612494 0.9922 0
1652792618267 0.9904 0
1652792624108 0.9932 0
1652792629931 0.9936 0
1652792635914 0.9924 0
1652792641831 0.9936 0
1652792647821 0.9946 0
1652792653588 0.9948 0
1652792659525 0.992 0
1652792665310 0.9938 0
1652792671143 0.9964 0
1652792676860 0.9952 0
1652792684194 0.333 0
1652792690013 0.482 0
1652792695896 0.5496 0
1652792701867 0.6076 0
1652792707613 0.6484 0
1652792713537 0.6912 0
1652792719439 0.7288 0
1652792725331 0.752 0
1652792731188 0.778 0
1652792737127 0.8056 0
1652792743065 0.826 0
1652792748971 0.843 0
1652792754765 0.8622 0
1652792760670 0.8808 0
1652792766497 0.8916 0
1652792772409 0.9154 0
1652792778264 0.9158 0
1652792784156 0.9268 0
1652792789984 0.9394 0
1652792795930 0.9426 0
1652792801920 0.9558 0
1652792807757 0.9514 0
1652792813485 0.9626 0
1652792819516 0.9596 0
1652792825278 0.9686 0
1652792831110 0.9724 0
1652792836975 0.975 0
1652792842761 0.975 0
1652792848769 0.9836 0
1652792854737 0.9828 0
1652792860521 0.985 0
1652792866508 0.9854 0
1652792872495 0.9792 0
1652792878436 0.9858 0
1652792884290 0.9902 0
1652792890180 0.9852 0
1652792896142 0.9854 0
1652792902038 0.9912 0
1652792907793 0.9876 0
1652792913798 0.9902 0
1652792919675 0.987 0
1652792925521 0.9852 0
1652792931333 0.991 0
1652792937251 0.989 0
1652792943181 0.9926 0
1652792949168 0.9924 0
1652792954980 0.9918 0
1652792960701 0.9924 0
1652792966453 0.9918 0
1652792972431 0.9916 0
