1645117421491 1.820886914730072 0
1645117425344 1.5666436092853546 0
1645117429088 1.4840841357707977 0
1645117432924 1.3605991435050964 0
1645117436628 1.390013477563858 0
1645117468426 1.4175829552412034 0
1645117499486 1.2700164164304732 0
1645117530744 1.0753393151760102 0
1645117562475 1.0605847808122635 0
1645117593976 1.081024959206581 0
1645117626017 1.636446522474289 0
1645117656862 1.5451036866903305 0
1645117688022 1.4128332614898682 0
1645117718834 1.5000327439308168 0
1645117749733 1.521480699300766 0
1645117781845 1.5590111800432205 0
1645117812408 1.437502598285675 0
1645117843049 1.3513263267278672 0
1645117873600 1.3274957067966462 0
1645117904508 1.3222212419509887 0
1645117937043 1.832500943183899 0
1645117967824 1.7391913244724273 0
1645117998383 1.7016925632953643 0
1645118028915 1.6897710828781127 0
1645118059195 1.6945945467948913 0
1645118091675 1.828699934244156 0
1645118121759 1.7315668292045594 0
1645118152048 1.6427190141677857 0
1645118182682 1.5464499900341033 0
1645118213167 1.593539883375168 0
1645118246176 1.8393891174793244 0
1645118276555 1.699751303911209 0
1645118306483 1.5987934734821319 0
1645118336600 1.5913976638317109 0
1645118366726 1.4637083599567413 0
1645118399890 1.7136037373542785 0
1645118430078 1.5903065540790557 0
1645118459840 1.5096448228359223 0
1645118490186 1.436133133172989 0
1645118520589 1.5856911826133728 0
1645118555084 1.9526891832351685 0
1645118586142 1.8563974099159242 0
1645118616589 1.8553906140327454 0
1645118647031 1.8954250316619874 0
1645118677646 1.8406839189529418 0
1645118712458 1.8577325496673585 0
1645118742882 1.7091787254810333 0
1645118773581 1.6654962253570558 0
1645118804013 1.6715757014751433 0
1645118834508 1.631398889541626 0
1645118869822 1.8098107950687408 0
1645118899935 1.5560494568347931 0
1645118929897 1.5554915771484374 0
1645118959721 1.4795145637989044 0
1645118990129 1.461006603717804 0
1645119025821 1.8270455684661866 0
1645119056098 1.670822640657425 0
1645119086934 1.7650819628238679 0
1645119117290 1.6089147434234619 0
1645119147492 1.6533679060935975 0
1645119183212 1.8417144286632539 0
1645119213096 1.6906649358272552 0
1645119243038 1.6516374416351318 0
1645119272790 1.5988513662815094 0
1645119302616 1.647936508178711 0
1645119338375 1.777456778049469 0
1645119367921 1.6924292471408844 0
1645119397373 1.6392730779647826 0
1645119426965 1.6053934650421142 0
1645119456453 1.6029850373268126 0
1645119493047 1.7772093925476073 0
1645119523038 1.590997701406479 0
1645119553053 1.588789976119995 0
1645119583393 1.6415658378601075 0
1645119613353 1.634541523694992 0
1645119650828 1.7878584163188935 0
1645119681342 1.7139453730583192 0
1645119711756 1.5362384872436523 0
1645119742833 1.7729445092678071 0
1645119773737 1.6538663074970246 0
1645119812756 1.5203625355958938 0
1645119844038 1.3952197459936142 0
1645119875041 1.2751702961921692 0
1645119905881 1.2122067947387696 0
1645119936447 1.2313079530000686 0
1645119975264 1.674801121711731 0
1645120005922 1.54505344581604 0
1645120036422 1.457180147409439 0
1645120067122 1.5129780552387238 0
1645120097750 1.3962118067741394 0
1645120136729 1.9046099367141724 0
1645120167182 1.7918581986427307 0
1645120197616 1.8193069186210633 0
1645120228455 1.733910779953003 0
1645120258768 1.7262068719863892 0
1645120298187 1.6946868096590042 0
1645120328225 1.5233675849437713 0
1645120358163 1.4945804970264436 0
1645120388222 1.4575765606164932 0
1645120418267 1.4463082845211028 0
