1652633221785 0.1836 0
1652633227251 0.2862 0
1652633232769 0.3294 0
1652633238093 0.365 0
1652633243639 0.406 0
1652633253196 0.2992 0
1652633262341 0.4014 0
1652633271184 0.461 0
1652633280214 0.522 0
1652633289206 0.5404 0
1652633300047 0.2998 0
1652633310205 0.4234 0
1652633320346 0.4754 0
1652633330600 0.5296 0
1652633340826 0.559 0
1652633353938 0.3726 0
1652633365646 0.5004 0
1652633377463 0.5604 0
1652633389299 0.5916 0
1652633400863 0.622 0
1652633416074 0.3314 0
1652633429590 0.4226 0
1652633442654 0.4488 0
1652633456042 0.5082 0
1652633469306 0.531 0
