1652500944746 0.1256 0
1652500949946 0.205 0
1652500955204 0.235 0
1652500960362 0.287 0
1652500965525 0.3134 0
1652500978855 0.1654 0
1652500991589 0.2596 0
1652501004212 0.3364 0
1652501016986 0.3836 0
1652501029415 0.4246 0
1652501043497 0.2366 0
1652501056662 0.3592 0
1652501069574 0.4324 0
1652501082895 0.4658 0
1652501095647 0.498 0
1652501109960 0.301 0
1652501123216 0.4472 0
1652501136577 0.521 0
1652501149547 0.5498 0
1652501162771 0.5986 0
1652501177790 0.2792 0
1652501191138 0.3836 0
1652501204622 0.427 0
1652501217890 0.456 0
1652501231192 0.4752 0
