1645579460527 2.446352705001831 0
1645579469188 2.164944988632202 0
1645579477736 1.9218280006408692 0
1645579486293 1.699621395111084 0
1645579494920 1.5513663813591003 0
1645579503353 1.3367676422119141 0
1645579512008 1.2195429663658142 0
1645579520574 1.0770348699569703 0
1645579529171 0.9256806632995606 0
1645579537634 0.8551982667684555 0
1645579556300 2.1340913669586183 0
1645579566259 1.9951344486236573 0
1645579576276 2.055633224105835 0
1645579586419 2.0781511463165283 0
1645579596348 2.1204660957336428 0
1645579606607 2.1122262702941894 0
1645579616022 2.175272346115112 0
1645579626248 2.1934201538085936 0
1645579636266 2.2478879322052 0
1645579645579 2.2914217555999756 0
1645579665202 2.7786994506835936 0
1645579676120 2.6033163490295412 0
1645579687157 2.6422295825958253 0
1645579697412 2.7326818523406984 0
1645579707306 2.7764057342529296 0
1645579717504 2.846460097503662 0
1645579728377 2.9441502227783203 0
1645579739532 2.970843384552002 0
1645579749850 3.0533133518218993 0
1645579759378 3.050479273223877 0
1645579780976 2.9155253566741943 0
1645579793128 2.7937928836822508 0
1645579805182 2.8627825721740723 0
1645579817477 2.911546298599243 0
1645579829360 2.9620245407104493 0
1645579841656 3.0299617416381834 0
1645579854197 3.0686347358703614 0
1645579864851 3.1402184303283693 0
1645579876546 3.1723121269226073 0
1645579888311 3.2217889030456544 0
1645579910792 3.443262172317505 0
1645579923630 3.2994059715271 0
1645579936196 3.351353839111328 0
1645579949174 3.4922279571533204 0
1645579961751 3.528875794219971 0
1645579973605 3.60677905960083 0
1645579986582 3.6826825248718262 0
1645579999547 3.7296198413848876 0
1645580012122 3.7338544105529787 0
1645580025184 3.8941800170898437 0
1645580048683 3.863297827911377 0
1645580062074 3.740109369277954 0
1645580075534 3.8498119186401367 0
1645580088439 3.9374303977966307 0
1645580101774 3.9546346809387205 0
1645580113697 4.081639972686768 0
1645580126904 4.153906816864014 0
1645580140433 4.179294003295898 0
1645580152796 4.289771862411499 0
1645580166451 4.298993868255615 0
1645580190951 3.95925193939209 0
1645580204706 3.8977045433044433 0
1645580218716 4.0099681396484375 0
1645580232524 4.091670243072509 0
1645580246893 4.172282819366455 0
1645580260365 4.249433275604248 0
1645580275249 4.316462311553955 0
1645580290068 4.37618494796753 0
1645580304434 4.403281037139893 0
1645580318768 4.411636698150635 0
1645580344520 4.272387179565429 0
1645580359192 4.230241712188721 0
1645580374195 4.270812955474853 0
1645580388863 4.34419195022583 0
1645580403346 4.438997648239136 0
1645580418197 4.508232201385498 0
1645580433306 4.544195715332031 0
1645580448150 4.619668773651123 0
1645580463347 4.700546723937988 0
1645580478186 4.738887624359131 0
1645580504132 4.447215694046021 0
1645580519594 4.322394986724854 0
1645580534348 4.478237484741211 0
1645580549049 4.539182171630859 0
1645580564495 4.631451502990723 0
1645580580118 4.700813912200927 0
1645580595822 4.792101378631592 0
1645580610922 4.83025657119751 0
1645580626253 4.828452445983887 0
1645580641591 4.944488159179688 0
1645580668367 4.637975384521484 0
1645580684599 4.57019119644165 0
1645580700894 4.658280332183838 0
1645580716867 4.7463063041687015 0
1645580733776 4.8867307434082035 0
1645580750299 4.9369565292358395 0
1645580765837 4.964670044708252 0
1645580782419 5.112625665283203 0
1645580799148 5.102066025543213 0
1645580815469 5.179883795928955 0
1645580844659 4.632757595825195 0
1645580862289 4.566847595214844 0
1645580879587 4.717289808654785 0
1645580896596 4.739143862915039 0
1645580913488 4.856124037933349 0
1645580930746 4.950505396270752 0
1645580948305 5.005501577758789 0
1645580965459 4.970267258453369 0
1645580982980 5.023342400360107 0
1645581000232 5.081274429321289 0
1645581030164 4.9311534088134765 0
1645581047862 4.8907550491333005 0
1645581066095 5.021380433654786 0
1645581084546 5.137913354492188 0
1645581102356 5.225582458496094 0
1645581120643 5.25400909576416 0
1645581138431 5.31047919921875 0
1645581156828 5.385814437866211 0
1645581174717 5.525737461853027 0
1645581192450 5.546833538818359 0
1645581223419 4.941824285888672 0
1645581242166 4.915226860809327 0
1645581261234 5.0384311111450195 0
1645581280214 5.136475704956054 0
1645581299420 5.169095208740234 0
1645581318266 5.246196128845215 0
1645581337197 5.3680503402709965 0
1645581356057 5.405233950805664 0
1645581374847 5.43949554901123 0
1645581393595 5.600306052398682 0
1645581426640 5.060110547637939 0
1645581446557 5.025098266601563 0
1645581466496 5.123954960632324 0
1645581486712 5.216125759124756 0
1645581506970 5.367789150238037 0
1645581526866 5.358079906463623 0
1645581546804 5.458608625030518 0
1645581566863 5.516869649505615 0
1645581586925 5.619361555480957 0
1645581607144 5.653713369750976 0
1645581641389 5.003503440856933 0
1645581662346 5.025760272216797 0
1645581683383 5.100694540405273 0
1645581704490 5.239045780944824 0
1645581725626 5.285362173461914 0
1645581746717 5.334249936676025 0
1645581767631 5.4749795433044435 0
1645581789424 5.496425333404541 0
1645581810887 5.577624629211426 0
1645581832256 5.65735277633667 0
1645581868844 5.168083194732666 0
1645581892052 5.159439883422851 0
1645581915178 5.326678080749511 0
1645581938313 5.400821207427978 0
1645581961635 5.479111679077149 0
1645581984875 5.585347137451172 0
1645582007754 5.602777906036377 0
1645582030976 5.668159764862061 0
1645582053998 5.7309948883056645 0
1645582077238 5.8183684867858885 0
1645582116459 5.259947498321533 0
1645582140236 5.236933527374267 0
1645582164515 5.371848677062988 0
1645582188610 5.4716919273376465 0
1645582212820 5.594451768493652 0
1645582236793 5.692488003540039 0
1645582261000 5.747934564208984 0
1645582285271 5.770111183166504 0
1645582310527 5.897052559661865 0
1645582334712 5.898416500854492 0
1645582373285 5.376138606262207 0
1645582399616 5.352971688079834 0
1645582425360 5.473577632141113 0
1645582451298 5.585277238464355 0
1645582476572 5.652234538269043 0
1645582502119 5.796995751953125 0
1645582528114 5.863791323852539 0
1645582554411 5.915847169494629 0
1645582580149 5.954866556549073 0
1645582605378 5.9913187530517575 0
1645582647735 5.373669631958008 0
1645582674734 5.41486791305542 0
1645582702264 5.495544329071045 0
1645582729234 5.587268131256104 0
1645582756623 5.636582460021972 0
1645582783825 5.746856083679199 0
1645582811605 5.772534278869629 0
1645582838849 5.818553947448731 0
1645582866133 5.891436337280274 0
1645582892137 5.988423175048828 0
1645582935164 5.593105503845215 0
1645582964080 5.594331871795655 0
1645582992078 5.6483200050354005 0
1645583019376 5.789172888946533 0
1645583048390 5.866780111694336 0
1645583077494 5.910337767028809 0
1645583105318 6.045991767120361 0
1645583133660 6.100108242034912 0
1645583161400 6.186955952453613 0
1645583190529 6.183139374542236 0
