1644592360129 0.1118 0
1644592362445 0.2954 0
1644592364869 0.3372 0
1644592367321 0.4502 0
1644592369798 0.496 0
1644592372246 0.49 0
1644592374554 0.5402 0
1644592376871 0.5668 0
1644592379302 0.5862 0
1644592381663 0.6156 0
1644592384035 0.6324 0
1644592386420 0.6474 0
1644592388760 0.679 0
1644592391091 0.6944 0
1644592393464 0.7132 0
1644592395854 0.7296 0
1644592398250 0.7456 0
1644592400582 0.7596 0
1644592402869 0.7768 0
1644592405168 0.796 0
1644592408615 0.075 0
1644592411786 0.2364 0
1644592414985 0.3264 0
1644592418191 0.3796 0
1644592421294 0.4108 0
1644592424476 0.4328 0
1644592427745 0.4504 0
1644592430948 0.4708 0
1644592434193 0.4922 0
1644592437357 0.5072 0
1644592440402 0.5342 0
1644592443508 0.5522 0
1644592446652 0.567 0
1644592449771 0.5838 0
1644592452964 0.5984 0
1644592456181 0.6256 0
1644592459349 0.6278 0
1644592462442 0.6522 0
1644592465597 0.6718 0
1644592468739 0.6894 0
1644592472546 0.0564 0
1644592475701 0.2268 0
1644592478890 0.3526 0
1644592482076 0.4126 0
1644592485175 0.453 0
1644592488360 0.498 0
1644592491560 0.522 0
1644592494745 0.5322 0
1644592497920 0.5618 0
1644592501083 0.583 0
1644592504188 0.6126 0
1644592507387 0.6386 0
1644592510436 0.656 0
1644592513490 0.6716 0
1644592516565 0.6908 0
1644592519555 0.7028 0
1644592522613 0.7234 0
1644592525656 0.7362 0
1644592528730 0.7548 0
1644592531804 0.7734 0
