1644594431629 2.2514859703063963 0
1644594433857 2.0569104497909545 0
1644594436081 1.8885667922973632 0
1644594438335 1.7265129791259766 0
1644594440512 1.579365629196167 0
1644594442779 1.4466233894348144 0
1644594444998 1.3219332481384278 0
1644594447240 1.2027748613357543 0
1644594449465 1.0814059568405152 0
1644594451640 0.9768255782127381 0
1644594455554 2.271109383392334 0
1644594457493 2.1280469860076905 0
1644594459449 2.009980277633667 0
1644594461345 1.8874580793380737 0
1644594463254 1.7636343324661254 0
1644594465189 1.6539431762695314 0
1644594467110 1.5446605478286743 0
1644594469042 1.4436666904449462 0
1644594470965 1.341783346748352 0
1644594472870 1.241835001182556 0
1644594478693 2.2615203033447266 0
1644594480620 2.109148187637329 0
1644594482564 1.9728460678100586 0
1644594484515 1.8316545845031738 0
1644594486388 1.6968418325424195 0
1644594488286 1.5616032892227172 0
1644594490199 1.4352180721282959 0
1644594492107 1.3127761659622192 0
1644594494051 1.196350485610962 0
1644594495977 1.0758956813812255 0
