1653064123560 0.185 0
1653064128475 0.2782 0
1653064133528 0.3296 0
1653064138596 0.362 0
1653064143492 0.4046 0
1653064152165 0.295 0
1653064160189 0.395 0
1653064168457 0.4526 0
1653064176631 0.511 0
1653064184870 0.541 0
1653064194489 0.2878 0
1653064203382 0.419 0
1653064212164 0.4718 0
1653064220981 0.5032 0
1653064229827 0.556 0
1653064241565 0.3522 0
1653064251785 0.4746 0
1653064261724 0.5366 0
1653064272056 0.5672 0
1653064282310 0.614 0
1653064296352 0.316 0
1653064308107 0.4222 0
1653064319751 0.4608 0
1653064331619 0.5054 0
1653064343291 0.5472 0
