1652778547560 0.1762 0
1652778551899 0.3004 0
1652778556535 0.3968 0
1652778560933 0.4568 0
1652778565433 0.5136 0
1652778571192 0.2668 0
1652778576792 0.4702 0
1652778582242 0.5566 0
1652778587792 0.6316 0
1652778593498 0.6718 0
1652778599668 0.2502 0
1652778605089 0.414 0
1652778610637 0.513 0
1652778616257 0.5714 0
1652778621742 0.6346 0
1652778628196 0.3256 0
1652778633922 0.524 0
1652778639498 0.6012 0
1652778645021 0.6708 0
1652778650626 0.7216 0
1652778657410 0.344 0
1652778662861 0.4888 0
1652778668502 0.554 0
1652778673975 0.6082 0
1652778679552 0.6342 0
