1645735822504 0.2674 0
1645735830560 0.4192 0
1645735838535 0.513 0
1645735846656 0.574 0
1645735854717 0.6202 0
1645735862747 0.659 0
1645735870901 0.7076 0
1645735879014 0.7316 0
1645735887044 0.7642 0
1645735895295 0.7966 0
1645735903317 0.8246 0
1645735911342 0.85 0
1645735919434 0.878 0
1645735927592 0.89 0
1645735935571 0.9246 0
1645735943569 0.914 0
1645735951567 0.9248 0
1645735959627 0.9432 0
1645735967724 0.9388 0
1645735975815 0.9432 0
1645736034025 0.398 0
1645736092206 0.5482 0
1645736149982 0.625 0
1645736208010 0.6806 0
1645736266058 0.7344 0
1645736324095 0.7756 0
1645736382110 0.8194 0
1645736440223 0.8502 0
1645736498027 0.8836 0
1645736557277 0.9078 0
1645736616258 0.9284 0
1645736674334 0.9308 0
1645736732234 0.9424 0
1645736790298 0.9436 0
1645736848615 0.948 0
1645736906878 0.9484 0
1645736964836 0.9594 0
1645737022855 0.9544 0
1645737080979 0.9708 0
1645737139359 0.9694 0
1645737197282 0.4536 0
1645737254889 0.6284 0
1645737312185 0.7116 0
1645737369178 0.7538 0
1645737426758 0.8024 0
1645737483526 0.8548 0
1645737541002 0.8752 0
1645737597866 0.899 0
1645737655121 0.933 0
1645737712424 0.937 0
1645737769315 0.9394 0
1645737826480 0.9544 0
1645737883758 0.9606 0
1645737941008 0.9608 0
1645737998183 0.9656 0
1645738055168 0.9634 0
1645738112474 0.9684 0
1645738169728 0.9674 0
1645738226750 0.9716 0
1645738283555 0.9636 0
