1654829905400 0.7492269447644455 0
1654829929070 0.945188868004608 0
1654829952991 0.9627720851270236 0
1654829976030 0.9722912750864003 0
1654829999647 0.9777481355726672 0
1654830024302 0.9811435154307888 0
1654830047196 0.9839932092402838 0
1654830070649 0.9853271084702601 0
1654830093228 0.9853271084702601 0
1654830116899 0.988176802279755 0
1654830140951 0.9881161704965743 0
1654830164271 0.988419329412478 0
1654830187580 0.9877523797974899 0
1654830212092 0.9898744922088158 0
1654830236012 0.991511550354696 0
1654830260405 0.9878736433638513 0
1654830283970 0.9913296550051537 0
1654830308150 0.9906020736069848 0
1654830331288 0.9913296550051537 0
1654830355211 0.9918147092705997 0
1654830379279 0.9923603953192264 0
1654830402902 0.9906020736069848 0
1654830427270 0.9930273449342145 0
1654830450898 0.9930879767173952 0
1654830474744 0.9916934457042381 0
1654830498852 0.9921178681865034 0
1654830523175 0.9935123991996605 0
1654830546647 0.9913902867883344 0
1654830571381 0.9927241860183108 0
1654830595247 0.9934517674164797 0
1654830618925 0.9924816588855878 0
1654830643003 0.9935123991996605 0
1654830667201 0.9929667131510338 0
1654830691179 0.9928454495846722 0
1654830715766 0.9943006123810101 0
1654830739364 0.9926029224519494 0
1654830763492 0.9964227247923362 0
1654830787689 0.9918147092705997 0
1654830811965 0.9946037712969138 0
1654830834826 0.9938761898987449 0
1654830858531 0.9944218759473716 0
1654830882215 0.9926029224519494 0
1654830906334 0.9926029224519494 0
1654830930012 0.9940580852482872 0
1654830954355 0.9961801976596132 0
1654830977684 0.9924816588855878 0
1654831000793 0.9935730309828412 0
1654831024322 0.9946037712969138 0
1654831046887 0.9946037712969138 0
1654831071340 0.9944825077305524 0
1654831100806 0.8015887453762658 0
1654831117155 0.932326723667455 0
1654831133498 0.9536716997149961 0
1654831149595 0.9617367048693226 0
1654831166124 0.9713176884361167 0
1654831182418 0.9756837062640228 0
1654831198641 0.976835849857498 0
1654831214690 0.980231641501425 0
1654831231165 0.9815050633678977 0
1654831247356 0.9835667940088533 0
1654831263823 0.9827784852343703 0
1654831280233 0.9826572069613728 0
1654831296168 0.9830210417803651 0
1654831312433 0.9861742768782973 0
1654831328718 0.9851434115578194 0
1654831344681 0.9872657813352738 0
1654831360686 0.9854466072403129 0
1654831376646 0.9864774725607908 0
1654831392701 0.9871445030622764 0
1654831409278 0.988599842338245 0
1654831425615 0.9885392032017464 0
1654831441502 0.9867806682432843 0
1654831457668 0.990419016433206 0
1654831473785 0.9872051421987751 0
1654831490374 0.9910860469346916 0
1654831506642 0.989206233703232 0
1654831522557 0.989630707658723 0
1654831538686 0.989630707658723 0
1654831554827 0.9877508944272634 0
1654831571035 0.9908434903886969 0
1654831587176 0.9878721727002607 0
1654831603541 0.9922988296646655 0
1654831619871 0.9893881511127282 0
1654831640142 0.9892668728397308 0
1654831655983 0.9912073252076891 0
1654831671762 0.9917530774361774 0
1654831687748 0.990419016433206 0
1654831703310 0.9891455945667333 0
1654831719118 0.989206233703232 0
1654831734710 0.9901158207507125 0
1654831750492 0.9909041295251956 0
1654831766375 0.9900551816142138 0
1654831781999 0.9914498817536839 0
1654831798068 0.9895094293857255 0
1654831814054 0.9923594688011643 0
1654831830146 0.9905402947062034 0
1654831845711 0.9904796555697047 0
1654831861580 0.9927839427566552 0
1654831877229 0.9912679643441877 0
1654831892879 0.9901764598872113 0
1654831934481 0.8468534012368134 0
1654831950079 0.9411301079180308 0
1654831966108 0.9614405238268461 0
1654831982239 0.9733842609433734 0
1654831997674 0.9730204923002304 0
1654832013644 0.9786589062689462 0
1654832029512 0.981205286770947 0
1654832045239 0.9849036013095671 0
1654832061207 0.9842366921304717 0
1654832076495 0.9859342791318055 0
1654832092483 0.9872074693828059 0
1654832108617 0.9869043288468534 0
1654832124366 0.9859342791318055 0
1654832140021 0.9878137504547108 0
1654832155871 0.9893900812416636 0
1654832171757 0.9898751060991876 0
1654832187708 0.9886625439553777 0
1654832202942 0.9888444282769492 0
1654832219115 0.9897538498848066 0
1654832235136 0.990420759063902 0
1654832251078 0.990542015278283 0
1654832266955 0.9897538498848066 0
1654832282832 0.9909664120286165 0
1654832298885 0.9899963623135686 0
1654832315006 0.9917545774220928 0
1654832330765 0.9896325936704257 0
1654832346420 0.9923608584939978 0
1654832361942 0.9917545774220928 0
1654832377821 0.9916333212077119 0
1654832393419 0.9917545774220928 0
1654832409409 0.9923002303868074 0
1654832425445 0.9901782466351401 0
1654832441144 0.9934521644234267 0
1654832457225 0.991027040135807 0
1654832473254 0.9896325936704257 0
1654832489308 0.9938765611737601 0
1654832505356 0.9921789741724263 0
1654832520947 0.9901782466351401 0
1654832536732 0.9936946768521887 0
1654832552289 0.9927852552443313 0
1654832568384 0.9907238995998545 0
1654832584083 0.9917545774220928 0
1654832599716 0.9922396022796168 0
1654832615594 0.9923608584939978 0
1654832631236 0.9938159330665697 0
1654832647234 0.9916333212077119 0
1654832663340 0.9924821147083788 0
1654832678997 0.9932702801018553 0
1654832694784 0.9929671395659028 0
1654832710947 0.9936946768521887 0
1654832766723 0.756155245603396 0
1654832782530 0.8923590054578533 0
1654832798455 0.9375379017586416 0
1654832814323 0.9528198908429351 0
1654832830366 0.9614918132201334 0
1654832846510 0.9674348089751365 0
1654832862243 0.9685870224378411 0
1654832878059 0.9742268041237113 0
1654832894268 0.9770163735597331 0
1654832909963 0.9773802304426925 0
1654832925374 0.9797453001819284 0
1654832941260 0.9782292298362644 0
1654832957177 0.9814432989690721 0
1654832972983 0.9794420861127956 0
1654832988856 0.9817465130382049 0
1654833004817 0.9819284414796846 0
1654833020867 0.9841722255912674 0
1654833036728 0.9829593693147362 0
1654833052711 0.9825348696179502 0
1654833068924 0.9850818677986659 0
1654833084897 0.9845967252880534 0
1654833100740 0.9845967252880534 0
1654833116903 0.9852637962401456 0
1654833132792 0.9859308671922378 0
1654833148193 0.9842328684050939 0
1654833164251 0.9849605821710128 0
1654833180036 0.988659793814433 0
1654833195344 0.9843541540327471 0
1654833211169 0.9883565797453002 0
1654833227047 0.9867192237719831 0
1654833243335 0.988659793814433 0
1654833259155 0.9858702243784112 0
1654833274748 0.9885991510006065 0
1654833290809 0.9864160097028503 0
1654833306715 0.9880533656761674 0
1654833322627 0.9877501516070346 0
1654833338684 0.987143723468769 0
1654833354860 0.9882959369314737 0
1654833370902 0.9879927228623409 0
1654833386814 0.9894481503941783 0
1654833402242 0.9881746513038205 0
1654833418277 0.9883565797453002 0
1654833433819 0.9869011522134628 0
1654833449960 0.9873256519102487 0
1654833465541 0.988659793814433 0
1654833481530 0.9885385081867799 0
1654833497354 0.9880533656761674 0
1654833513623 0.9870830806549424 0
1654833529284 0.9887810794420862 0
1654833545068 0.9895694360218315 0
1654833613795 0.7930009704027171 0
1654833629946 0.9257035419699176 0
1654833645354 0.9558466763706939 0
1654833661440 0.9614871421639981 0
1654833677395 0.9731926249393499 0
1654833693436 0.9720402717127608 0
1654833709155 0.9781052886948084 0
1654833725036 0.9799854439592431 0
1654833741002 0.9797428432799612 0
1654833756898 0.9799854439592431 0
1654833773106 0.9841703056768559 0
1654833789190 0.9824721009218825 0
1654833804425 0.9846555070354197 0
1654833820298 0.986353711790393 0
1654833836416 0.9870208636584182 0
1654833852556 0.9865963124696749 0
1654833868705 0.9884764677341097 0
1654833884801 0.9845948568655992 0
1654833900461 0.9882945172246482 0
1654833916684 0.9857472100921882 0
1654833932576 0.9871421639980592 0
1654833948409 0.986232411450752 0
1654833964379 0.9901140223192625 0
1654833980582 0.987627365356623 0
1654833996282 0.9869602134885977 0
1654834012258 0.988779718583212 0
1654834028003 0.9890829694323144 0
1654834043838 0.9881732168850073 0
1654834059853 0.9884764677341097 0
1654834075627 0.9903566229985444 0
1654834091885 0.9890829694323144 0
1654834107625 0.988658418243571 0
1654834123408 0.9893862202814168 0
1654834139385 0.9901140223192625 0
1654834155281 0.990295972828724 0
1654834170980 0.9905992236778263 0
1654834186612 0.9915089762251335 0
1654834202532 0.9906598738476468 0
1654834218683 0.9894468704512372 0
1654834234800 0.9907205240174672 0
1654834250274 0.987748665696264 0
1654834266219 0.9905385735080058 0
1654834281995 0.9942988840368753 0
1654834297996 0.988658418243571 0
1654834314137 0.9922974284327997 0
1654834329744 0.9910237748665697 0
1654834345809 0.9922367782629792 0
1654834361955 0.9908418243571082 0
1654834378257 0.9920548277535177 0
1654834393764 0.9901140223192625 0
