1651823204511 1.7209026834487915 0
1651823207529 1.3033337776184082 0
1651823210537 1.2082751317024232 0
1651823213486 1.0889819318771363 0
1651823216464 0.8494157055735588 0
1651823219548 0.8188195615768432 0
1651823222578 0.7241550251007081 0
1651823225503 0.7212981783866882 0
1651823228479 0.5844745094776154 0
1651823231434 0.47803514466285707 0
1651823234586 0.4485166955471039 0
1651823237719 0.4520845009803772 0
1651823240741 0.3994716860294342 0
1651823243706 0.29606821653842924 0
1651823246695 0.2692371189117432 0
1651823249627 0.2840908922195435 0
1651823252726 0.2478419488042593 0
1651823255715 0.18094739973545074 0
1651823258679 0.11193308254480362 0
1651823261705 0.12456891843080521 0
1651823264712 0.11131428324580192 0
1651823267708 0.11991762336790562 0
1651823270695 0.11123098445236683 0
1651823273673 0.0741591829854995 0
1651823276740 0.07003208395540714 0
1651823279655 0.07300417254567146 0
1651823282607 0.07988441884368658 0
1651823285594 0.07709115699026733 0
1651823288630 0.06496110579669476 0
1651823291594 0.1870093014419079 0
1651823294574 0.09735937662664801 0
1651823297586 0.05470415946468711 0
1651823300566 0.04514819705337286 0
1651823303531 0.030546453933417796 0
1651823306547 0.02455962027674541 0
1651823309581 0.04161139248907566 0
1651823312618 0.054749296306818726 0
1651823315704 0.05095653431043029 0
1651823318621 0.1188704134902684 0
1651823321610 0.07887680554389953 0
1651823324651 0.03604005742520094 0
1651823327652 0.04387050880976021 0
1651823330714 0.029034569410432597 0
1651823333689 0.03221247279793024 0
1651823336677 0.01666280817948282 0
1651823339629 0.014833471166528762 0
1651823342612 0.015602858909178757 0
1651823345477 0.01072420052587986 0
1651823348509 0.007702792047243565 0
1651823351552 0.005189049177942798 0
1651823357620 1.0758362357616424 0
1651823361150 0.6154482599258423 0
1651823364595 0.4800233919620514 0
1651823367859 0.36311957553625107 0
1651823371344 0.2993130186080933 0
1651823374695 0.2854680901288986 0
1651823378115 0.23519747178554534 0
1651823381424 0.1630069622516632 0
1651823384804 0.1964525639474392 0
1651823388230 0.1316521921634674 0
1651823391904 0.19896051322817804 0
1651823395196 0.10874432206749916 0
1651823398528 0.09786819815039635 0
1651823401837 0.08346229884624481 0
1651823405179 0.07340677094459534 0
1651823408651 0.0781136882662773 0
1651823412058 0.08963673718571663 0
1651823415435 0.07738219305276871 0
1651823418875 0.06918554486632347 0
1651823422175 0.06497659450173378 0
1651823425527 0.0555404736161232 0
1651823428988 0.06494613789319992 0
1651823432385 0.06175717470645904 0
1651823435823 0.0694036066710949 0
1651823439356 0.06880927164554596 0
1651823442833 0.06924570956230164 0
1651823446123 0.07252660883069038 0
1651823449525 0.07857090811133385 0
1651823452904 0.07164009900093078 0
1651823456358 0.06134689450263977 0
1651823459691 0.06365670849084853 0
1651823463096 0.059010165321826936 0
1651823466552 0.05345091117620468 0
1651823469886 0.05163018340468407 0
1651823473216 0.05007059569358826 0
1651823476489 0.13016328333616256 0
1651823480038 0.09481329486966134 0
1651823483420 0.07578491802215576 0
1651823486697 0.06738491042852401 0
1651823489947 0.07449047013521194 0
1651823493184 0.06751947160959244 0
1651823496521 0.07432413411736488 0
1651823499830 0.059062250578403475 0
1651823503254 0.05529588111042976 0
1651823506678 0.05473824527263641 0
1651823510093 0.054755209296941755 0
1651823513438 0.0551485740840435 0
1651823516762 0.05337608719468117 0
1651823520254 0.06237736576795578 0
1651823523502 0.05438440727591515 0
1651823530333 1.4369452415466308 0
1651823534146 0.9587934490203858 0
1651823537842 0.8107076829910278 0
1651823541640 0.6861049273490906 0
1651823545290 0.6400090203285217 0
1651823548879 0.5280942114830017 0
1651823552718 0.5303342193603515 0
1651823556406 0.4421862592458725 0
1651823560216 0.3881877021789551 0
1651823563941 0.4274423707962036 0
1651823567721 0.3519123616218567 0
1651823571474 0.38051953830718993 0
1651823575041 0.5185024918556214 0
1651823578650 0.45177760734558103 0
1651823582374 0.40797795739173887 0
1651823585996 0.3571909423828125 0
1651823589913 0.3182802700996399 0
1651823593675 0.3148883532524109 0
1651823597453 0.31741657900810244 0
1651823601132 0.3088176311731339 0
1651823604808 0.29362199363708497 0
1651823608436 0.29103383615016937 0
1651823612142 0.2780533259391785 0
1651823616026 0.3476627205848694 0
1651823619664 0.2773289786338806 0
1651823623315 0.2974832377433777 0
1651823627162 0.29590994453430175 0
1651823630848 0.2906684625148773 0
1651823634436 0.29679288802146914 0
1651823638039 0.33515326461791994 0
1651823641619 0.31910011677742006 0
1651823645313 0.36590267391204834 0
1651823648962 0.5247372483253478 0
1651823652633 0.4404975099563599 0
1651823656207 0.5018652019500732 0
1651823659903 0.39568264093399047 0
1651823663572 0.36443655500411987 0
1651823667385 0.3298674932003021 0
1651823671059 0.3026822855949402 0
1651823674929 0.28634745364189146 0
1651823678615 0.3196034607887268 0
1651823682348 0.28301344096660613 0
1651823686259 0.2694229061126709 0
1651823689921 0.26450869641304015 0
1651823693749 0.27593319425582885 0
1651823697374 0.3051370623588562 0
1651823701140 0.29088987185955045 0
1651823704615 0.27722233798503876 0
1651823708395 0.292642036986351 0
1651823712172 0.31452678718566895 0
1651823719359 1.3013156074523926 0
1651823723411 1.1936145692825317 0
1651823727386 0.9498989170074463 0
1651823731442 0.8664423690795898 0
1651823735453 0.7893207145690918 0
1651823739363 0.7214569686889648 0
1651823743393 0.8102662526607514 0
1651823747387 0.708768988084793 0
1651823751396 0.6410025608062744 0
1651823755347 0.7814980905532837 0
1651823759443 0.7435156574249268 0
1651823763543 0.9122669174194336 0
1651823767647 0.9679774869918824 0
1651823771547 0.703054900932312 0
1651823775564 0.6534520204544068 0
1651823779553 0.6042292944908142 0
1651823783589 0.6476445846557617 0
1651823787551 0.6871114602088928 0
1651823791590 0.7500813732147217 0
1651823795609 0.9448265069007874 0
1651823799693 0.7878382793426514 0
1651823803734 0.724902444934845 0
1651823807825 0.6651518558502197 0
1651823811873 0.8373724515914917 0
1651823815917 0.801777658367157 0
1651823819983 0.7774180686950684 0
1651823824173 0.7264808004379273 0
1651823828000 0.9366616706848144 0
1651823832050 0.9394334275245666 0
1651823836200 0.8205576141357422 0
1651823840203 0.7271956252098084 0
1651823844170 0.6971326680183411 0
1651823848077 0.6399029816627503 0
1651823852023 0.6044210163116455 0
1651823855953 0.6223284896850586 0
1651823859885 0.6649334475517273 0
1651823863753 0.6758002193450928 0
1651823867859 0.7005962354660035 0
1651823871960 0.697041987991333 0
1651823876019 0.7131801193237305 0
1651823879868 0.794222137928009 0
1651823883841 0.6867213138580323 0
1651823887874 0.6509520162582397 0
1651823891917 0.6291124008178711 0
1651823895928 0.5948340263366699 0
1651823900040 0.8412188884735108 0
1651823904070 0.7977087356567383 0
1651823908034 0.8678881998062133 0
1651823911904 0.7690549857139587 0
1651823915908 0.7166664805412293 0
1651823923826 1.9600887538909912 0
1651823928052 1.5429233182907105 0
1651823932263 1.3531928062438965 0
1651823936372 1.3463452386856078 0
1651823940589 1.3090814253807068 0
1651823944725 1.1664432437896728 0
1651823948975 1.2236339281082154 0
1651823953077 1.220521682357788 0
1651823957190 1.3428560960769653 0
1651823961509 1.2748636178970336 0
1651823965767 1.250342936706543 0
1651823970090 1.2573728853225707 0
1651823974429 1.3460066984176635 0
1651823978578 1.2342894681930543 0
1651823982760 1.2188373241424562 0
1651823986960 1.1703354490280151 0
1651823991131 1.1266384159088134 0
1651823995384 1.117519433116913 0
1651823999442 1.2215737659454347 0
1651824003575 1.140389356136322 0
1651824007815 1.1331605624198913 0
1651824012004 1.1247806589126588 0
1651824016213 1.275246047592163 0
1651824020527 1.6954096935272216 0
1651824024753 1.554283415222168 0
1651824029007 1.4567569980621338 0
1651824033027 1.3153883626937866 0
1651824037285 1.15535764503479 0
1651824041505 1.1090536457061768 0
1651824045542 1.171374390602112 0
1651824049640 1.3983951675415038 0
1651824053790 1.267827477645874 0
1651824057837 1.1456861589431764 0
1651824062062 1.1599742593765259 0
1651824066126 1.0914571771621704 0
1651824070299 1.105807826423645 0
1651824074516 1.0931989917755127 0
1651824078710 1.1449204416275025 0
1651824082925 1.218096501159668 0
1651824087164 1.22401568775177 0
1651824091361 1.1904898607254029 0
1651824095451 1.218602735710144 0
1651824099710 1.2875612833023071 0
1651824104033 1.2115154739379883 0
1651824108350 1.2001585758209228 0
1651824112650 1.6685341831207274 0
1651824117095 1.4709958967208863 0
1651824121280 1.3021502855300904 0
1651824125253 1.2562692459106446 0
1651824129379 1.2583091344833375 0
1651824137436 2.2230201906204226 0
1651824141794 1.9164094081878662 0
1651824146143 1.7029458362579346 0
1651824150609 1.6255323852539063 0
1651824155125 1.6328448577880859 0
1651824159560 1.6442239740371705 0
1651824163784 1.528896872138977 0
1651824168065 1.4704887928009034 0
1651824172457 1.5051556938171387 0
1651824176802 1.6078162216186525 0
1651824181157 1.6100595783233642 0
1651824185574 1.5802696495056152 0
1651824189862 1.5317696350097656 0
1651824194122 1.4919101026535033 0
1651824198552 1.602330104446411 0
1651824202896 1.9154750385284425 0
1651824207189 1.8120284574508667 0
1651824211512 1.6193736812591553 0
1651824215860 1.5537519525527954 0
1651824220060 1.555762427330017 0
1651824224254 1.5544904964447022 0
1651824228752 1.9478933629989623 0
1651824233247 1.702359097290039 0
1651824237634 1.5724577367782593 0
1651824241951 1.4715801963806152 0
1651824246337 1.459592462158203 0
1651824250680 1.5333705739974977 0
1651824254860 1.4626185974121093 0
1651824259276 1.51910697517395 0
1651824263636 1.7173778636932373 0
1651824268224 1.8473420597076415 0
1651824272652 1.6613976306915283 0
1651824277035 1.6747426273345947 0
1651824281359 1.6138664218902588 0
1651824285929 1.6129025747299195 0
1651824290451 1.5625275817871094 0
1651824294908 1.9051462131500243 0
1651824299258 1.909408871078491 0
1651824303840 1.8325432960510253 0
1651824308292 2.3807978660583498 0
1651824312616 2.411319111251831 0
1651824316937 2.0892305322647093 0
1651824321342 1.801190288734436 0
1651824325719 1.6004394002914428 0
1651824330127 1.5813797542572021 0
1651824334582 1.6152353433609008 0
1651824339005 1.5703010524749756 0
1651824343331 1.6089566837310791 0
1651824347773 1.7970878173828124 0
1651824351944 1.768486219406128 0
1651824360603 2.716958219909668 0
1651824365108 2.14910498008728 0
1651824369585 2.0914226066589356 0
1651824374076 2.065862424659729 0
1651824378653 1.9965130712509156 0
1651824383187 1.9000786424636842 0
1651824387838 1.8580669902801514 0
1651824392507 2.004216855621338 0
1651824397021 2.01895912361145 0
1651824401733 2.0246337572097777 0
1651824406352 2.050546025657654 0
1651824410894 2.0309553466796877 0
1651824415341 2.137911703491211 0
1651824419894 2.1245033988952637 0
1651824424616 2.2900558250427245 0
1651824429092 2.583267282104492 0
1651824433547 2.2558953468322755 0
1651824438086 2.3277040592193603 0
1651824442678 2.218841930961609 0
1651824447099 2.1051416896820068 0
1651824451752 2.1793025260925294 0
1651824456292 2.0757621761322023 0
1651824460856 2.3853737045288086 0
1651824465435 2.5099080520629884 0
1651824469869 2.5598585571289063 0
1651824474534 2.3354978086471556 0
1651824479253 2.1040846965789797 0
1651824483813 2.0673631649017334 0
1651824488132 2.3099502498626707 0
1651824492774 2.3520205741882325 0
1651824497293 2.1493688079833984 0
1651824501872 2.297976388168335 0
1651824506576 2.070489977836609 0
1651824511221 2.0801413677215574 0
1651824515761 2.0499492656707763 0
1651824520090 2.2649092571258547 0
1651824524749 2.382063438796997 0
1651824529385 2.389611653137207 0
1651824534075 2.6589133911132814 0
1651824538535 2.9749194190979003 0
1651824543109 2.907288515472412 0
1651824547817 2.7424470623016357 0
1651824552368 2.4762099113464355 0
1651824556981 3.1594791610717774 0
1651824561649 2.6110663528442384 0
1651824566504 2.4026306678771974 0
1651824571354 2.3249535415649416 0
1651824575992 2.7731729290008547 0
1651824580813 2.836163829803467 0
1651824585550 2.7016474056243895 0
1651824594549 3.2182093803405762 0
1651824599263 2.688839382171631 0
1651824604109 2.56582766456604 0
1651824608885 2.4521380870819094 0
1651824613733 2.4793019538879393 0
1651824618478 2.4956845050811767 0
1651824623259 2.435531094741821 0
1651824628101 2.3282122425079343 0
1651824632799 2.4326673290252687 0
1651824637663 2.551697129821777 0
1651824642422 2.5197772819519044 0
1651824647271 2.509721654510498 0
1651824652032 2.675488402557373 0
1651824656600 2.5732499183654785 0
1651824661343 2.6022579051971437 0
1651824666173 2.744645668029785 0
1651824671037 2.856880862426758 0
1651824675686 2.795292799758911 0
1651824680543 2.8136656852722166 0
1651824685344 2.848680237579346 0
1651824690046 3.0223585433959963 0
1651824694870 2.7505261161804198 0
1651824699607 2.6094379402160643 0
1651824704324 2.750577136230469 0
1651824709390 2.918320065689087 0
1651824714156 2.613692422103882 0
1651824719168 2.7280006145477294 0
1651824724012 3.0995520278930666 0
1651824728946 3.164415159225464 0
1651824733553 2.966399089050293 0
1651824738288 2.76433761177063 0
1651824743130 2.625318165206909 0
1651824747608 2.5276785953521728 0
1651824752241 2.587176300430298 0
1651824757048 2.6697557991027834 0
1651824761899 3.182637399291992 0
1651824766700 3.022252145385742 0
1651824771501 2.92439811706543 0
1651824776293 2.9927575538635254 0
1651824780839 3.0225830310821533 0
1651824785601 3.158357960128784 0
1651824790509 3.0524860858917235 0
1651824795330 3.112739527130127 0
1651824800049 3.136405401611328 0
1651824804812 3.228540287399292 0
1651824809562 3.0172213497161864 0
1651824814331 3.1921886402130126 0
1651824818991 2.9764162475585936 0
1651824823745 3.1324989852905274 0
1651824828919 2.980833541107178 0
1651824838302 3.860678602600098 0
1651824843430 3.265015446472168 0
1651824848269 3.298930051422119 0
1651824853206 3.3473232139587403 0
1651824858285 3.338668450164795 0
1651824863432 3.213681656265259 0
1651824868561 3.3348054107666014 0
1651824873721 3.333913776016235 0
1651824878838 3.3301414596557617 0
1651824883813 3.584538917541504 0
1651824888873 3.4028078178405763 0
1651824893704 3.320198112487793 0
1651824898756 3.548848902130127 0
1651824903704 3.416205280685425 0
1651824908536 3.438926959991455 0
1651824913569 3.684185744476318 0
1651824918481 3.8540143436431884 0
1651824923584 3.7465086292266845 0
1651824928567 3.682689725494385 0
1651824933578 3.9483816623687744 0
1651824938513 3.688908221435547 0
1651824943507 4.001593855667115 0
1651824948659 4.100620637512207 0
1651824953427 4.17719022026062 0
1651824958363 3.8319107681274414 0
1651824963355 4.045956956481934 0
1651824968593 3.9930586875915526 0
1651824973684 3.947531031799316 0
1651824978736 4.480545687866211 0
1651824983664 4.3382889305114745 0
1651824988822 3.9202294036865233 0
1651824993785 3.96459878616333 0
1651824998773 3.9228125900268553 0
1651825003759 4.145669733428955 0
1651825008769 4.647114476013184 0
1651825013475 4.376602094268799 0
1651825018411 4.450824659347534 0
1651825023559 4.3133841934204105 0
1651825028320 4.280701321411133 0
1651825033222 4.4615786880493165 0
1651825038133 4.319263856506348 0
1651825043223 4.46306254196167 0
1651825048200 5.294654656982422 0
1651825053113 4.720170635986328 0
1651825058107 4.56080964050293 0
1651825063179 4.430302462768554 0
1651825068194 4.555803626251221 0
1651825073277 4.311878206634521 0
1651825078350 4.415586782073975 0
1651825083420 4.71370714187622 0
1651825093508 4.486795149993896 0
1651825098513 3.5940464962005616 0
1651825103540 3.4285804069519044 0
1651825108768 3.397400263214111 0
1651825113993 3.4501324241638183 0
1651825119097 3.536064277267456 0
1651825124319 3.5534741786956787 0
1651825129634 3.4366125328063966 0
1651825134895 3.418913805770874 0
1651825140163 3.3552472190856935 0
1651825145358 3.650923302459717 0
1651825150619 3.5247791637420653 0
1651825155820 3.525415488433838 0
1651825161171 3.528685844421387 0
1651825166595 3.570949086380005 0
1651825171853 3.5053966667175294 0
1651825177305 3.722774502182007 0
1651825182891 3.633961822128296 0
1651825188467 3.626111471939087 0
1651825193784 3.660894186782837 0
1651825199080 3.6142450202941894 0
1651825204557 3.942510866546631 0
1651825209838 3.823647883605957 0
1651825215155 3.830717810058594 0
1651825220478 3.6081359241485598 0
1651825225920 3.6181192794799806 0
1651825231223 3.7564119865417482 0
1651825236850 3.4976686096191405 0
1651825242429 3.574910520172119 0
1651825247824 3.8406301513671877 0
1651825253247 3.9527133113861086 0
1651825258512 3.9622988494873046 0
1651825263829 3.7851549968719485 0
1651825269108 3.7668893154144287 0
1651825274288 3.710620325088501 0
1651825279293 3.75556483001709 0
1651825284639 3.9354796367645264 0
1651825289926 3.8876667091369628 0
1651825295133 3.8800934368133544 0
1651825300400 3.8618044158935545 0
1651825305728 4.203860857391358 0
1651825310769 4.203126226043701 0
1651825315920 3.9196609477996827 0
1651825321320 3.7901552680969237 0
1651825326479 4.358661404418945 0
1651825331707 4.298675673675537 0
1651825336923 4.079725017547608 0
1651825342270 4.128956763839722 0
1651825347586 4.074006747055054 0
1651825352809 3.9631960525512695 0
1651825363495 4.761850128173828 0
1651825369038 4.246546329498291 0
1651825374549 4.203609857177734 0
1651825379976 4.1623447967529295 0
1651825385602 4.151028206634521 0
1651825391159 4.144594680786133 0
1651825396686 4.211874519348145 0
1651825402204 4.379563850402832 0
1651825407767 4.319294068145752 0
1651825413266 4.408586044311523 0
1651825418714 4.649616372680664 0
1651825424045 4.8975300666809085 0
1651825429589 4.554436910247802 0
1651825435044 4.7518780822753905 0
1651825440593 5.2748498992919925 0
1651825446056 5.130255728149414 0
1651825451611 4.929627372741699 0
1651825457352 5.049989228820801 0
1651825462857 4.908540624237061 0
1651825468299 5.283570697021484 0
1651825473886 5.318533529663086 0
1651825479437 5.737568824005127 0
1651825485010 5.070144686889648 0
1651825490581 4.957505316925049 0
1651825495819 5.266965767669678 0
1651825501402 5.001311103820801 0
1651825506849 5.33262445602417 0
1651825512401 5.3318978515625 0
1651825517730 5.418163119506836 0
1651825523245 5.833019565582275 0
1651825528639 5.695486568450928 0
1651825534043 5.178849816894531 0
1651825539609 5.8250956199646 0
1651825545076 5.529180693054199 0
1651825550684 5.379702585601807 0
1651825556232 5.133542398834228 0
1651825562006 5.277810301971436 0
1651825567713 5.413848728942871 0
1651825573409 5.2446848571777345 0
1651825578881 5.5168831939697265 0
1651825584510 5.41788733215332 0
1651825589976 5.25598832321167 0
1651825595484 5.442918906402588 0
1651825601065 6.016773685455322 0
1651825606563 5.333681594848633 0
1651825612050 5.59683279876709 0
1651825617550 5.4479449920654295 0
1651825623132 5.927149913024902 0
1651825628353 5.978852610778809 0
1651825633732 5.7078670989990234 0
1651825645124 5.1351585189819335 0
1651825651100 4.177467629241943 0
1651825656999 4.1031056427001955 0
1651825662708 4.043625484466553 0
1651825668480 4.1002295806884765 0
1651825674057 4.025354462432861 0
1651825680052 4.053788446426392 0
1651825685910 4.0923399848937985 0
1651825691904 4.166630776977539 0
1651825697853 4.091927643585205 0
1651825703673 4.094560697937012 0
1651825709423 4.1162940181732175 0
1651825715265 4.072192144393921 0
1651825720835 4.133220299530029 0
1651825726645 4.300235174560547 0
1651825732569 4.219622244262696 0
1651825738541 4.171251325988769 0
1651825744423 4.22556583480835 0
1651825750159 4.489945406341553 0
1651825755936 4.162295304107666 0
1651825761958 4.6842790023803715 0
1651825767644 4.855080071258545 0
1651825773505 4.649596415710449 0
1651825779103 4.258328707122803 0
1651825784924 4.335409495544433 0
1651825790631 4.342252330017089 0
1651825796354 4.611723742675781 0
1651825802046 4.804859231567383 0
1651825807965 4.641734928131103 0
1651825813802 4.544950420379639 0
1651825819734 4.40339556350708 0
1651825825382 4.614409043884278 0
1651825831432 4.917719846343994 0
1651825837398 4.45178017501831 0
1651825843113 4.39219898223877 0
1651825848926 4.796335106658936 0
1651825854590 4.7650112014770505 0
1651825860536 4.382648763275147 0
1651825866627 4.61994748916626 0
1651825872430 4.38973083190918 0
1651825878262 4.895930627441406 0
1651825884062 4.779908078002929 0
1651825890065 4.735726174926758 0
1651825896026 5.001337060546875 0
1651825901734 4.617740596008301 0
1651825907460 4.666165581512451 0
1651825913331 4.5242237258911135 0
1651825919236 4.493458389282226 0
1651825925080 5.091317352294922 0
1651825931124 4.787024105834961 0
1651825942649 5.270036292266846 0
1651825948899 4.627634471130371 0
1651825955089 4.573514544677734 0
1651825961460 4.61006033706665 0
1651825967508 4.543022497558594 0
1651825973552 4.536877122497558 0
1651825979794 4.733809536743164 0
1651825986082 4.784859378051758 0
1651825992332 4.795975916290283 0
1651825998453 5.061206415557861 0
1651826004637 5.11795855178833 0
1651826010664 5.395372334289551 0
1651826016782 5.241247142791748 0
1651826023159 5.3378423362731935 0
1651826029859 5.063660623168945 0
1651826036089 5.031791934967041 0
1651826042400 5.265259143066406 0
1651826048917 5.155795175170899 0
1651826055538 5.312900704956054 0
1651826062059 5.235883915710449 0
1651826068331 5.344076251983642 0
1651826074573 6.494521056365967 0
1651826080965 5.928148068237305 0
1651826087386 5.500187875366211 0
1651826093775 6.163485928344727 0
1651826100186 5.796129257965088 0
1651826106432 5.382376237487793 0
1651826112951 5.81291474609375 0
1651826119301 5.911045230865478 0
1651826125383 5.536102149200439 0
1651826131634 5.7397471565246585 0
1651826137781 6.5087756950378415 0
1651826143925 6.300381302642823 0
1651826150069 6.106100099182129 0
1651826156083 5.652815171051025 0
1651826162315 5.587545848846435 0
1651826168363 5.673931183624267 0
1651826174495 5.833552220153809 0
1651826180559 5.797131912994384 0
1651826186664 6.3142620452880855 0
1651826193016 5.807293129730224 0
1651826199200 6.57204627532959 0
1651826205275 6.534245338439941 0
1651826211562 6.1982038154602055 0
1651826217743 6.138955628204346 0
1651826223848 5.911546630859375 0
1651826230013 5.855530146789551 0
1651826236293 5.928469941711426 0
1651826242857 6.377144258117676 0
1651826249256 6.006488295745849 0
1651826261755 5.936157901000977 0
1651826268239 5.265000544738769 0
1651826274768 5.1282390632629395 0
1651826281353 5.339188891601562 0
1651826288045 5.338314373779297 0
1651826294743 5.423078337860107 0
1651826301252 5.49508480834961 0
1651826307869 5.6894591003417965 0
1651826314428 5.490434459686279 0
1651826320951 5.812111645507812 0
1651826327675 5.973234713745117 0
1651826334139 5.65468205871582 0
1651826340895 5.576856140899658 0
1651826347445 5.7600124671936035 0
1651826354001 5.836664347076416 0
1651826360452 6.082535401916504 0
1651826366940 6.301414482116699 0
1651826373673 5.975422132873535 0
1651826380116 6.272676195526123 0
1651826386656 6.07945178527832 0
1651826393373 6.346317236328125 0
1651826399752 6.156166008758545 0
1651826406178 6.170329151153564 0
1651826412506 6.329342867279053 0
1651826419082 6.677205031585693 0
1651826425549 6.701830155181884 0
1651826431928 6.560669881439209 0
1651826438385 6.749096924591065 0
1651826445023 6.336342274475098 0
1651826451612 6.348747772216797 0
1651826458143 6.275947735595703 0
1651826464478 6.595395593261719 0
1651826470861 6.952014829254151 0
1651826477617 6.616957957458496 0
1651826483957 6.296594818115234 0
1651826490589 6.898638478088379 0
1651826497101 6.526271604156494 0
1651826503604 6.945230821990966 0
1651826510139 7.145978524017334 0
1651826516562 6.560421304321289 0
1651826523151 6.444051617431641 0
1651826529700 6.908918418884277 0
1651826536188 6.917298749542236 0
1651826542789 6.928319593811035 0
1651826549307 6.370327089691162 0
1651826555963 6.630767875671387 0
1651826562388 6.703289335632324 0
1651826568970 7.413173011016846 0
1651826575576 6.956050825500489 0
1651826582087 7.259795983123779 0
1651826595124 6.199087058258057 0
1651826602081 5.316607654571533 0
1651826609144 5.221464350891114 0
1651826615900 5.197008946228028 0
1651826622631 5.488358479309082 0
1651826629343 5.259494423675537 0
1651826636257 5.575734936523437 0
1651826643064 5.580754663848877 0
1651826650027 5.465337046813965 0
1651826656744 5.5602342262268065 0
1651826663785 5.538618511199951 0
1651826670827 5.667111573028564 0
1651826677672 5.788798445129395 0
1651826684318 6.0277497169494625 0
1651826691202 5.645623506164551 0
1651826698523 5.8471647613525395 0
1651826705264 5.642611138916016 0
1651826711923 6.065971003723145 0
1651826718672 6.32500751953125 0
1651826725555 5.71532209854126 0
1651826732394 6.2647136688232425 0
1651826739194 6.070352568054199 0
1651826746053 6.132151968383789 0
1651826753001 6.611988712310791 0
1651826759817 6.214387710571289 0
1651826766596 6.730460571289062 0
1651826773378 6.437164461517334 0
1651826780177 6.21730592956543 0
1651826787058 6.316423988342285 0
1651826793656 5.952687245178223 0
1651826800473 6.30560001373291 0
1651826807321 6.382051725769043 0
1651826813892 6.035546342468262 0
1651826820667 6.051576013183594 0
1651826827610 6.334696726989746 0
1651826834805 6.091193305969238 0
1651826841584 6.1480051574707035 0
1651826848340 6.0305374855041505 0
1651826855212 6.245844798278808 0
1651826861967 6.352911810302734 0
1651826868860 6.077169414520264 0
1651826875598 6.475070977783203 0
1651826882537 6.346412187194824 0
1651826889962 6.813061637878418 0
1651826897156 7.064984902191162 0
1651826904123 6.862740563964843 0
1651826911277 6.556647901916504 0
1651826918556 7.346621440887451 0
1651826925716 6.422102347564698 0
1651826933024 6.932691940307617 0
1651826947157 6.546943217468262 0
1651826954591 5.666960708618164 0
1651826962017 5.706828324127197 0
1651826969551 5.74290361404419 0
1651826977065 5.7473703918457035 0
1651826984501 5.918860085296631 0
1651826991844 5.99884373550415 0
1651826999150 6.240750240325927 0
1651827006388 6.189726257324219 0
1651827013830 6.114235469818115 0
1651827021216 6.62656333770752 0
1651827028636 6.428312001037598 0
1651827035600 6.376236302185059 0
1651827042867 6.53853069229126 0
1651827050086 6.603038985443115 0
1651827057233 6.374407279968262 0
1651827064673 6.317521189880371 0
1651827071781 6.544347052001953 0
1651827079068 6.450239125061035 0
1651827086451 6.542829605865479 0
1651827093721 6.566236820220947 0
1651827101019 6.709947476196289 0
1651827108294 6.822343156433106 0
1651827115496 6.904954681396484 0
1651827122795 6.9545813613891605 0
1651827129927 6.568028730773926 0
1651827137254 7.45916018371582 0
1651827144698 7.312950646209717 0
1651827151886 6.695476181030274 0
1651827159233 6.654607669067383 0
1651827166409 7.194185131835938 0
1651827173503 7.199917691040039 0
1651827180841 7.406697342681885 0
1651827188100 7.108673306274414 0
1651827195455 6.799214370727539 0
1651827202608 7.192574420928955 0
1651827209832 7.312095754241944 0
1651827217341 6.854246612548828 0
1651827224562 6.962130162811279 0
1651827231854 7.225964434051513 0
1651827239005 7.165739684295654 0
1651827246329 6.937527053070069 0
1651827253461 7.004453140258789 0
1651827260682 7.103992861938477 0
1651827268014 7.181895906066894 0
1651827275049 7.150222058105469 0
1651827282209 7.572540017700195 0
1651827289563 7.2344948776245115 0
1651827296836 6.952943991851806 0
1651827304089 7.725278021240235 0
1651827318889 6.730270832824707 0
1651827326387 6.013985923767089 0
1651827333901 6.373189798736572 0
1651827341399 6.377135864257813 0
1651827349070 6.448070617675781 0
1651827356601 6.356881966400146 0
1651827364344 6.484778440856934 0
1651827371917 6.715509018707276 0
1651827379554 6.655575020599366 0
1651827387161 6.5986670211792 0
1651827394779 7.139989131164551 0
1651827402292 6.934869589233398 0
1651827410034 6.94213302154541 0
1651827417687 7.0150965980529785 0
1651827425209 6.922961296081543 0
1651827432699 7.108505782318115 0
1651827440477 7.073606385803223 0
1651827448143 7.296771156311035 0
1651827455841 7.772515106201172 0
1651827463424 7.434075217437744 0
1651827471031 7.198688983154297 0
1651827478675 7.407891246795654 0
1651827486326 7.305423984527588 0
1651827493875 7.469671295166016 0
1651827501423 7.280181649780274 0
1651827509146 7.7462190322875975 0
1651827516744 8.223681461334229 0
1651827524361 7.5435613296508786 0
1651827532031 7.578226997375488 0
1651827539782 7.636444187164306 0
1651827547305 7.61530908126831 0
1651827555043 7.381712890625 0
1651827562527 8.020190856170654 0
1651827570055 7.5550300361633305 0
1651827577662 7.767008499908448 0
1651827585190 7.500470358276367 0
1651827592663 8.009068919372558 0
1651827600137 8.313098048400878 0
1651827607764 8.11969496383667 0
1651827615446 7.75905361328125 0
1651827623156 7.686717658996582 0
1651827630861 7.7405504135131835 0
1651827638543 8.051155377960205 0
1651827646116 7.667502579498291 0
1651827653479 7.700821445465088 0
1651827661043 7.993403732299805 0
1651827668762 7.935444418334961 0
1651827676258 7.927459872436524 0
1651827683707 8.103872241210938 0
1651827691202 8.941995869445801 0
1651827706117 7.296668774414062 0
1651827714050 6.586053200531006 0
1651827721920 6.567252406311035 0
1651827729811 6.475301260375977 0
1651827738127 6.6362015243530275 0
1651827746390 6.717236322021485 0
1651827754784 6.826990251159668 0
1651827762932 7.021548184204102 0
1651827771360 6.952697013854981 0
1651827779646 6.969267419433594 0
1651827787859 7.151600131225586 0
1651827796099 7.126779168701172 0
1651827804550 7.334716427612305 0
1651827812811 7.798622801971436 0
1651827821164 7.296701916503906 0
1651827829614 7.162125749206543 0
1651827838015 7.763224333953858 0
1651827846569 7.7393808334350584 0
1651827854775 7.6252377990722655 0
1651827862911 7.722719387054443 0
1651827871362 7.524924306488037 0
1651827879682 7.816290085601807 0
1651827887777 7.685073074340821 0
1651827896005 8.116660581970216 0
1651827904390 8.169370954895019 0
1651827912656 7.764980612182617 0
1651827921114 8.189286131286622 0
1651827929355 8.066954858398438 0
1651827937417 8.525173574829102 0
1651827945435 8.070255625915527 0
1651827953749 8.698995374298097 0
1651827961997 7.698006727600098 0
1651827970168 8.279903663635254 0
1651827978228 9.246385521697999 0
1651827986271 8.203644471740724 0
1651827994169 8.190360774230957 0
1651828002332 8.157319409179687 0
1651828010286 8.560017678833008 0
1651828018168 8.417889862060546 0
1651828026352 8.179894592285157 0
1651828034382 8.191042190551757 0
1651828042504 8.486719822692871 0
1651828050648 8.26100331878662 0
1651828058816 8.190882312011718 0
1651828066941 8.09590163345337 0
1651828074988 7.905889111328125 0
1651828083518 8.185820921325684 0
1651828091697 8.852208477783202 0
1651828099927 8.869585237121582 0
1651828107860 8.626998551940918 0
1651828123926 7.332915911102295 0
1651828132460 6.660687998199463 0
1651828141240 6.698204391479492 0
1651828149878 6.755430824279785 0
1651828158453 6.776101903533935 0
1651828167174 6.832077116394043 0
1651828175771 7.058535305023193 0
1651828184128 7.028525847625732 0
1651828192715 7.080077137756348 0
1651828201093 7.392942184448242 0
1651828209736 7.264157661437988 0
1651828218413 7.408040832519531 0
1651828226881 7.662213906097412 0
1651828235434 7.607320426177979 0
1651828244011 7.959684359741211 0
1651828252417 7.656045854187012 0
1651828260961 7.763165120697021 0
1651828269435 7.659468740844726 0
1651828277929 7.67199626083374 0
1651828286458 7.569347396850586 0
1651828295091 8.101742016601563 0
1651828303710 8.193795567321777 0
1651828312198 8.325347504425048 0
1651828320539 7.834822000885009 0
1651828328894 8.056515788269042 0
1651828337288 8.340652075195312 0
1651828345947 8.244648761749268 0
1651828354156 7.876688314819336 0
1651828362731 8.77639457244873 0
1651828371184 8.109244444274902 0
1651828379738 8.23685450439453 0
1651828388303 8.172103148651123 0
1651828396802 8.046713027954102 0
1651828405367 8.378660467529297 0
1651828413764 8.712071688842773 0
1651828422378 8.373811186981202 0
1651828430594 8.206239653778075 0
1651828439196 8.186101742553712 0
1651828447608 8.21222570953369 0
1651828456198 8.296627388000488 0
1651828464429 8.72001216583252 0
1651828472753 8.368610579681397 0
1651828481321 8.415133222961426 0
1651828489600 8.392073309326172 0
1651828498242 8.87428035736084 0
1651828506601 8.773532843017579 0
1651828515060 8.449153602600097 0
1651828523869 8.397570692443848 0
1651828532214 8.642207572937012 0
1651828540731 8.731438513183594 0
1651828557049 7.553136288452149 0
1651828566017 7.016336827087402 0
1651828574995 6.973797633361817 0
1651828583796 6.94709256439209 0
1651828592743 7.109329859924316 0
1651828601529 7.303769506835938 0
1651828610538 7.250493096160889 0
1651828619656 7.122599335479737 0
1651828628580 7.203438003540039 0
1651828637450 7.591021633148193 0
1651828646695 7.417412641143799 0
1651828655540 7.864054647827149 0
1651828664426 7.620586946105957 0
1651828673547 7.601964841461181 0
1651828682267 7.623096118927002 0
1651828690980 8.106273693084717 0
1651828699645 7.7139679718017575 0
1651828708412 8.020189810943604 0
1651828717196 8.00445223007202 0
1651828726047 7.886001768493652 0
1651828734873 8.025379734802247 0
1651828743694 8.070118325805664 0
1651828752600 8.344178907012939 0
1651828761280 8.251391947174072 0
1651828770144 8.080301963806152 0
1651828778839 7.978743350982666 0
1651828787727 8.293860037231445 0
1651828796527 9.062429963684082 0
1651828805412 8.191402801513672 0
1651828814320 8.367453046417236 0
1651828823047 8.323066969299317 0
1651828832086 8.258096795654296 0
1651828841045 8.310825732421876 0
1651828849980 9.30841332092285 0
1651828859087 8.409980136108398 0
1651828868085 8.702577389526367 0
1651828877091 8.989555815124511 0
1651828885958 8.650886204528808 0
1651828894836 9.603395393371581 0
1651828903734 8.582065399169922 0
1651828912453 8.321726055908202 0
1651828921169 8.656437739562989 0
1651828929999 8.355604098510742 0
1651828938862 8.4638486618042 0
1651828947830 8.554822787475587 0
1651828956445 8.307768798828125 0
1651828965351 8.3086984375 0
1651828974157 8.572904043579102 0
1651828982870 8.415407643127441 0
1651828991578 8.574000285339356 0
