1653311058379 2.1560226274490355 0
1653311073806 1.8093609184265136 0
1653311089304 1.6589163051605225 0
1653311105016 1.5102573118209839 0
1653311120616 1.378173372411728 0
1653311136402 1.2645449512958526 0
1653311151955 1.1794737864255904 0
1653311167462 1.1047056614875794 0
1653311182773 1.026440497970581 0
1653311198455 0.9564106805324555 0
1653311214119 0.9087151695370674 0
1653311229747 0.8444102651238441 0
1653311245313 0.7730718531012535 0
1653311260704 0.7297464204162359 0
1653311276232 0.6856214761734009 0
1653311291996 0.6104831709176302 0
1653311307315 0.5863354661345482 0
1653311322888 0.5562743229210376 0
1653311338371 0.5012482176214457 0
1653311353886 0.4367421054556966 0
1653311369540 0.43097306376993655 0
1653311385252 0.43017272513210775 0
1653311400566 0.36477884320467713 0
1653311416020 0.3524283472761512 0
1653311431411 0.3156014178611338 0
1653311447067 0.3385629572480917 0
1653311462619 0.29725745517909524 0
1653311477819 0.2889080397069454 0
1653311493350 0.27451112919002774 0
1653311508790 0.28441529032811524 0
1653311523915 1.8483436099052428 0
1653311533884 1.5438783219337464 0
1653311543815 1.4512942842006684 0
1653311553986 1.3753272286891938 0
1653311564095 1.292905398607254 0
1653311574206 1.2296190583229065 0
1653311584225 1.1769181950092316 0
1653311594303 1.1132643052101134 0
1653311604320 1.0493861357212066 0
1653311614389 1.009811386537552 0
1653311624422 0.9483675227046013 0
1653311634459 0.8571709105491638 0
1653311644484 0.8283881528139114 0
1653311654611 0.7738415495991707 0
1653311664685 0.7115043768167496 0
1653311674890 0.6434152292191982 0
1653311685069 0.5692252562701702 0
1653311695135 0.5390698489248753 0
1653311705208 0.5272945093423128 0
1653311715151 0.4773919388473034 0
1653311725143 0.4715006422072649 0
1653311735320 0.43414092787355185 0
1653311745353 0.4048151325315237 0
1653311755536 0.37239970226585867 0
1653311765460 0.3767122152626514 0
1653311775381 0.3329105877637863 0
1653311785452 0.3225891516126692 0
1653311795670 0.336902495534718 0
1653311805906 0.3036715569335967 0
1653311816033 0.312319172398746 0
1653311836002 1.9506791736602782 0
1653311846128 1.70603141374588 0
1653311856314 1.6139246641159057 0
1653311866494 1.5326241718292237 0
1653311876681 1.474291752243042 0
1653311887016 1.4144819197177887 0
1653311897202 1.3534948559761046 0
1653311907394 1.2842483559131623 0
1653311917597 1.2401051218986512 0
1653311927678 1.1535478796243668 0
1653311937872 1.1139271536827087 0
1653311947856 1.0259037338376045 0
1653311958051 0.9614206457853317 0
1653311968017 0.884259660077095 0
1653311978137 0.8213826801300049 0
1653311988291 0.7408158018350601 0
1653311998309 0.6777592505395412 0
1653312008451 0.6629592762708664 0
1653312018557 0.5842969180464744 0
1653312028655 0.5453767236113548 0
1653312038809 0.4979745025843382 0
1653312048916 0.4748503091931343 0
1653312058916 0.439606596660614 0
1653312068798 0.40236197782754896 0
1653312078811 0.4181114752933383 0
1653312089085 0.37514053685963156 0
1653312099293 0.3890162674076855 0
1653312109247 0.33256141115501525 0
1653312119223 0.31223620545119046 0
1653312129345 0.3379047928892076 0
1653312153895 1.7633251799583436 0
1653312163917 1.4514738614082336 0
1653312173984 1.3347220358371734 0
1653312184069 1.261242189836502 0
1653312194324 1.1945423266887665 0
1653312204481 1.1272650107860565 0
1653312214529 1.0911065999746323 0
1653312224626 1.013411471390724 0
1653312234886 0.9678721499204636 0
1653312245034 0.8698970257282257 0
1653312255155 0.8464613057494164 0
1653312265213 0.7539448653817177 0
1653312275210 0.7033464299798011 0
1653312285326 0.6420146450400352 0
1653312295233 0.6376382861495018 0
1653312305297 0.5739271960854531 0
1653312315546 0.5264225565135479 0
1653312325540 0.495332651078701 0
1653312335604 0.43882398461997507 0
1653312345642 0.4201376140445471 0
1653312355801 0.38878011903502047 0
1653312365771 0.355598018078506 0
1653312375877 0.3675344035640359 0
1653312385883 0.319563864659518 0
1653312395839 0.2985042892217636 0
1653312406091 0.321725210596621 0
1653312416313 0.30425655591264367 0
1653312426395 0.25745740175321696 0
1653312436590 0.27329335183128717 0
1653312446790 0.26540652949661014 0
1653312476659 1.6738770351409913 0
1653312486932 1.368341215467453 0
1653312497005 1.2599710649967193 0
1653312507143 1.1909389260292054 0
1653312517144 1.092917567563057 0
1653312527171 1.0473546256542206 0
1653312537352 0.9950180853962898 0
1653312547421 0.9156595026493073 0
1653312557562 0.8665931148171425 0
1653312567711 0.8058354528546333 0
1653312577698 0.7518250716090202 0
1653312587832 0.7106134253799915 0
1653312597889 0.6375098761439324 0
1653312607922 0.6115116165935993 0
1653312618186 0.5469770629942418 0
1653312628349 0.49899296872019766 0
1653312638446 0.497479901522398 0
1653312648573 0.4344532352030277 0
1653312658649 0.4318787563383579 0
1653312668837 0.4056768084615469 0
1653312678912 0.37864856064021585 0
1653312688990 0.3516634656742215 0
1653312699006 0.30574804283306 0
1653312709081 0.3280875078883022 0
1653312719072 0.310719550152123 0
1653312729116 0.2902965531550348 0
1653312739231 0.30873669986240565 0
1653312749359 0.2454975700907409 0
1653312759268 0.2778194103591144 0
1653312769311 0.259199028108269 0
1653312804536 1.5517345297336578 0
1653312814792 1.2444627893447875 0
1653312825194 1.1603993587732315 0
1653312835444 1.0792463945627213 0
1653312845809 1.0343505646586417 0
1653312856218 0.9722454319477082 0
1653312866634 0.9311893365383148 0
1653312876891 0.8841865922927856 0
1653312887178 0.8390991833209992 0
1653312897218 0.7951783257842064 0
1653312907476 0.7690233416080475 0
1653312917882 0.7061183680862189 0
1653312928223 0.6740318965375424 0
1653312938501 0.6395695009797812 0
1653312948849 0.5933453901022673 0
1653312959378 0.5660345534563065 0
1653312969733 0.5360463816672564 0
1653312980080 0.494486423394084 0
1653312990472 0.466530777078867 0
1653313000699 0.4593455828525126 0
1653313011055 0.42795797325968743 0
1653313021222 0.3974611047625542 0
1653313031380 0.3638265825949609 0
1653313041611 0.34801932373717426 0
1653313051805 0.3219031927220523 0
1653313062174 0.3234498986877501 0
1653313072359 0.31877867035493257 0
1653313082677 0.33523283966183665 0
1653313092863 0.3044089991681278 0
1653313103202 0.2819711334452033 0
1653313143432 1.8976838664054871 0
1653313153675 1.6370426293373108 0
1653313163947 1.5388583087921142 0
1653313174231 1.4485549983024597 0
1653313184580 1.4137483715057373 0
1653313194792 1.3237230946063996 0
1653313205155 1.2856550963401794 0
1653313215665 1.2318441637039184 0
1653313225997 1.1735811272144319 0
1653313236390 1.1229413258314134 0
1653313246726 1.066225014448166 0
1653313256910 1.020914207148552 0
1653313266980 0.9489567116975784 0
1653313277189 0.9221697550296784 0
1653313287294 0.8585331772089004 0
1653313297668 0.7871516206860543 0
1653313307901 0.7532646826148033 0
1653313318186 0.7334510578155518 0
1653313328331 0.6916824916481972 0
1653313338623 0.6325423270761966 0
1653313348924 0.6161233148604631 0
1653313359363 0.5420864577829838 0
1653313369579 0.5532092001795769 0
1653313379801 0.4883446842044592 0
1653313390068 0.48904303373098373 0
1653313400317 0.4662331228047609 0
1653313410532 0.44795033386647704 0
1653313420912 0.42233276409208775 0
1653313431079 0.39832414600849153 0
1653313441187 0.3583224004611373 0
1653313486219 1.9348561550140382 0
1653313496397 1.6870418050765992 0
1653313506566 1.5933843598365784 0
1653313517057 1.5103043963432312 0
1653313527772 1.457884234237671 0
1653313538147 1.4208375454902649 0
1653313548409 1.3513642000198365 0
1653313558621 1.308277046251297 0
1653313568816 1.2613080907344818 0
1653313579102 1.214136974477768 0
1653313589302 1.1505646010398864 0
1653313599512 1.1026592549324035 0
1653313609720 1.041219590139389 0
1653313619562 1.0092394845247268 0
1653313629906 0.9473316552877427 0
1653313640165 0.8783208211898804 0
1653313650449 0.8557459521770477 0
1653313660793 0.7839565446138382 0
1653313670775 0.7491249117255211 0
1653313680947 0.6755871550202369 0
1653313691328 0.6615899656414985 0
1653313701666 0.6239755855202674 0
1653313712084 0.5898286183953285 0
1653313722404 0.5619118316352367 0
1653313732602 0.5473660669922829 0
1653313743040 0.4896635127030313 0
1653313753205 0.44265298512876033 0
1653313763392 0.44219180441498757 0
1653313773612 0.4357830862522125 0
1653313783755 0.4023846478819847 0
1653313834349 1.8049094115257263 0
1653313844635 1.4689999437332153 0
1653313854988 1.3498686719894408 0
1653313865368 1.2519992624282836 0
1653313875710 1.1873208195209504 0
1653313886017 1.1242026597499848 0
1653313896398 1.0579015116214752 0
1653313906864 1.0130156617879869 0
1653313917489 0.9611874427318573 0
1653313927869 0.88571533036232 0
1653313938168 0.8403520001530648 0
1653313948529 0.8028352514386177 0
1653313958904 0.7740713373363018 0
1653313969021 0.7185068235993385 0
1653313979253 0.6875982081413269 0
1653313989691 0.6404706825911999 0
1653314000089 0.5855654442131519 0
1653314010311 0.5729375237122178 0
1653314020555 0.5129148978888989 0
1653314030970 0.5016617565244437 0
1653314041338 0.4402823066920042 0
1653314051639 0.4392328718408942 0
1653314061921 0.41869145874381064 0
1653314071849 0.39791012601703407 0
1653314082158 0.40871917231827976 0
1653314092585 0.3722183916211128 0
1653314102969 0.3605483055429533 0
1653314112971 0.33805697184726596 0
1653314123060 0.34457507466375825 0
1653314133471 0.3158137186355889 0
1653314189385 1.8960723008155822 0
1653314199536 1.584556264781952 0
1653314209475 1.4978096034049988 0
1653314219873 1.4099579535484315 0
1653314230147 1.3557978674411775 0
1653314240375 1.2842536997795104 0
1653314250804 1.2326357537746429 0
1653314261208 1.1915303656578065 0
1653314271624 1.1212204662799836 0
1653314281964 1.0508632791519166 0
1653314292185 1.0224975429058074 0
1653314302311 0.9597480264782906 0
1653314312586 0.899385316836834 0
1653314322928 0.848316160094738 0
1653314333296 0.7752842136740684 0
1653314343682 0.7316872979283333 0
1653314353864 0.7032200207769871 0
1653314364277 0.6582967398822308 0
1653314374676 0.6151142367720603 0
1653314384988 0.5760411295413971 0
1653314395462 0.5551444462716579 0
1653314405870 0.513884693261981 0
1653314416126 0.4607939362466335 0
1653314426416 0.47242618370503187 0
1653314436650 0.4274994062155485 0
1653314447163 0.4162260512292385 0
1653314457279 0.4099923031561077 0
1653314467429 0.37991542365550995 0
1653314477598 0.3428258310869336 0
1653314487642 0.3526048726968467 0
1653314548467 1.950425732421875 0
1653314558836 1.661438518333435 0
1653314569091 1.5400104899406433 0
1653314579275 1.45830616607666 0
1653314589674 1.3815205046653747 0
1653314599976 1.331875753593445 0
1653314610101 1.2620583940029144 0
1653314620465 1.2113438272953034 0
1653314630611 1.1542181839942933 0
1653314640794 1.0753276198863984 0
1653314651173 1.0548618405103682 0
1653314661487 1.000206846523285 0
1653314671632 0.938117195892334 0
1653314681887 0.8823228990316391 0
1653314692286 0.8295372516989707 0
1653314702730 0.7736324051141739 0
1653314712892 0.7388066639363766 0
1653314723259 0.6778486863493919 0
1653314733368 0.6189815703034401 0
1653314743530 0.5980566839456558 0
1653314753864 0.5906926020741463 0
1653314764231 0.5400246741950512 0
1653314774630 0.5234391462311149 0
1653314785065 0.4874595583245158 0
1653314795304 0.4468218704134226 0
1653314805633 0.4522551702171564 0
1653314815783 0.4142187240764499 0
1653314826122 0.3960181712627411 0
1653314836574 0.38780092425346374 0
1653314846747 0.3973473526112735 0
1653314912505 1.8160263172149658 0
1653314922834 1.5435821497917175 0
1653314933203 1.4565831924438477 0
1653314943481 1.3966228922367097 0
1653314953762 1.3472943454742432 0
1653314964056 1.2960928101062774 0
1653314974345 1.2398413088560105 0
1653314984783 1.2005592702388763 0
1653314994997 1.1570840799093247 0
1653315005307 1.102877858698368 0
1653315015663 1.046332793736458 0
1653315025711 1.009420731472969 0
1653315036040 0.954493206000328 0
1653315046131 0.9069676950097084 0
1653315056541 0.8353969959259033 0
1653315066952 0.8081420719504356 0
1653315077417 0.7700258684873581 0
1653315087777 0.6885918267130852 0
1653315098247 0.6710482640862465 0
1653315108667 0.626979424905777 0
1653315119098 0.5778714664578438 0
1653315129620 0.5700521480619908 0
1653315139688 0.5330348507389426 0
1653315149943 0.4703650673598051 0
1653315160331 0.480966387476027 0
1653315170557 0.4562429945804179 0
1653315181051 0.42725248722434045 0
1653315191516 0.39357769619077443 0
1653315201882 0.4046554570943117 0
1653315212201 0.40181504968106746 0
1653315282897 1.867470606803894 0
1653315292990 1.5634273101806642 0
1653315303320 1.4657065863609313 0
1653315313534 1.3751450826644898 0
1653315323847 1.3220186376571654 0
1653315333860 1.2718279548168183 0
1653315344005 1.1848083456516265 0
1653315354285 1.1775697666168212 0
1653315364439 1.1050420833826065 0
1653315374917 1.0608061639785766 0
1653315385252 1.0040759015083314 0
1653315395565 0.9554888316869735 0
1653315405939 0.8887152107596398 0
1653315416214 0.8718179330229759 0
1653315426599 0.8031939630389213 0
1653315436878 0.7864230030417443 0
1653315447003 0.7277754613280296 0
1653315457369 0.683189322257042 0
1653315467713 0.6405972577273845 0
1653315477871 0.6140982685983181 0
1653315488337 0.5629896276533604 0
1653315498673 0.5274907467663288 0
1653315508991 0.4970327851116657 0
1653315519424 0.4873630392640829 0
1653315529747 0.46817422815859316 0
1653315539926 0.4331814666390419 0
1653315550103 0.42726393662989137 0
1653315560411 0.40856345182284715 0
1653315570823 0.3822969558149576 0
1653315581286 0.3825317128539085 0
1653315657932 2.094526605796814 0
1653315668217 1.855097102355957 0
1653315678655 1.749685040664673 0
1653315688961 1.6756100109100343 0
1653315699336 1.6364221574783324 0
1653315709675 1.5676427473545074 0
1653315720069 1.5114541188240052 0
1653315730487 1.467828137731552 0
1653315740717 1.4200821435928346 0
1653315750965 1.3574601312637329 0
1653315761291 1.2927476952552794 0
1653315771488 1.2458744007587432 0
1653315781615 1.176407701444626 0
1653315792063 1.118944092965126 0
1653315802510 1.085261503314972 0
1653315812840 1.007198328447342 0
1653315823136 0.9459893049001694 0
1653315833529 0.8982113208532333 0
1653315843681 0.8325123660802841 0
1653315853987 0.793130886054039 0
1653315864361 0.7950489467859269 0
1653315874674 0.7020632488846779 0
1653315885036 0.6630513588666916 0
1653315895280 0.6473847602248192 0
1653315905520 0.5783796835958958 0
1653315915934 0.5799006602883339 0
1653315926455 0.536912661075592 0
1653315936717 0.5304179591894149 0
1653315947223 0.5171077631562948 0
1653315957543 0.47590317071080207 0
1653316038737 1.788741591835022 0
1653316049030 1.47004108171463 0
1653316059415 1.3748074712753295 0
1653316069779 1.3018773134708403 0
1653316080300 1.2485363739967346 0
1653316090623 1.1712353620529175 0
1653316100868 1.1055068044185639 0
1653316110923 1.0677277399301528 0
1653316121247 1.0198706283569337 0
1653316131528 0.9664875712156296 0
1653316141745 0.8997048829555512 0
1653316152165 0.8453985523223877 0
1653316162319 0.8074332790732384 0
1653316172719 0.7518637525200844 0
1653316182853 0.7170141957342625 0
1653316193233 0.6621513455748558 0
1653316203751 0.6369708302080631 0
1653316214030 0.5817198654949665 0
1653316224625 0.5639289819955826 0
1653316234914 0.5147621148765087 0
1653316245082 0.4928973741620779 0
1653316255129 0.47997990868091583 0
1653316265161 0.4285877336785197 0
1653316275031 0.411517085275054 0
1653316285594 0.3906894762262702 0
1653316296050 0.380274008667469 0
1653316306334 0.38433446160107854 0
1653316316496 0.35921746957190337 0
1653316327066 0.3247142208583653 0
1653316337564 0.36092385010272265 0
1653316425125 1.7916351638793946 0
1653316435410 1.5606238507270813 0
1653316445705 1.4568861130714417 0
1653316456120 1.3950874650001526 0
1653316466426 1.3206308310508728 0
1653316477071 1.2724933929920197 0
1653316487595 1.219871336722374 0
1653316497984 1.1777808564662933 0
1653316508404 1.1087423732280732 0
1653316518547 1.0576682592630386 0
1653316528713 1.0175380414009094 0
1653316538989 0.9404682639360428 0
1653316549482 0.9165987003326416 0
1653316559804 0.8880539779186248 0
1653316570058 0.8142932496666908 0
1653316580314 0.7462664602994918 0
1653316590512 0.7484778609514237 0
1653316600864 0.7099587684512139 0
1653316611231 0.6195069879233838 0
1653316621573 0.6125605792403221 0
1653316631988 0.5779897887587547 0
1653316642356 0.521877776619792 0
1653316652855 0.48994650661200284 0
1653316663127 0.49678720746040345 0
1653316673781 0.46568418253660204 0
1653316684161 0.4235933975920081 0
1653316694445 0.40282363972961904 0
1653316704742 0.3663722501561046 0
1653316714964 0.38316087114289404 0
1653316725397 0.37395407135039566 0
1653316818328 1.7428324934005737 0
1653316828549 1.4727962105751038 0
1653316838922 1.367479547929764 0
1653316848992 1.3145071623325348 0
1653316859591 1.2681788330078125 0
1653316870077 1.205535214805603 0
1653316880536 1.143168893623352 0
1653316890936 1.1196457127332686 0
1653316901423 1.062816621041298 0
1653316911807 1.0192929362297058 0
1653316922094 0.9759028081417084 0
1653316932384 0.936984493470192 0
1653316942432 0.8685874235033989 0
1653316952795 0.8332079311609268 0
1653316962913 0.7993076839983463 0
1653316973259 0.7219418461203575 0
1653316983469 0.713439197576046 0
1653316993703 0.6594528373241425 0
1653317004110 0.6154475450217723 0
1653317014594 0.6041696580052376 0
1653317024669 0.54687995724082 0
1653317034981 0.5322092487752438 0
1653317045175 0.48513282967209814 0
1653317055352 0.487985530012846 0
1653317065817 0.4592257002197206 0
1653317076287 0.4160139255434275 0
1653317086351 0.4102174376890063 0
1653317096606 0.38592776970267295 0
1653317107056 0.3585727489471435 0
1653317117579 0.3823487473517656 0
1653317214683 1.8899749815940856 0
1653317224868 1.6228565049171448 0
1653317235163 1.5177205040931703 0
1653317245393 1.4319324084758758 0
1653317255674 1.3635658463954925 0
1653317265722 1.3158122725486756 0
1653317275995 1.2361133226156236 0
1653317286243 1.1620832287788392 0
1653317296425 1.1187541430950165 0
1653317306346 1.063441008925438 0
1653317316464 0.9700765341281891 0
1653317326626 0.9172313999414444 0
1653317336805 0.8350240399003029 0
1653317346948 0.7809799117863179 0
1653317357265 0.744983889490366 0
1653317367633 0.6535808744311332 0
1653317377932 0.6018148075461388 0
1653317388011 0.5697090679168701 0
1653317398142 0.49780976626873014 0
1653317408373 0.48504829386770726 0
1653317418383 0.4451906970202923 0
1653317428423 0.4128540721580386 0
1653317438486 0.3725602388292551 0
1653317448648 0.38481853039860725 0
1653317458791 0.3531924430757761 0
1653317468882 0.3235810388252139 0
1653317478927 0.34944246344864366 0
1653317489257 0.3219680855512619 0
1653317499266 0.30233573070168496 0
1653317509402 0.2894010206401348 0
1653317612175 1.8252216437339783 0
1653317622464 1.5200154246807098 0
1653317632845 1.4173656631469727 0
1653317643305 1.3470473360061646 0
1653317653712 1.26159660820961 0
1653317664253 1.1945602514982223 0
1653317674583 1.1415183409929275 0
1653317685063 1.0788341083288193 0
1653317695424 1.0179257066726684 0
1653317705889 0.9895538146734237 0
1653317716206 0.9040511422872544 0
1653317726599 0.8413749923586845 0
1653317736788 0.8124097111463546 0
1653317746827 0.7605465458214283 0
1653317757151 0.6995238585829735 0
1653317767597 0.679075404047966 0
1653317777971 0.6173004096031189 0
1653317788250 0.5672544609546661 0
1653317798598 0.5332834300488234 0
1653317808865 0.5099121756255627 0
1653317819614 0.4743256469681859 0
1653317830021 0.4448086587518454 0
1653317840132 0.4316203900784254 0
1653317850311 0.40713527026176455 0
1653317860431 0.39131267869621517 0
1653317870520 0.3878246698215604 0
1653317881042 0.3577128270685673 0
1653317891326 0.35475880685821176 0
1653317902001 0.3181094824708998 0
1653317912404 0.340157142097503 0
1653318020181 1.9156985960960389 0
1653318030669 1.6311972467422486 0
1653318041148 1.5146383009910585 0
1653318051330 1.4498528113365174 0
1653318061888 1.3647327828645706 0
1653318072179 1.3114007581710816 0
1653318082520 1.2433323458194732 0
1653318092942 1.1872845086097716 0
1653318103199 1.1404905091762543 0
1653318113467 1.0714622877597808 0
1653318123887 0.9998680868148804 0
1653318134472 0.9531107482552529 0
1653318144757 0.8979997860074044 0
1653318155222 0.8336889362931251 0
1653318165783 0.7868884448528289 0
1653318176399 0.7346810860991478 0
1653318186907 0.6630905658185482 0
1653318197297 0.6440323211312294 0
1653318207710 0.5967154733628035 0
1653318218173 0.539514528515935 0
1653318228501 0.54968918864429 0
1653318238744 0.48177754136919976 0
1653318248944 0.46223277136683466 0
1653318259280 0.4525375511199236 0
1653318269710 0.4233809106864035 0
1653318279965 0.40309644810259343 0
1653318290279 0.39299578173309563 0
1653318300532 0.3675838930934668 0
1653318311075 0.3318273687951267 0
1653318321408 0.33930177564546465 0
