1654227539180 0.30653451356709543 0
1654227552992 0.08277915529101519 0
1654227567508 0.054954439593504 0
1654227581391 0.05933650055586143 0
1654227595395 0.04358420761003173 0
1654227609389 0.04828661786315987 0
1654227623434 0.05285972107705733 0
1654227637283 0.040295063244966164 0
1654227651195 0.0434603842008732 0
1654227665161 0.03559605834733692 0
1654227695458 0.17726552606862428 0
1654227710449 0.0710661424557642 0
1654227725549 0.06305372264120673 0
1654227740738 0.031507735758558926 0
1654227755372 0.05001992783870315 0
1654227770495 0.06355521340520956 0
1654227785124 0.03165055691971435 0
1654227799601 0.046248648122252 0
1654227814603 0.045546904336201836 0
1654227829223 0.03738355685148937 0
1654227874782 0.12303800560369055 0
1654227889514 0.04909234653909857 0
1654227904921 0.05499421462726387 0
1654227920310 0.043237183317590126 0
1654227935098 0.0438682587476695 0
1654227949873 0.04863292822005623 0
1654227965167 0.03998929408391991 0
1654227980262 0.03457018052657516 0
1654227995594 0.04190565614020375 0
1654228010690 0.03645195368197485 0
1654228071843 0.2133603656671455 0
1654228087196 0.08682680512794204 0
1654228102501 0.07615471729310609 0
1654228118263 0.07255272887881785 0
1654228133714 0.051280710536709385 0
1654228149232 0.052544309519828886 0
1654228164701 0.06168698077403975 0
1654228179872 0.05354419400463992 0
1654228194690 0.05135847544916038 0
1654228210053 0.05303131080636155 0
1654228286710 0.10522804163672597 0
1654228301943 0.05102747241111619 0
1654228317628 0.05310760538171438 0
1654228333012 0.04518068897348096 0
1654228348672 0.04755812308994251 0
1654228364338 0.03945947168181319 0
1654228379498 0.044686773058029955 0
1654228395298 0.04600199254993268 0
1654228410890 0.040794407846237134 0
1654228426102 0.037942608917648106 0
