1639651018442 2.295710576629639 0
1639651023032 2.1643671157836915 0
1639651027620 2.0516865018844603 0
1639651032232 1.9476463201522827 0
1639651036820 1.8530337104797363 0
1639651041471 1.7601096557617188 0
1639651046050 1.6736446523666382 0
1639651050706 1.588034725189209 0
1639651055336 1.5109187822341918 0
1639651059968 1.4441287092208863 0
1639651064626 1.3927116142272948 0
1639651069255 1.341204917526245 0
1639651073898 1.2888960243225098 0
1639651078534 1.2501282651901244 0
1639651083166 1.2160402990341186 0
1639651087800 1.181134942817688 0
1639651092422 1.146955661010742 0
1639651097061 1.1202279796600343 0
1639651101690 1.0917374507904052 0
1639651106365 1.059041255569458 0
1639651110937 1.0217896839141847 0
1639651115495 0.9942700902938842 0
1639651120083 0.9742612041473389 0
1639651124738 0.9328174787521363 0
1639651129390 0.9084763214588165 0
1639651133966 0.8709592693328857 0
1639651138608 0.8979604360580444 0
1639651143381 0.8388697665214538 0
1639651148014 0.8072712099075318 0
1639651152685 0.7870579018592835 0
1639651157272 0.7731836607456207 0
1639651161995 0.7559585124015809 0
1639651166652 0.7445130210876465 0
1639651171417 0.7180654505729676 0
1639651176121 0.6836968193054199 0
1639651180896 0.6711481906890869 0
1639651185682 0.6762422311782836 0
1639651190361 0.6516178853034973 0
1639651195113 0.607824657869339 0
1639651199864 0.6010146415710449 0
1639651204532 0.6005394870758056 0
1639651209288 0.5604957434654236 0
1639651214043 0.5461336922645569 0
1639651218857 0.5456025876045227 0
1639651223627 0.5195850526809692 0
1639651228330 0.5326686460018158 0
1639651233106 0.5048993450641632 0
1639651237852 0.48317572581768037 0
1639651242632 0.4559618100166321 0
1639651247341 0.4525092894554138 0
1639651252140 0.4349135852813721 0
1639651256866 0.43191049900054934 0
1639651261611 0.41584254326820375 0
1639651266305 0.4239310153245926 0
1639651271025 0.41393976345062256 0
1639651275708 0.38979634160995486 0
1639651280500 0.3930509871006012 0
1639651285284 0.37106241817474367 0
1639651289997 0.3511354622364044 0
1639651294706 0.33307188521027564 0
1639651299386 0.31942189593315123 0
1639651304165 0.33280974760055543 0
1639651309008 0.3055955947875977 0
1639651313796 0.3227362115859985 0
1639651318559 0.2865400949239731 0
1639651323354 0.2785304546117783 0
1639651328079 0.27076919906139374 0
1639651332861 0.25789997794628144 0
1639651337484 0.24677599811553955 0
1639651342186 0.24504021298885345 0
1639651346836 0.23486558613777161 0
1639651351634 0.23855130789279938 0
1639651356476 0.22173036756515502 0
1639651361231 0.23471670475006104 0
1639651365957 0.21114831638336182 0
1639651370659 0.21157823634147643 0
1639651375444 0.1993490597009659 0
1639651380187 0.20097400615215302 0
1639651384874 0.18065463337898255 0
1639651389572 0.1702005609512329 0
1639651394253 0.17566523580551147 0
1639651399031 0.1625295522928238 0
1639651403719 0.14974963177442552 0
1639651408485 0.15030945644378663 0
1639651413212 0.1388042495250702 0
1639651417908 0.14005504513978959 0
1639651422736 0.12328076810836792 0
1639651427406 0.12283475469946861 0
1639651432120 0.11010888636112214 0
1639651436874 0.1305599502325058 0
1639651441653 0.12579874234199523 0
1639651446424 0.138980360019207 0
1639651451113 0.10263166184425354 0
1639651455767 0.09301810073852539 0
1639651460567 0.08219330133199691 0
1639651465274 0.07686262099146843 0
1639651469996 0.06822251472473144 0
1639651474736 0.06457689269185066 0
1639651479403 0.059276104378700255 0
1639651484161 0.05719010143876076 0
1639651493006 2.220163967132568 0
1639651497209 1.9844256114959717 0
1639651501495 1.8363333908081054 0
1639651505798 1.7338815519332886 0
1639651510002 1.6599562978744506 0
1639651514189 1.601118554878235 0
1639651518383 1.546508409690857 0
1639651522556 1.5022214376449585 0
1639651526636 1.4625424346923828 0
1639651530770 1.4276304889678955 0
1639651534996 1.3911791877746582 0
1639651539169 1.3604764245986938 0
1639651543287 1.3303552759170532 0
1639651547398 1.2965478580474854 0
1639651551574 1.2721819707870483 0
1639651555797 1.2375826720237733 0
1639651559995 1.2204802366256713 0
1639651564153 1.1855590358734132 0
1639651568298 1.1661758918762206 0
1639651572473 1.1390666362762452 0
1639651576694 1.1226489780426026 0
1639651580891 1.0994826343536377 0
1639651584915 1.0726542076110839 0
1639651588980 1.0586722780227662 0
1639651593131 1.0440085922241211 0
1639651597331 1.0141413928985596 0
1639651601447 0.9949488430023193 0
1639651605533 0.9901867917060853 0
1639651609657 0.9693169985294342 0
1639651613783 0.9475459520339966 0
1639651618027 0.9375153064727784 0
1639651622242 0.919684887599945 0
1639651626350 0.9007674050331116 0
1639651630478 0.8887622244358063 0
1639651634658 0.8719724475860595 0
1639651638813 0.859495580291748 0
1639651642930 0.8485489479064942 0
1639651647059 0.8311885886192322 0
1639651651239 0.8166416143417359 0
1639651655362 0.801486021900177 0
1639651659475 0.7932869277954101 0
1639651663643 0.8044133697032928 0
1639651667848 0.757479238319397 0
1639651672011 0.7487692110061646 0
1639651676246 0.7381805860519409 0
1639651680423 0.7263037714004517 0
1639651684641 0.7184232578277588 0
1639651688802 0.718551460647583 0
1639651692931 0.6983803158283234 0
1639651697041 0.6815387901306152 0
1639651701201 0.6866981337547302 0
1639651705446 0.6743270195007324 0
1639651709576 0.6480693452835083 0
1639651713674 0.6450288346767425 0
1639651717851 0.6365460978031159 0
1639651722037 0.6203080206871032 0
1639651726207 0.6116893733024598 0
1639651730367 0.6146732561588287 0
1639651734531 0.5915167440414428 0
1639651738693 0.5794119402885437 0
1639651742885 0.5800228951454163 0
1639651747047 0.5591240217208863 0
1639651751182 0.5441675138473511 0
1639651755319 0.555964555644989 0
1639651759402 0.5386367327690125 0
1639651763554 0.5041619994163513 0
1639651767706 0.49835173921585085 0
1639651771805 0.5162803815603256 0
1639651775950 0.4914330621242523 0
1639651780062 0.4764868635177612 0
1639651784212 0.47312692779302595 0
1639651788312 0.450211879825592 0
1639651792440 0.4661442094802856 0
1639651796553 0.4663037703752518 0
1639651800732 0.4338042876720428 0
1639651804858 0.4131208983898163 0
1639651809054 0.41521757802963255 0
1639651813238 0.41280616874694825 0
1639651817392 0.40785212650299074 0
1639651821497 0.3955236343383789 0
1639651825681 0.377113045501709 0
1639651829770 0.3697073727607727 0
1639651833881 0.3664866436958313 0
1639651838037 0.36703255162239073 0
1639651842157 0.3681817707538605 0
1639651846351 0.35678281316757204 0
1639651850457 0.34103833425045016 0
1639651854570 0.3284496720314026 0
1639651858771 0.32478415660858156 0
1639651862856 0.3035068858623505 0
1639651867027 0.29709044666290285 0
1639651871172 0.30116759061813353 0
1639651875334 0.3102053910970688 0
1639651879465 0.27106308698654175 0
1639651883645 0.27615296351909635 0
1639651887754 0.25844691309928897 0
1639651891909 0.2423686573266983 0
1639651896023 0.2411313009262085 0
1639651900147 0.2476893361210823 0
1639651904261 0.23366758670806884 0
1639651917386 2.2572821521759034 0
1639651921438 2.122136888885498 0
1639651925459 2.0165657390594482 0
1639651929511 1.9400156929016112 0
1639651933564 1.880028066444397 0
1639651937689 1.8265892642974852 0
1639651941728 1.7802206115722656 0
1639651945760 1.7394491333007813 0
1639651949734 1.7009674655914306 0
1639651953795 1.6614846908569336 0
1639651957840 1.6263715156555176 0
1639651961920 1.593005136680603 0
1639651965970 1.564639567565918 0
1639651969970 1.5334812744140625 0
1639651974054 1.5096258289337159 0
1639651978226 1.4841432178497314 0
1639651982284 1.464852173614502 0
1639651986270 1.4359663524627686 0
1639651990307 1.4231447679519653 0
1639651994360 1.3943153686523437 0
1639651998439 1.3789508270263673 0
1639652002561 1.3545076503753661 0
1639652006668 1.3269520000457764 0
1639652010664 1.31927463054657 0
1639652014604 1.294544080734253 0
1639652018623 1.2894281745910645 0
1639652022665 1.2806399799346924 0
1639652026763 1.2507327396392822 0
1639652030740 1.24007856798172 0
1639652034803 1.2226752891540527 0
1639652038771 1.1967139797210693 0
1639652042861 1.1839063732147217 0
1639652047153 1.1725301120758056 0
1639652051698 1.1701701795578003 0
1639652055885 1.1386534658432006 0
1639652060131 1.1389041654586791 0
1639652064427 1.1069499969482421 0
1639652068572 1.096032924747467 0
1639652072796 1.0832200432777406 0
1639652076992 1.0781252213478087 0
1639652081225 1.0739015644073486 0
1639652085478 1.0421715663909912 0
1639652089680 1.0303342317581177 0
1639652093858 1.0182643800735474 0
1639652098079 1.0072195737838745 0
1639652102271 1.002698100566864 0
1639652106535 0.9808276273727417 0
1639652110836 0.9673166807174682 0
1639652115091 0.9665555801391602 0
1639652119361 0.9415403242111207 0
1639652123607 0.9257385921478272 0
1639652127788 0.9124090929031372 0
1639652131969 0.9041570705413818 0
1639652136187 0.8892304899215698 0
1639652140425 0.8816452136039734 0
1639652144602 0.872015912246704 0
1639652148813 0.865302501964569 0
1639652153014 0.8425186279296875 0
1639652157224 0.8407529609680175 0
1639652161472 0.8348655450820923 0
1639652165660 0.8115582896232605 0
1639652169839 0.7930574075698853 0
1639652174038 0.7784653453826904 0
1639652178291 0.769022820854187 0
1639652182568 0.781055723142624 0
1639652186716 0.7434870030879974 0
1639652190951 0.7372241346359253 0
1639652195166 0.7436625186920166 0
1639652199497 0.7049446716308594 0
1639652203895 0.7106848174095154 0
1639652208096 0.6906153434753418 0
1639652212401 0.6754558135032653 0
1639652216647 0.6667537676334381 0
1639652220863 0.6475186436653138 0
1639652225121 0.6469268493652344 0
1639652229374 0.6363622534513473 0
1639652233700 0.6177813585281372 0
1639652237869 0.6145870653152465 0
1639652242083 0.6086699639320373 0
1639652246339 0.5851783674240112 0
1639652250608 0.5721650623321534 0
1639652254856 0.5789694436073303 0
1639652259130 0.5540106478691101 0
1639652263424 0.5664796566963196 0
1639652267693 0.5384926898956299 0
1639652271923 0.5197113953590393 0
1639652276251 0.5111182403564453 0
1639652280574 0.49073403491973877 0
1639652284834 0.514394700717926 0
1639652289131 0.47161690697669983 0
1639652293352 0.46685964465141294 0
1639652297547 0.46255848302841185 0
1639652301948 0.45528520426750185 0
1639652306193 0.43467824444770814 0
1639652310413 0.4254285493850708 0
1639652314672 0.40981802711486814 0
1639652318983 0.42152209463119505 0
1639652323241 0.39004337406158446 0
1639652327470 0.394728611946106 0
1639652331659 0.375110009098053 0
1639652349852 2.2283990531921387 0
1639652354086 2.0700130363464355 0
1639652358311 1.9653730033874512 0
1639652362571 1.8849202445983886 0
1639652366776 1.8199282169342041 0
1639652371003 1.770066143798828 0
1639652375161 1.7234647888183594 0
1639652379349 1.6838684383392335 0
1639652383638 1.6466388217926025 0
1639652387836 1.6165997375488281 0
1639652392016 1.5834802207946777 0
1639652396262 1.5564194019317628 0
1639652400481 1.5290401798248292 0
1639652404722 1.501899017906189 0
1639652408932 1.4711909173965454 0
1639652413150 1.44981380443573 0
1639652417380 1.4383528994560242 0
1639652421637 1.4060661878585816 0
1639652425794 1.3944578876495362 0
1639652430010 1.3633955224990846 0
1639652434321 1.346155822944641 0
1639652438553 1.3218826023101806 0
1639652442763 1.3017769748687744 0
1639652447023 1.303467056465149 0
1639652451268 1.2753321411132812 0
1639652455378 1.2602423332214356 0
1639652459646 1.2374064516067504 0
1639652463813 1.2203738149642944 0
1639652468047 1.2055658248901366 0
1639652472287 1.1889091667175293 0
1639652476602 1.1762466094970703 0
1639652480900 1.1566023258209228 0
1639652485080 1.1635070600509643 0
1639652489327 1.1366348405838014 0
1639652493546 1.128440329360962 0
1639652497735 1.1032117696762085 0
1639652501985 1.098955330181122 0
1639652506211 1.079234545135498 0
1639652510499 1.0740192359924317 0
1639652514717 1.0458175094604492 0
1639652518946 1.0482573497772216 0
1639652523229 1.0305466222763062 0
1639652527517 1.0224240748405458 0
1639652531678 1.0056531064987182 0
1639652535938 0.9960647579193115 0
1639652540193 0.983530366230011 0
1639652544483 0.9666761843681335 0
1639652548650 0.9599449806213379 0
1639652552915 0.9603369117736816 0
1639652557225 0.9358233752250671 0
1639652561444 0.9181556052207946 0
1639652565642 0.9073777334213257 0
1639652569830 0.9170927364349365 0
1639652574135 0.8884149715423584 0
1639652578360 0.8676514993667602 0
1639652582600 0.8631026569366456 0
1639652586822 0.8540601407051086 0
1639652591002 0.8425220821380616 0
1639652595192 0.8362595207214355 0
1639652599450 0.8436611665248871 0
1639652603688 0.8189602000236511 0
1639652608000 0.7931466804504395 0
1639652612162 0.7903439120292663 0
1639652616351 0.7739934921264648 0
1639652620564 0.7694661874771118 0
1639652624768 0.7493328628540039 0
1639652629009 0.741671212387085 0
1639652633245 0.72081954164505 0
1639652637484 0.7161067216873169 0
1639652641730 0.7054567924499512 0
1639652645893 0.6993513468742371 0
1639652650118 0.6786518084049225 0
1639652654343 0.6765432507514954 0
1639652658515 0.6650169212341308 0
1639652662747 0.6613819607257843 0
1639652667009 0.6444813377380371 0
1639652671256 0.6386802329063416 0
1639652675534 0.6209578391075135 0
1639652679792 0.6211326232910156 0
1639652684011 0.6173730550765991 0
1639652688236 0.5891488875389099 0
1639652692406 0.5805123464584351 0
1639652696601 0.5642265485286713 0
1639652700817 0.5539419464111328 0
1639652705131 0.5451176734924317 0
1639652709368 0.5494323775291443 0
1639652713578 0.5305191671848297 0
1639652717890 0.5349725835800171 0
1639652722085 0.5123639854431152 0
1639652726312 0.5025695103645325 0
1639652730640 0.5079581075668335 0
1639652734875 0.4866845953941345 0
1639652739015 0.46452235164642336 0
1639652743230 0.4744620348930359 0
1639652747477 0.44598474864959714 0
1639652751709 0.44274633843898775 0
1639652755957 0.42033782670497893 0
1639652760138 0.4211096108913422 0
1639652764396 0.41205474905967715 0
1639652768649 0.40420992398262023 0
1639652791079 2.3045999000549315 0
1639652795265 2.2265929313659667 0
1639652799424 2.1699231243133545 0
1639652803626 2.1126885799407957 0
1639652807752 2.0602525964736937 0
1639652811989 2.0103618755340578 0
1639652816241 1.9687006141662597 0
1639652820571 1.9291361179351807 0
1639652824938 1.892817211151123 0
1639652829547 1.8540546995162963 0
1639652833979 1.820879750442505 0
1639652838366 1.7911248266220092 0
1639652842813 1.759767137336731 0
1639652847175 1.7260597408294678 0
1639652851526 1.7064810079574586 0
1639652855953 1.6762070867538452 0
1639652860251 1.652906969642639 0
1639652864694 1.624755301475525 0
1639652868994 1.5974384141921998 0
1639652873245 1.5804663650512696 0
1639652877540 1.5532825067520142 0
1639652881974 1.5312263166427613 0
1639652886331 1.5113943956375122 0
1639652890742 1.497130597114563 0
1639652895033 1.475078935623169 0
1639652899404 1.4692768787384034 0
1639652903813 1.4514417720794677 0
1639652908143 1.4248488403320312 0
1639652912451 1.407758253288269 0
1639652916785 1.3914571182250977 0
1639652921170 1.3673223112106323 0
1639652925602 1.3613097661972047 0
1639652929921 1.3322216213226319 0
1639652934251 1.3249235244750976 0
1639652938506 1.3051792541503906 0
1639652942800 1.3005945687294007 0
1639652947111 1.281837318611145 0
1639652951346 1.2615027872085571 0
1639652955578 1.2572342706680297 0
1639652959809 1.2601536821365356 0
1639652964091 1.2157690284729004 0
1639652968319 1.2147515352249145 0
1639652972579 1.1932460973739625 0
1639652976841 1.1924931371688843 0
1639652981096 1.166188533973694 0
1639652985293 1.14615622215271 0
1639652989497 1.1368420274734496 0
1639652993687 1.1175658797264099 0
1639652997839 1.1206805206298829 0
1639653002073 1.1007768858909608 0
1639653006315 1.086483004951477 0
1639653010584 1.083647929763794 0
1639653014793 1.0688995132446288 0
1639653018975 1.0475386506080628 0
1639653023163 1.0389224090576172 0
1639653027352 1.0224629409790038 0
1639653031619 1.0241267726898193 0
1639653035819 1.001260714530945 0
1639653040057 0.9817629472732544 0
1639653044295 0.9743974187850952 0
1639653048528 0.9776314514160156 0
1639653052781 0.9563790565490723 0
1639653056962 0.9376663771629333 0
1639653061291 0.9316730520248413 0
1639653065667 0.899074552154541 0
1639653069934 0.8939250460624695 0
1639653074270 0.883674310207367 0
1639653078512 0.8724013788223267 0
1639653082790 0.86970076379776 0
1639653087028 0.8835130257606506 0
1639653091364 0.8415636593818665 0
1639653095567 0.8228577150344849 0
1639653099858 0.8039698223114013 0
1639653104130 0.7985828783035278 0
1639653108425 0.8206684678077698 0
1639653112658 0.7875009460449218 0
1639653116914 0.7720390335083008 0
1639653121220 0.7478077346801758 0
1639653125600 0.7364484003067017 0
1639653129890 0.7329147302627563 0
1639653134308 0.722986400270462 0
1639653138637 0.7143005259037017 0
1639653142851 0.6914914769172669 0
1639653147041 0.689222359085083 0
1639653151189 0.6609472098350525 0
1639653155440 0.6720502814292908 0
1639653159666 0.6473202052116394 0
1639653163878 0.6532599722862243 0
1639653168050 0.6218590950012207 0
1639653172240 0.615498751449585 0
1639653176554 0.6037799947738648 0
1639653180777 0.5873719591140747 0
1639653185026 0.5737726776123047 0
1639653189216 0.5617697286605835 0
1639653193421 0.5557506647109985 0
1639653197676 0.5543715031147003 0
1639653201862 0.5265775625228882 0
1639653206088 0.5263644106864929 0
1639653210371 0.5043580295562744 0
1639653214653 0.4924432141304016 0
