1652286454557 0.28401950111935537 0
1652286478587 0.1541387848138809 0
1652286503808 0.12723672898511093 0
1652286528058 0.11720887601065139 0
1652286552675 0.10559382782839238 0
1652286577036 0.09452811483225475 0
1652286600679 0.0874427785936743 0
1652286625835 0.08152707185770075 0
1652286650421 0.07511274233289685 0
1652286675234 0.07431332808462902 0
1652286699697 0.07159711897675879 0
1652286724173 0.06923941650058453 0
1652286748102 0.06652189626914139 0
1652286772598 0.06833299303880583 0
1652286796911 0.06659444760767122 0
1652286822294 0.06212470408715308 0
1652286847152 0.06300170404099238 0
1652286871936 0.05890026516754491 0
1652286896988 0.059161733168363574 0
1652286921339 0.06109230601998667 0
1652286946314 0.057041389113416274 0
1652286970934 0.060027743230201304 0
1652286996030 0.057016524574765935 0
1652287020587 0.05709099881391352 0
1652287046459 0.057162864190479744 0
1652287070785 0.05343004453854325 0
1652287096445 0.053127889285500475 0
1652287121619 0.05668725331183523 0
1652287145965 0.05422805944692033 0
1652287170523 0.05183797605959699 0
1652287201671 0.24595764000278253 0
1652287229134 0.14159808396192697 0
1652287256877 0.11604662300164884 0
1652287284610 0.10385318748842065 0
1652287312697 0.09773262451755313 0
1652287340489 0.08802931193376963 0
1652287367863 0.08562033679175836 0
1652287394799 0.08387778356315997 0
1652287422239 0.08045794498212636 0
1652287450370 0.07552356824969443 0
1652287477544 0.07748245023531983 0
1652287505734 0.0734883823471287 0
1652287533485 0.06989358083442426 0
1652287561339 0.0714897193451627 0
1652287588815 0.07200739623293853 0
1652287617019 0.07181458642391059 0
1652287645750 0.06929520927323744 0
1652287673786 0.06537156458653223 0
1652287700948 0.06820442263595759 0
1652287728752 0.06499780492993215 0
1652287756053 0.06231255760231557 0
1652287784070 0.06566577781630824 0
1652287811620 0.06488517955650504 0
1652287839257 0.06263791628406884 0
1652287866274 0.06373661957116654 0
1652287893925 0.061743530064964525 0
1652287921797 0.06117014262779401 0
1652287949821 0.060274031241825565 0
1652287977615 0.06134751419606977 0
1652288005293 0.05556279473256033 0
1652288040065 0.23752785284656744 0
1652288067935 0.13729899463859888 0
1652288095542 0.1121645464784824 0
1652288123248 0.10012419156483733 0
1652288151698 0.09153808466763451 0
1652288179814 0.08581921631476054 0
1652288207819 0.08387587473403949 0
1652288235743 0.0811915208124484 0
1652288263842 0.07991644659721507 0
1652288292379 0.07466437094251697 0
1652288319720 0.07500191865365666 0
1652288348176 0.07494991168356858 0
1652288376348 0.0694540657519721 0
1652288404234 0.0698451450066641 0
1652288431969 0.07019195529702478 0
1652288459965 0.06755957226048295 0
1652288487715 0.06783409029860049 0
1652288515758 0.06458491697654557 0
1652288543576 0.06614218040555715 0
1652288571475 0.06377902074212638 0
1652288599863 0.06565654915945175 0
1652288628865 0.06418713232970152 0
1652288657615 0.06408827514805329 0
1652288685608 0.06200281591487045 0
1652288713910 0.06177027091140357 0
1652288741806 0.06447578291394748 0
1652288770163 0.061806048929447736 0
1652288798272 0.06141221163993558 0
1652288826504 0.05950740440909106 0
1652288854727 0.060388248944253875 0
1652288894050 0.23708464973546706 0
1652288922484 0.13990317608403105 0
1652288951027 0.11484000586361164 0
1652288979362 0.10287725625488847 0
1652289008141 0.09245161518861252 0
1652289036534 0.08805142957824931 0
1652289064860 0.08688403597328705 0
1652289093110 0.08475209430190588 0
1652289121122 0.08138470358834464 0
1652289148888 0.07727733751807192 0
1652289177866 0.07470268993693764 0
1652289206001 0.07310163832250896 0
1652289234453 0.07377744313906495 0
1652289261646 0.070999068497818 0
1652289290116 0.06841916931591162 0
1652289319602 0.07388684027784288 0
1652289348173 0.06993558637561642 0
1652289376584 0.06674851257682544 0
1652289404813 0.06813666012482643 0
1652289433276 0.06576298569680733 0
1652289461840 0.0642921620764806 0
1652289490237 0.06281092583803823 0
1652289517961 0.06452945015535795 0
1652289546603 0.06419009002816002 0
1652289575097 0.06234950838969057 0
1652289602991 0.06091019070548273 0
1652289631276 0.06405185111120645 0
1652289659434 0.06205104983906936 0
1652289688065 0.059901803513838864 0
1652289716728 0.06367215926480772 0
1652289760126 0.2335909305838438 0
1652289788956 0.14005143897670966 0
1652289817415 0.11529116696417331 0
1652289844625 0.10342207870810077 0
1652289872642 0.09620181797313003 0
1652289901345 0.09244856955288694 0
1652289930022 0.0819890270356662 0
1652289959108 0.08309688967962105 0
1652289987856 0.07975875037603367 0
1652290016638 0.07735474726021863 0
1652290045062 0.07560663230049496 0
1652290074529 0.07461623654583326 0
1652290102882 0.07475910388777175 0
1652290131631 0.06953804235465538 0
1652290159850 0.07097130227010125 0
1652290189061 0.07268440606232303 0
1652290217343 0.07082908812178156 0
1652290245931 0.06875858373510149 0
1652290274280 0.07087017842279031 0
1652290302492 0.06762100913309707 0
1652290331185 0.06685401083672993 0
1652290359285 0.06532701152153313 0
1652290387810 0.06393706496067775 0
1652290417284 0.06377610787413297 0
1652290446425 0.06363197719845921 0
1652290475044 0.06402225988741893 0
1652290503470 0.06130354929179526 0
1652290532072 0.06245820259542133 0
1652290561360 0.06304373839774097 0
1652290589839 0.0631096499950052 0
