1651841029778 0.4892 0
1651841032870 0.688 0
1651841035905 0.7768 0
1651841038970 0.8108 0
1651841041995 0.8256 0
1651841045013 0.8396 0
1651841048048 0.8892 0
1651841051225 0.8768 0
1651841054232 0.904 0
1651841057442 0.8948 0
1651841060481 0.8832 0
1651841063442 0.932 0
1651841066507 0.948 0
1651841069594 0.9488 0
1651841072772 0.9476 0
1651841076037 0.968 0
1651841079041 0.9628 0
1651841082175 0.9572 0
1651841085287 0.968 0
1651841088451 0.978 0
1651841091736 0.9528 0
1651841094766 0.9584 0
1651841097819 0.9736 0
1651841100926 0.9744 0
1651841104052 0.9724 0
1651841107080 0.9804 0
1651841110107 0.9636 0
1651841113270 0.9836 0
1651841116327 0.9784 0
1651841119449 0.9536 0
1651841122467 0.9848 0
1651841125601 0.9848 0
1651841128751 0.9872 0
1651841132044 0.9716 0
1651841135179 0.9764 0
1651841138275 0.9872 0
1651841141643 0.9848 0
1651841144851 0.95 0
1651841148210 0.9892 0
1651841151431 0.9912 0
1651841154512 0.9932 0
1651841157667 0.9952 0
1651841160774 0.9864 0
1651841163935 0.9648 0
1651841167154 0.9764 0
1651841170289 0.9768 0
1651841173490 0.9688 0
1651841176534 0.9836 0
1651841179710 0.9936 0
1651841182785 0.9944 0
1651841187735 0.7602 0
1651841188383 0.0 0
1651841189030 0.0 0
1651841189683 0.0 0
1651841190327 0.0 0
1651841190952 0.0 0
1651841191612 0.0 0
1651841192251 0.0 0
1651841192885 0.0 0
1651841193559 0.0 0
1651841194203 0.0 0
1651841194852 0.0 0
1651841195506 0.0 0
1651841196167 0.0 0
1651841196817 0.0 0
1651841197452 0.0 0
1651841198101 0.0 0
1651841198760 0.0 0
1651841199400 0.0 0
1651841200079 0.0 0
1651841200731 0.0 0
1651841201388 0.0 0
1651841202043 0.0 0
1651841202668 0.0 0
1651841203302 0.0 0
1651841203929 0.0 0
1651841204559 0.0 0
1651841205191 0.0 0
1651841205893 0.0 0
1651841206517 0.0 0
1651841207187 0.0 0
1651841207829 0.0 0
1651841208463 0.0 0
1651841209109 0.0 0
1651841209755 0.0 0
1651841210379 0.0 0
1651841211009 0.0 0
1651841211631 0.0 0
1651841212296 0.0 0
1651841212931 0.0 0
1651841213571 0.0 0
1651841214238 0.0 0
1651841214940 0.0 0
1651841215606 0.0 0
1651841216243 0.0 0
1651841216864 0.0 0
1651841217504 0.0 0
1651841218145 0.0 0
1651841218784 0.0 0
1651841219410 0.0 0
1651841226921 0.7496 0
1651841227622 0.0 0
1651841228273 0.0 0
1651841228954 0.0 0
1651841229592 0.0 0
1651841230246 0.0 0
1651841230876 0.0 0
1651841231527 0.0 0
1651841232172 0.0 0
1651841232804 0.0 0
1651841233443 0.0 0
1651841234077 0.0 0
1651841234723 0.0 0
1651841235370 0.0 0
1651841236101 0.0 0
1651841236769 0.0 0
1651841237404 0.0 0
1651841238039 0.0 0
1651841238675 0.0 0
1651841239293 0.0 0
1651841239932 0.0 0
1651841240573 0.0 0
1651841241201 0.0 0
1651841241873 0.0 0
1651841242524 0.0 0
1651841243197 0.0 0
1651841243868 0.0 0
1651841244502 0.0 0
1651841245181 0.0 0
1651841245850 0.0 0
1651841246488 0.0 0
1651841247112 0.0 0
1651841247772 0.0 0
1651841248379 0.0 0
1651841249072 0.0 0
1651841249711 0.0 0
1651841250336 0.0 0
1651841250983 0.0 0
1651841251654 0.0 0
1651841252299 0.0 0
1651841252943 0.0 0
1651841253608 0.0 0
1651841254259 0.0 0
1651841254902 0.0 0
1651841255555 0.0 0
1651841256224 0.0 0
1651841256868 0.0 0
1651841257492 0.0 0
1651841258188 0.0 0
1651841258821 0.0 0
1651841266692 0.7724726593758335 0
1651841267396 0.0 0
1651841268033 0.0 0
1651841268687 0.0 0
1651841269315 0.0 0
1651841269954 0.0 0
1651841270601 0.0 0
1651841271232 0.0 0
1651841271860 0.0 0
1651841272479 0.0 0
1651841273123 0.0 0
1651841273816 0.0 0
1651841274482 0.0 0
1651841275164 0.0 0
1651841275843 0.0 0
1651841276488 0.0 0
1651841277124 0.0 0
1651841277773 0.0 0
1651841278424 0.0 0
1651841279058 0.0 0
1651841279706 0.0 0
1651841280366 0.0 0
1651841281004 0.0 0
1651841281715 0.0 0
1651841282392 0.0 0
1651841283052 0.0 0
1651841283695 0.0 0
1651841284336 0.0 0
1651841284980 0.0 0
1651841285612 0.0 0
1651841286246 0.0 0
1651841286904 0.0 0
1651841287541 0.0 0
1651841288169 0.0 0
1651841288809 0.0 0
1651841289511 0.0 0
1651841290157 0.0 0
1651841290804 0.0 0
1651841291465 0.0 0
1651841292127 0.0 0
1651841292764 0.0 0
1651841293410 0.0 0
1651841294057 0.0 0
1651841294724 0.0 0
1651841295422 0.0 0
1651841296109 0.0 0
1651841296790 0.0 0
1651841297555 0.0 0
1651841298252 0.0 0
1651841298926 0.0 0
1651841306997 0.7865333333333333 0
1651841307636 0.0 0
1651841308304 0.0 0
1651841308952 0.0 0
1651841309636 0.0 0
1651841310281 0.0 0
1651841310926 0.0 0
1651841311610 0.0 0
1651841312279 0.0 0
1651841312936 0.0 0
1651841313613 0.0 0
1651841314266 0.0 0
1651841314940 0.0 0
1651841315646 0.0 0
1651841316304 0.0 0
1651841316973 0.0 0
1651841317629 0.0 0
1651841318298 0.0 0
1651841318934 0.0 0
1651841319632 0.0 0
1651841320293 0.0 0
1651841320942 0.0 0
1651841321595 0.0 0
1651841322340 0.0 0
1651841323000 0.0 0
1651841323678 0.0 0
1651841324341 0.0 0
1651841324990 0.0 0
1651841325629 0.0 0
1651841326268 0.0 0
1651841326946 0.0 0
1651841327597 0.0 0
1651841328277 0.0 0
1651841328937 0.0 0
1651841329584 0.0 0
1651841330239 0.0 0
1651841330937 0.0 0
1651841331585 0.0 0
1651841332239 0.0 0
1651841332882 0.0 0
1651841333533 0.0 0
1651841334169 0.0 0
1651841334798 0.0 0
1651841335440 0.0 0
1651841336095 0.0 0
1651841336757 0.0 0
1651841337428 0.0 0
1651841338101 0.0 0
1651841338729 0.0 0
1651841339381 0.0 0
1651841347778 0.7918666666666667 0
1651841348441 0.0 0
1651841349102 0.0 0
1651841349733 0.0 0
1651841350387 0.0 0
1651841351009 0.0 0
1651841351627 0.0 0
1651841352273 0.0 0
1651841352979 0.0 0
1651841353655 0.0 0
1651841354313 0.0 0
1651841354971 0.0 0
1651841355624 0.0 0
1651841356261 0.0 0
1651841356889 0.0 0
1651841357521 0.0 0
1651841358201 0.0 0
1651841358863 0.0 0
1651841359535 0.0 0
1651841360169 0.0 0
1651841360818 0.0 0
1651841361489 0.0 0
1651841362146 0.0 0
1651841362770 0.0 0
1651841363410 0.0 0
1651841364065 0.0 0
1651841364768 0.0 0
1651841365459 0.0 0
1651841366105 0.0 0
1651841366745 0.0 0
1651841367380 0.0 0
1651841368025 0.0 0
1651841368685 0.0 0
1651841369381 0.0 0
1651841370033 0.0 0
1651841370684 0.0 0
1651841371333 0.0 0
1651841371974 0.0 0
1651841372613 0.0 0
1651841373271 0.0 0
1651841373932 0.0 0
1651841374578 0.0 0
1651841375285 0.0 0
1651841375930 0.0 0
1651841376619 0.0 0
1651841377286 0.0 0
1651841377954 0.0 0
1651841378601 0.0 0
1651841379247 0.0 0
1651841379897 0.0 0
1651841388739 0.742731395038677 0
1651841389388 0.0 0
1651841390010 0.0 0
1651841390638 0.0 0
1651841391309 0.0 0
1651841391963 0.0 0
1651841392661 0.0 0
1651841393314 0.0 0
1651841393976 0.0 0
1651841394626 0.0 0
1651841395266 0.0 0
1651841395889 0.0 0
1651841396517 0.0 0
1651841397164 0.0 0
1651841397829 0.0 0
1651841398445 0.0 0
1651841399122 0.0 0
1651841399784 0.0 0
1651841400474 0.0 0
1651841401110 0.0 0
1651841401747 0.0 0
1651841402399 0.0 0
1651841403072 0.0 0
1651841403689 0.0 0
1651841404302 0.0 0
1651841404932 0.0 0
1651841405627 0.0 0
1651841406279 0.0 0
1651841406967 0.0 0
1651841407620 0.0 0
1651841408233 0.0 0
1651841408876 0.0 0
1651841409502 0.0 0
1651841410139 0.0 0
1651841410798 0.0 0
1651841411477 0.0 0
1651841412135 0.0 0
1651841412815 0.0 0
1651841413466 0.0 0
1651841414110 0.0 0
1651841414762 0.0 0
1651841415399 0.0 0
1651841416042 0.0 0
1651841416681 0.0 0
1651841417309 0.0 0
1651841418003 0.0 0
1651841418676 0.0 0
1651841419356 0.0 0
1651841420002 0.0 0
1651841420648 0.0 0
1651841429723 0.7481995198719659 0
1651841430410 0.0 0
1651841431067 0.0 0
1651841431738 0.0 0
1651841432397 0.0 0
1651841433054 0.0 0
1651841433695 0.0 0
1651841434324 0.0 0
1651841434975 0.0 0
1651841435620 0.0 0
1651841436319 0.0 0
1651841436970 0.0 0
1651841437651 0.0 0
1651841438290 0.0 0
1651841438953 0.0 0
1651841439605 0.0 0
1651841440262 0.0 0
1651841440870 0.0 0
1651841441521 0.0 0
1651841442146 0.0 0
1651841442793 0.0 0
1651841443446 0.0 0
1651841444127 0.0 0
1651841444794 0.0 0
1651841445465 0.0 0
1651841446113 0.0 0
1651841446850 0.0 0
1651841447491 0.0 0
1651841448136 0.0 0
1651841448780 0.0 0
1651841449491 0.0 0
1651841450147 0.0 0
1651841450795 0.0 0
1651841451479 0.0 0
1651841452135 0.0 0
1651841452824 0.0 0
1651841453462 0.0 0
1651841454110 0.0 0
1651841454741 0.0 0
1651841455381 0.0 0
1651841456018 0.0 0
1651841456669 0.0 0
1651841457365 0.0 0
1651841458010 0.0 0
1651841458646 0.0 0
1651841459317 0.0 0
1651841459992 0.0 0
1651841460636 0.0 0
1651841461288 0.0 0
1651841461943 0.0 0
1651841471621 0.7765333333333333 0
1651841472310 0.0 0
1651841472967 0.0 0
1651841473599 0.0 0
1651841474250 0.0 0
1651841474892 0.0 0
1651841475522 0.0 0
1651841476168 0.0 0
1651841476810 0.0 0
1651841477447 0.0 0
1651841478134 0.0 0
1651841478790 0.0 0
1651841479479 0.0 0
1651841480146 0.0 0
1651841480810 0.0 0
1651841481475 0.0 0
1651841482121 0.0 0
1651841482755 0.0 0
1651841483391 0.0 0
1651841484040 0.0 0
1651841484690 0.0 0
1651841485395 0.0 0
1651841486056 0.0 0
1651841486726 0.0 0
1651841487371 0.0 0
1651841488019 0.0 0
1651841488654 0.0 0
1651841489303 0.0 0
1651841489934 0.0 0
1651841490587 0.0 0
1651841491219 0.0 0
1651841491867 0.0 0
1651841492563 0.0 0
1651841493247 0.0 0
1651841493927 0.0 0
1651841494562 0.0 0
1651841495224 0.0 0
1651841495876 0.0 0
1651841496523 0.0 0
1651841497167 0.0 0
1651841497792 0.0 0
1651841498434 0.0 0
1651841499068 0.0 0
1651841499793 0.0 0
1651841500447 0.0 0
1651841501124 0.0 0
1651841501771 0.0 0
1651841502411 0.0 0
1651841503055 0.0 0
1651841503714 0.0 0
1651841513680 0.7456971314209473 0
1651841514393 0.0 0
1651841515050 0.0 0
1651841515692 0.0 0
1651841516348 0.0 0
1651841516994 0.0 0
1651841517612 0.0 0
1651841518254 0.0 0
1651841518919 0.0 0
1651841519553 0.0 0
1651841520259 0.0 0
1651841520879 0.0 0
1651841521524 0.0 0
1651841522191 0.0 0
1651841522859 0.0 0
1651841523531 0.0 0
1651841524192 0.0 0
1651841524853 0.0 0
1651841525501 0.0 0
1651841526155 0.0 0
1651841526808 0.0 0
1651841527447 0.0 0
1651841528114 0.0 0
1651841528769 0.0 0
1651841529428 0.0 0
1651841530148 0.0 0
1651841530795 0.0 0
1651841531440 0.0 0
1651841532094 0.0 0
1651841532723 0.0 0
1651841533379 0.0 0
1651841534021 0.0 0
1651841534660 0.0 0
1651841535324 0.0 0
1651841535967 0.0 0
1651841536616 0.0 0
1651841537283 0.0 0
1651841537968 0.0 0
1651841538624 0.0 0
1651841539311 0.0 0
1651841539959 0.0 0
1651841540604 0.0 0
1651841541255 0.0 0
1651841541910 0.0 0
1651841542561 0.0 0
1651841543197 0.0 0
1651841543823 0.0 0
1651841544464 0.0 0
1651841545137 0.0 0
1651841545819 0.0 0
1651841556314 0.7568 0
1651841556944 0.0 0
1651841557596 0.0 0
1651841558252 0.0 0
1651841558895 0.0 0
1651841559552 0.0 0
1651841560196 0.0 0
1651841560856 0.0 0
1651841561583 0.0 0
1651841562275 0.0 0
1651841562964 0.0 0
1651841563620 0.0 0
1651841564283 0.0 0
1651841564908 0.0 0
1651841565557 0.0 0
1651841566189 0.0 0
1651841566824 0.0 0
1651841567459 0.0 0
1651841568095 0.0 0
1651841568804 0.0 0
1651841569493 0.0 0
1651841570212 0.0 0
1651841570892 0.0 0
1651841571548 0.0 0
1651841572170 0.0 0
1651841572828 0.0 0
1651841573451 0.0 0
1651841574085 0.0 0
1651841574731 0.0 0
1651841575379 0.0 0
1651841576005 0.0 0
1651841576716 0.0 0
1651841577368 0.0 0
1651841578049 0.0 0
1651841578700 0.0 0
1651841579342 0.0 0
1651841580001 0.0 0
1651841580647 0.0 0
1651841581317 0.0 0
1651841581945 0.0 0
1651841582602 0.0 0
1651841583253 0.0 0
1651841583914 0.0 0
1651841584608 0.0 0
1651841585283 0.0 0
1651841585975 0.0 0
1651841586755 0.0 0
1651841587412 0.0 0
1651841588075 0.0 0
1651841588732 0.0 0
1651841599541 0.7602081665332265 0
1651841600216 0.0 0
1651841600887 0.0 0
1651841601544 0.0 0
1651841602247 0.0 0
1651841602904 0.0 0
1651841603549 0.0 0
1651841604222 0.0 0
1651841604891 0.0 0
1651841605552 0.0 0
1651841606205 0.0 0
1651841606836 0.0 0
1651841607553 0.0 0
1651841608215 0.0 0
1651841608919 0.0 0
1651841609592 0.0 0
1651841610226 0.0 0
1651841610885 0.0 0
1651841611610 0.0 0
1651841612296 0.0 0
1651841612964 0.0 0
1651841613646 0.0 0
1651841614376 0.0 0
1651841615098 0.0 0
1651841615765 0.0 0
1651841616439 0.0 0
1651841617087 0.0 0
1651841617748 0.0 0
1651841618463 0.0 0
1651841619129 0.0 0
1651841619785 0.0 0
1651841620452 0.0 0
1651841621097 0.0 0
1651841621771 0.0 0
1651841622464 0.0 0
1651841623119 0.0 0
1651841623794 0.0 0
1651841624459 0.0 0
1651841625108 0.0 0
1651841625796 0.0 0
1651841626467 0.0 0
1651841627121 0.0 0
1651841627806 0.0 0
1651841628455 0.0 0
1651841629105 0.0 0
1651841629848 0.0 0
1651841630523 0.0 0
1651841631228 0.0 0
1651841631892 0.0 0
1651841632554 0.0 0
1651841643614 0.7924452749599573 0
1651841644273 0.0 0
1651841644913 0.0 0
1651841645581 0.0 0
1651841646292 0.0 0
1651841646961 0.0 0
1651841647633 0.0 0
1651841648298 0.0 0
1651841648956 0.0 0
1651841649613 0.0 0
1651841650230 0.0 0
1651841650893 0.0 0
1651841651570 0.0 0
1651841652273 0.0 0
1651841652969 0.0 0
1651841653647 0.0 0
1651841654327 0.0 0
1651841655003 0.0 0
1651841655645 0.0 0
1651841656285 0.0 0
1651841656937 0.0 0
1651841657625 0.0 0
1651841658283 0.0 0
1651841658965 0.0 0
1651841659643 0.0 0
1651841660310 0.0 0
1651841660974 0.0 0
1651841661625 0.0 0
1651841662273 0.0 0
1651841663000 0.0 0
1651841663673 0.0 0
1651841664370 0.0 0
1651841665029 0.0 0
1651841665669 0.0 0
1651841666322 0.0 0
1651841666965 0.0 0
1651841667607 0.0 0
1651841668264 0.0 0
1651841668977 0.0 0
1651841669623 0.0 0
1651841670302 0.0 0
1651841670963 0.0 0
1651841671618 0.0 0
1651841672271 0.0 0
1651841672917 0.0 0
1651841673561 0.0 0
1651841674283 0.0 0
1651841674963 0.0 0
1651841675657 0.0 0
1651841676312 0.0 0
1651841688106 0.8270154831820609 0
1651841688741 0.0 0
1651841689377 0.0 0
1651841690005 0.0 0
1651841690702 0.0 0
1651841691369 0.0 0
1651841692025 0.0 0
1651841692677 0.0 0
1651841693347 0.0 0
1651841693990 0.0 0
1651841694627 0.0 0
1651841695281 0.0 0
1651841695950 0.0 0
1651841696655 0.0 0
1651841697321 0.0 0
1651841697985 0.0 0
1651841698697 0.0 0
1651841699361 0.0 0
1651841700015 0.0 0
1651841700642 0.0 0
1651841701303 0.0 0
1651841701945 0.0 0
1651841702605 0.0 0
1651841703249 0.0 0
1651841703922 0.0 0
1651841704587 0.0 0
1651841705257 0.0 0
1651841705930 0.0 0
1651841706586 0.0 0
1651841707256 0.0 0
1651841707922 0.0 0
1651841708550 0.0 0
1651841709222 0.0 0
1651841709985 0.0 0
1651841710650 0.0 0
1651841711322 0.0 0
1651841711948 0.0 0
1651841712603 0.0 0
1651841713253 0.0 0
1651841713889 0.0 0
1651841714541 0.0 0
1651841715215 0.0 0
1651841715888 0.0 0
1651841716610 0.0 0
1651841717285 0.0 0
1651841717988 0.0 0
1651841718647 0.0 0
1651841719297 0.0 0
1651841719964 0.0 0
1651841720613 0.0 0
1651841732833 0.7995465457455322 0
1651841733470 0.0 0
1651841734119 0.0 0
1651841734827 0.0 0
1651841735501 0.0 0
1651841736214 0.0 0
1651841736864 0.0 0
1651841737545 0.0 0
1651841738181 0.0 0
1651841738822 0.0 0
1651841739478 0.0 0
1651841740123 0.0 0
1651841740774 0.0 0
1651841741441 0.0 0
1651841742124 0.0 0
1651841742805 0.0 0
1651841743443 0.0 0
1651841744105 0.0 0
1651841744762 0.0 0
1651841745424 0.0 0
1651841746079 0.0 0
1651841746732 0.0 0
1651841747394 0.0 0
1651841748074 0.0 0
1651841748738 0.0 0
1651841749412 0.0 0
1651841750092 0.0 0
1651841750743 0.0 0
1651841751400 0.0 0
1651841752051 0.0 0
1651841752678 0.0 0
1651841753388 0.0 0
1651841754048 0.0 0
1651841754738 0.0 0
1651841755382 0.0 0
1651841756022 0.0 0
1651841756678 0.0 0
1651841757355 0.0 0
1651841757988 0.0 0
1651841758664 0.0 0
1651841759355 0.0 0
1651841760067 0.0 0
1651841760699 0.0 0
1651841761372 0.0 0
1651841762043 0.0 0
1651841762707 0.0 0
1651841763380 0.0 0
1651841764059 0.0 0
1651841764691 0.0 0
1651841765365 0.0 0
1651841777812 0.8 0
1651841778429 0.0 0
1651841779085 0.0 0
1651841779744 0.0 0
1651841780370 0.0 0
1651841781030 0.0 0
1651841781728 0.0 0
1651841782402 0.0 0
1651841783069 0.0 0
1651841783730 0.0 0
1651841784363 0.0 0
1651841785037 0.0 0
1651841785702 0.0 0
1651841786355 0.0 0
1651841787007 0.0 0
1651841787690 0.0 0
1651841788376 0.0 0
1651841789091 0.0 0
1651841789778 0.0 0
1651841790465 0.0 0
1651841791122 0.0 0
1651841791779 0.0 0
1651841792464 0.0 0
1651841793124 0.0 0
1651841793778 0.0 0
1651841794428 0.0 0
1651841795087 0.0 0
1651841795801 0.0 0
1651841796492 0.0 0
1651841797206 0.0 0
1651841797954 0.0 0
1651841798611 0.0 0
1651841799280 0.0 0
1651841799930 0.0 0
1651841800574 0.0 0
1651841801237 0.0 0
1651841801898 0.0 0
1651841802624 0.0 0
1651841803306 0.0 0
1651841803994 0.0 0
1651841804676 0.0 0
1651841805318 0.0 0
1651841805974 0.0 0
1651841806644 0.0 0
1651841807307 0.0 0
1651841807952 0.0 0
1651841808580 0.0 0
1651841809245 0.0 0
1651841809955 0.0 0
1651841810617 0.0 0
1651841823338 0.8093966898024559 0
1651841824026 0.0 0
1651841824713 0.0 0
1651841825366 0.0 0
1651841826030 0.0 0
1651841826660 0.0 0
1651841827323 0.0 0
1651841827977 0.0 0
1651841828602 0.0 0
1651841829269 0.0 0
1651841829985 0.0 0
1651841830643 0.0 0
1651841831286 0.0 0
1651841831953 0.0 0
1651841832627 0.0 0
1651841833289 0.0 0
1651841833958 0.0 0
1651841834599 0.0 0
1651841835239 0.0 0
1651841835893 0.0 0
1651841836531 0.0 0
1651841837193 0.0 0
1651841837886 0.0 0
1651841838525 0.0 0
1651841839191 0.0 0
1651841839916 0.0 0
1651841840581 0.0 0
1651841841245 0.0 0
1651841841908 0.0 0
1651841842578 0.0 0
1651841843235 0.0 0
1651841843896 0.0 0
1651841844531 0.0 0
1651841845198 0.0 0
1651841845854 0.0 0
1651841846495 0.0 0
1651841847191 0.0 0
1651841847856 0.0 0
1651841848547 0.0 0
1651841849203 0.0 0
1651841849862 0.0 0
1651841850518 0.0 0
1651841851168 0.0 0
1651841851811 0.0 0
1651841852465 0.0 0
1651841853115 0.0 0
1651841853778 0.0 0
1651841854438 0.0 0
1651841855159 0.0 0
1651841855841 0.0 0
1651841869076 0.8176847159242465 0
1651841869807 0.0 0
1651841870515 0.0 0
1651841871177 0.0 0
1651841871853 0.0 0
1651841872499 0.0 0
1651841873148 0.0 0
1651841873785 0.0 0
1651841874456 0.0 0
1651841875133 0.0 0
1651841875775 0.0 0
1651841876438 0.0 0
1651841877117 0.0 0
1651841877780 0.0 0
1651841878447 0.0 0
1651841879141 0.0 0
1651841879796 0.0 0
1651841880444 0.0 0
1651841881088 0.0 0
1651841881727 0.0 0
1651841882381 0.0 0
1651841883047 0.0 0
1651841883707 0.0 0
1651841884341 0.0 0
1651841884999 0.0 0
1651841885700 0.0 0
1651841886373 0.0 0
1651841887056 0.0 0
1651841887716 0.0 0
1651841888374 0.0 0
1651841889016 0.0 0
1651841889694 0.0 0
1651841890362 0.0 0
1651841891011 0.0 0
1651841891682 0.0 0
1651841892332 0.0 0
1651841892978 0.0 0
1651841893678 0.0 0
1651841894350 0.0 0
1651841895046 0.0 0
1651841895704 0.0 0
1651841896364 0.0 0
1651841897030 0.0 0
1651841897710 0.0 0
1651841898413 0.0 0
1651841899069 0.0 0
1651841899741 0.0 0
1651841900387 0.0 0
1651841901052 0.0 0
1651841901757 0.0 0
1651841915435 0.7906759283996794 0
1651841916085 0.0 0
1651841916785 0.0 0
1651841917464 0.0 0
1651841918146 0.0 0
1651841918821 0.0 0
1651841919483 0.0 0
1651841920161 0.0 0
1651841920821 0.0 0
1651841921524 0.0 0
1651841922227 0.0 0
1651841922875 0.0 0
1651841923504 0.0 0
1651841924232 0.0 0
1651841924896 0.0 0
1651841925561 0.0 0
1651841926241 0.0 0
1651841926883 0.0 0
1651841927562 0.0 0
1651841928237 0.0 0
1651841928928 0.0 0
1651841929569 0.0 0
1651841930256 0.0 0
1651841930912 0.0 0
1651841931630 0.0 0
1651841932300 0.0 0
1651841933067 0.0 0
1651841933725 0.0 0
1651841934378 0.0 0
1651841935084 0.0 0
1651841935751 0.0 0
1651841936433 0.0 0
1651841937104 0.0 0
1651841937770 0.0 0
1651841938459 0.0 0
1651841939143 0.0 0
1651841939849 0.0 0
1651841940521 0.0 0
1651841941185 0.0 0
1651841941849 0.0 0
1651841942530 0.0 0
1651841943205 0.0 0
1651841943888 0.0 0
1651841944577 0.0 0
1651841945226 0.0 0
1651841945952 0.0 0
1651841946675 0.0 0
1651841947376 0.0 0
1651841948033 0.0 0
1651841948699 0.0 0
1651841962792 0.8490062691743364 0
1651841963450 0.0 0
1651841964113 0.0 0
1651841964760 0.0 0
1651841965416 0.0 0
1651841966138 0.0 0
1651841966837 0.0 0
1651841967501 0.0 0
1651841968170 0.0 0
1651841968895 0.0 0
1651841969547 0.0 0
1651841970208 0.0 0
1651841970856 0.0 0
1651841971510 0.0 0
1651841972209 0.0 0
1651841972892 0.0 0
1651841973574 0.0 0
1651841974263 0.0 0
1651841974921 0.0 0
1651841975557 0.0 0
1651841976182 0.0 0
1651841976846 0.0 0
1651841977581 0.0 0
1651841978247 0.0 0
1651841978914 0.0 0
1651841979608 0.0 0
1651841980265 0.0 0
1651841980914 0.0 0
1651841981573 0.0 0
1651841982243 0.0 0
1651841982950 0.0 0
1651841983647 0.0 0
1651841984378 0.0 0
1651841985023 0.0 0
1651841985711 0.0 0
1651841986372 0.0 0
1651841987036 0.0 0
1651841987689 0.0 0
1651841988399 0.0 0
1651841989065 0.0 0
1651841989825 0.0 0
1651841990490 0.0 0
1651841991169 0.0 0
1651841991821 0.0 0
1651841992462 0.0 0
1651841993113 0.0 0
1651841993781 0.0 0
1651841994478 0.0 0
1651841995165 0.0 0
1651841995862 0.0 0
