1651841029788 1.252467439365387 0
1651841032880 0.846665565109253 0
1651841035914 0.6343559953689575 0
1651841038982 0.556433624124527 0
1651841042001 0.4819574757575989 0
1651841045024 0.46024378213882444 0
1651841048060 0.32747083121836185 0
1651841051238 0.3438508488059044 0
1651841054244 0.27761556367874146 0
1651841057454 0.30054716119766234 0
1651841060494 0.322157923746109 0
1651841063456 0.1937273389160633 0
1651841066513 0.14637232913970946 0
1651841069609 0.14899499642848968 0
1651841072783 0.14055293595790863 0
1651841076056 0.10010891830921173 0
1651841079051 0.10405625377893447 0
1651841082185 0.12270063560903072 0
1651841085301 0.0949242900852114 0
1651841088465 0.06793014582395554 0
1651841091742 0.13840460636913776 0
1651841094776 0.11055853125452995 0
1651841097834 0.0786969108954072 0
1651841100935 0.07685132960230112 0
1651841104062 0.08326446138024331 0
1651841107086 0.05452785797715187 0
1651841110120 0.1093556103952229 0
1651841113285 0.05196413529254496 0
1651841116338 0.0595893141746521 0
1651841119462 0.154315192271024 0
1651841122473 0.049403996348381045 0
1651841125612 0.047008465021476147 0
1651841128762 0.03358268211632967 0
1651841132050 0.0773698322251439 0
1651841135192 0.06989427761808038 0
1651841138287 0.044025170937366784 0
1651841141649 0.0466230162858963 0
1651841144862 0.1491862430408597 0
1651841148229 0.03880814258847386 0
1651841151443 0.027947495750989766 0
1651841154521 0.025981994800828398 0
1651841157679 0.01504803159609437 0
1651841160786 0.03650659310519695 0
1651841163948 0.11168391106706113 0
1651841167165 0.07001937600672245 0
1651841170300 0.07744818465411663 0
1651841173503 0.10811422638818621 0
1651841176551 0.04800659050419927 0
1651841179722 0.025189786771312356 0
1651841182797 0.015889198314398528 0
1651841187742 0.6144994251966477 0
1651841188390 0.0 0
1651841189049 0.0 0
1651841189690 0.0 0
1651841190334 0.0 0
1651841190965 0.0 0
1651841191623 0.0 0
1651841192258 0.0 0
1651841192893 0.0 0
1651841193566 0.0 0
1651841194215 0.0 0
1651841194859 0.0 0
1651841195518 0.0 0
1651841196180 0.0 0
1651841196835 0.0 0
1651841197460 0.0 0
1651841198112 0.0 0
1651841198780 0.0 0
1651841199407 0.0 0
1651841200086 0.0 0
1651841200738 0.0 0
1651841201395 0.0 0
1651841202049 0.0 0
1651841202674 0.0 0
1651841203309 0.0 0
1651841203936 0.0 0
1651841204565 0.0 0
1651841205197 0.0 0
1651841205902 0.0 0
1651841206525 0.0 0
1651841207202 0.0 0
1651841207835 0.0 0
1651841208470 0.0 0
1651841209120 0.0 0
1651841209762 0.0 0
1651841210385 0.0 0
1651841211017 0.0 0
1651841211638 0.0 0
1651841212314 0.0 0
1651841212939 0.0 0
1651841213590 0.0 0
1651841214255 0.0 0
1651841214959 0.0 0
1651841215618 0.0 0
1651841216250 0.0 0
1651841216871 0.0 0
1651841217515 0.0 0
1651841218157 0.0 0
1651841218791 0.0 0
1651841219417 0.0 0
1651841226934 0.6545222868442535 0
1651841227631 0.0 0
1651841228280 0.0 0
1651841228968 0.0 0
1651841229599 0.0 0
1651841230259 0.0 0
1651841230887 0.0 0
1651841231542 0.0 0
1651841232185 0.0 0
1651841232811 0.0 0
1651841233450 0.0 0
1651841234090 0.0 0
1651841234733 0.0 0
1651841235377 0.0 0
1651841236118 0.0 0
1651841236776 0.0 0
1651841237416 0.0 0
1651841238050 0.0 0
1651841238684 0.0 0
1651841239300 0.0 0
1651841239939 0.0 0
1651841240580 0.0 0
1651841241220 0.0 0
1651841241881 0.0 0
1651841242531 0.0 0
1651841243212 0.0 0
1651841243875 0.0 0
1651841244514 0.0 0
1651841245193 0.0 0
1651841245861 0.0 0
1651841246501 0.0 0
1651841247119 0.0 0
1651841247779 0.0 0
1651841248386 0.0 0
1651841249091 0.0 0
1651841249723 0.0 0
1651841250343 0.0 0
1651841250995 0.0 0
1651841251661 0.0 0
1651841252310 0.0 0
1651841252951 0.0 0
1651841253615 0.0 0
1651841254277 0.0 0
1651841254919 0.0 0
1651841255566 0.0 0
1651841256236 0.0 0
1651841256875 0.0 0
1651841257499 0.0 0
1651841258195 0.0 0
1651841258829 0.0 0
1651841266706 0.6219734500872036 0
1651841267403 0.0 0
1651841268054 0.0 0
1651841268698 0.0 0
1651841269323 0.0 0
1651841269966 0.0 0
1651841270608 0.0 0
1651841271239 0.0 0
1651841271867 0.0 0
1651841272496 0.0 0
1651841273137 0.0 0
1651841273823 0.0 0
1651841274495 0.0 0
1651841275175 0.0 0
1651841275854 0.0 0
1651841276495 0.0 0
1651841277132 0.0 0
1651841277785 0.0 0
1651841278431 0.0 0
1651841279065 0.0 0
1651841279725 0.0 0
1651841280379 0.0 0
1651841281022 0.0 0
1651841281735 0.0 0
1651841282400 0.0 0
1651841283060 0.0 0
1651841283708 0.0 0
1651841284344 0.0 0
1651841284987 0.0 0
1651841285620 0.0 0
1651841286257 0.0 0
1651841286913 0.0 0
1651841287549 0.0 0
1651841288177 0.0 0
1651841288817 0.0 0
1651841289530 0.0 0
1651841290171 0.0 0
1651841290816 0.0 0
1651841291477 0.0 0
1651841292142 0.0 0
1651841292772 0.0 0
1651841293425 0.0 0
1651841294064 0.0 0
1651841294736 0.0 0
1651841295438 0.0 0
1651841296118 0.0 0
1651841296812 0.0 0
1651841297584 0.0 0
1651841298263 0.0 0
1651841298935 0.0 0
1651841307005 0.5855591458956401 0
1651841307644 0.0 0
1651841308312 0.0 0
1651841308960 0.0 0
1651841309648 0.0 0
1651841310289 0.0 0
1651841310941 0.0 0
1651841311625 0.0 0
1651841312287 0.0 0
1651841312944 0.0 0
1651841313623 0.0 0
1651841314274 0.0 0
1651841314962 0.0 0
1651841315657 0.0 0
1651841316312 0.0 0
1651841316981 0.0 0
1651841317643 0.0 0
1651841318310 0.0 0
1651841318942 0.0 0
1651841319643 0.0 0
1651841320302 0.0 0
1651841320954 0.0 0
1651841321606 0.0 0
1651841322356 0.0 0
1651841323014 0.0 0
1651841323686 0.0 0
1651841324350 0.0 0
1651841324998 0.0 0
1651841325637 0.0 0
1651841326284 0.0 0
1651841326955 0.0 0
1651841327605 0.0 0
1651841328289 0.0 0
1651841328945 0.0 0
1651841329592 0.0 0
1651841330252 0.0 0
1651841330945 0.0 0
1651841331593 0.0 0
1651841332247 0.0 0
1651841332890 0.0 0
1651841333541 0.0 0
1651841334179 0.0 0
1651841334808 0.0 0
1651841335448 0.0 0
1651841336107 0.0 0
1651841336769 0.0 0
1651841337440 0.0 0
1651841338109 0.0 0
1651841338737 0.0 0
1651841339395 0.0 0
1651841347790 0.5701679346402486 0
1651841348449 0.0 0
1651841349115 0.0 0
1651841349741 0.0 0
1651841350395 0.0 0
1651841351017 0.0 0
1651841351635 0.0 0
1651841352289 0.0 0
1651841352991 0.0 0
1651841353668 0.0 0
1651841354321 0.0 0
1651841354984 0.0 0
1651841355637 0.0 0
1651841356269 0.0 0
1651841356897 0.0 0
1651841357532 0.0 0
1651841358209 0.0 0
1651841358875 0.0 0
1651841359543 0.0 0
1651841360177 0.0 0
1651841360835 0.0 0
1651841361498 0.0 0
1651841362155 0.0 0
1651841362778 0.0 0
1651841363425 0.0 0
1651841364074 0.0 0
1651841364780 0.0 0
1651841365471 0.0 0
1651841366114 0.0 0
1651841366761 0.0 0
1651841367390 0.0 0
1651841368042 0.0 0
1651841368702 0.0 0
1651841369390 0.0 0
1651841370041 0.0 0
1651841370694 0.0 0
1651841371348 0.0 0
1651841371988 0.0 0
1651841372622 0.0 0
1651841373286 0.0 0
1651841373945 0.0 0
1651841374587 0.0 0
1651841375294 0.0 0
1651841375939 0.0 0
1651841376636 0.0 0
1651841377304 0.0 0
1651841377969 0.0 0
1651841378609 0.0 0
1651841379265 0.0 0
1651841379914 0.0 0
1651841388749 0.6682700221778298 0
1651841389398 0.0 0
1651841390018 0.0 0
1651841390651 0.0 0
1651841391324 0.0 0
1651841391972 0.0 0
1651841392676 0.0 0
1651841393323 0.0 0
1651841393987 0.0 0
1651841394634 0.0 0
1651841395279 0.0 0
1651841395898 0.0 0
1651841396528 0.0 0
1651841397186 0.0 0
1651841397838 0.0 0
1651841398454 0.0 0
1651841399131 0.0 0
1651841399808 0.0 0
1651841400483 0.0 0
1651841401118 0.0 0
1651841401756 0.0 0
1651841402423 0.0 0
1651841403089 0.0 0
1651841403698 0.0 0
1651841404310 0.0 0
1651841404941 0.0 0
1651841405636 0.0 0
1651841406287 0.0 0
1651841406979 0.0 0
1651841407634 0.0 0
1651841408247 0.0 0
1651841408885 0.0 0
1651841409511 0.0 0
1651841410152 0.0 0
1651841410809 0.0 0
1651841411487 0.0 0
1651841412144 0.0 0
1651841412830 0.0 0
1651841413475 0.0 0
1651841414120 0.0 0
1651841414771 0.0 0
1651841415408 0.0 0
1651841416058 0.0 0
1651841416692 0.0 0
1651841417318 0.0 0
1651841418012 0.0 0
1651841418689 0.0 0
1651841419367 0.0 0
1651841420018 0.0 0
1651841420657 0.0 0
1651841429740 0.6620314973740618 0
1651841430420 0.0 0
1651841431076 0.0 0
1651841431747 0.0 0
1651841432412 0.0 0
1651841433066 0.0 0
1651841433707 0.0 0
1651841434335 0.0 0
1651841434987 0.0 0
1651841435637 0.0 0
1651841436328 0.0 0
1651841436980 0.0 0
1651841437666 0.0 0
1651841438300 0.0 0
1651841438967 0.0 0
1651841439624 0.0 0
1651841440281 0.0 0
1651841440879 0.0 0
1651841441536 0.0 0
1651841442155 0.0 0
1651841442803 0.0 0
1651841443455 0.0 0
1651841444139 0.0 0
1651841444806 0.0 0
1651841445478 0.0 0
1651841446129 0.0 0
1651841446862 0.0 0
1651841447506 0.0 0
1651841448154 0.0 0
1651841448797 0.0 0
1651841449511 0.0 0
1651841450157 0.0 0
1651841450804 0.0 0
1651841451493 0.0 0
1651841452150 0.0 0
1651841452840 0.0 0
1651841453472 0.0 0
1651841454120 0.0 0
1651841454756 0.0 0
1651841455391 0.0 0
1651841456028 0.0 0
1651841456687 0.0 0
1651841457375 0.0 0
1651841458020 0.0 0
1651841458663 0.0 0
1651841459331 0.0 0
1651841460007 0.0 0
1651841460646 0.0 0
1651841461301 0.0 0
1651841461953 0.0 0
1651841471633 0.6055680097579956 0
1651841472327 0.0 0
1651841472985 0.0 0
1651841473619 0.0 0
1651841474270 0.0 0
1651841474901 0.0 0
1651841475534 0.0 0
1651841476181 0.0 0
1651841476820 0.0 0
1651841477457 0.0 0
1651841478147 0.0 0
1651841478800 0.0 0
1651841479492 0.0 0
1651841480158 0.0 0
1651841480830 0.0 0
1651841481488 0.0 0
1651841482131 0.0 0
1651841482765 0.0 0
1651841483402 0.0 0
1651841484050 0.0 0
1651841484709 0.0 0
1651841485405 0.0 0
1651841486065 0.0 0
1651841486736 0.0 0
1651841487381 0.0 0
1651841488029 0.0 0
1651841488668 0.0 0
1651841489313 0.0 0
1651841489951 0.0 0
1651841490596 0.0 0
1651841491228 0.0 0
1651841491881 0.0 0
1651841492573 0.0 0
1651841493264 0.0 0
1651841493937 0.0 0
1651841494572 0.0 0
1651841495241 0.0 0
1651841495889 0.0 0
1651841496537 0.0 0
1651841497177 0.0 0
1651841497806 0.0 0
1651841498447 0.0 0
1651841499087 0.0 0
1651841499815 0.0 0
1651841500457 0.0 0
1651841501134 0.0 0
1651841501783 0.0 0
1651841502421 0.0 0
1651841503073 0.0 0
1651841503728 0.0 0
1651841513701 0.6643417338198865 0
1651841514406 0.0 0
1651841515061 0.0 0
1651841515703 0.0 0
1651841516358 0.0 0
1651841517006 0.0 0
1651841517622 0.0 0
1651841518270 0.0 0
1651841518942 0.0 0
1651841519575 0.0 0
1651841520269 0.0 0
1651841520889 0.0 0
1651841521538 0.0 0
1651841522202 0.0 0
1651841522870 0.0 0
1651841523541 0.0 0
1651841524205 0.0 0
1651841524863 0.0 0
1651841525514 0.0 0
1651841526166 0.0 0
1651841526826 0.0 0
1651841527458 0.0 0
1651841528136 0.0 0
1651841528779 0.0 0
1651841529443 0.0 0
1651841530162 0.0 0
1651841530806 0.0 0
1651841531450 0.0 0
1651841532113 0.0 0
1651841532734 0.0 0
1651841533389 0.0 0
1651841534031 0.0 0
1651841534677 0.0 0
1651841535334 0.0 0
1651841535977 0.0 0
1651841536632 0.0 0
1651841537297 0.0 0
1651841537983 0.0 0
1651841538640 0.0 0
1651841539328 0.0 0
1651841539969 0.0 0
1651841540622 0.0 0
1651841541265 0.0 0
1651841541927 0.0 0
1651841542573 0.0 0
1651841543211 0.0 0
1651841543834 0.0 0
1651841544481 0.0 0
1651841545157 0.0 0
1651841545829 0.0 0
1651841556327 0.6387388023058573 0
1651841556955 0.0 0
1651841557621 0.0 0
1651841558267 0.0 0
1651841558907 0.0 0
1651841559567 0.0 0
1651841560218 0.0 0
1651841560870 0.0 0
1651841561598 0.0 0
1651841562292 0.0 0
1651841562977 0.0 0
1651841563637 0.0 0
1651841564298 0.0 0
1651841564918 0.0 0
1651841565568 0.0 0
1651841566203 0.0 0
1651841566837 0.0 0
1651841567470 0.0 0
1651841568106 0.0 0
1651841568816 0.0 0
1651841569507 0.0 0
1651841570242 0.0 0
1651841570905 0.0 0
1651841571564 0.0 0
1651841572183 0.0 0
1651841572844 0.0 0
1651841573478 0.0 0
1651841574095 0.0 0
1651841574745 0.0 0
1651841575393 0.0 0
1651841576029 0.0 0
1651841576727 0.0 0
1651841577379 0.0 0
1651841578063 0.0 0
1651841578710 0.0 0
1651841579354 0.0 0
1651841580013 0.0 0
1651841580660 0.0 0
1651841581330 0.0 0
1651841581955 0.0 0
1651841582616 0.0 0
1651841583264 0.0 0
1651841583936 0.0 0
1651841584619 0.0 0
1651841585303 0.0 0
1651841585988 0.0 0
1651841586768 0.0 0
1651841587423 0.0 0
1651841588095 0.0 0
1651841588744 0.0 0
1651841599552 0.6277245609146899 0
1651841600237 0.0 0
1651841600914 0.0 0
1651841601568 0.0 0
1651841602265 0.0 0
1651841602915 0.0 0
1651841603564 0.0 0
1651841604233 0.0 0
1651841604903 0.0 0
1651841605567 0.0 0
1651841606219 0.0 0
1651841606847 0.0 0
1651841607575 0.0 0
1651841608226 0.0 0
1651841608938 0.0 0
1651841609605 0.0 0
1651841610237 0.0 0
1651841610905 0.0 0
1651841611622 0.0 0
1651841612310 0.0 0
1651841612976 0.0 0
1651841613739 0.0 0
1651841614387 0.0 0
1651841615111 0.0 0
1651841615776 0.0 0
1651841616451 0.0 0
1651841617099 0.0 0
1651841617777 0.0 0
1651841618478 0.0 0
1651841619140 0.0 0
1651841619797 0.0 0
1651841620464 0.0 0
1651841621125 0.0 0
1651841621784 0.0 0
1651841622476 0.0 0
1651841623135 0.0 0
1651841623808 0.0 0
1651841624477 0.0 0
1651841625119 0.0 0
1651841625808 0.0 0
1651841626478 0.0 0
1651841627132 0.0 0
1651841627826 0.0 0
1651841628468 0.0 0
1651841629116 0.0 0
1651841629867 0.0 0
1651841630546 0.0 0
1651841631242 0.0 0
1651841631905 0.0 0
1651841632568 0.0 0
1651841643627 0.553802778933434 0
1651841644284 0.0 0
1651841644925 0.0 0
1651841645596 0.0 0
1651841646306 0.0 0
1651841646973 0.0 0
1651841647645 0.0 0
1651841648311 0.0 0
1651841648968 0.0 0
1651841649624 0.0 0
1651841650245 0.0 0
1651841650906 0.0 0
1651841651590 0.0 0
1651841652284 0.0 0
1651841652996 0.0 0
1651841653660 0.0 0
1651841654340 0.0 0
1651841655027 0.0 0
1651841655657 0.0 0
1651841656297 0.0 0
1651841656948 0.0 0
1651841657637 0.0 0
1651841658295 0.0 0
1651841658979 0.0 0
1651841659660 0.0 0
1651841660326 0.0 0
1651841660999 0.0 0
1651841661637 0.0 0
1651841662291 0.0 0
1651841663018 0.0 0
1651841663697 0.0 0
1651841664382 0.0 0
1651841665044 0.0 0
1651841665681 0.0 0
1651841666334 0.0 0
1651841666977 0.0 0
1651841667618 0.0 0
1651841668283 0.0 0
1651841668989 0.0 0
1651841669635 0.0 0
1651841670319 0.0 0
1651841670977 0.0 0
1651841671630 0.0 0
1651841672288 0.0 0
1651841672929 0.0 0
1651841673573 0.0 0
1651841674300 0.0 0
1651841674987 0.0 0
1651841675669 0.0 0
1651841676324 0.0 0
1651841688123 0.48041210033584264 0
1651841688753 0.0 0
1651841689389 0.0 0
1651841690017 0.0 0
1651841690714 0.0 0
1651841691382 0.0 0
1651841692038 0.0 0
1651841692691 0.0 0
1651841693364 0.0 0
1651841694003 0.0 0
1651841694640 0.0 0
1651841695295 0.0 0
1651841695967 0.0 0
1651841696678 0.0 0
1651841697334 0.0 0
1651841697998 0.0 0
1651841698711 0.0 0
1651841699375 0.0 0
1651841700029 0.0 0
1651841700655 0.0 0
1651841701315 0.0 0
1651841701976 0.0 0
1651841702617 0.0 0
1651841703271 0.0 0
1651841703935 0.0 0
1651841704600 0.0 0
1651841705278 0.0 0
1651841705943 0.0 0
1651841706600 0.0 0
1651841707273 0.0 0
1651841707934 0.0 0
1651841708562 0.0 0
1651841709311 0.0 0
1651841709997 0.0 0
1651841710663 0.0 0
1651841711335 0.0 0
1651841711961 0.0 0
1651841712616 0.0 0
1651841713266 0.0 0
1651841713901 0.0 0
1651841714556 0.0 0
1651841715233 0.0 0
1651841715909 0.0 0
1651841716625 0.0 0
1651841717299 0.0 0
1651841718005 0.0 0
1651841718663 0.0 0
1651841719310 0.0 0
1651841719979 0.0 0
1651841720627 0.0 0
1651841732847 0.5326929965808443 0
1651841733483 0.0 0
1651841734132 0.0 0
1651841734844 0.0 0
1651841735514 0.0 0
1651841736229 0.0 0
1651841736886 0.0 0
1651841737559 0.0 0
1651841738194 0.0 0
1651841738835 0.0 0
1651841739492 0.0 0
1651841740135 0.0 0
1651841740789 0.0 0
1651841741465 0.0 0
1651841742153 0.0 0
1651841742818 0.0 0
1651841743458 0.0 0
1651841744121 0.0 0
1651841744784 0.0 0
1651841745440 0.0 0
1651841746092 0.0 0
1651841746745 0.0 0
1651841747407 0.0 0
1651841748087 0.0 0
1651841748751 0.0 0
1651841749438 0.0 0
1651841750107 0.0 0
1651841750758 0.0 0
1651841751415 0.0 0
1651841752064 0.0 0
1651841752691 0.0 0
1651841753401 0.0 0
1651841754061 0.0 0
1651841754754 0.0 0
1651841755395 0.0 0
1651841756035 0.0 0
1651841756691 0.0 0
1651841757370 0.0 0
1651841758001 0.0 0
1651841758679 0.0 0
1651841759379 0.0 0
1651841760085 0.0 0
1651841760712 0.0 0
1651841761385 0.0 0
1651841762065 0.0 0
1651841762721 0.0 0
1651841763394 0.0 0
1651841764072 0.0 0
1651841764704 0.0 0
1651841765382 0.0 0
1651841777827 0.529972278181118 0
1651841778453 0.0 0
1651841779103 0.0 0
1651841779758 0.0 0
1651841780400 0.0 0
1651841781043 0.0 0
1651841781741 0.0 0
1651841782416 0.0 0
1651841783093 0.0 0
1651841783744 0.0 0
1651841784376 0.0 0
1651841785053 0.0 0
1651841785717 0.0 0
1651841786371 0.0 0
1651841787042 0.0 0
1651841787704 0.0 0
1651841788395 0.0 0
1651841789108 0.0 0
1651841789814 0.0 0
1651841790479 0.0 0
1651841791136 0.0 0
1651841791792 0.0 0
1651841792479 0.0 0
1651841793138 0.0 0
1651841793800 0.0 0
1651841794450 0.0 0
1651841795101 0.0 0
1651841795815 0.0 0
1651841796511 0.0 0
1651841797223 0.0 0
1651841797968 0.0 0
1651841798624 0.0 0
1651841799296 0.0 0
1651841799944 0.0 0
1651841800588 0.0 0
1651841801252 0.0 0
1651841801930 0.0 0
1651841802639 0.0 0
1651841803328 0.0 0
1651841804009 0.0 0
1651841804690 0.0 0
1651841805338 0.0 0
1651841805994 0.0 0
1651841806658 0.0 0
1651841807322 0.0 0
1651841807965 0.0 0
1651841808593 0.0 0
1651841809261 0.0 0
1651841809974 0.0 0
1651841810632 0.0 0
1651841823366 0.5236087905425028 0
1651841824047 0.0 0
1651841824727 0.0 0
1651841825383 0.0 0
1651841826045 0.0 0
1651841826674 0.0 0
1651841827337 0.0 0
1651841827991 0.0 0
1651841828616 0.0 0
1651841829284 0.0 0
1651841830018 0.0 0
1651841830657 0.0 0
1651841831300 0.0 0
1651841831980 0.0 0
1651841832641 0.0 0
1651841833303 0.0 0
1651841833975 0.0 0
1651841834613 0.0 0
1651841835253 0.0 0
1651841835908 0.0 0
1651841836545 0.0 0
1651841837218 0.0 0
1651841837903 0.0 0
1651841838539 0.0 0
1651841839206 0.0 0
1651841839938 0.0 0
1651841840595 0.0 0
1651841841260 0.0 0
1651841841923 0.0 0
1651841842596 0.0 0
1651841843254 0.0 0
1651841843909 0.0 0
1651841844545 0.0 0
1651841845214 0.0 0
1651841845869 0.0 0
1651841846509 0.0 0
1651841847205 0.0 0
1651841847871 0.0 0
1651841848561 0.0 0
1651841849217 0.0 0
1651841849878 0.0 0
1651841850532 0.0 0
1651841851183 0.0 0
1651841851826 0.0 0
1651841852479 0.0 0
1651841853129 0.0 0
1651841853806 0.0 0
1651841854468 0.0 0
1651841855174 0.0 0
1651841855857 0.0 0
1651841869101 0.4993667210474368 0
1651841869841 0.0 0
1651841870540 0.0 0
1651841871192 0.0 0
1651841871867 0.0 0
1651841872513 0.0 0
1651841873162 0.0 0
1651841873800 0.0 0
1651841874471 0.0 0
1651841875149 0.0 0
1651841875791 0.0 0
1651841876453 0.0 0
1651841877137 0.0 0
1651841877797 0.0 0
1651841878462 0.0 0
1651841879160 0.0 0
1651841879816 0.0 0
1651841880459 0.0 0
1651841881110 0.0 0
1651841881742 0.0 0
1651841882402 0.0 0
1651841883063 0.0 0
1651841883721 0.0 0
1651841884362 0.0 0
1651841885015 0.0 0
1651841885715 0.0 0
1651841886389 0.0 0
1651841887070 0.0 0
1651841887749 0.0 0
1651841888389 0.0 0
1651841889032 0.0 0
1651841889709 0.0 0
1651841890378 0.0 0
1651841891026 0.0 0
1651841891699 0.0 0
1651841892359 0.0 0
1651841892994 0.0 0
1651841893693 0.0 0
1651841894366 0.0 0
1651841895067 0.0 0
1651841895719 0.0 0
1651841896378 0.0 0
1651841897047 0.0 0
1651841897731 0.0 0
1651841898428 0.0 0
1651841899085 0.0 0
1651841899761 0.0 0
1651841900403 0.0 0
1651841901070 0.0 0
1651841901777 0.0 0
1651841915458 0.5551467842193265 0
1651841916100 0.0 0
1651841916801 0.0 0
1651841917480 0.0 0
1651841918162 0.0 0
1651841918838 0.0 0
1651841919498 0.0 0
1651841920177 0.0 0
1651841920837 0.0 0
1651841921549 0.0 0
1651841922245 0.0 0
1651841922891 0.0 0
1651841923519 0.0 0
1651841924249 0.0 0
1651841924912 0.0 0
1651841925577 0.0 0
1651841926257 0.0 0
1651841926899 0.0 0
1651841927577 0.0 0
1651841928252 0.0 0
1651841928944 0.0 0
1651841929584 0.0 0
1651841930277 0.0 0
1651841930927 0.0 0
1651841931656 0.0 0
1651841932422 0.0 0
1651841933082 0.0 0
1651841933742 0.0 0
1651841934393 0.0 0
1651841935100 0.0 0
1651841935767 0.0 0
1651841936449 0.0 0
1651841937121 0.0 0
1651841937797 0.0 0
1651841938478 0.0 0
1651841939174 0.0 0
1651841939867 0.0 0
1651841940536 0.0 0
1651841941201 0.0 0
1651841941867 0.0 0
1651841942546 0.0 0
1651841943220 0.0 0
1651841943903 0.0 0
1651841944597 0.0 0
1651841945241 0.0 0
1651841945973 0.0 0
1651841946702 0.0 0
1651841947398 0.0 0
1651841948048 0.0 0
1651841948716 0.0 0
1651841962809 0.4291712431585183 0
1651841963474 0.0 0
1651841964128 0.0 0
1651841964776 0.0 0
1651841965432 0.0 0
1651841966157 0.0 0
1651841966860 0.0 0
1651841967517 0.0 0
1651841968267 0.0 0
1651841968911 0.0 0
1651841969563 0.0 0
1651841970224 0.0 0
1651841970872 0.0 0
1651841971528 0.0 0
1651841972228 0.0 0
1651841972910 0.0 0
1651841973605 0.0 0
1651841974282 0.0 0
1651841974937 0.0 0
1651841975573 0.0 0
1651841976197 0.0 0
1651841976862 0.0 0
1651841977601 0.0 0
1651841978263 0.0 0
1651841978930 0.0 0
1651841979629 0.0 0
1651841980282 0.0 0
1651841980930 0.0 0
1651841981591 0.0 0
1651841982260 0.0 0
1651841982966 0.0 0
1651841983670 0.0 0
1651841984396 0.0 0
1651841985039 0.0 0
1651841985727 0.0 0
1651841986387 0.0 0
1651841987052 0.0 0
1651841987706 0.0 0
1651841988416 0.0 0
1651841989098 0.0 0
1651841989847 0.0 0
1651841990506 0.0 0
1651841991185 0.0 0
1651841991836 0.0 0
1651841992478 0.0 0
1651841993129 0.0 0
1651841993797 0.0 0
1651841994500 0.0 0
1651841995181 0.0 0
1651841995885 0.0 0
