1652233030857 0.5157879627664884 0
1652233055013 0.2760846134553353 0
1652233078969 0.2524483746083298 0
1652233103095 0.2526151685103774 0
1652233127181 0.2222582226539574 0
1652233151404 0.2023738567236869 0
1652233175596 0.20864881170910618 0
1652233199340 0.1974982723369748 0
1652233223178 0.17929217853878218 0
1652233246970 0.18059565235441696 0
1652233270524 0.17615402051591034 0
1652233294226 0.17800840241198748 0
1652233318336 0.1604949816403891 0
1652233342484 0.17234837611812673 0
1652233366933 0.1624390183316397 0
1652233391109 0.16121951723004072 0
1652233415666 0.16959085242682487 0
1652233439518 0.14746424191453675 0
1652233463467 0.1519714242775226 0
1652233487194 0.1588709171523737 0
1652233511236 0.1499539077685009 0
1652233535407 0.14935128852957497 0
1652233559230 0.15774209284253396 0
1652233582657 0.1448832889159831 0
1652233606304 0.15168419226077168 0
1652233630567 0.14710940485602586 0
1652233654739 0.13948694080997867 0
1652233678643 0.14637254245383055 0
1652233702804 0.1398867530179064 0
1652233726770 0.1484532192597761 0
1652233751144 0.14219797587253222 0
1652233774745 0.1401045851502271 0
1652233798616 0.14152614984922782 0
1652233822694 0.1302796505843514 0
1652233847019 0.14280498400233713 0
1652233871111 0.1370252957073059 0
1652233894532 0.13630989974507474 0
1652233918472 0.1429497550091491 0
1652233942336 0.1413054011803526 0
1652233966539 0.14381205684430215 0
1652233990903 0.14135611065339207 0
1652234014900 0.13024435656943092 0
1652234038609 0.13583464226168157 0
1652234062633 0.13626975793370125 0
1652234086213 0.12800358043990237 0
1652234110045 0.13339515506871646 0
1652234133978 0.1333420430386467 0
1652234158102 0.13114285170993095 0
1652234182476 0.1393754253251923 0
1652234206351 0.1279825136267116 0
1652234237117 0.3919486695040304 0
1652234264107 0.2832355314891785 0
1652234291219 0.2647800150410344 0
1652234318342 0.23024142256305338 0
1652234345598 0.24270637579966287 0
1652234372465 0.23080235027727736 0
1652234399834 0.21159705620938554 0
1652234427026 0.20752206546281932 0
1652234454117 0.21544566679489308 0
1652234480825 0.19915793227203227 0
1652234508093 0.19233577018343434 0
1652234534943 0.20416607044774754 0
1652234561992 0.20586521796186158 0
1652234589169 0.18682155496939876 0
1652234616326 0.19314186354931964 0
1652234643280 0.17985002810164488 0
1652234670587 0.18230029141048365 0
1652234697973 0.2044291316020901 0
1652234724930 0.18689919242824332 0
1652234751886 0.1895884327771653 0
1652234778917 0.17645208823061295 0
1652234806153 0.17301531107670073 0
1652234833343 0.18839179524692992 0
1652234860577 0.18424704387488558 0
1652234887781 0.1844598710639841 0
1652234914897 0.17290843325491062 0
1652234941891 0.17901193240050875 0
1652234968972 0.1800946452362894 0
1652234996100 0.16714033958280222 0
1652235023304 0.17728973066513304 0
1652235050393 0.1730525923995669 0
1652235077543 0.16578354117992025 0
1652235104787 0.17585821284118602 0
1652235131450 0.17264285098560064 0
1652235158547 0.16071265264144666 0
1652235185789 0.1738997444200688 0
1652235213082 0.17065071462542875 0
1652235240382 0.16821518356679932 0
1652235267405 0.17299301560308958 0
1652235294598 0.17661086856794142 0
1652235322072 0.1566635129621558 0
1652235348874 0.16767552169530764 0
1652235375918 0.17108457056841378 0
1652235402828 0.17090876109607894 0
1652235429882 0.16638490014818846 0
1652235457090 0.18025559612999478 0
1652235484124 0.16289222871980744 0
1652235510747 0.1665897953325964 0
1652235537771 0.16145154444313023 0
1652235564596 0.16292602441902831 0
1652235599082 0.3713893613869181 0
1652235626334 0.31495933353336386 0
1652235653639 0.26327324231876814 0
1652235681283 0.2652821262331975 0
1652235708725 0.24700175658876006 0
1652235736188 0.24431133011575507 0
1652235763323 0.24494669033321786 0
1652235790655 0.23150794726959417 0
1652235818223 0.21488605602186156 0
1652235845781 0.21514733426706695 0
1652235872983 0.2212308837514129 0
1652235900603 0.21897675206371142 0
1652235927873 0.2125311723270306 0
1652235955159 0.22178460700794375 0
1652235982721 0.20232916891319014 0
1652236010251 0.20977341253064885 0
1652236037431 0.21567498603002175 0
1652236064555 0.21228815778574928 0
1652236091805 0.18555870131069224 0
1652236119032 0.2037827800936953 0
1652236146183 0.19576681166518942 0
1652236173633 0.19663696786016938 0
1652236200928 0.18375394043287052 0
1652236228205 0.20027196074141926 0
1652236255510 0.18971309351938181 0
1652236282875 0.1973264416835955 0
1652236310656 0.19458621699230325 0
1652236337863 0.19926236040017006 0
1652236365258 0.18265085895577923 0
1652236392808 0.1939680554387413 0
1652236420067 0.19754745432897516 0
1652236447346 0.2029437973088721 0
1652236474799 0.17594896130468268 0
1652236502394 0.18558666969085416 0
1652236529783 0.18704695541231975 0
1652236556979 0.19112623321540634 0
1652236584439 0.1776072278138751 0
1652236611628 0.18607591974517546 0
1652236639194 0.18258622558200316 0
1652236666593 0.19901412231261884 0
1652236693917 0.17025328000092993 0
1652236721756 0.1966701458561634 0
1652236749293 0.16959516748015924 0
1652236776673 0.1999254385184444 0
1652236804604 0.1761577134706853 0
1652236832164 0.19008046147169744 0
1652236858775 0.19103205276066917 0
1652236886341 0.19872796080619703 0
1652236913882 0.17402307035294107 0
1652236941086 0.19727631707094456 0
1652236979556 0.3976890014629758 0
1652237007335 0.3201265817034559 0
1652237034923 0.2805151301660546 0
1652237062725 0.28844928035701745 0
1652237090638 0.2788030999814913 0
1652237118450 0.2642701840576525 0
1652237146142 0.241276370314736 0
1652237173921 0.23100038702834882 0
1652237201685 0.26050694470388297 0
1652237229527 0.23625361086888388 0
1652237257220 0.23752298795788068 0
1652237284994 0.22383392597497684 0
1652237312186 0.22364833817093285 0
1652237339736 0.22695390210972854 0
1652237366986 0.21226346263997403 0
1652237393881 0.22436547337211896 0
1652237421445 0.2154730175242372 0
1652237449158 0.20293251720905056 0
1652237476455 0.21139728707604738 0
1652237504222 0.21313548121132705 0
1652237532272 0.20705903649877677 0
1652237559881 0.22181728500663994 0
1652237587580 0.19515759177744946 0
1652237615602 0.21527692456380207 0
1652237643141 0.20004191798109483 0
1652237670867 0.21582970734704873 0
1652237698454 0.20244569620489952 0
1652237726322 0.20392860294405732 0
1652237753770 0.19901083115623314 0
1652237781255 0.20300648165882962 0
1652237809087 0.20427628910388018 0
1652237836612 0.19261653255980557 0
1652237864352 0.19911867990305518 0
1652237892176 0.20807948441157406 0
1652237919589 0.19325980521589778 0
1652237947339 0.19765433802621837 0
1652237975030 0.19765965281069262 0
1652238003058 0.21702403016698785 0
1652238030967 0.20265871133164878 0
1652238058418 0.19840359078040035 0
1652238086016 0.18355535395463518 0
1652238113589 0.20325044411461934 0
1652238141373 0.18870908476662523 0
1652238168916 0.2166015037844292 0
1652238196541 0.18342962971824334 0
1652238223964 0.19866808158488208 0
1652238251881 0.18959370731066774 0
1652238279766 0.19569377011684985 0
1652238307500 0.19978059417852875 0
1652238335256 0.18807370617815847 0
1652238376771 0.37796129940885764 0
1652238405423 0.3462010567643035 0
1652238433131 0.2999759456927118 0
1652238461150 0.28896626294637534 0
1652238489405 0.2665015248917706 0
1652238517823 0.26995783104932275 0
1652238545508 0.25042087249927136 0
1652238573277 0.25578842449923117 0
1652238601165 0.25132224897667815 0
1652238629238 0.2368361656186709 0
1652238657018 0.24354138946488196 0
1652238684721 0.21792421975938175 0
1652238712516 0.24152745496559846 0
1652238740669 0.23156334176494708 0
1652238768599 0.23867639638782942 0
1652238796657 0.23525011513305405 0
1652238825142 0.217154946378853 0
1652238853362 0.22515831811807654 0
1652238881534 0.21919128172518346 0
1652238909571 0.23372602117342736 0
1652238937392 0.2181292126668505 0
1652238965059 0.21732286392055106 0
1652238993530 0.23833092446032692 0
1652239021340 0.2142261647529297 0
1652239049114 0.23264251930936786 0
1652239077216 0.20689826832506295 0
1652239105365 0.20585706805339604 0
1652239133439 0.21740838761988623 0
1652239161461 0.21737900147143335 0
1652239189743 0.20031112048178285 0
1652239217739 0.20774287188517324 0
1652239245691 0.2026495813563642 0
1652239273188 0.2166877799953056 0
1652239301750 0.21014625179259896 0
1652239330124 0.19310507226933984 0
1652239357979 0.2196579080720258 0
1652239386195 0.20508059329608708 0
1652239414061 0.21260656261820018 0
1652239442454 0.2010633931535697 0
1652239470661 0.20804217155651503 0
1652239498961 0.18289313711735775 0
1652239527183 0.20914394413704643 0
1652239555597 0.19862092889989283 0
1652239583478 0.1955638595436104 0
1652239611861 0.21374200904190768 0
1652239639929 0.2173631622184135 0
1652239667936 0.2030907894747413 0
1652239695939 0.21383298672358528 0
1652239723658 0.18885983636545667 0
1652239751353 0.19964705376736708 0
