1651830644339 1.4576725032806397 0
1651830647896 0.9097356399536133 0
1651830651395 0.7715733657836914 0
1651830654931 0.7085442323684692 0
1651830658471 0.6717525527954101 0
1651830662137 0.5962510082244873 0
1651830665679 0.5805393002510071 0
1651830669286 0.487765867972374 0
1651830672886 0.4279306499004364 0
1651830676442 0.39836824647188185 0
1651830679910 0.3443848161995411 0
1651830683431 0.3210128530025482 0
1651830686922 0.29779956288076936 0
1651830690457 0.29234322528839113 0
1651830694088 0.2996133610725403 0
1651830697761 0.3357824691772461 0
1651830701367 0.285515459728241 0
1651830705031 0.3820959300518036 0
1651830708691 0.30774874494969845 0
1651830712248 0.2062362151145935 0
1651830715829 0.20743317676186562 0
1651830719593 0.2063670156955719 0
1651830723252 0.19671008944511414 0
1651830726657 0.1835170685501769 0
1651830730232 0.13880214622616768 0
1651830733852 0.1554376019716263 0
1651830737509 0.21770894321203232 0
1651830741047 0.1512006472127512 0
1651830744754 0.18099080916941165 0
1651830748334 0.24205030138492584 0
1651830751826 0.1413197380423546 0
1651830755285 0.13014682345986367 0
1651830758985 0.17781811274141074 0
1651830762462 0.12325189362168312 0
1651830766018 0.08350872535705567 0
1651830769689 0.29646059415340426 0
1651830773235 0.13011829159259797 0
1651830776914 0.20414585121013223 0
1651830780606 0.06454027347564698 0
1651830784095 0.09000768148899078 0
1651830787752 0.22963670693039895 0
1651830791414 0.09907080902904272 0
1651830795020 0.1153892096504569 0
1651830798570 0.1001193781040609 0
1651830802182 0.09613853502683342 0
1651830805872 0.09180519488845021 0
1651830809502 0.04915944400280714 0
1651830813030 0.09665086611523294 0
1651830816598 0.11845240221023559 0
1651830820210 0.06716996224652975 0
1651830825744 2.3632007917404176 0
1651830830934 1.125862692642212 0
1651830836125 1.0528187282562256 0
1651830841378 1.0123419373035432 0
1651830846844 0.9275817483901978 0
1651830852207 0.7908199712753295 0
1651830857737 0.742756182193756 0
1651830863062 0.6825646489143372 0
1651830868532 0.5763223781883716 0
1651830873891 0.5430347913742065 0
1651830879255 0.49049569544792176 0
1651830884465 0.5107878351118416 0
1651830889669 0.42042435960769653 0
1651830894856 0.4026974484920502 0
1651830900223 0.3494096380263567 0
1651830905648 0.3193905536938459 0
1651830911110 0.35525453439950944 0
1651830916626 0.3661793057203293 0
1651830922241 0.2999410493850708 0
1651830927600 0.2878524150192738 0
1651830932935 0.22686128103733064 0
1651830938060 0.362293796650134 0
1651830943178 0.1923922763824463 0
1651830948329 0.1909038924112916 0
1651830953626 0.1368494730770588 0
1651830958941 0.1758392067670822 0
1651830964114 0.20383729241639376 0
1651830969497 0.14268741833046078 0
1651830974843 0.19958689211606978 0
1651830980368 0.2009676988556981 0
1651830985768 0.2585240072609857 0
1651830991008 0.18633090093352367 0
1651830996312 0.12930308917164804 0
1651831001768 0.2561269901752472 0
1651831007064 0.13784010673575103 0
1651831012385 0.12017516996860504 0
1651831017959 0.2832826621949673 0
1651831023385 0.1502045112490654 0
1651831028666 0.09024304846674204 0
1651831034115 0.12030453253388405 0
1651831039544 0.14248573307157494 0
1651831045140 0.14243728290498256 0
1651831050743 0.19903134246468543 0
1651831056289 0.2506476988255978 0
1651831061698 0.2168888475805521 0
1651831067016 0.11810611183792352 0
1651831072448 0.1345252400882542 0
1651831077705 0.1388650935456157 0
1651831082930 0.0921566408727318 0
1651831088151 0.04959176401073928 0
1651831094467 2.0129563079833983 0
1651831100299 1.1457323774337769 0
1651831106304 1.0130309909820556 0
1651831112112 0.9695228137969971 0
1651831118149 0.9442078773975372 0
1651831123986 0.7871365167617798 0
1651831129754 0.7100039072990417 0
1651831135596 0.677936674618721 0
1651831141446 0.7124957319259644 0
1651831147368 0.6523824582576752 0
1651831153253 0.5637603845596314 0
1651831159259 0.5546703857421875 0
1651831165165 0.46444003086090085 0
1651831171292 0.46962062473297117 0
1651831177415 0.34851754007935526 0
1651831183420 0.29912407240867617 0
1651831189242 0.27096682348251344 0
1651831195255 0.2724229853153229 0
1651831201298 0.44374228472709654 0
1651831207395 0.24423893284797668 0
1651831213291 0.2743834457396122 0
1651831219384 0.19608232359886169 0
1651831225191 0.2760618926525116 0
1651831231092 0.28334476834237576 0
1651831236899 0.32048666400909426 0
1651831242831 0.28761652846336366 0
1651831249026 0.20948667995482684 0
1651831255110 0.14066367769241334 0
1651831260962 0.14405285144746305 0
1651831266882 0.15123016248648055 0
1651831272766 0.1179507824320346 0
1651831278670 0.16431824928377756 0
1651831284403 0.1897160955786705 0
1651831290345 0.12148255994617939 0
1651831296079 0.1129695285409689 0
1651831302084 0.12010407574363052 0
1651831307720 0.10425330609381199 0
1651831313561 0.2977662195085548 0
1651831319388 0.24631541304588317 0
1651831325279 0.31006532784297597 0
1651831331187 0.17327485095262526 0
1651831337087 0.1454233376579359 0
1651831342809 0.09367772392518818 0
1651831348572 0.10913033732352778 0
1651831354539 0.12923545318990945 0
1651831360479 0.08472609970197081 0
1651831366223 0.13277155157309026 0
1651831371992 0.1320185391828418 0
1651831377857 0.12464453194774687 0
1651831383810 0.18332996853142977 0
1651831391271 1.3869959539413452 0
1651831397796 0.6629961324691772 0
1651831404295 0.5550441442489624 0
1651831410869 0.5006276759147644 0
1651831417582 0.43832376003265383 0
1651831424159 0.4081843845129013 0
1651831430752 0.3505673376560211 0
1651831437356 0.27853610534667966 0
1651831444005 0.24766242655515672 0
1651831450624 0.21573816928863526 0
1651831457145 0.2850454746484756 0
1651831463631 0.26298140080943705 0
1651831470225 0.2172049216270447 0
1651831476652 0.28063195147663356 0
1651831483176 0.14645574122667313 0
1651831489684 0.1434120982170105 0
1651831496156 0.2470702654466033 0
1651831502588 0.1615384495393373 0
1651831509022 0.11653471547365189 0
1651831515575 0.22547209560871123 0
1651831522159 0.14786916985884307 0
1651831528771 0.1324369397819042 0
1651831535328 0.058339543799497184 0
1651831541849 0.039168131820484994 0
1651831548446 0.047953357135504485 0
1651831554993 0.08553631333620287 0
1651831561837 0.14790560429617763 0
1651831568400 0.19593102568387985 0
1651831575014 0.3292394879937172 0
1651831581352 0.10057716042920947 0
1651831587943 0.1535945578441024 0
1651831594590 0.11589861091477796 0
1651831601057 0.14882982610613107 0
1651831607597 0.07738178226028103 0
1651831614249 0.04668919158605859 0
1651831620888 0.06582334487065672 0
1651831627543 0.06146554774157703 0
1651831634066 0.07407998258769512 0
1651831640532 0.05672686165902123 0
1651831647127 0.08979086052626371 0
1651831653760 0.12064813111205586 0
1651831660339 0.08655228176927776 0
1651831666943 0.05565895326345926 0
1651831673569 0.15267623304961597 0
1651831680225 0.13834490033153998 0
1651831686983 0.08848294863074552 0
1651831693557 0.15841216876782419 0
1651831700123 0.0773333669865504 0
1651831706715 0.06106831662543118 0
1651831713268 0.16958119574338198 0
1651831722536 1.9850359140396119 0
1651831729879 1.1622044010162353 0
1651831737145 1.0521525489807129 0
1651831744315 1.0157554531097412 0
1651831751726 0.9570036465406417 0
1651831759075 0.8158780370235443 0
1651831766458 0.7380873922348022 0
1651831773838 0.7427497142791748 0
1651831781265 0.6493379480361938 0
1651831788589 0.5948953050613404 0
1651831795995 0.5791071527481079 0
1651831803326 0.7455132951736451 0
1651831810678 0.5076094825744629 0
1651831817934 0.4641652208328247 0
1651831825244 0.41251130466461183 0
1651831832659 0.34125952928066255 0
1651831840041 0.29410036482810975 0
1651831847370 0.41598922543525696 0
1651831854542 0.4263095197327435 0
1651831861829 0.37913829608093946 0
1651831869048 0.25680479551553725 0
1651831876428 0.2183593013703823 0
1651831883854 0.17215424140691757 0
1651831891176 0.21256998144229874 0
1651831898643 0.1792769505262375 0
1651831906128 0.4427178829908371 0
1651831913565 0.2442813209913671 0
1651831920964 0.16542297279834747 0
1651831928311 0.2529459918111563 0
1651831935666 0.16535861382484435 0
1651831942877 0.15513466293662787 0
1651831950229 0.18811896859367844 0
1651831957695 0.15688276119232178 0
1651831965161 0.14719640125483274 0
1651831972385 0.13010493398904802 0
1651831979686 0.1663436467528343 0
1651831986982 0.19077544734477997 0
1651831994289 0.2637819806367159 0
1651832001564 0.19050975768640638 0
1651832008967 0.11535001324925107 0
1651832016199 0.11039517905712128 0
1651832023523 0.3251236324038356 0
1651832030822 0.20210433684070594 0
1651832038214 0.10721062305942178 0
1651832045505 0.15725577698200524 0
1651832052930 0.1301789406586904 0
1651832060302 0.10494660162851215 0
1651832067559 0.0961201635880163 0
1651832074882 0.08116751733720302 0
1651832082207 0.10388014907166362 0
