1652741990091 0.11 0
1652741994513 0.1326 0
1652741998882 0.1804 0
1652742003159 0.2092 0
1652742007772 0.2324 0
1652742019647 0.1476 0
1652742025024 0.2138 0
1652742030302 0.2592 0
1652742035649 0.2768 0
1652742040890 0.3046 0
1652742053783 0.1414 0
1652742059598 0.1928 0
1652742065383 0.2146 0
1652742071217 0.2324 0
1652742076927 0.25 0
1652742090671 0.1528 0
1652742097300 0.2096 0
1652742103741 0.2328 0
1652742110044 0.251 0
1652742116611 0.2654 0
1652742131229 0.144 0
1652742138119 0.187 0
1652742145004 0.2142 0
1652742152003 0.2378 0
1652742158959 0.2622 0
