1641689932778 0.9244 0
1641689943438 0.9638166666666667 0
1641689953874 0.97465 0
1641689964652 0.9795 0
1641689974543 0.9838 0
1641689984770 0.9866166666666667 0
1641689995035 0.98805 0
1641690005241 0.9897166666666667 0
1641690015193 0.9902666666666666 0
1641690025511 0.9923833333333333 0
1641690035400 0.99205 0
1641690045430 0.9919833333333333 0
1641690055577 0.9932666666666666 0
1641690065666 0.9935 0
1641690075959 0.9942 0
1641690086346 0.99395 0
1641690096661 0.9945166666666667 0
1641690106663 0.99465 0
1641690117617 0.9954333333333333 0
1641690127645 0.9946833333333334 0
1641690141888 0.9237 0
1641690151936 0.9652666666666667 0
1641690161886 0.97505 0
1641690172211 0.9817666666666667 0
1641690183018 0.9837166666666667 0
1641690194274 0.9868666666666667 0
1641690204008 0.9890166666666667 0
1641690214316 0.9888333333333333 0
1641690224043 0.9916666666666667 0
1641690233736 0.9920666666666667 0
1641690243927 0.99185 0
1641690255780 0.9925333333333334 0
1641690265508 0.9936333333333334 0
1641690275172 0.9924 0
1641690285237 0.9945333333333334 0
1641690295547 0.9944166666666666 0
1641690305360 0.9948833333333333 0
1641690315111 0.9946 0
1641690327401 0.9948166666666667 0
1641690337359 0.9953 0
1641690356324 0.9232333333333334 0
1641690366016 0.9660666666666666 0
1641690375637 0.97555 0
1641690385862 0.9807 0
1641690396318 0.9840833333333333 0
1641690406749 0.9870166666666667 0
1641690416897 0.9888 0
1641690426613 0.9892333333333333 0
1641690436785 0.99095 0
1641690447015 0.9913333333333333 0
1641690456826 0.9929166666666667 0
1641690466478 0.99305 0
1641690476612 0.9934833333333334 0
1641690487970 0.9924666666666667 0
1641690498083 0.9950333333333333 0
1641690507940 0.9947 0
1641690518216 0.9944166666666666 0
1641690528208 0.99535 0
1641690538074 0.99545 0
1641690548192 0.9953333333333333 0
1641690569684 0.9235666666666666 0
1641690579931 0.96525 0
1641690590032 0.9764166666666667 0
1641690599943 0.9814666666666667 0
1641690610496 0.9848333333333333 0
1641690620350 0.9857666666666667 0
1641690630126 0.9886 0
1641690639948 0.9900666666666667 0
1641690651101 0.9903166666666666 0
1641690661372 0.99185 0
1641690671254 0.99265 0
1641690681528 0.9926166666666667 0
1641690691712 0.9922 0
1641690701747 0.9941833333333333 0
1641690711869 0.9948333333333333 0
1641690721693 0.9950166666666667 0
1641690731700 0.99425 0
1641690741449 0.9949166666666667 0
1641690751712 0.9949833333333333 0
1641690762082 0.99525 0
1641690787096 0.9243666666666667 0
1641690796867 0.96565 0
1641690807466 0.9758333333333333 0
1641690817366 0.98035 0
1641690827395 0.9842 0
1641690837303 0.9880166666666667 0
1641690847316 0.9877666666666667 0
1641690857805 0.9898666666666667 0
1641690868301 0.9907833333333333 0
1641690878341 0.9914166666666666 0
1641690888201 0.99315 0
1641690898234 0.9925166666666667 0
1641690908329 0.9937833333333334 0
1641690918468 0.9940666666666667 0
1641690930467 0.9940333333333333 0
1641690940946 0.9948166666666667 0
1641690950479 0.9941666666666666 0
1641690962021 0.9957666666666667 0
1641690972871 0.9942 0
1641690982641 0.9963666666666666 0
1641691011499 0.9231333333333334 0
1641691021663 0.96605 0
1641691031130 0.9749 0
1641691042911 0.9803166666666666 0
1641691053356 0.9845 0
1641691063471 0.9862333333333333 0
1641691073438 0.9884166666666667 0
1641691083367 0.9903666666666666 0
1641691093126 0.9905 0
1641691102929 0.9924833333333334 0
1641691112910 0.9912833333333333 0
1641691122792 0.9932666666666666 0
1641691133465 0.9939333333333333 0
1641691143730 0.99385 0
1641691153684 0.99435 0
1641691163460 0.9942 0
1641691173596 0.9939833333333333 0
1641691184073 0.9943 0
1641691194342 0.9957166666666667 0
1641691204310 0.9959833333333333 0
1641691238313 0.9246 0
1641691248366 0.96525 0
1641691258459 0.97605 0
1641691268376 0.9807333333333333 0
1641691278136 0.9845 0
1641691288264 0.9866666666666667 0
1641691298344 0.9893166666666666 0
1641691308004 0.9893833333333333 0
1641691318098 0.9908833333333333 0
1641691327768 0.9914 0
1641691337846 0.9921 0
1641691347916 0.99345 0
1641691357910 0.9936166666666667 0
1641691367967 0.9931166666666666 0
1641691378201 0.9940833333333333 0
1641691388151 0.9949166666666667 0
1641691398219 0.9942833333333333 0
1641691408787 0.99415 0
1641691418670 0.99645 0
1641691428351 0.9946833333333334 0
1641691464551 0.92625 0
1641691474383 0.9664833333333334 0
1641691484621 0.9743666666666667 0
1641691494385 0.9812666666666666 0
1641691504543 0.9844666666666667 0
1641691514600 0.98765 0
1641691524993 0.9872666666666666 0
1641691534929 0.9898333333333333 0
1641691545233 0.9911333333333333 0
1641691555263 0.9911666666666666 0
1641691565356 0.9930333333333333 0
1641691575985 0.9927333333333334 0
1641691586332 0.9945333333333334 0
1641691596327 0.9928666666666667 0
1641691606116 0.9934166666666666 0
1641691616348 0.9943 0
1641691626931 0.9953833333333333 0
1641691637035 0.9955166666666667 0
1641691647112 0.9949333333333333 0
1641691657059 0.9955 0
1641691700160 0.9250666666666667 0
1641691711150 0.9649333333333333 0
1641691721939 0.97735 0
1641691731578 0.9807166666666667 0
1641691741998 0.9849666666666667 0
1641691752151 0.9871166666666666 0
1641691761897 0.9878666666666667 0
1641691772789 0.9892 0
1641691783174 0.9908166666666667 0
1641691794321 0.9928833333333333 0
1641691804734 0.9921166666666666 0
1641691815269 0.9921833333333333 0
1641691826604 0.9931833333333333 0
1641691837019 0.9944 0
1641691847725 0.9940166666666667 0
1641691858736 0.9936833333333334 0
1641691868568 0.9953833333333333 0
1641691878498 0.9948666666666667 0
1641691889051 0.9959333333333333 0
1641691899383 0.9938 0
1641691944297 0.9256333333333333 0
1641691954526 0.9654666666666667 0
1641691964309 0.9763 0
1641691974291 0.9804333333333334 0
1641691984426 0.9850333333333333 0
1641691994432 0.9871166666666666 0
1641692004222 0.9891 0
1641692014917 0.9901 0
1641692024713 0.9912833333333333 0
1641692035309 0.9908833333333333 0
1641692045581 0.99225 0
1641692055555 0.99285 0
1641692065469 0.9931333333333333 0
1641692075712 0.99425 0
1641692085944 0.99465 0
1641692095776 0.99325 0
1641692105915 0.9947666666666667 0
1641692115897 0.99475 0
1641692125963 0.9952166666666666 0
1641692136606 0.99465 0
1641692184340 0.92285 0
1641692194534 0.9654333333333334 0
1641692204642 0.9758333333333333 0
1641692214612 0.9811833333333333 0
1641692224500 0.98325 0
1641692234351 0.9864666666666667 0
1641692245103 0.9881333333333333 0
1641692255154 0.9902666666666666 0
1641692265153 0.9903166666666666 0
1641692275059 0.9919666666666667 0
1641692285227 0.9930333333333333 0
1641692295304 0.9926166666666667 0
1641692305395 0.9941833333333333 0
1641692315640 0.99325 0
1641692325668 0.9940333333333333 0
1641692335788 0.9939166666666667 0
1641692345578 0.99515 0
1641692355797 0.9945833333333334 0
1641692365703 0.9956166666666667 0
1641692375686 0.9948666666666667 0
1641692430278 0.9275833333333333 0
1641692440429 0.9661 0
1641692450436 0.9768 0
1641692460711 0.9813333333333333 0
1641692471549 0.98555 0
1641692481377 0.9866333333333334 0
1641692491054 0.9888666666666667 0
1641692500582 0.9902666666666666 0
1641692511084 0.9918666666666667 0
1641692522400 0.99265 0
1641692532941 0.9915833333333334 0
1641692544568 0.9928333333333333 0
1641692554487 0.994 0
1641692564546 0.9936333333333334 0
1641692575546 0.99455 0
1641692586242 0.9937333333333334 0
1641692596417 0.9956333333333334 0
1641692607447 0.9947666666666667 0
1641692617322 0.9948833333333333 0
1641692627368 0.9961166666666667 0
1641692681903 0.9263166666666667 0
1641692692180 0.9684833333333334 0
1641692702360 0.9768333333333333 0
1641692712609 0.9811333333333333 0
1641692722611 0.9846833333333334 0
1641692732621 0.9872833333333333 0
1641692742996 0.9891833333333333 0
1641692753667 0.9904 0
1641692763343 0.9911333333333333 0
1641692773484 0.99085 0
1641692783615 0.9923666666666666 0
1641692793539 0.9933333333333333 0
1641692804117 0.994 0
1641692814162 0.9935333333333334 0
1641692824096 0.99425 0
1641692834160 0.9949166666666667 0
1641692844182 0.9950666666666667 0
1641692854093 0.99495 0
1641692864290 0.99515 0
1641692874787 0.9959833333333333 0
1641692936239 0.92525 0
1641692946439 0.9663666666666667 0
1641692956693 0.97625 0
1641692966474 0.9813333333333333 0
1641692977002 0.98495 0
1641692987691 0.9858 0
1641692998014 0.9887833333333333 0
1641693007997 0.99045 0
1641693017948 0.9903166666666666 0
1641693027923 0.9917666666666667 0
1641693038524 0.9926 0
1641693048951 0.9936333333333334 0
1641693059395 0.9928666666666667 0
1641693069939 0.9940333333333333 0
1641693079922 0.9942 0
1641693090509 0.9943166666666666 0
1641693100624 0.9943 0
1641693111057 0.9951333333333333 0
1641693121096 0.99565 0
1641693131257 0.9959666666666667 0
1641693195156 0.9243333333333333 0
1641693205186 0.9661666666666666 0
1641693216239 0.97665 0
1641693226775 0.9807666666666667 0
1641693236827 0.9843166666666666 0
1641693246819 0.98705 0
1641693257460 0.9881333333333333 0
1641693267471 0.9899666666666667 0
1641693277906 0.9911833333333333 0
1641693287702 0.9919333333333333 0
1641693297685 0.9921833333333333 0
1641693307576 0.9930666666666667 0
1641693317364 0.9930166666666667 0
1641693329122 0.9932833333333333 0
1641693339828 0.9932166666666666 0
1641693349808 0.9946833333333334 0
1641693360546 0.99435 0
1641693371230 0.9949333333333333 0
1641693381615 0.9957 0
1641693393140 0.9951333333333333 0
1641693459143 0.9263833333333333 0
1641693469896 0.9670666666666666 0
1641693479723 0.9770333333333333 0
1641693490540 0.9806833333333334 0
1641693501177 0.9847 0
1641693511341 0.9873833333333333 0
1641693521513 0.9878166666666667 0
1641693531942 0.9911833333333333 0
1641693542141 0.9913666666666666 0
1641693552486 0.9919 0
1641693562922 0.99275 0
1641693573151 0.9933833333333333 0
1641693583445 0.9928166666666667 0
1641693593758 0.9943333333333333 0
1641693604098 0.9945166666666667 0
1641693613925 0.9942333333333333 0
1641693624200 0.9947166666666667 0
1641693634621 0.9949166666666667 0
1641693644888 0.9954833333333334 0
1641693655581 0.9955333333333334 0
1641693724768 0.9252666666666667 0
1641693734380 0.9644 0
1641693745058 0.9752833333333333 0
1641693755173 0.98095 0
1641693765128 0.98335 0
1641693774962 0.9874 0
1641693785040 0.9885666666666667 0
1641693794789 0.9903 0
1641693804830 0.9906 0
1641693815010 0.9920166666666667 0
1641693824922 0.9921333333333333 0
1641693835184 0.9927166666666667 0
1641693845267 0.9942 0
1641693855195 0.9932 0
1641693865516 0.9943166666666666 0
1641693875322 0.9942333333333333 0
1641693885423 0.9945 0
1641693895406 0.9947666666666667 0
1641693905482 0.99495 0
1641693915490 0.9953166666666666 0
1641693999773 0.9250333333333334 0
1641694009645 0.96645 0
1641694019417 0.9754666666666667 0
1641694029251 0.9795833333333334 0
1641694038887 0.9858333333333333 0
1641694048757 0.98625 0
1641694058989 0.9883 0
1641694069357 0.9904333333333334 0
1641694079551 0.9913 0
1641694090091 0.9925666666666667 0
1641694100004 0.9919666666666667 0
1641694110003 0.9933166666666666 0
1641694120766 0.9928833333333333 0
1641694130765 0.99465 0
1641694140797 0.9937833333333334 0
1641694150509 0.9946 0
1641694160694 0.9947166666666667 0
1641694170947 0.9948666666666667 0
1641694180858 0.9954833333333334 0
1641694191498 0.9950666666666667 0
1641694272917 0.92555 0
1641694283341 0.9653166666666667 0
1641694293712 0.9758166666666667 0
1641694303464 0.9809166666666667 0
1641694315324 0.9844833333333334 0
1641694325717 0.98765 0
1641694335839 0.9893166666666666 0
1641694346090 0.9894333333333334 0
1641694356438 0.9902833333333333 0
1641694367254 0.9926833333333334 0
1641694376892 0.9923166666666666 0
1641694387693 0.9927666666666667 0
1641694397759 0.9935166666666667 0
1641694407947 0.9932 0
1641694418456 0.99345 0
1641694429555 0.9952666666666666 0
1641694439435 0.9951833333333333 0
1641694449443 0.9945666666666667 0
1641694459488 0.9946333333333334 0
1641694469819 0.9959666666666667 0
1641694552037 0.92285 0
1641694562023 0.9658333333333333 0
1641694572147 0.9753 0
1641694582053 0.9807 0
1641694591868 0.9849 0
1641694602369 0.9876166666666667 0
1641694613092 0.9877 0
1641694623246 0.9895833333333334 0
1641694633380 0.9906333333333334 0
1641694643555 0.9916166666666667 0
1641694653577 0.9922166666666666 0
1641694663298 0.9930333333333333 0
1641694673232 0.9931666666666666 0
1641694684156 0.994 0
1641694694306 0.99415 0
1641694704616 0.9942666666666666 0
1641694715003 0.9954833333333334 0
1641694725095 0.9946666666666667 0
1641694734912 0.9951666666666666 0
1641694745021 0.9953833333333333 0
1641694838850 0.9246166666666666 0
1641694849620 0.96685 0
1641694859294 0.9760333333333333 0
1641694869837 0.9799833333333333 0
1641694880332 0.9845 0
1641694890225 0.9876 0
1641694900360 0.98765 0
1641694910377 0.9898333333333333 0
1641694920495 0.99035 0
1641694931008 0.9922333333333333 0
1641694941321 0.9919 0
1641694951667 0.99435 0
1641694962191 0.9923 0
1641694972367 0.9936333333333334 0
1641694982771 0.9945 0
1641694993583 0.99385 0
1641695003730 0.9951166666666666 0
1641695015531 0.9950333333333333 0
1641695025508 0.9942 0
1641695035573 0.9956833333333334 0
1641695122116 0.9264333333333333 0
1641695133477 0.9660833333333333 0
1641695143785 0.9751666666666666 0
1641695154706 0.9809166666666667 0
1641695164854 0.98405 0
1641695175493 0.9872166666666666 0
1641695187639 0.9883666666666666 0
1641695197782 0.9891166666666666 0
1641695208831 0.9912666666666666 0
1641695219106 0.9922333333333333 0
1641695229144 0.99275 0
1641695240763 0.9931166666666666 0
1641695250712 0.9931666666666666 0
1641695260943 0.9935166666666667 0
1641695271304 0.9938333333333333 0
1641695281849 0.9943833333333333 0
1641695292351 0.9954333333333333 0
1641695302574 0.9950833333333333 0
1641695313050 0.995 0
1641695323638 0.99475 0
1641695420649 0.9255 0
1641695431590 0.9652666666666667 0
1641695441857 0.9758833333333333 0
1641695452009 0.9817666666666667 0
1641695462200 0.9843833333333334 0
1641695472657 0.9873 0
1641695482686 0.988 0
1641695492947 0.9903666666666666 0
1641695503845 0.9913333333333333 0
1641695514277 0.9927 0
1641695524479 0.9920166666666667 0
1641695534355 0.9934666666666667 0
1641695544232 0.9937666666666667 0
1641695554374 0.9937166666666667 0
1641695564880 0.9935333333333334 0
1641695574907 0.9951666666666666 0
1641695585114 0.9936333333333334 0
1641695594817 0.9956166666666667 0
1641695604818 0.99575 0
1641695614768 0.99515 0
1641695714140 0.9236 0
1641695724556 0.9642166666666667 0
1641695734687 0.9744166666666667 0
1641695745172 0.9802833333333333 0
1641695755990 0.9841 0
1641695765806 0.9861 0
1641695775822 0.9897333333333334 0
1641695786155 0.9895833333333334 0
1641695796182 0.9899666666666667 0
1641695805997 0.99205 0
1641695816073 0.9931333333333333 0
1641695826130 0.9924333333333333 0
1641695836018 0.9940666666666667 0
1641695846082 0.9931333333333333 0
1641695856075 0.9938833333333333 0
1641695866031 0.9948166666666667 0
1641695876337 0.99375 0
1641695886386 0.9943333333333333 0
1641695896609 0.9957166666666667 0
1641695907591 0.9950833333333333 0
1641696023305 0.92525 0
1641696035568 0.96595 0
1641696046604 0.9754333333333334 0
1641696056407 0.9812333333333333 0
1641696066760 0.9849 0
1641696077382 0.98745 0
1641696089059 0.9892666666666666 0
1641696098738 0.9899833333333333 0
1641696109033 0.9918 0
1641696119902 0.9917833333333334 0
1641696129664 0.9918833333333333 0
1641696140320 0.99405 0
1641696150491 0.9933833333333333 0
1641696160315 0.9937333333333334 0
1641696170367 0.9941 0
1641696180453 0.9940833333333333 0
1641696190690 0.99475 0
1641696200882 0.99475 0
1641696211327 0.9953166666666666 0
1641696221443 0.9956 0
1641696339716 0.92475 0
1641696350186 0.96455 0
1641696359893 0.9756833333333333 0
1641696370226 0.9816166666666667 0
1641696380150 0.9842 0
1641696390047 0.9867333333333334 0
1641696400377 0.9887166666666667 0
1641696410333 0.98995 0
1641696420834 0.9901666666666666 0
1641696431665 0.9917 0
1641696441491 0.99215 0
1641696451634 0.9925 0
1641696462244 0.9941833333333333 0
1641696472391 0.9932833333333333 0
1641696482477 0.9935 0
1641696492303 0.9944833333333334 0
1641696502271 0.9941166666666666 0
1641696512721 0.9944 0
1641696523124 0.9948333333333333 0
1641696532929 0.9957666666666667 0
1641696643971 0.9245 0
1641696654217 0.965 0
1641696664411 0.9761333333333333 0
1641696674808 0.9810666666666666 0
1641696684755 0.98465 0
1641696694533 0.9863166666666666 0
1641696704696 0.9881 0
1641696714570 0.98985 0
1641696724975 0.99055 0
1641696735026 0.99175 0
1641696745148 0.9928 0
1641696755409 0.99255 0
1641696765212 0.9936333333333334 0
1641696775249 0.9930333333333333 0
1641696785721 0.9933166666666666 0
1641696795474 0.9949166666666667 0
1641696805132 0.9955166666666667 0
1641696816029 0.99355 0
1641696827704 0.995 0
1641696839757 0.9959166666666667 0
1641696949063 0.9277 0
1641696959388 0.96565 0
1641696969347 0.9778833333333333 0
1641696980726 0.9803833333333334 0
1641696991431 0.9844166666666667 0
1641697001395 0.9874166666666667 0
1641697011960 0.9890333333333333 0
1641697021743 0.9892833333333333 0
1641697032700 0.9908833333333333 0
1641697043372 0.9926666666666667 0
1641697053063 0.9931 0
1641697063507 0.99275 0
1641697073516 0.9932 0
1641697083997 0.9935666666666667 0
1641697094334 0.9938166666666667 0
1641697104451 0.9950166666666667 0
1641697114160 0.9949666666666667 0
1641697123915 0.9959833333333333 0
1641697134067 0.9955 0
1641697143819 0.9948666666666667 0
1641697260799 0.92635 0
1641697270781 0.9661333333333333 0
1641697281210 0.9756166666666667 0
1641697291442 0.9812666666666666 0
1641697301208 0.9847666666666667 0
1641697310920 0.98675 0
1641697321018 0.9892 0
1641697330841 0.9893833333333333 0
1641697341023 0.9915 0
1641697351688 0.992 0
1641697362046 0.9925833333333334 0
1641697371899 0.9934166666666666 0
1641697381645 0.9931333333333333 0
1641697391757 0.9942833333333333 0
1641697401844 0.9931333333333333 0
1641697412250 0.9945666666666667 0
1641697422446 0.99555 0
1641697432440 0.9946166666666667 0
1641697442546 0.9946833333333334 0
1641697452811 0.9955833333333334 0
1641697578996 0.92555 0
1641697589305 0.9654833333333334 0
1641697598969 0.97575 0
1641697609314 0.9810166666666666 0
1641697619566 0.9848166666666667 0
1641697629583 0.98695 0
1641697639996 0.98925 0
1641697649880 0.9915166666666667 0
1641697660937 0.99075 0
1641697670710 0.9908833333333333 0
1641697680859 0.9932666666666666 0
1641697691010 0.9927333333333334 0
1641697701444 0.99365 0
1641697711633 0.9936166666666667 0
1641697721540 0.99385 0
1641697731864 0.9947833333333334 0
1641697742117 0.9946333333333334 0
1641697752304 0.9951 0
1641697763701 0.9951833333333333 0
1641697773906 0.9954 0
1641697896125 0.92605 0
1641697909322 0.9654166666666667 0
1641697918900 0.9754166666666667 0
1641697929486 0.9810166666666666 0
1641697939167 0.9847833333333333 0
1641697949225 0.9869166666666667 0
1641697960760 0.9884 0
1641697971784 0.9902166666666666 0
1641697982236 0.9909166666666667 0
1641697994166 0.9917 0
1641698003901 0.9921333333333333 0
1641698013928 0.9930166666666667 0
1641698024022 0.9936833333333334 0
1641698034562 0.9940666666666667 0
1641698045463 0.9939833333333333 0
1641698056274 0.99385 0
1641698066526 0.9949666666666667 0
1641698076888 0.99535 0
1641698087046 0.99435 0
1641698096897 0.9959666666666667 0
1641698225868 0.9248833333333333 0
1641698236794 0.9665833333333333 0
1641698247023 0.9758 0
1641698256807 0.98105 0
1641698266819 0.98435 0
1641698276851 0.9877666666666667 0
1641698287373 0.98725 0
1641698297685 0.98925 0
1641698308434 0.99145 0
1641698318288 0.9907833333333333 0
1641698328558 0.9927833333333334 0
1641698339237 0.99335 0
1641698349321 0.9939 0
1641698359998 0.993 0
1641698370089 0.9942166666666666 0
1641698380607 0.99355 0
1641698391085 0.9942166666666666 0
1641698400909 0.9957166666666667 0
1641698410737 0.9951 0
1641698421323 0.9951333333333333 0
1641698550172 0.92735 0
1641698559963 0.9667333333333333 0
1641698569768 0.97615 0
1641698580052 0.9820833333333333 0
1641698590639 0.9853833333333334 0
1641698601040 0.98665 0
1641698611033 0.9885666666666667 0
1641698621014 0.9904 0
1641698631113 0.9907833333333333 0
1641698640814 0.9928333333333333 0
1641698651620 0.9932 0
1641698662062 0.9930666666666667 0
1641698672468 0.9942666666666666 0
1641698682515 0.99315 0
1641698692463 0.9944 0
1641698702428 0.9946333333333334 0
1641698712228 0.99535 0
1641698722514 0.99455 0
1641698732463 0.9957166666666667 0
1641698742637 0.9947833333333334 0
1641698875177 0.9248833333333333 0
1641698884847 0.9650666666666666 0
1641698896124 0.9744833333333334 0
1641698906030 0.9803333333333333 0
1641698915861 0.9838833333333333 0
1641698925797 0.9854833333333334 0
1641698935228 0.9883333333333333 0
1641698946321 0.9890333333333333 0
1641698956648 0.9902666666666666 0
1641698967412 0.9916333333333334 0
1641698977119 0.9921 0
1641698989252 0.9932833333333333 0
1641698998886 0.9933 0
1641699008764 0.9938666666666667 0
1641699018956 0.9942833333333333 0
1641699028614 0.9937666666666667 0
1641699038799 0.99455 0
1641699049043 0.9950833333333333 0
1641699058985 0.9947166666666667 0
1641699068867 0.9954333333333333 0
1641699213246 0.9278 0
1641699223769 0.9669833333333333 0
1641699234094 0.9755 0
1641699244371 0.9826 0
1641699254679 0.9842 0
1641699264722 0.98785 0
1641699274587 0.9884166666666667 0
1641699285383 0.98875 0
1641699295313 0.9919166666666667 0
1641699305089 0.9925166666666667 0
1641699315267 0.99225 0
1641699325264 0.9939833333333333 0
1641699335230 0.9930333333333333 0
1641699345652 0.9928333333333333 0
1641699356070 0.9942666666666666 0
1641699366333 0.9945 0
1641699376400 0.9940166666666667 0
1641699386980 0.9959333333333333 0
1641699396796 0.9943166666666666 0
1641699406739 0.9960333333333333 0
1641699548050 0.9253166666666667 0
1641699558925 0.9651666666666666 0
1641699569082 0.9769166666666667 0
1641699579513 0.9812333333333333 0
1641699589835 0.9831 0
1641699599809 0.9874333333333334 0
1641699609723 0.9878333333333333 0
1641699619721 0.99025 0
1641699630530 0.9908833333333333 0
1641699640254 0.99285 0
1641699650384 0.99195 0
1641699660811 0.9923166666666666 0
1641699671106 0.9940666666666667 0
1641699681683 0.9930166666666667 0
1641699692074 0.9937333333333334 0
1641699702335 0.9950333333333333 0
1641699712718 0.9941 0
1641699723211 0.9945833333333334 0
1641699734578 0.9956 0
1641699745168 0.9945166666666667 0
1641699910098 0.9278333333333333 0
1641699922314 0.9668833333333333 0
1641699933051 0.9760166666666666 0
1641699942906 0.9817666666666667 0
1641699954470 0.9853333333333333 0
1641699964510 0.9866833333333334 0
1641699974330 0.988 0
1641699984358 0.99125 0
1641699994814 0.9913666666666666 0
1641700005407 0.9919666666666667 0
1641700015553 0.9920666666666667 0
1641700025851 0.9939 0
1641700035775 0.9932 0
1641700045778 0.9941 0
1641700056221 0.9940333333333333 0
1641700066608 0.9954833333333334 0
1641700076638 0.9935666666666667 0
1641700086931 0.9951833333333333 0
1641700096983 0.99535 0
1641700107162 0.9953166666666666 0
1641700260651 0.9267166666666666 0
1641700270964 0.9662833333333334 0
1641700280982 0.9752 0
1641700291166 0.9817 0
1641700302021 0.98315 0
1641700312202 0.9875833333333334 0
1641700322453 0.98875 0
1641700332547 0.9900333333333333 0
1641700342426 0.9910666666666667 0
1641700353025 0.9917 0
1641700363260 0.9931333333333333 0
1641700373244 0.99325 0
1641700383847 0.9931166666666666 0
1641700393936 0.9947666666666667 0
1641700404150 0.9932666666666666 0
1641700414067 0.9937166666666667 0
1641700424031 0.9952666666666666 0
1641700434130 0.9954166666666666 0
1641700444794 0.9945166666666667 0
1641700455111 0.9958333333333333 0
1641700613537 0.9253 0
1641700623411 0.9649333333333333 0
1641700633904 0.9750333333333333 0
1641700643549 0.9805 0
1641700654317 0.9847333333333333 0
1641700664709 0.9857166666666667 0
1641700674875 0.9884666666666667 0
1641700684816 0.9891 0
1641700694454 0.9915 0
1641700705080 0.9910333333333333 0
1641700715339 0.9917333333333334 0
1641700725261 0.9929666666666667 0
1641700735184 0.9928833333333333 0
1641700745041 0.9929833333333333 0
1641700755035 0.9938833333333333 0
1641700765558 0.9944333333333333 0
1641700775354 0.9940333333333333 0
1641700787378 0.9947833333333334 0
1641700798358 0.9957333333333334 0
1641700808275 0.9957666666666667 0
1641700964474 0.9226833333333333 0
1641700974310 0.9653333333333334 0
1641700985019 0.97575 0
1641700996128 0.982 0
1641701007947 0.9831666666666666 0
1641701018470 0.9870666666666666 0
1641701028804 0.9882333333333333 0
1641701041439 0.9897833333333333 0
1641701052671 0.99125 0
1641701062737 0.9919666666666667 0
1641701072787 0.9919 0
1641701082604 0.9933 0
1641701092472 0.9937833333333334 0
1641701102566 0.9929833333333333 0
1641701113060 0.9952166666666666 0
1641701123713 0.9943166666666666 0
1641701135016 0.99435 0
1641701145281 0.9944333333333333 0
1641701155862 0.9951833333333333 0
1641701166317 0.9958333333333333 0
1641701326367 0.9254333333333333 0
1641701336768 0.9656666666666667 0
1641701346556 0.9755166666666667 0
1641701357054 0.9804833333333334 0
1641701367097 0.9848666666666667 0
1641701377177 0.98565 0
1641701387650 0.9887 0
1641701397643 0.9898833333333333 0
1641701407931 0.9916166666666667 0
1641701418034 0.9915333333333334 0
1641701428022 0.99255 0
1641701438416 0.9930166666666667 0
1641701448910 0.9933833333333333 0
1641701458991 0.9935166666666667 0
1641701468888 0.9937833333333334 0
1641701479024 0.9950833333333333 0
1641701488868 0.99415 0
1641701498842 0.99415 0
1641701509642 0.9942166666666666 0
1641701519610 0.9963166666666666 0
1641701690994 0.92745 0
1641701700944 0.96605 0
1641701711358 0.9763166666666667 0
1641701721150 0.9819 0
1641701731053 0.9840666666666666 0
1641701741684 0.9874833333333334 0
1641701751611 0.9895333333333334 0
1641701761424 0.9901666666666666 0
1641701771389 0.9912666666666666 0
1641701781710 0.9915666666666667 0
1641701791743 0.9920166666666667 0
1641701801638 0.9929166666666667 0
1641701811792 0.9937333333333334 0
1641701823149 0.9926333333333334 0
1641701832928 0.9946 0
1641701843268 0.9947666666666667 0
1641701853254 0.9942666666666666 0
1641701863017 0.9957 0
1641701873942 0.9945833333333334 0
1641701884006 0.9962 0
1641702052540 0.92635 0
1641702063069 0.96545 0
1641702074102 0.9759666666666666 0
1641702085493 0.9802333333333333 0
1641702095094 0.9841333333333333 0
1641702105190 0.9870666666666666 0
1641702115387 0.9882333333333333 0
1641702125198 0.9897833333333333 0
1641702135360 0.9910166666666667 0
1641702145886 0.9926333333333334 0
1641702156187 0.9915833333333334 0
1641702166296 0.9930833333333333 0
1641702176074 0.9927833333333334 0
1641702186028 0.9932666666666666 0
1641702195975 0.9946 0
1641702206354 0.9948166666666667 0
1641702216776 0.9943166666666666 0
1641702226885 0.9948833333333333 0
1641702236946 0.9950833333333333 0
1641702247254 0.9958 0
1641702427573 0.9220666666666667 0
1641702437899 0.96435 0
1641702447839 0.9744166666666667 0
1641702457795 0.9806833333333334 0
1641702468360 0.9842333333333333 0
1641702478768 0.9861833333333333 0
1641702489025 0.9881 0
1641702499427 0.9894666666666667 0
1641702509697 0.9906666666666667 0
1641702520046 0.9918833333333333 0
1641702530282 0.9923166666666666 0
1641702540104 0.9933833333333333 0
1641702550592 0.9929 0
1641702560496 0.9934333333333333 0
1641702570585 0.9931833333333333 0
1641702580440 0.9959166666666667 0
1641702590115 0.9943833333333333 0
1641702600160 0.9945333333333334 0
1641702610474 0.9954166666666666 0
1641702620291 0.9954833333333334 0
1641702795090 0.9257 0
1641702805332 0.96615 0
1641702815325 0.9745666666666667 0
1641702825664 0.9804833333333334 0
1641702835580 0.98375 0
1641702846347 0.9872166666666666 0
1641702856475 0.988 0
1641702866886 0.98975 0
1641702877036 0.99185 0
1641702887221 0.9915833333333334 0
1641702897928 0.99245 0
1641702907792 0.9926833333333334 0
1641702918014 0.9933333333333333 0
1641702928921 0.99315 0
1641702939009 0.99415 0
1641702948935 0.9941333333333333 0
1641702959248 0.9952333333333333 0
1641702968907 0.9944 0
1641702978629 0.9954 0
1641702990445 0.99445 0
1641703173087 0.9238 0
1641703183062 0.96615 0
1641703192871 0.9758833333333333 0
1641703203641 0.9812833333333333 0
1641703213745 0.9848833333333333 0
1641703223986 0.9866333333333334 0
1641703233832 0.98835 0
1641703244112 0.9902333333333333 0
1641703254515 0.9903833333333333 0
1641703264290 0.99205 0
1641703274295 0.9927166666666667 0
1641703285953 0.9934 0
1641703299146 0.9935833333333334 0
1641703311688 0.9940666666666667 0
1641703324789 0.9939333333333333 0
1641703337798 0.9942666666666666 0
1641703350321 0.99425 0
1641703362913 0.99505 0
1641703375831 0.99475 0
1641703386840 0.9957 0
1641703602051 0.9231666666666667 0
1641703613425 0.9648333333333333 0
1641703624479 0.9744333333333334 0
1641703635323 0.9806833333333334 0
1641703645746 0.98435 0
1641703656345 0.9864 0
1641703667532 0.9881833333333333 0
1641703678817 0.9894333333333334 0
1641703689838 0.9906833333333334 0
1641703700992 0.9917833333333334 0
1641703712187 0.99215 0
1641703722973 0.9927666666666667 0
1641703734182 0.9928833333333333 0
1641703745813 0.9940166666666667 0
1641703756809 0.9937666666666667 0
1641703768087 0.99425 0
1641703779263 0.99365 0
1641703790251 0.9953166666666666 0
1641703801121 0.9935833333333334 0
1641703811535 0.9965333333333334 0
1641704025475 0.9236833333333333 0
1641704036556 0.9655333333333334 0
1641704047283 0.9757166666666667 0
1641704058204 0.9815 0
1641704069261 0.9840333333333333 0
1641704080168 0.98625 0
1641704090634 0.9883333333333333 0
1641704101477 0.9904166666666666 0
1641704112263 0.9895666666666667 0
1641704123397 0.9921166666666666 0
1641704133886 0.9918666666666667 0
1641704145699 0.9930333333333333 0
1641704156901 0.9949333333333333 0
1641704167805 0.9927333333333334 0
1641704178573 0.9944166666666666 0
1641704189649 0.9937 0
1641704200207 0.9943 0
1641704211263 0.9953 0
1641704221359 0.9950333333333333 0
1641704232451 0.9952333333333333 0
1641704445741 0.9261166666666667 0
1641704457066 0.9654666666666667 0
1641704467167 0.9758166666666667 0
1641704476815 0.9813166666666666 0
1641704486986 0.9838333333333333 0
1641704497810 0.9878333333333333 0
1641704508593 0.98795 0
1641704519113 0.9892666666666666 0
1641704529738 0.9907833333333333 0
1641704540438 0.9921166666666666 0
1641704551013 0.993 0
1641704561661 0.9929166666666667 0
1641704571883 0.9942833333333333 0
1641704582657 0.99375 0
1641704593387 0.9938666666666667 0
1641704604748 0.99425 0
1641704615218 0.9950666666666667 0
1641704625942 0.9956333333333334 0
1641704636600 0.9948333333333333 0
1641704647018 0.9959666666666667 0
1641704858598 0.9247 0
1641704869284 0.9645166666666667 0
1641704879911 0.9749333333333333 0
1641704890413 0.9806666666666667 0
1641704900810 0.9832 0
1641704911268 0.9866166666666667 0
1641704922035 0.98825 0
1641704932971 0.9899166666666667 0
1641704943407 0.9911 0
1641704954272 0.9906 0
1641704964772 0.9911333333333333 0
1641704975199 0.9924666666666667 0
1641704986081 0.9933 0
1641704996516 0.9931833333333333 0
1641705006768 0.9935833333333334 0
1641705017026 0.9944 0
1641705027521 0.9949 0
1641705038225 0.9943666666666666 0
1641705049080 0.9953166666666666 0
1641705060079 0.9955166666666667 0
