1654131954128 0.7520112611942017 0
1654131967222 0.08314859777933373 0
1654131980445 0.02349263692860486 0
1654131993889 0.012678775217587158 0
1654132007073 0.00630492892272498 0
1654132020059 0.005359887814249547 0
1654132033279 0.0033851586945354037 0
1654132046410 0.0026696787905395787 0
1654132059690 0.0030050003006364292 0
1654132072785 0.002173677318340849 0
1654132130686 0.3924718857524007 0
1654132146864 0.040226426018199465 0
1654132162915 0.017385589162337414 0
1654132178473 0.011777482356508598 0
1654132194066 0.009555532026950787 0
1654132209633 0.00795343807452256 0
1654132225212 0.008700641163868624 0
1654132240662 0.0069874770986562895 0
1654132256107 0.0051036834490672586 0
1654132271473 0.004830531656112291 0
1654132347258 0.28273115466457577 0
1654132364859 0.04200678986282772 0
1654132383339 0.020380599098895533 0
1654132401607 0.01907517556862223 0
1654132418684 0.015251023753595754 0
1654132436029 0.015107348977993644 0
1654132452913 0.012742856907037962 0
1654132470108 0.010013667379413444 0
1654132487399 0.00917688444109072 0
1654132505234 0.011560492214830454 0
1654132598112 0.3533857011692028 0
1654132617480 0.08062314913309365 0
1654132637311 0.04756838488124261 0
1654132657627 0.03434009512015514 0
1654132678336 0.03173901056379459 0
1654132698203 0.027773799045093858 0
1654132717577 0.02575456901115132 0
1654132736496 0.027259951608290523 0
1654132755693 0.023352356890771083 0
1654132775096 0.025044148236856523 0
1654132885432 0.3164290841099477 0
1654132906464 0.06411500609163981 0
1654132927241 0.050722311101293514 0
1654132949100 0.0467285715867772 0
1654132970989 0.04470175659046307 0
1654132992636 0.04043852198418919 0
1654133014582 0.04089875104270011 0
1654133035829 0.03947925784709615 0
1654133057581 0.03841483602566895 0
1654133078900 0.03325371769668552 0
