1640354581477 2.2426898460388185 0
1640354589405 2.020319739151001 0
1640354597202 1.8008436141967774 0
1640354604760 1.59429600982666 0
1640354612369 1.421618613433838 0
1640354619917 1.2772507177352905 0
1640354627731 1.1468996406555176 0
1640354635626 1.043171500968933 0
1640354643441 0.9251916432380676 0
1640354651133 0.8336430656433106 0
1640354658901 0.7499076707839966 0
1640354666830 0.6670518117904664 0
1640354674679 0.6030422790527343 0
1640354682363 0.5257915338039398 0
1640354689956 0.47959191427230835 0
1640354697552 0.4179897060394287 0
1640354705092 0.3617615005493164 0
1640354712631 0.3449146014690399 0
1640354720497 0.2765636651277542 0
1640354728380 0.22890554540157318 0
1640354736083 0.20564779148101806 0
1640354743737 0.1664424677848816 0
1640354751471 0.15057833243012428 0
1640354759095 0.11865490370988846 0
1640354766794 0.09840844286680221 0
1640354774619 0.0863551214993 0
1640354782556 0.07380394035577774 0
1640354790329 0.06432564177513123 0
1640354798064 0.05612080324292183 0
1640354805707 0.050285946357250214 0
1640354813429 0.04526037016808987 0
1640354821136 0.04032563787102699 0
1640354828898 0.03837165213823319 0
1640354836500 0.03435722558498382 0
1640354844403 0.03102794787287712 0
1640354852108 0.028915342876315118 0
1640354859954 0.02677511011660099 0
1640354867558 0.025047947597503662 0
1640354875227 0.02352800109088421 0
1640354883059 0.021851377749443054 0
1640354890798 0.020321575087308884 0
1640354898509 0.019260860446095467 0
1640354906413 0.018235037595033646 0
1640354914201 0.017200511875748635 0
1640354921895 0.016242569202184677 0
1640354929602 0.015406339608132839 0
1640354937469 0.014756934502720833 0
1640354945295 0.014005532616376876 0
1640354952975 0.013270554281771183 0
1640354960702 0.012574515257775783 0
1640354974636 2.1799615169525146 0
1640354980818 1.8543150384902953 0
1640354987077 1.5918011318206786 0
1640354993446 1.3670465908050538 0
1640354999789 1.1786081575393677 0
1640355006099 1.0512154035568237 0
1640355012320 0.9182471187591553 0
1640355018616 0.7987167041778565 0
1640355024972 0.720624603176117 0
1640355031215 0.6555915859222412 0
1640355037411 0.5619403354644775 0
1640355043804 0.49939034490585327 0
1640355049943 0.46772789344787596 0
1640355056412 0.3962462267398834 0
1640355062844 0.387229540848732 0
1640355069160 0.31140595598220827 0
1640355075505 0.2812651301383972 0
1640355081922 0.2556200219154358 0
1640355088168 0.24775089812278747 0
1640355094495 0.2038479267835617 0
1640355100760 0.16044425573349 0
1640355106943 0.14286762570142747 0
1640355113480 0.11672436591386795 0
1640355119663 0.12320132973194123 0
1640355125986 0.09406359702348709 0
1640355132136 0.08052646007537842 0
1640355138426 0.07392240788936615 0
1640355144795 0.05992627084851265 0
1640355151200 0.053812654781341555 0
1640355157615 0.05907641423642635 0
1640355163846 0.04272320554256439 0
1640355170223 0.037655005848407745 0
1640355176480 0.033186014139652255 0
1640355183129 0.030840364795923232 0
1640355189372 0.02948031249642372 0
1640355195565 0.03160170359611511 0
1640355201713 0.03679716680943966 0
1640355208086 0.025006487211585045 0
1640355214384 0.021003751266002655 0
1640355220855 0.01942153199315071 0
1640355227311 0.018308279386162758 0
1640355233567 0.017372366493940354 0
1640355239781 0.016282142481207847 0
1640355246055 0.015387248681485654 0
1640355252429 0.014478750883042813 0
1640355258774 0.013942365157604218 0
1640355265102 0.013332981139421463 0
1640355271338 0.012683256141841412 0
1640355277640 0.012024356576800347 0
1640355283838 0.011637726755440236 0
1640355303231 2.163127816772461 0
1640355309650 1.8210453937530517 0
1640355316085 1.597307116317749 0
1640355322457 1.4287450408935547 0
1640355328970 1.2781252455711365 0
1640355335288 1.1590123138427735 0
1640355341852 1.0615344851493835 0
1640355348265 0.9783151315689087 0
1640355354564 0.9004091688156128 0
1640355360987 0.8456385883331299 0
1640355367404 0.7798527309417724 0
1640355373909 0.7059586761474609 0
1640355380223 0.6694012749671936 0
1640355386601 0.6141122567176819 0
1640355393054 0.559737787437439 0
1640355399332 0.5491979396820068 0
1640355405660 0.5135501070976257 0
1640355412107 0.5055022804737092 0
1640355418525 0.42622440071105955 0
1640355424745 0.3880620764732361 0
1640355431136 0.36060134973526003 0
1640355437621 0.3175042467832565 0
1640355443888 0.2829954417228699 0
1640355450381 0.2711414185523987 0
1640355456758 0.24676307125091554 0
1640355463058 0.2301681825876236 0
1640355469517 0.21184735008478164 0
1640355475880 0.1695231451034546 0
1640355482347 0.1689955551147461 0
1640355488974 0.14919306557178497 0
1640355495384 0.13711026782989502 0
1640355501939 0.18226376638412475 0
1640355508558 0.16581909629106523 0
1640355514802 0.08817325338125229 0
1640355521295 0.06798846176862716 0
1640355527804 0.060186431443691256 0
1640355534297 0.05536713942289352 0
1640355540806 0.04714383852481842 0
1640355547124 0.045842120999097825 0
1640355553674 0.04164187183380127 0
1640355560047 0.037314995443820956 0
1640355566496 0.03431881041526794 0
1640355572930 0.041367742961645124 0
1640355579307 0.030853700205683707 0
1640355585673 0.02770671313405037 0
1640355592182 0.02575982699394226 0
1640355598624 0.023584079703688622 0
1640355605102 0.022224947714805602 0
1640355611511 0.020969146612286566 0
1640355617907 0.019811292284727097 0
1640355642679 2.2299790538787843 0
1640355649195 1.9691927106857299 0
1640355655583 1.7480122318267823 0
1640355662032 1.5619572679519653 0
1640355668350 1.4408582653045654 0
1640355674778 1.3564644180297851 0
1640355681175 1.2578659114837647 0
1640355687797 1.1799924179077148 0
1640355694153 1.1292696613311768 0
1640355700560 1.0551967631340027 0
1640355706908 0.9864124803543091 0
1640355713427 0.9339627470016479 0
1640355719771 0.87774671792984 0
1640355726179 0.8057010650157929 0
1640355732675 0.7808583546638489 0
1640355739146 0.719702121925354 0
1640355745829 0.6672182033538818 0
1640355752273 0.6572301825523377 0
1640355758825 0.5915847065925598 0
1640355765313 0.5975272514343262 0
1640355771737 0.49887823309898377 0
1640355778223 0.4409012818336487 0
1640355784794 0.44426432256698606 0
1640355791350 0.3820527365684509 0
1640355797757 0.32567845287323 0
1640355804347 0.2799169182896614 0
1640355810794 0.25655781917572024 0
1640355817229 0.21437374267578124 0
1640355823505 0.2308945544719696 0
1640355829927 0.2090004695892334 0
1640355836472 0.16618456925153732 0
1640355842884 0.13573379056453705 0
1640355849151 0.11615033688545227 0
1640355855642 0.173193879199028 0
1640355862102 0.09856242226362229 0
1640355868559 0.0838915540933609 0
1640355874875 0.0729707071185112 0
1640355881144 0.06282748364210129 0
1640355887589 0.060240662050247196 0
1640355894115 0.05181461329460144 0
1640355900575 0.045139189928770064 0
1640355906793 0.040811392390727994 0
1640355913508 0.037894145345687864 0
1640355919887 0.03538626812100411 0
1640355926487 0.03308710949420929 0
1640355932866 0.030594522231817245 0
1640355939337 0.028391845780611037 0
1640355945766 0.027002027902007102 0
1640355952164 0.02575027125775814 0
1640355958589 0.02361420431137085 0
1640355988911 2.0542432498931884 0
1640355995402 1.5227454641342164 0
1640356001730 1.2042388750076294 0
1640356008040 0.9999261093139649 0
1640356014510 0.8618542160034179 0
1640356020912 0.7588268729209899 0
1640356027504 0.6718563042640686 0
1640356034067 0.6224338251113891 0
1640356040608 0.5659286862611771 0
1640356046983 0.4916123544692993 0
1640356053539 0.44923452162742616 0
1640356059969 0.43211788840293885 0
1640356066345 0.436217703294754 0
1640356072698 0.35021251487731936 0
1640356079155 0.3392749526500702 0
1640356085605 0.3047812379837036 0
1640356091791 0.2563248617887497 0
1640356098210 0.24557136847972869 0
1640356104729 0.23910148153305052 0
1640356111130 0.1925521627366543 0
1640356117721 0.16478654265403747 0
1640356124289 0.15154022858142852 0
1640356130867 0.14488856295347213 0
1640356137272 0.11468806409835816 0
1640356143578 0.14076106755137444 0
1640356150036 0.10207552139163018 0
1640356156417 0.0868712595820427 0
1640356162693 0.07828863577842712 0
1640356169018 0.05743722806870937 0
1640356175506 0.0500419835805893 0
1640356181956 0.04529536189436913 0
1640356188402 0.04049702688753605 0
1640356194844 0.03543652451038361 0
1640356201185 0.033361088210344315 0
1640356207692 0.029605749064683915 0
1640356214045 0.028962666854262353 0
1640356220498 0.02425333824455738 0
1640356226937 0.02314629310965538 0
1640356233400 0.023011459839344026 0
1640356239683 0.02207996565103531 0
1640356246185 0.017744654661417007 0
1640356252631 0.016764086744189263 0
1640356259052 0.01684313507974148 0
1640356265572 0.014767173808813094 0
1640356271909 0.014023469167947769 0
1640356278416 0.014189226450026035 0
1640356285037 0.012666003239154816 0
1640356291471 0.011945025585591794 0
1640356297878 0.011358534695208073 0
1640356304293 0.01085412649512291 0
1640356340631 2.098826604652405 0
1640356347295 1.7388421585083007 0
1640356353729 1.5188570211410521 0
1640356360413 1.3678432138442993 0
1640356367009 1.2805095634460448 0
1640356373733 1.1698639791488648 0
1640356380349 1.0941372307777404 0
1640356386821 1.0209136493682862 0
1640356393253 0.9733157888412476 0
1640356399749 0.8988297731399536 0
1640356406281 0.8516179663658142 0
1640356412874 0.7965685968399048 0
1640356419462 0.7337145822525024 0
1640356426328 0.7228341424942016 0
1640356432968 0.6608367288589477 0
1640356439492 0.6053408974170685 0
1640356445965 0.5465914119720459 0
1640356452563 0.5149024364471435 0
1640356459084 0.46106195378303527 0
1640356465757 0.4488833158493042 0
1640356472301 0.47659074230194093 0
1640356478862 0.37338107261657716 0
1640356485437 0.36100920758247373 0
1640356491968 0.3279694124221802 0
1640356498542 0.30163042588233946 0
1640356505180 0.24351777632236482 0
1640356511760 0.21955625591278077 0
1640356518364 0.23387478580474855 0
1640356524853 0.16573853902816774 0
1640356531386 0.14630243122577669 0
1640356538004 0.14874948550462722 0
1640356544567 0.11833196859359742 0
1640356551077 0.15609920791387558 0
1640356557844 0.10204454355835915 0
1640356564244 0.08330332856178284 0
1640356570796 0.12403504331111909 0
1640356577334 0.07298255156874657 0
1640356583789 0.05459023162126541 0
1640356590348 0.0509911158323288 0
1640356596772 0.04394716590940952 0
1640356603328 0.040584757500886914 0
1640356609895 0.037933531099557875 0
1640356616482 0.03464905228614807 0
1640356623086 0.030671841359138488 0
1640356629713 0.030564969050884246 0
1640356636265 0.02825141902267933 0
1640356642724 0.025732893607020378 0
1640356649272 0.024114790588617326 0
1640356655853 0.0240855164706707 0
1640356662375 0.021531630335748196 0
1640356704074 2.06231543674469 0
1640356710670 1.6343936508178711 0
1640356717268 1.3718043346405029 0
1640356723779 1.214152131462097 0
1640356730298 1.0808012046813964 0
1640356737030 0.9818393249511719 0
1640356743394 0.9023228330612183 0
1640356749910 0.8629483589172363 0
1640356756401 0.7918802172660827 0
1640356763036 0.7533027309417725 0
1640356769527 0.7296883511543274 0
1640356776144 0.6461106722831726 0
1640356782847 0.6021072128295898 0
1640356789373 0.5942520092964172 0
1640356795883 0.5759898312568664 0
1640356802369 0.5276736650943756 0
1640356808927 0.48131654353141784 0
1640356815434 0.4567627661705017 0
1640356822054 0.44049384665489194 0
1640356828666 0.3894018063545227 0
1640356835183 0.37514381771087646 0
1640356841801 0.34040671553611757 0
1640356848359 0.3011258714199066 0
1640356854880 0.2653612216949463 0
1640356861301 0.3106038520812988 0
1640356867975 0.22847580733299255 0
1640356874485 0.26515315420627594 0
1640356881076 0.20695564744472503 0
1640356887677 0.16064236372709273 0
1640356894305 0.13444584982395172 0
1640356900884 0.12945818328857422 0
1640356907626 0.11071532456874847 0
1640356914299 0.09470333211421966 0
1640356920732 0.1067033483505249 0
1640356927318 0.20028312735557557 0
1640356933820 0.08071802262663841 0
1640356940303 0.0637263961970806 0
1640356946718 0.08219422724246979 0
1640356953271 0.05318942098617554 0
1640356959693 0.10105676799416542 0
1640356966374 0.043199316608905795 0
1640356972953 0.03576607840359211 0
1640356979578 0.031102045077085496 0
1640356986381 0.030496598136425017 0
1640356993039 0.02690740342736244 0
1640356999504 0.024691674077510835 0
1640357006011 0.02307451826632023 0
1640357012664 0.022000138860940932 0
1640357019184 0.020512861911952496 0
1640357025720 0.018960222083330154 0
1640357072549 2.12658178062439 0
1640357079012 1.695016297531128 0
1640357085655 1.4019939304351807 0
1640357092192 1.2087817695617675 0
1640357098691 1.0730050079345703 0
1640357105222 0.9621648801803588 0
1640357111818 0.8622155158996582 0
1640357118712 0.7851642074584961 0
1640357125236 0.729254436302185 0
1640357131766 0.6886106488704682 0
1640357138290 0.6363599855422973 0
1640357144785 0.6041601004123688 0
1640357151317 0.5569725696086884 0
1640357158247 0.5066541220664978 0
1640357164749 0.479009534072876 0
1640357171245 0.4747224578380585 0
1640357177861 0.46493121416568756 0
1640357184480 0.3755611273765564 0
1640357190954 0.3528702057361603 0
1640357197678 0.34223393874168395 0
1640357204303 0.2961119596004486 0
1640357210891 0.28507251043319703 0
1640357217394 0.2646686076402664 0
1640357223922 0.2197381173610687 0
1640357230486 0.1932883563041687 0
1640357237086 0.2273985259771347 0
1640357243770 0.15897824745178224 0
1640357250320 0.14341469326019288 0
1640357256912 0.16289270660877228 0
1640357263488 0.13639535841941833 0
1640357270090 0.10718982689380646 0
1640357276757 0.1088296894967556 0
1640357283347 0.07858579443693162 0
1640357289931 0.06616061289310456 0
1640357296527 0.0560139002084732 0
1640357303077 0.05027156242132187 0
1640357309635 0.046289897158741954 0
1640357316111 0.04027904225587845 0
1640357322641 0.04172183903455734 0
1640357329237 0.03338492631316185 0
1640357335817 0.0306111541390419 0
1640357342298 0.028899101239442827 0
1640357348878 0.02601402112543583 0
1640357355501 0.025628964221477507 0
1640357361987 0.025716613809764387 0
1640357368528 0.02155921619385481 0
1640357375208 0.019604072466492654 0
1640357381764 0.01958836202174425 0
1640357388387 0.01757365626990795 0
1640357394941 0.017566279637813566 0
1640357448148 2.046194776725769 0
1640357455249 1.5520171474456788 0
1640357462198 1.3052891006469727 0
1640357469201 1.1416367980003357 0
1640357476054 1.0152342306137085 0
1640357482978 0.9116846590042115 0
1640357489696 0.8515883434295655 0
1640357496555 0.7736099218368531 0
1640357503409 0.7223924489974975 0
1640357510520 0.6682546753883362 0
1640357517432 0.6461039306640625 0
1640357524626 0.6221896245002747 0
1640357531423 0.56882637424469 0
1640357538279 0.5248794781684876 0
1640357545141 0.48421315512657165 0
1640357552082 0.44073133788108826 0
1640357558901 0.4048394645690918 0
1640357565746 0.37885477113723753 0
1640357572720 0.3426103560447693 0
1640357579652 0.4200353787899017 0
1640357586545 0.2935997308731079 0
1640357593457 0.28353146257400513 0
1640357600424 0.32732901484966276 0
1640357607499 0.22606771354675292 0
1640357614355 0.22269697399139404 0
1640357621319 0.20453537809848785 0
1640357628211 0.15566577243804933 0
1640357635282 0.13031622786521913 0
1640357642152 0.12371222751140594 0
1640357649012 0.11312699052095414 0
1640357656048 0.09915037519931794 0
1640357662956 0.07353342816829682 0
1640357669892 0.0690728843152523 0
1640357676896 0.060798777055740355 0
1640357683850 0.050552258086204525 0
1640357690686 0.16876303901672363 0
1640357697536 0.09239201229214668 0
1640357704562 0.04598125241100788 0
1640357711443 0.034665259623527525 0
1640357718598 0.041837769532203674 0
1640357725415 0.027438971497118474 0
1640357732411 0.02588554436266422 0
1640357739411 0.022243832656741142 0
1640357746315 0.02132647823393345 0
1640357753232 0.019447242787480355 0
1640357760154 0.017716219320893286 0
1640357766951 0.016422968643903732 0
1640357773992 0.015806143879890443 0
1640357780885 0.014647995281219482 0
1640357787754 0.013813790819048882 0
1640357846451 2.1542043571472167 0
1640357853139 1.8070454837799073 0
1640357859806 1.5660176683425904 0
1640357866544 1.404019694328308 0
1640357873275 1.2910317487716674 0
1640357879932 1.1927430733680726 0
1640357886624 1.11076778755188 0
1640357893492 1.0641924732208252 0
1640357900058 0.9828922409057618 0
1640357906746 0.9658357949256897 0
1640357913592 0.8991522375106812 0
1640357920315 0.840982915687561 0
1640357926979 0.8375799871444702 0
1640357933766 0.7685792655944824 0
1640357940409 0.7164819538116455 0
1640357947138 0.6728399213790893 0
1640357953865 0.6587252733230591 0
1640357960548 0.6023381451129913 0
1640357967468 0.5877327603340149 0
1640357974172 0.5332745111465454 0
1640357980899 0.49762142562866213 0
1640357987513 0.4960939377307892 0
1640357994239 0.4159967792510986 0
1640358000887 0.4055917503833771 0
1640358007595 0.37009920439720156 0
1640358014474 0.3334517802238464 0
1640358021312 0.30115766527652743 0
1640358028023 0.2839860612154007 0
1640358034701 0.25043056049346923 0
1640358041371 0.28870779418945314 0
1640358048114 0.2475788509607315 0
1640358054833 0.20144190113544463 0
1640358061560 0.15886262488365174 0
1640358068267 0.18667461676597596 0
1640358075096 0.1276905167222023 0
1640358081869 0.12424957914352416 0
1640358088712 0.12834819684028625 0
1640358095341 0.09012679221630096 0
1640358101940 0.07199194017648697 0
1640358108660 0.06641181295514106 0
1640358115270 0.06245897067785263 0
1640358122195 0.05086986032128334 0
1640358128936 0.04622939437031746 0
1640358135659 0.04145851647257805 0
1640358142295 0.039180149495601654 0
1640358148970 0.03610684777498245 0
1640358155788 0.032494687682390215 0
1640358162430 0.031900694420933726 0
1640358169327 0.02998903848528862 0
1640358175993 0.029359394663572312 0
