1651907192357 0.5392 0
1651907195904 0.6984 0
1651907199598 0.7668 0
1651907203061 0.7976 0
1651907206592 0.814 0
1651907210132 0.8656 0
1651907213753 0.8528 0
1651907217413 0.8972 0
1651907220953 0.8868 0
1651907224567 0.9084 0
1651907228219 0.918 0
1651907231865 0.9208 0
1651907235372 0.9296 0
1651907238893 0.9404 0
1651907242430 0.9416 0
1651907245983 0.9416 0
1651907249504 0.9488 0
1651907252962 0.952 0
1651907256623 0.946 0
1651907260209 0.9616 0
1651907263845 0.9632 0
1651907267426 0.9724 0
1651907270951 0.9288 0
1651907274451 0.9684 0
1651907278008 0.9748 0
1651907281560 0.9752 0
1651907285165 0.9604 0
1651907288794 0.966 0
1651907292390 0.9668 0
1651907295929 0.944 0
1651907301414 0.4664 0
1651907306499 0.6324 0
1651907311669 0.6864 0
1651907316912 0.7256 0
1651907322078 0.7596 0
1651907327394 0.8304 0
1651907332567 0.846 0
1651907337645 0.878 0
1651907342723 0.884 0
1651907347871 0.912 0
1651907352980 0.9104 0
1651907358064 0.8896 0
1651907363181 0.9292 0
1651907368327 0.9204 0
1651907373161 0.936 0
1651907378279 0.9492 0
1651907383484 0.954 0
1651907388641 0.9584 0
1651907393602 0.9596 0
1651907398769 0.9304 0
1651907403870 0.9732 0
1651907409034 0.9728 0
1651907414281 0.9768 0
1651907419274 0.9484 0
1651907424423 0.9664 0
1651907429678 0.962 0
1651907434835 0.9732 0
1651907439968 0.9772 0
1651907445034 0.9712 0
1651907450348 0.9764 0
1651907456652 0.484 0
1651907462360 0.64 0
1651907468277 0.6992 0
1651907474133 0.7504 0
1651907479689 0.8112 0
1651907485532 0.8348 0
1651907491106 0.8496 0
1651907496817 0.8816 0
1651907502687 0.8884 0
1651907508447 0.9088 0
1651907514118 0.902 0
1651907519814 0.9332 0
1651907525593 0.9404 0
1651907531198 0.932 0
1651907536802 0.9428 0
1651907542678 0.9468 0
1651907548310 0.946 0
1651907554034 0.9552 0
1651907559804 0.9524 0
1651907565658 0.9364 0
1651907571372 0.952 0
1651907577256 0.974 0
1651907582919 0.9732 0
1651907588512 0.9696 0
1651907594254 0.958 0
1651907600032 0.9664 0
1651907605710 0.97 0
1651907611410 0.9708 0
1651907617362 0.9752 0
1651907622974 0.9836 0
1651907630528 0.6696 0
1651907637283 0.8164 0
1651907643800 0.864 0
1651907650273 0.8908 0
1651907656858 0.9124 0
1651907663581 0.936 0
1651907670015 0.9184 0
1651907676496 0.9588 0
1651907682972 0.9532 0
1651907689488 0.968 0
1651907695931 0.9728 0
1651907702426 0.9676 0
1651907708932 0.9772 0
1651907715605 0.9804 0
1651907722010 0.976 0
1651907728615 0.9824 0
1651907735200 0.9796 0
1651907741581 0.9824 0
1651907748019 0.9744 0
1651907754484 0.9748 0
1651907761040 0.9872 0
1651907767736 0.9568 0
1651907774111 0.9712 0
1651907780663 0.9868 0
1651907787194 0.9904 0
1651907793765 0.9908 0
1651907800183 0.9852 0
1651907806830 0.9868 0
1651907813348 0.9824 0
1651907819655 0.9964 0
1651907828711 0.462 0
1651907836080 0.6172 0
1651907843253 0.6724 0
1651907850379 0.7396 0
1651907857557 0.7652 0
1651907864791 0.836 0
1651907871993 0.8352 0
1651907879120 0.8628 0
1651907886374 0.8816 0
1651907893618 0.9036 0
1651907901148 0.912 0
1651907908203 0.9196 0
1651907915361 0.9288 0
1651907922524 0.9388 0
1651907929529 0.9276 0
1651907936815 0.9468 0
1651907943984 0.9572 0
1651907951377 0.9276 0
1651907958876 0.9464 0
1651907966064 0.9688 0
1651907973339 0.9324 0
1651907980614 0.9676 0
1651907987899 0.9592 0
1651907995212 0.9624 0
1651908002439 0.9836 0
1651908009696 0.9596 0
1651908016865 0.9584 0
1651908024018 0.9808 0
1651908031302 0.9844 0
1651908038322 0.9784 0
