1651811372846 1.6623589173316955 0
1651811375812 1.325975902557373 0
1651811378827 1.18874052734375 0
1651811381792 0.9584286637306213 0
1651811384685 0.9066387880325317 0
1651811387744 0.7316233505249023 0
1651811390690 0.6348393953323365 0
1651811393677 0.569655805015564 0
1651811396567 0.5234981097221375 0
1651811399617 0.4317779729366302 0
1651811402509 0.35587357587814333 0
1651811405500 0.36979781949520113 0
1651811408452 0.3358700719356537 0
1651811411520 0.2966279606342316 0
1651811414477 0.23379631531238557 0
1651811417633 0.2075687639400363 0
1651811420674 0.13377015087604524 0
1651811423580 0.10636865049600601 0
1651811426597 0.1820480244040489 0
1651811429693 0.09638158549070358 0
1651811432645 0.12659062767624854 0
1651811435676 0.097755496686697 0
1651811438634 0.09118371229171753 0
1651811441578 0.11322520307302475 0
1651811444661 0.07170900732800364 0
1651811447658 0.061792100646346805 0
1651811450807 0.06329140199143439 0
1651811453866 0.05677944630943239 0
1651811456753 0.05070545878492994 0
1651811459832 0.0589509632781148 0
1651811462848 0.027098537892848253 0
1651811465813 0.03450901098148897 0
1651811468827 0.0264370745960623 0
1651811471799 0.019304034254536966 0
1651811474800 0.0170111370635801 0
1651811477886 0.016873642614483833 0
1651811480905 0.023203826997289435 0
1651811483889 0.030405197889590636 0
1651811486839 0.026915366660803557 0
1651811489671 0.04018826235141605 0
1651811492635 0.06223275288566947 0
1651811495719 0.051356350830197336 0
1651811498738 0.051631391325592996 0
1651811501845 0.042185911072650926 0
1651811504876 0.03469174554003403 0
1651811507888 0.03470671253795735 0
1651811510855 0.01586228992305696 0
1651811513771 0.018055067379958926 0
1651811516831 0.01184311462584883 0
1651811519862 0.019619097171723842 0
1651811525943 1.5728064994812012 0
1651811529248 1.003734327507019 0
1651811532809 0.8390777705669403 0
1651811536151 0.6698150166988373 0
1651811539483 0.5409825734376907 0
1651811542900 0.5047450588941574 0
1651811546306 0.41795054216384886 0
1651811549650 0.38594736642837524 0
1651811553026 0.3450673024892807 0
1651811556516 0.3295742302894592 0
1651811559781 0.32938091621398924 0
1651811563030 0.32272935853004453 0
1651811566401 0.38496948492527006 0
1651811569849 0.2996180804729462 0
1651811573197 0.2878655350446701 0
1651811576588 0.30479484467506407 0
1651811580008 0.2687436999320984 0
1651811583495 0.47654553565979 0
1651811586958 0.3856822596549988 0
1651811590432 0.35928161935806274 0
1651811593822 0.36844140729904173 0
1651811597199 0.31429695053100587 0
1651811600542 0.3537419858455658 0
1651811603852 0.31587699806690217 0
1651811607235 0.30186184973716734 0
1651811610630 0.26360622038841247 0
1651811614073 0.2573666868448257 0
1651811617498 0.26250556254386903 0
1651811620980 0.25915102009773255 0
1651811624476 0.42501703248023986 0
1651811627938 0.3428388182640076 0
1651811631351 0.3127283034324646 0
1651811634792 0.30412356600761414 0
1651811638090 0.28078371391296386 0
1651811641435 0.26481700224876403 0
1651811644978 0.28065862936973573 0
1651811648291 0.2769723350048065 0
1651811651632 0.25512808175086976 0
1651811655054 0.23915260853767395 0
1651811658472 0.256162793636322 0
1651811661774 0.28686075260639193 0
1651811665252 0.307293288397789 0
1651811668488 0.28222530887126923 0
1651811671875 0.2846912719249725 0
1651811675177 0.265692542552948 0
1651811678558 0.24600652241706847 0
1651811681988 0.23099944105148315 0
1651811685327 0.23648514385223388 0
1651811688791 0.2625440698623657 0
1651811692114 0.2944226637363434 0
1651811698830 1.6688729099273683 0
1651811702539 1.4142488655090333 0
1651811706222 1.1986911891937255 0
1651811709908 1.1068527637481689 0
1651811713792 0.9795770866394043 0
1651811717443 0.9288386571884155 0
1651811721113 0.9963994676589966 0
1651811724895 0.8703909147262573 0
1651811728654 0.8810356682777405 0
1651811732388 0.9715004149436951 0
1651811736128 0.8324416976928711 0
1651811739772 1.1290552862167358 0
1651811743428 0.9759139675140381 0
1651811747100 1.0635904445648194 0
1651811750758 0.9869290935516357 0
1651811754327 0.986885680770874 0
1651811758118 0.8667031673431397 0
1651811761793 0.920584313583374 0
1651811765527 0.87497508020401 0
1651811769249 0.8789278085708618 0
1651811773036 1.2511825181007385 0
1651811776791 0.9693747453689575 0
1651811780432 0.8573776260375977 0
1651811784300 0.8587103329658509 0
1651811788165 0.8995270385742188 0
1651811791888 1.298456047821045 0
1651811795622 1.0855494567871093 0
1651811799536 1.0971270522117615 0
1651811803211 0.9392555245399475 0
1651811806844 0.8932036617279052 0
1651811810520 0.9124652765274048 0
1651811814286 0.9490772331237793 0
1651811817967 0.9252834032058715 0
1651811821837 1.0511771788597106 0
1651811825523 0.9633786176681518 0
1651811829345 0.9221294937133789 0
1651811832958 1.01297259016037 0
1651811836517 0.9142617218971253 0
1651811840223 0.8659284643173217 0
1651811843899 0.8594663696289062 0
1651811847610 0.8511851970672607 0
1651811851216 0.8368223690032959 0
1651811854885 0.8177276847839355 0
1651811858620 0.8456248931884766 0
1651811862423 0.8428572697639465 0
1651811866155 0.9288554197311402 0
1651811869989 1.0495829137802124 0
1651811873651 0.9819398828506469 0
1651811877478 0.8920756698608399 0
1651811881308 0.8600149439811706 0
1651811888543 1.9950963417053222 0
1651811892476 1.5978453172683715 0
1651811896473 1.360287055683136 0
1651811900509 1.2887896446228027 0
1651811904414 1.2480548572540284 0
1651811908407 1.2455281324386596 0
1651811912614 1.2224891383171081 0
1651811916672 1.1561445644378663 0
1651811920710 1.1547545476913452 0
1651811924618 1.1695075521469116 0
1651811928623 1.174737777519226 0
1651811932601 1.1359284611701965 0
1651811936751 1.160694458770752 0
1651811940597 1.2936255788803102 0
1651811944628 1.2556750875473022 0
1651811948742 1.1719600490570068 0
1651811952783 1.2934624340057372 0
1651811956861 1.494282250213623 0
1651811960538 1.4777395206451416 0
1651811964540 1.2836779970169068 0
1651811968544 1.2280423049926759 0
1651811972608 1.1821970808029174 0
1651811976597 1.1420300136566162 0
1651811980596 1.5471880752563476 0
1651811984517 1.4677984338760377 0
1651811988538 1.2601141918182373 0
1651811992510 1.1908037761688233 0
1651811996570 1.1956867584228517 0
1651812000641 1.3165211851119996 0
1651812004542 1.1956404720306397 0
1651812008771 1.19653314037323 0
1651812012638 1.1981065938949584 0
1651812016536 1.147129549407959 0
1651812020476 1.4462060087203978 0
1651812024565 1.3204397132873535 0
1651812028545 1.469196328163147 0
1651812032616 1.3530154893875121 0
1651812036800 1.2889104927062989 0
1651812040737 1.1970368377685547 0
1651812044713 1.6104290344238281 0
1651812048693 1.7384820777893066 0
1651812052813 1.8108236888885498 0
1651812056760 1.484982931137085 0
1651812060815 1.3371644031524659 0
1651812064841 1.2504990377426148 0
1651812068850 1.177978754043579 0
1651812072785 1.1150342582702637 0
1651812076811 1.4055246719360353 0
1651812081063 1.355820185661316 0
1651812085008 1.3018099348068237 0
1651812092682 2.354491683578491 0
1651812096825 1.9919665634155272 0
1651812100990 1.8210669334411622 0
1651812105161 1.7139830844879151 0
1651812109400 1.732692663002014 0
1651812113890 1.6305293926239013 0
1651812117875 1.5482724159240722 0
1651812122143 1.580359874343872 0
1651812126336 1.5319275421142577 0
1651812130504 1.6194092876434327 0
1651812134642 1.6246791023254394 0
1651812138849 1.6355609809875489 0
1651812143226 1.6373506849288941 0
1651812147486 1.6842649932861329 0
1651812151666 1.779887168121338 0
1651812155794 1.8676746732711793 0
1651812160105 1.71172289352417 0
1651812164197 1.8539860298156738 0
1651812168148 1.853498337173462 0
1651812172243 1.6870690618515014 0
1651812176460 1.7723890232086181 0
1651812180728 2.183159409713745 0
1651812184845 1.9039540328979492 0
1651812189031 1.730390938949585 0
1651812193108 1.713520957183838 0
1651812197438 1.7773082563400269 0
1651812201503 1.8574528045654297 0
1651812205670 1.8443324085235595 0
1651812209866 1.7677215145111085 0
1651812214062 1.7584428256988525 0
1651812218243 1.7161213668823243 0
1651812222466 2.119222960281372 0
1651812226814 1.8593001037597656 0
1651812230954 1.8073079261779785 0
1651812235191 1.8175106845855713 0
1651812239449 1.9294309852600098 0
1651812243497 1.9211666418075561 0
1651812247732 1.8081089374542236 0
1651812251898 1.7421917196273804 0
1651812256159 1.6939634883880614 0
1651812260366 1.8109861572265624 0
1651812264472 1.7226586124420167 0
1651812268823 1.695849345588684 0
1651812273082 1.6198250289916991 0
1651812277266 1.571310255241394 0
1651812281567 2.039056340789795 0
1651812285888 2.019133335876465 0
1651812289963 2.3057106750488283 0
1651812293999 2.6920716777801514 0
1651812298259 2.260349479675293 0
1651812306376 3.07374436378479 0
1651812310757 2.5687264751434324 0
1651812315168 2.4275883491516113 0
1651812319484 2.3004644371032716 0
1651812323708 2.2084296474456786 0
1651812328074 2.3170785427093508 0
1651812332543 2.325757835006714 0
1651812337016 2.293009196472168 0
1651812341508 2.1917643814086913 0
1651812345894 2.3183051498413088 0
1651812350243 2.2950635856628416 0
1651812354626 2.3274417320251466 0
1651812359194 2.426089430618286 0
1651812363629 2.4087592205047605 0
1651812368193 2.2881494174957275 0
1651812372581 2.38549538192749 0
1651812377071 2.4523392524719236 0
1651812381574 2.5023086891174318 0
1651812386007 2.5067387702941892 0
1651812390295 2.5214925380706785 0
1651812394707 3.090657280731201 0
1651812399009 2.8637292778015135 0
1651812403596 2.5899094314575195 0
1651812407916 2.3611420822143554 0
1651812412260 2.565206122970581 0
1651812416679 2.5059169910430907 0
1651812420985 2.490115340805054 0
1651812425510 2.6364848598480224 0
1651812429760 2.6613977821350097 0
1651812434145 2.7830231536865235 0
1651812438563 2.6916914855957033 0
1651812442932 2.4942542392730713 0
1651812447309 2.39222036819458 0
1651812451713 2.5201439014434817 0
1651812456248 2.794329473876953 0
1651812460587 3.271214589691162 0
1651812464978 2.917010966491699 0
1651812469358 2.6458064037323 0
1651812473832 2.530795015716553 0
1651812478219 2.8957666828155517 0
1651812482616 2.7317224395751953 0
1651812486954 2.886098159790039 0
1651812491270 2.780389111328125 0
1651812495934 2.8356537353515625 0
1651812500427 2.758577565383911 0
1651812504837 2.8831490882873534 0
1651812509177 3.1742766708374024 0
1651812513537 2.9852390495300294 0
1651812518035 2.9470447540283202 0
1651812522375 3.280912501907349 0
1651812530960 3.8593545848846436 0
1651812535552 3.349510302734375 0
1651812540228 3.1560045707702638 0
1651812544734 3.132772444152832 0
1651812549499 3.092849599838257 0
1651812554386 3.1130534252166746 0
1651812558787 3.1781078861236574 0
1651812563362 3.3823459266662597 0
1651812567867 3.332720213317871 0
1651812572470 3.194434196090698 0
1651812576901 3.1517656394958498 0
1651812581421 3.346659075164795 0
1651812585917 3.5963245597839357 0
1651812590501 3.5041304489135743 0
1651812595153 3.7827024642944336 0
1651812599790 3.4116865295410155 0
1651812604418 3.471329803466797 0
1651812609081 3.4474288604736327 0
1651812613757 3.523823530960083 0
1651812618507 3.499983279418945 0
1651812623120 3.486285813140869 0
1651812627617 3.636480171203613 0
1651812632060 3.639104202270508 0
1651812636750 3.7757455642700197 0
1651812641276 4.032170555114746 0
1651812645898 4.048405527496338 0
1651812650496 3.863147667312622 0
1651812655019 3.6592850761413573 0
1651812659654 3.7961548652648927 0
1651812664270 3.8645416213989257 0
1651812668928 4.310113061141967 0
1651812673457 3.975772720336914 0
1651812677984 4.533954541778565 0
1651812682545 4.219301366424561 0
1651812687058 3.8049402305603026 0
1651812691684 4.18981146850586 0
1651812696382 4.153032190704345 0
1651812700984 4.182107523727417 0
1651812705716 4.0991044555664065 0
1651812710305 4.216190033721924 0
1651812714984 3.858944925689697 0
1651812719661 3.7079183040618897 0
1651812724249 3.818658288574219 0
1651812728772 4.172510459899902 0
1651812733457 4.6288997802734375 0
1651812738015 4.6464231491088865 0
1651812742637 4.413875611877441 0
1651812747345 3.934519313812256 0
1651812751995 4.050582354736328 0
1651812756641 4.073451681518555 0
1651812765690 4.324119213867188 0
1651812770523 3.5668837955474855 0
1651812775386 3.502709290313721 0
1651812780352 3.4848728328704834 0
1651812785050 3.3685743576049805 0
1651812789701 3.4175904891967774 0
1651812794575 3.379239670562744 0
1651812799276 3.353531802368164 0
1651812804215 3.514269694519043 0
1651812809045 3.6023491958618163 0
1651812813891 3.8638330310821534 0
1651812818746 3.601564328765869 0
1651812823643 3.4373241847991944 0
1651812828601 3.532579317855835 0
1651812833443 3.5693986358642578 0
1651812838313 3.864029293823242 0
1651812843263 3.715578372192383 0
1651812848262 3.5352343444824217 0
1651812852876 3.4700344650268553 0
1651812857816 3.643558187866211 0
1651812862750 3.4681432132720946 0
1651812867630 3.533576868057251 0
1651812872508 3.8603809253692627 0
1651812877572 3.6109172676086425 0
1651812882484 3.789385012435913 0
1651812887192 3.606434600067139 0
1651812891980 4.022183750915527 0
1651812896789 3.934730474090576 0
1651812901667 3.6957415515899656 0
1651812906428 3.66256826171875 0
1651812911264 3.833684136199951 0
1651812915978 3.8830529418945314 0
1651812920855 3.885609805679321 0
1651812925672 3.7263495567321776 0
1651812930432 3.6652767303466796 0
1651812935277 3.6157501441955566 0
1651812940160 3.623091954803467 0
1651812945034 3.820409959411621 0
1651812949993 4.010058643722534 0
1651812954843 3.918986870574951 0
1651812959709 4.2270858779907226 0
1651812964313 4.826995470428467 0
1651812969360 4.181210866546631 0
1651812974107 4.332106128692627 0
1651812979187 4.050619831848144 0
1651812983943 3.936362729644775 0
1651812988788 4.5275598220825195 0
1651812993610 4.746670281219482 0
1651812998250 4.205948685073852 0
1651813003147 4.047288927841186 0
1651813012829 4.726942321014405 0
1651813018022 4.245730296325684 0
1651813023025 4.1120520706176755 0
1651813028052 4.26615523223877 0
1651813033096 4.278521732330322 0
1651813038204 4.3943301231384275 0
1651813043146 4.171542401885986 0
1651813048273 4.23907837600708 0
1651813053351 4.206486581420898 0
1651813058300 4.287457125854492 0
1651813063390 4.305119482421875 0
1651813068473 4.4880448348999025 0
1651813073657 4.603120803070069 0
1651813078693 4.4356127380371095 0
1651813083767 4.532282200622559 0
1651813088681 4.618199147796631 0
1651813093787 4.669033424377441 0
1651813098996 4.542173117065429 0
1651813104024 4.670037892150879 0
1651813109052 5.025764707946777 0
1651813114355 5.131679531097412 0
1651813119246 4.926976982879639 0
1651813124198 4.8505417854309085 0
1651813129300 5.461059140014648 0
1651813134307 4.964402145385742 0
1651813139198 5.37271418838501 0
1651813144219 5.707395935058594 0
1651813149253 5.134462746429444 0
1651813154293 4.861873786926269 0
1651813159484 5.057103530883789 0
1651813164485 5.2267194282531735 0
1651813169457 5.139329653167724 0
1651813174732 5.439107479858398 0
1651813179691 5.084914942932129 0
1651813184812 5.373851629638672 0
1651813189964 5.606224516296387 0
1651813195017 5.515475227355957 0
1651813200148 5.8264435806274415 0
1651813205260 5.196040279388428 0
1651813210216 5.121077127075195 0
1651813215448 5.20470354385376 0
1651813220343 5.550513766479492 0
1651813225487 5.574280638122558 0
1651813230653 5.5970816337585445 0
1651813235954 5.501088136291504 0
1651813240837 5.302417552185059 0
1651813245899 5.182829856872559 0
1651813251088 5.370580270385743 0
1651813256042 5.192251052856445 0
1651813261284 5.738625514221192 0
1651813271162 5.699908813476562 0
1651813276573 4.857294569396973 0
1651813281674 4.880999374389648 0
1651813286959 4.848220153045654 0
1651813292399 4.914124745178222 0
1651813298060 4.957014723205567 0
1651813303327 4.97866810913086 0
1651813308683 4.908718056488037 0
1651813314096 4.988498802185059 0
1651813319504 5.269864762115478 0
1651813324825 5.144644002532959 0
1651813330084 5.219393013000488 0
1651813335560 5.2466407379150395 0
1651813340800 5.191357760620117 0
1651813346058 5.257393299102783 0
1651813351655 5.439265254211426 0
1651813357064 5.480290814971924 0
1651813362330 5.645942590332031 0
1651813367740 5.421654292297363 0
1651813373196 5.6351415740966795 0
1651813378426 5.874742738342285 0
1651813383873 5.800374465179443 0
1651813389119 5.980458683776855 0
1651813394673 6.2714401123046875 0
1651813399964 5.888983334350586 0
1651813405182 5.813682415771485 0
1651813410492 5.812763464355469 0
1651813415652 5.9976060073852535 0
1651813421204 6.036153646850586 0
1651813426570 6.542327366638183 0
1651813431751 6.801869010925293 0
1651813437160 6.113453142547607 0
1651813442534 5.85986840057373 0
1651813447896 6.326728931427002 0
1651813453172 6.6647969886779785 0
1651813458448 6.241559546661377 0
1651813463966 6.605133542633057 0
1651813469065 6.57387013168335 0
1651813474514 6.150357545471191 0
1651813479899 6.788321327972412 0
1651813485361 6.578458424377441 0
1651813490741 7.015206127929687 0
1651813496180 6.400208233642578 0
1651813501522 6.633378260040283 0
1651813506741 6.212579151916504 0
1651813512299 6.616654801940918 0
1651813517583 6.477729291534424 0
1651813522912 6.267015161132813 0
1651813528280 7.0611732307434085 0
1651813533618 6.732068882751465 0
1651813544280 6.2827497016906735 0
1651813550131 5.562009304046631 0
1651813555735 5.462546989440918 0
1651813561414 5.437485913848877 0
1651813566951 5.48521312713623 0
1651813572672 5.551153510284424 0
1651813578214 5.682564459228516 0
1651813583781 5.791382428741455 0
1651813589508 5.792047622680664 0
1651813595039 5.672843928527832 0
1651813600715 5.6899127044677735 0
1651813606455 5.59776875 0
1651813612038 6.077886892700195 0
1651813617765 5.689244733428955 0
1651813623464 6.059323132324219 0
1651813629102 5.751315113067627 0
1651813634786 5.6909314643859865 0
1651813640341 6.049252711486816 0
1651813645896 5.893499780273437 0
1651813651506 5.765772338104248 0
1651813657321 6.0916024017333985 0
1651813663035 6.1318761878967285 0
1651813668919 5.916134818267822 0
1651813674680 6.006058897399902 0
1651813680396 6.012290508270263 0
1651813686195 6.1740844871521 0
1651813691983 6.1417064880371095 0
1651813697757 6.402254610443115 0
1651813703339 6.002497639465332 0
1651813708910 6.0167405235290525 0
1651813714525 6.8053279273986815 0
1651813720190 6.232541640472412 0
1651813725769 6.123955905151367 0
1651813731280 6.134126884460449 0
1651813736801 6.153139633941651 0
1651813742595 6.72103028793335 0
1651813748144 6.560189184570312 0
1651813753496 6.526177539825439 0
1651813759019 6.4091380859375 0
1651813764747 6.548821714782715 0
1651813770328 6.900664114379883 0
1651813775845 6.495697635650635 0
1651813781523 6.456165003204346 0
1651813787138 6.759617082214356 0
1651813792876 7.100994714355469 0
1651813798597 6.6512262145996095 0
1651813804420 7.160117169189453 0
1651813810046 6.747130464172363 0
1651813815699 7.443652655792237 0
1651813821377 6.809946282196045 0
1651813832905 6.793184858703613 0
1651813839084 6.021891246032715 0
1651813844910 6.076088250732422 0
1651813851027 6.144453681182862 0
1651813856968 6.122496800231934 0
1651813862784 6.13130319519043 0
1651813868656 6.223717042541504 0
1651813874619 6.117954135131836 0
1651813880907 6.352930054473877 0
1651813887063 6.210149678039551 0
1651813893103 6.514445610046387 0
1651813899251 6.4643229934692386 0
1651813905116 6.418558924102784 0
1651813911060 6.690058159637451 0
1651813916909 6.715739084625244 0
1651813922675 6.718505807495117 0
1651813928785 7.064714096069336 0
1651813934777 6.703015349578857 0
1651813940844 7.317011504364014 0
1651813946807 6.974363374328613 0
1651813952696 6.796817333221435 0
1651813958667 7.099018608856201 0
1651813965043 7.3009605346679685 0
1651813971031 6.8255254142761235 0
1651813976762 7.024120100402832 0
1651813982962 7.644927995300293 0
1651813988976 7.063502725982666 0
1651813995002 7.543991728973388 0
1651814001205 7.299490182495117 0
1651814007341 7.629428978729248 0
1651814013530 7.736198899078369 0
1651814019290 7.1679454635620115 0
1651814025364 7.805076582336426 0
1651814031401 7.96775783996582 0
1651814037300 7.527807494354248 0
1651814043029 7.375864939880371 0
1651814049112 7.220584375 0
1651814055100 7.63289203491211 0
1651814061060 7.526590193176269 0
1651814067198 7.677811667633057 0
1651814072969 7.886777270507812 0
1651814078851 7.596553121185303 0
1651814084988 8.416976951599121 0
1651814091192 7.558577320098877 0
1651814097227 7.324792463684082 0
1651814103020 7.80143916015625 0
1651814108949 8.11755064086914 0
1651814115050 8.450235177612305 0
1651814120902 8.362838177490234 0
1651814126777 8.101958954620361 0
1651814139048 7.498407516479492 0
1651814145582 6.561073632049561 0
1651814151961 6.592642160797119 0
1651814158104 6.593934457397461 0
1651814164334 6.648074768829345 0
1651814170677 6.811650389099121 0
1651814177279 6.895812194824218 0
1651814183664 7.101332136535644 0
1651814190054 7.309172681427002 0
1651814196577 7.127506199645996 0
1651814202921 7.301554866027832 0
1651814209330 7.6238960311889645 0
1651814215951 7.293839342498779 0
1651814222450 7.6119359016418455 0
1651814228936 7.6355503479003906 0
1651814235324 7.782561643981934 0
1651814241373 7.9303653671264644 0
1651814247788 7.848049108886719 0
1651814254101 8.082303826904297 0
1651814260578 8.686395072937012 0
1651814267044 8.474039962768554 0
1651814273498 8.156873591613769 0
1651814279790 8.208406945800782 0
1651814286299 8.450892668914795 0
1651814292817 8.042703727722168 0
1651814299182 8.57091981048584 0
1651814305397 8.38919481048584 0
1651814311743 8.63642953338623 0
1651814317911 9.442586738586426 0
1651814324387 8.52270326385498 0
1651814330755 8.527748019409179 0
1651814337246 8.759781333923339 0
1651814343411 8.427247106933594 0
1651814349763 8.470706465148925 0
1651814356063 8.329110627746582 0
1651814362671 8.584075526428222 0
1651814368933 8.080253463745118 0
1651814375226 8.785849838256835 0
1651814381786 8.615803123474121 0
1651814388145 9.740663748168945 0
1651814394549 8.756739639282227 0
1651814400758 8.496040240478516 0
1651814407207 9.679549217224121 0
1651814414043 8.812856440734864 0
1651814420169 9.566883438110352 0
1651814426628 8.743561878204346 0
1651814432998 8.345204162597657 0
1651814439387 9.44177438659668 0
1651814445844 8.898733052062989 0
1651814452243 8.712698393249513 0
1651814464826 7.812719850158691 0
1651814471561 7.11446815032959 0
1651814478144 7.044550193023682 0
1651814484763 7.134333137512207 0
1651814491769 7.090143504333496 0
1651814498524 7.404503368377686 0
1651814505191 7.356457366943359 0
1651814511830 7.519661395263672 0
1651814518792 7.761353676605225 0
1651814525378 7.486474752807617 0
1651814532011 7.747162689208984 0
1651814538739 7.75346651763916 0
1651814545545 7.796907235717773 0
1651814552316 7.903622971343994 0
1651814559026 7.8349320007324215 0
1651814565571 8.18220327911377 0
1651814572252 8.126343926239013 0
1651814578949 8.395412965393067 0
1651814585683 8.095202312469482 0
1651814592343 8.218559515380859 0
1651814599118 8.380112391662598 0
1651814605713 8.439717044067383 0
1651814612338 8.162415184783935 0
1651814618913 8.600022344970704 0
1651814625654 8.37206289138794 0
1651814632320 8.164971616363525 0
1651814639115 8.31231106109619 0
1651814645766 9.178125450134278 0
1651814652418 8.7687988571167 0
1651814659032 8.867583601379394 0
1651814665570 8.475430824279785 0
1651814672012 8.676890925598144 0
1651814678715 8.645602505493164 0
1651814685601 9.0749837890625 0
1651814692628 8.814146864318849 0
1651814699312 9.036154681396484 0
1651814706001 9.04330690612793 0
1651814712727 8.580380441284179 0
1651814719303 9.04224504699707 0
1651814726132 8.847528454589844 0
1651814732815 9.847859568786621 0
1651814739906 8.716973294067383 0
1651814746595 9.476301908874511 0
1651814753086 9.85157984008789 0
1651814759791 8.87966546936035 0
1651814766228 9.400393161010742 0
1651814772946 8.990323402404785 0
1651814779748 8.757460292053223 0
1651814786523 9.434430050659179 0
1651814793210 9.167042111206054 0
1651814806575 7.950010217285156 0
1651814813857 7.201992967987061 0
1651814820964 7.313302113342285 0
1651814827914 7.46596667175293 0
1651814834991 7.503611371612549 0
1651814841935 7.5465907295227055 0
1651814849070 7.708980937194824 0
1651814856242 7.71389281539917 0
1651814863460 7.719831463623047 0
1651814870877 7.976422080230713 0
1651814878079 8.156818614196778 0
1651814885290 8.143610272216797 0
1651814892308 8.226161212158203 0
1651814899443 8.170332000732422 0
1651814906397 8.219993026733398 0
1651814913415 8.45505207977295 0
1651814920363 8.296579040527345 0
1651814927494 8.527632626342774 0
1651814934359 8.37691588897705 0
1651814941252 8.479811404418946 0
1651814948213 8.727559378051758 0
1651814955069 9.085380165100098 0
1651814962154 8.611136196899414 0
1651814969340 8.630813178253174 0
1651814976376 8.539395161437989 0
1651814983299 8.733167794799805 0
1651814990425 8.992640531921387 0
1651814997351 8.926323796081544 0
1651815004542 9.667192953491211 0
1651815011599 8.847194683837891 0
1651815018813 9.298335997009277 0
1651815025738 9.317809405517577 0
1651815032963 9.217344750976563 0
1651815039928 9.485555763244628 0
1651815046717 11.432437551879882 0
1651815053573 9.317802265930176 0
1651815060770 8.842198518371582 0
1651815067821 9.45104976196289 0
1651815074897 9.397084059143067 0
1651815081982 9.06647890777588 0
1651815089156 9.026352629089356 0
1651815096357 9.163990631103516 0
1651815103326 9.165477369689942 0
1651815110219 8.839033563232421 0
1651815117084 9.301705340576172 0
1651815124237 9.47043059387207 0
1651815131386 9.479958952331543 0
1651815138700 9.333329200744629 0
1651815145678 9.137392672729492 0
1651815152942 9.540401484680176 0
1651815166952 8.082638372039796 0
1651815174357 7.429966186523438 0
1651815181822 7.4957708137512205 0
1651815189319 7.5093728538513185 0
1651815196549 7.582939973449707 0
1651815204023 7.683031475830078 0
1651815211411 7.6486018295288085 0
1651815218896 7.733895429229737 0
1651815226285 7.704066175842285 0
1651815233818 7.819825492858887 0
1651815241284 7.9144756118774415 0
1651815248784 8.377174586486817 0
1651815255959 7.948511729431153 0
1651815263345 7.982295805358887 0
1651815270876 7.981325157928467 0
1651815278295 8.135565228271485 0
1651815285903 8.414290449523925 0
1651815293366 8.34704500579834 0
1651815300955 8.39633112335205 0
1651815308384 8.662884590148925 0
1651815316003 8.688849082946778 0
1651815323756 8.487489158630371 0
1651815331174 8.418747180175782 0
1651815338473 8.497238543701172 0
1651815346018 8.491085368347168 0
1651815353471 8.323823107910156 0
1651815361069 8.57671243133545 0
1651815368441 8.749914169311523 0
1651815375732 9.150797860717773 0
1651815383063 8.53789122314453 0
1651815390531 9.028398918151856 0
1651815397852 9.031788088989257 0
1651815405439 8.622647477722168 0
1651815412694 8.938918923950196 0
1651815420097 8.791749310302734 0
1651815427802 9.03530761566162 0
1651815435296 8.816744079589844 0
1651815442695 8.88946655883789 0
1651815450322 8.94345559539795 0
1651815457674 9.923347607421874 0
1651815464958 8.782983825683594 0
1651815472540 8.787758406066894 0
1651815480137 8.622023959350585 0
1651815487669 10.185029350280761 0
1651815494903 9.137609333801269 0
1651815502059 9.205220640563965 0
1651815509427 9.262391004943847 0
1651815516638 8.98732914428711 0
1651815524083 8.951439486694335 0
1651815531748 9.141877265930177 0
1651815546666 8.40505774459839 0
1651815554662 7.810705871582031 0
1651815562451 7.828561204528809 0
1651815570340 7.867232763671875 0
1651815578270 7.9257078369140626 0
1651815586126 8.24106025543213 0
1651815594043 8.40393941192627 0
1651815601809 8.338453527832032 0
1651815609493 8.399854921722412 0
1651815617256 8.290595298767089 0
1651815625243 8.635728700256347 0
1651815632972 8.693754052734375 0
1651815640857 8.800252169799805 0
1651815649039 8.498023040771484 0
1651815656734 8.835937809753418 0
1651815664491 9.107779295349122 0
1651815672463 8.830794816589355 0
1651815680433 9.164586166381836 0
1651815688153 8.950575587463378 0
1651815696125 9.232940870666503 0
1651815703981 9.42818673400879 0
1651815711926 9.121330601501464 0
1651815719718 10.794281713867187 0
1651815727564 9.287779022216798 0
1651815735427 9.47034112701416 0
1651815743360 9.301746516418458 0
1651815751366 9.442997273254395 0
1651815759089 9.554117059326172 0
1651815766822 9.252558012390137 0
1651815774598 9.71668279876709 0
1651815782346 9.877806056213378 0
1651815790199 9.718217042541504 0
1651815798038 10.071980418395997 0
1651815806005 9.822994897460937 0
1651815813905 10.183097033691407 0
1651815821893 9.745481341552734 0
1651815829719 10.644808694458007 0
1651815837605 9.546988357543945 0
1651815845535 9.878316743469238 0
1651815853662 9.627564218139648 0
1651815861449 9.894403015136719 0
1651815869360 10.338915985107421 0
1651815877393 9.935302223205566 0
1651815885439 10.036857022094727 0
1651815893463 10.064186280822755 0
1651815901366 10.08326801147461 0
1651815909239 10.19358544921875 0
1651815917150 10.724907632446289 0
1651815925152 9.891489929199219 0
1651815933103 9.853630136108398 0
1651815948537 8.492886923217773 0
1651815956721 7.844598320770264 0
1651815965233 7.892604486083984 0
1651815973266 8.05584367980957 0
1651815981497 8.096640753173828 0
1651815989884 8.548351600646972 0
1651815998154 8.363258586120606 0
1651816006580 8.215877749633789 0
1651816014923 8.431169293212891 0
1651816023236 8.613745298767089 0
1651816031569 8.667225918579101 0
1651816039777 8.50238479156494 0
1651816048159 8.64302213897705 0
1651816056759 8.813414315795898 0
1651816065122 8.928405131530761 0
1651816073551 9.014048608398438 0
1651816082083 8.8315154296875 0
1651816090410 9.109357119750976 0
1651816098603 9.015134878540039 0
1651816107090 9.097357507324219 0
1651816115646 8.974923561096192 0
1651816123895 9.307779061889649 0
1651816132340 9.086608868408202 0
1651816140637 9.271322465515137 0
1651816149020 9.23303983001709 0
1651816157412 9.204310522460938 0
1651816165853 9.679571534729003 0
1651816174140 9.314924462890625 0
1651816182637 9.472058862304687 0
1651816190972 9.273914195251464 0
1651816199226 9.419254234313964 0
1651816207652 9.645614720153809 0
1651816216047 10.251784312438964 0
1651816224238 9.3196523147583 0
1651816232666 9.611261395263671 0
1651816240767 10.077242863464356 0
1651816248999 9.3559298248291 0
1651816257248 10.034862828063964 0
1651816265661 9.958456246948241 0
1651816274040 9.594748612976074 0
1651816282287 10.227674505615234 0
1651816290680 10.222314356994628 0
1651816299104 9.395512425231933 0
1651816307272 10.412160397338868 0
1651816315635 9.840572496032715 0
1651816324086 9.92350112915039 0
1651816332491 9.785090547180175 0
1651816340923 9.526208976745606 0
1651816349418 10.079520805358886 0
1651816358037 9.66491280822754 0
1651816374355 8.624808309936524 0
1651816383342 8.03363769683838 0
1651816391887 7.917056587982178 0
1651816400453 7.951532194519043 0
1651816409412 8.03645968322754 0
1651816418237 8.036946884918214 0
1651816427065 8.034134194946288 0
1651816435898 8.079138995361328 0
1651816444791 8.3277145652771 0
1651816453567 8.305930990600586 0
1651816462356 8.69039877166748 0
1651816471066 8.932405493164062 0
1651816479836 8.611917669677734 0
1651816488683 8.456902684020996 0
1651816497389 8.614038096618652 0
1651816506346 8.446448811340332 0
1651816515237 8.539025289916992 0
1651816524184 8.647978533935547 0
1651816533247 8.579485018920899 0
1651816542201 8.785761631774902 0
1651816550903 8.668199383544922 0
1651816559896 8.672914151000976 0
1651816568774 9.738449026489258 0
1651816577471 9.816954348754884 0
1651816586464 8.945173112487794 0
1651816595388 8.630834477233886 0
1651816604173 9.327889346313476 0
1651816612826 8.824864903259277 0
1651816621577 9.043067823791503 0
1651816630301 9.590640112304687 0
1651816639035 9.34380132751465 0
1651816647829 9.078244985961915 0
1651816656669 9.355507531738281 0
1651816665135 9.692888499450683 0
1651816674032 9.118784721374512 0
1651816682674 9.414788423156738 0
1651816691513 9.606473291015625 0
1651816700323 9.5188707611084 0
1651816709290 10.36477979888916 0
1651816717936 9.995432089233399 0
1651816726561 9.85735008392334 0
1651816735411 9.843258642578125 0
1651816744329 9.683193173217774 0
1651816752833 9.87147713470459 0
1651816761642 9.761613368225097 0
1651816770514 9.6627623046875 0
1651816779209 9.65089638671875 0
1651816787956 9.86394772644043 0
1651816796890 9.683022691345215 0
1651816805674 9.436817260742188 0
1651816822952 9.232943238830567 0
1651816832077 8.705882476806641 0
1651816841468 8.757415576171875 0
1651816850650 8.60304599609375 0
1651816859792 8.821103141784668 0
1651816869107 9.07291180267334 0
1651816878256 9.155494241333008 0
1651816887310 9.285181971740723 0
1651816896520 9.250660284423828 0
1651816905665 9.671105128479004 0
1651816914857 9.359305709838868 0
1651816924095 9.422814097595214 0
1651816933354 9.738489892578125 0
1651816942580 9.695020013427735 0
1651816951566 9.713365005493165 0
1651816960590 10.185207925415039 0
1651816969960 9.934746250915527 0
1651816979311 10.101865533447265 0
1651816988656 10.182933134460448 0
1651816997899 10.524588224792481 0
1651817006966 10.80705269165039 0
1651817016120 10.329504246520996 0
1651817025285 10.938556158447266 0
1651817034539 10.65304661102295 0
1651817043873 10.279392216491699 0
1651817053029 10.587099375915527 0
1651817062351 10.507143035888673 0
1651817071482 10.4233820602417 0
1651817080593 10.689248979187012 0
1651817089849 11.064392433166503 0
1651817099146 10.600519841003418 0
1651817108385 10.848939241027832 0
1651817117239 10.776019030761718 0
1651817126348 11.04626562347412 0
1651817135736 11.46843253479004 0
1651817144879 11.380021356201173 0
1651817153905 11.536174295043946 0
1651817163058 11.24548648376465 0
1651817172141 11.243021450805664 0
1651817181037 11.105766589355468 0
1651817189992 10.770066186523437 0
1651817199200 11.09293388519287 0
1651817208369 11.341428497314453 0
1651817217709 11.5514950881958 0
1651817226812 11.078251280212402 0
1651817236039 11.340167642211915 0
1651817245270 11.87690473022461 0
1651817254796 11.63409944000244 0
1651817263889 11.340414083862305 0
1651817273315 11.637790615844727 0
