1644590637044 3.206465601348877 0
1644590639489 2.187881995010376 0
1644590642569 2.0942879871368407 0
1644590645633 1.9879003707885743 0
1644590648616 1.8743423963546753 0
1644590652646 4.534567160797119 0
1644590656191 2.217800855255127 0
1644590659299 2.1433553886413574 0
1644590662531 2.053664936065674 0
1644590666179 1.9853662002563477 0
1644590670854 4.937655852890015 0
1644590674393 2.240498740386963 0
1644590678502 2.1522588527679445 0
1644590682073 2.0735340690612794 0
1644590685027 1.9826919057846069 0
