1652035724116 0.9161833333333333 0
1652035748237 0.9586833333333333 0
1652035772879 0.9674666666666667 0
1652035796978 0.9736333333333334 0
1652035821100 0.9772666666666666 0
1652035845690 0.9806666666666667 0
1652035870067 0.98185 0
1652035893840 0.98475 0
1652035917644 0.9860166666666667 0
1652035942074 0.9869333333333333 0
1652035973043 0.9279076923076923 0
1652036000142 0.9657076923076923 0
1652036027367 0.9744923076923077 0
1652036054388 0.9788769230769231 0
1652036081249 0.9815230769230769 0
1652036108141 0.9829692307692308 0
1652036134986 0.9851384615384615 0
1652036161785 0.9857384615384616 0
1652036188886 0.9865538461538461 0
1652036216285 0.9870307692307693 0
1652036250805 0.9307384615384615 0
1652036278240 0.9676307692307692 0
1652036305591 0.9758 0
1652036332782 0.9798 0
1652036360572 0.9830769230769231 0
1652036387889 0.9845384615384616 0
1652036415258 0.9844153846153846 0
1652036442395 0.9866307692307692 0
1652036470271 0.9879230769230769 0
1652036497521 0.9872307692307692 0
1652036535857 0.9306594049047663 0
1652036563087 0.9676143881350195 0
1652036590818 0.9762915782024062 0
1652036618638 0.9805378627034678 0
1652036646405 0.9829379365518939 0
1652036674307 0.9846610664943537 0
1652036701818 0.9848149173820733 0
1652036729980 0.9859380288624265 0
1652036757631 0.9876765438936582 0
1652036785135 0.9875688482722546 0
1652036828150 0.9312153846153847 0
1652036856266 0.969123076923077 0
1652036884142 0.9774923076923077 0
1652036911850 0.9815076923076923 0
1652036940186 0.9842153846153846 0
1652036968358 0.9855076923076923 0
1652036996083 0.9856 0
1652037024500 0.9870461538461538 0
1652037052856 0.9873538461538461 0
1652037080825 0.988276923076923 0
