1652633479842 2.239358337020874 0
1652633485250 2.0606354190826415 0
1652633490686 1.9510316528320313 0
1652633496152 1.8405705249786377 0
1652633501707 1.753703204345703 0
1652633510956 2.0349323625564577 0
1652633519969 1.7413256153106689 0
1652633528820 1.5720756433486938 0
1652633537702 1.4336061832427978 0
1652633546910 1.328934803199768 0
1652633557873 1.9576257261276244 0
1652633568004 1.6361129367828369 0
1652633578179 1.5257560846328735 0
1652633588314 1.3663078372955322 0
1652633598357 1.2677149929046632 0
1652633611372 1.812345365333557 0
1652633623077 1.4685173332214356 0
1652633634495 1.29938636302948 0
1652633646384 1.2027156940460204 0
1652633658000 1.115728399848938 0
1652633673454 1.9307620822906495 0
1652633686640 1.6524100006103515 0
1652633699723 1.5487908743858338 0
1652633712631 1.4427138778686524 0
1652633725930 1.3391051119804382 0
