1642092948837 0.16001666666666667 0
1642092958343 0.10566666666666667 0
1642092971668 0.21511666666666668 0
1642092988959 0.25916666666666666 0
1642093010355 0.19948333333333335 0
1642093036662 0.18375 0
1642093066079 0.1853 0
1642093099421 0.19908333333333333 0
1642093136930 0.20668333333333333 0
1642093178801 0.22346666666666667 0
1642093225512 0.3323333333333333 0
1642093276573 0.22423333333333334 0
1642093332200 0.25795 0
1642093393034 0.18646666666666667 0
1642093458152 0.33003333333333335 0
1642093528868 0.35968333333333335 0
1642093604644 0.23921666666666666 0
1642093685624 0.3374666666666667 0
1642093771829 0.21911666666666665 0
1642093863567 0.35988333333333333 0
1642093960909 0.4289833333333333 0
1642094065192 0.3811333333333333 0
1642094173768 0.33016666666666666 0
1642094288447 0.3447 0
1642094408850 0.4376 0
1642094535762 0.2945333333333333 0
1642094668490 0.3564833333333333 0
1642094807985 0.4497833333333333 0
1642094953447 0.43753333333333333 0
1642095106493 0.45043333333333335 0
1642095265432 0.3549833333333333 0
1642095431974 0.3988833333333333 0
1642095605599 0.3156333333333333 0
1642095786546 0.5044833333333333 0
1642095974582 0.44745 0
1642096171059 0.4426333333333333 0
1642096374677 0.37435 0
1642096587553 0.3975166666666667 0
1642096806779 0.3336 0
1642097034122 0.39381666666666665 0
1642097271776 0.4453 0
1642097516948 0.46863333333333335 0
1642097770821 0.49643333333333334 0
1642098034342 0.5018333333333334 0
1642098307662 0.47565 0
1642098588983 0.44588333333333335 0
1642098881051 0.54165 0
1642099183935 0.5389833333333334 0
1642099495797 0.4705166666666667 0
1642099819325 0.5106 0
