1652158991608 0.6016 0
1652158994015 0.77 0
1652158996434 0.8072 0
1652158998881 0.854 0
1652159001259 0.8684 0
1652159003736 0.8912 0
1652159006117 0.9092 0
1652159008532 0.91 0
1652159010976 0.908 0
1652159013449 0.9456 0
1652159015862 0.9496 0
1652159018307 0.9568 0
1652159020746 0.9504 0
1652159023160 0.9388 0
1652159025583 0.9748 0
1652159028059 0.9628 0
1652159030487 0.9636 0
1652159032868 0.9684 0
1652159035235 0.972 0
1652159037642 0.9652 0
1652159040032 0.9816 0
1652159042445 0.9756 0
1652159044794 0.98 0
1652159047239 0.9844 0
1652159049705 0.9824 0
1652159052133 0.9844 0
1652159054517 0.9948 0
1652159056888 0.9848 0
1652159059336 0.9744 0
1652159061744 0.9772 0
1652159064156 0.9756 0
1652159066622 0.9756 0
1652159068996 0.988 0
1652159071414 0.9912 0
1652159073851 0.9796 0
1652159076307 0.9884 0
1652159078733 0.984 0
1652159081178 0.9912 0
1652159083536 0.9848 0
1652159086002 0.992 0
1652159088466 0.986 0
1652159090918 0.9848 0
1652159093373 0.9784 0
1652159095804 0.9908 0
1652159098236 0.9956 0
1652159100648 0.9896 0
1652159103059 0.9784 0
1652159105412 0.9928 0
1652159107869 0.9928 0
1652159110320 0.99 0
1652159113421 0.7386 0
1652159116251 0.826 0
1652159119144 0.8676 0
1652159121954 0.896 0
1652159124864 0.9102 0
1652159127693 0.927 0
1652159130490 0.9388 0
1652159133458 0.9428 0
1652159136316 0.947 0
1652159139177 0.9558 0
1652159141957 0.9604 0
1652159144790 0.9658 0
1652159147562 0.9682 0
1652159150433 0.968 0
1652159153298 0.9762 0
1652159156121 0.9748 0
1652159158949 0.9796 0
1652159161878 0.9724 0
1652159164853 0.976 0
1652159167794 0.9854 0
1652159170628 0.9792 0
1652159173482 0.9754 0
1652159176402 0.985 0
1652159179197 0.9886 0
1652159182079 0.982 0
1652159184965 0.9896 0
1652159187938 0.982 0
1652159190920 0.984 0
1652159193871 0.9862 0
1652159196774 0.9892 0
1652159199715 0.986 0
1652159202653 0.9748 0
1652159205500 0.9754 0
1652159208431 0.9862 0
1652159211328 0.985 0
1652159214258 0.9934 0
1652159217096 0.9884 0
1652159220003 0.9824 0
1652159222925 0.9812 0
1652159225887 0.9928 0
1652159228805 0.9854 0
1652159231687 0.9752 0
1652159234501 0.9832 0
1652159237371 0.9906 0
1652159240376 0.992 0
1652159243232 0.99 0
1652159246166 0.9884 0
1652159249129 0.987 0
1652159252083 0.9932 0
1652159254907 0.9924 0
1652159259524 0.8408 0
1652159263611 0.8865333333333333 0
1652159267745 0.908 0
1652159271647 0.9258666666666666 0
1652159275734 0.9341333333333334 0
1652159279845 0.9501333333333334 0
1652159283930 0.9506666666666667 0
1652159287947 0.9533333333333334 0
1652159292097 0.9570666666666666 0
1652159296247 0.9730666666666666 0
1652159300368 0.9653333333333334 0
1652159304510 0.9750666666666666 0
1652159308583 0.9753333333333334 0
1652159312540 0.9778666666666667 0
1652159316552 0.9784 0
1652159320541 0.9873333333333333 0
1652159324585 0.9801333333333333 0
1652159328679 0.9796 0
1652159332742 0.9822666666666666 0
1652159336948 0.9894666666666667 0
1652159341077 0.9797333333333333 0
1652159345105 0.9828 0
1652159349109 0.9821333333333333 0
1652159353250 0.9870666666666666 0
1652159357384 0.9890666666666666 0
1652159361587 0.9906666666666667 0
1652159365631 0.9802666666666666 0
1652159369685 0.9782666666666666 0
1652159373784 0.9829333333333333 0
1652159377804 0.988 0
1652159381856 0.9828 0
1652159385887 0.9833333333333333 0
1652159389705 0.9881333333333333 0
1652159393768 0.9872 0
1652159397864 0.986 0
1652159401827 0.9814666666666667 0
1652159405954 0.9864 0
1652159410081 0.9878666666666667 0
1652159414185 0.992 0
1652159418250 0.9904 0
1652159422409 0.9864 0
1652159426484 0.9917333333333334 0
1652159430687 0.9817333333333333 0
1652159434844 0.9869333333333333 0
1652159438970 0.9889333333333333 0
1652159443055 0.9926666666666667 0
1652159447045 0.9877333333333334 0
1652159451100 0.9850666666666666 0
1652159455191 0.9850666666666666 0
1652159459193 0.9864 0
1652159463937 0.9011736463056815 0
1652159468209 0.9443851693785009 0
1652159472512 0.952253934382502 0
1652159476645 0.9649239797279274 0
1652159481031 0.9642571352360629 0
1652159485297 0.9746599093091491 0
1652159489564 0.980128034142438 0
1652159493908 0.9842624699919978 0
1652159498087 0.9877300613496932 0
1652159502324 0.9778607628700987 0
1652159506497 0.9811949853294212 0
1652159510778 0.9793278207522006 0
1652159515095 0.983995732195252 0
1652159519359 0.9903974393171513 0
1652159523496 0.9891971192317951 0
1652159527800 0.9891971192317951 0
1652159531971 0.9887970125366764 0
1652159536263 0.9758602293945052 0
1652159540436 0.9899973326220325 0
1652159544725 0.9909309149106429 0
1652159548945 0.9914643905041345 0
1652159553190 0.9862630034675913 0
1652159557352 0.9834622566017605 0
1652159561574 0.9895972259269138 0
1652159565846 0.9881301680448119 0
1652159570081 0.9875966924513203 0
1652159574319 0.9937316617764738 0
1652159578424 0.9869298479594558 0
1652159582581 0.9910642838090158 0
1652159586560 0.9870632168578287 0
1652159590832 0.9914643905041345 0
1652159595002 0.9910642838090158 0
1652159599352 0.9886636436383035 0
1652159603642 0.9806615097359296 0
1652159607937 0.9899973326220325 0
1652159612133 0.9906641771138971 0
1652159616338 0.9910642838090158 0
1652159620551 0.9917311283008803 0
1652159624700 0.985329421178981 0
1652159628877 0.9849293144838623 0
1652159633149 0.992131234995999 0
1652159637397 0.9929314483862364 0
1652159641568 0.9930648172846093 0
1652159645654 0.9878634302480661 0
1652159649826 0.99079754601227 0
1652159653940 0.9905308082155242 0
1652159658232 0.9895972259269138 0
1652159662471 0.9855961589757268 0
1652159666615 0.9914643905041345 0
1652159670796 0.9887970125366764 0
1652159676150 0.8261333333333334 0
1652159680510 0.8838666666666667 0
1652159684823 0.9148 0
1652159689096 0.9310666666666667 0
1652159693559 0.9476 0
1652159698040 0.9501333333333334 0
1652159702384 0.9594666666666667 0
1652159706772 0.9605333333333334 0
1652159711165 0.9758666666666667 0
1652159715419 0.9730666666666666 0
1652159719862 0.9768 0
1652159724292 0.978 0
1652159728567 0.9752 0
1652159732907 0.9856 0
1652159737294 0.9874666666666667 0
1652159741625 0.9864 0
1652159745996 0.9854666666666667 0
1652159750269 0.9826666666666667 0
1652159754612 0.9892 0
1652159759096 0.9769333333333333 0
1652159763473 0.9786666666666667 0
1652159767907 0.9874666666666667 0
1652159772147 0.9897333333333334 0
1652159776470 0.98 0
1652159780740 0.9862666666666666 0
1652159785166 0.9926666666666667 0
1652159789513 0.9928 0
1652159794006 0.9917333333333334 0
1652159798487 0.9889333333333333 0
1652159802723 0.9852 0
1652159807259 0.9869333333333333 0
1652159811577 0.9862666666666666 0
1652159815869 0.9848 0
1652159820349 0.9861333333333333 0
1652159824594 0.9914666666666667 0
1652159828932 0.9929333333333333 0
1652159833409 0.9916 0
1652159837666 0.9889333333333333 0
1652159841968 0.9866666666666667 0
1652159846421 0.9906666666666667 0
1652159850744 0.9862666666666666 0
1652159855178 0.992 0
1652159859446 0.9861333333333333 0
1652159863781 0.9894666666666667 0
1652159868238 0.986 0
1652159872527 0.9865333333333334 0
1652159876736 0.9861333333333333 0
1652159881121 0.9906666666666667 0
1652159885373 0.9877333333333334 0
1652159889736 0.9878666666666667 0
