1645551646949 1.8173223819732667 0
1645551651595 1.4171663644790649 0
1645551656023 1.073937034893036 0
1645551660804 0.987210071182251 0
1645551665554 0.8261712676048278 0
1645551670077 0.7724684154510498 0
1645551674660 0.7187560051918029 0
1645551679167 0.5349563272237777 0
1645551683815 0.5042329666972161 0
1645551688556 0.47781057076454164 0
1645551693226 0.4552463291168213 0
1645551697827 0.37987709131240843 0
1645551702369 0.29265663714408874 0
1645551707115 0.2866593539118767 0
1645551711514 0.24183982825279235 0
1645551716195 0.16616052019000052 0
1645551720924 0.1499966512426734 0
1645551725734 0.14710108202397823 0
1645551730160 0.10731095773130656 0
1645551734778 0.08758527051471174 0
1645551744764 1.0662455111503601 0
1645551750183 0.8154363749027252 0
1645551755515 0.6881257381439209 0
1645551760825 0.6983155514717102 0
1645551766313 0.7549190671920777 0
1645551771599 0.7580454297065735 0
1645551776910 0.7784942685127259 0
1645551782306 0.6352694878101349 0
1645551787667 0.6525810237884522 0
1645551793118 0.7517267539978028 0
1645551798732 0.9108748775482177 0
1645551804150 0.6863233347892761 0
1645551809653 0.6410845399856567 0
1645551815076 0.6692825898170471 0
1645551820622 0.6686904873847962 0
1645551826080 0.7673967529296875 0
1645551831555 0.8864599640846252 0
1645551836996 0.7723111385345459 0
1645551842515 0.7881050207138062 0
1645551847901 0.6339788120269776 0
1645551858926 1.4784554121017457 0
1645551864982 1.1054278142929077 0
1645551871259 1.0249784648895264 0
1645551877341 1.0364687572479248 0
1645551883348 0.9624901252746582 0
1645551889330 1.0255626222610474 0
1645551895373 1.0140256817817688 0
1645551901665 1.1098513715744018 0
1645551907818 1.2093779285430908 0
1645551913839 1.0535211928367614 0
1645551919910 1.1236434023857116 0
1645551925845 1.1041194953918456 0
1645551932183 1.1312841205596924 0
1645551938257 1.1831650394439697 0
1645551944127 1.1545955112457276 0
1645551950405 1.0849053466796874 0
1645551956531 1.12896361618042 0
1645551962515 1.0877642117500306 0
1645551968468 1.0098920318603515 0
1645551974661 1.1448724775314332 0
