1644501382269 0.4936 0
1644501383951 0.7364 0
1644501385625 0.7744 0
1644501387264 0.826 0
1644501388932 0.8696 0
1644501390629 0.9 0
1644501392316 0.9332 0
1644501393997 0.956 0
1644501395679 0.9616 0
1644501397332 0.9468 0
1644501399868 0.8276 0
1644501402183 0.884 0
1644501404437 0.9314 0
1644501406754 0.9314 0
1644501409075 0.9346 0
1644501411417 0.9652 0
1644501413685 0.938 0
1644501415953 0.977 0
1644501418260 0.9524 0
1644501420605 0.983 0
1644501424045 0.8768 0
1644501427003 0.9418666666666666 0
1644501429894 0.9537333333333333 0
1644501432858 0.9666666666666667 0
1644501435781 0.9637333333333333 0
1644501438746 0.9738666666666667 0
1644501441729 0.9814666666666667 0
1644501444664 0.9758666666666667 0
1644501447674 0.9732 0
1644501450653 0.9812 0
