1654000539516 0.91445 0
1654000587981 0.95795 0
1654000636678 0.9688166666666667 0
1654000685339 0.9748833333333333 0
1654000733300 0.9787333333333333 0
1654000781759 0.9829833333333333 0
1654000829816 0.98475 0
1654000878017 0.9866 0
1654000926521 0.9895666666666667 0
1654000974300 0.9907 0
1654001022339 0.9915666666666667 0
1654001071072 0.9913333333333333 0
1654001119066 0.9926833333333334 0
1654001168055 0.9920333333333333 0
1654001217271 0.9938 0
1654001266002 0.9932 0
1654001314327 0.9943166666666666 0
1654001362829 0.9942666666666666 0
1654001411833 0.9943666666666666 0
1654001460635 0.9955166666666667 0
1654001509540 0.9944 0
1654001558487 0.99475 0
1654001606851 0.99525 0
1654001655232 0.9951833333333333 0
1654001703506 0.9951 0
1654001751253 0.9958166666666667 0
1654001799498 0.99635 0
1654001848271 0.9958833333333333 0
1654001897082 0.9962333333333333 0
1654001945528 0.9961166666666667 0
1654001993969 0.9967333333333334 0
1654002042132 0.9962666666666666 0
1654002089823 0.99615 0
1654002138317 0.9960833333333333 0
1654002186119 0.9965166666666667 0
1654002234788 0.9964166666666666 0
1654002283643 0.99695 0
1654002331893 0.9966833333333334 0
1654002379815 0.99645 0
1654002428302 0.9971166666666667 0
1654002476843 0.9966333333333334 0
1654002525995 0.9964333333333333 0
1654002573793 0.9968833333333333 0
1654002622452 0.9972333333333333 0
1654002671288 0.99695 0
1654002720275 0.9968666666666667 0
1654002768832 0.9968833333333333 0
1654002817400 0.9967666666666667 0
1654002865986 0.9974666666666666 0
1654002914362 0.9968166666666667 0
1654002967413 0.9152333333333333 0
1654003015983 0.9586333333333333 0
1654003064343 0.9692833333333334 0
1654003112374 0.9746 0
1654003160843 0.9794833333333334 0
1654003209709 0.9823666666666667 0
1654003258012 0.9857166666666667 0
1654003306410 0.9869666666666667 0
1654003355432 0.9892333333333333 0
1654003403805 0.9894666666666667 0
1654003452775 0.9919666666666667 0
1654003501195 0.9911833333333333 0
1654003549598 0.9925333333333334 0
1654003597971 0.9931666666666666 0
1654003646469 0.99275 0
1654003695058 0.9944333333333333 0
1654003743624 0.9943333333333333 0
1654003792061 0.9938833333333333 0
1654003840405 0.9945 0
1654003888633 0.9945 0
1654003937258 0.9949666666666667 0
1654003985350 0.9952666666666666 0
1654004034041 0.9956666666666667 0
1654004082596 0.9951333333333333 0
1654004131269 0.9961333333333333 0
1654004179652 0.9950333333333333 0
1654004228271 0.9959333333333333 0
1654004276954 0.99565 0
1654004325304 0.9962333333333333 0
1654004374192 0.9962666666666666 0
1654004421946 0.9959333333333333 0
1654004469884 0.9968833333333333 0
1654004518298 0.9958166666666667 0
1654004566983 0.99645 0
1654004615614 0.99565 0
1654004663908 0.9968833333333333 0
1654004712175 0.9968666666666667 0
1654004760210 0.9960666666666667 0
1654004808517 0.9973166666666666 0
1654004857430 0.9964 0
1654004905168 0.9972166666666666 0
1654004953635 0.9967166666666667 0
1654005002106 0.9973166666666666 0
1654005050818 0.9966833333333334 0
1654005099109 0.9972166666666666 0
1654005147167 0.9969166666666667 0
1654005195309 0.9975833333333334 0
1654005243638 0.9967833333333334 0
1654005291755 0.9969666666666667 0
1654005340124 0.9978 0
1654005397464 0.9125 0
1654005445739 0.9579666666666666 0
1654005494204 0.9697833333333333 0
1654005542415 0.97585 0
1654005591044 0.97945 0
1654005639803 0.9838833333333333 0
1654005688677 0.9850333333333333 0
1654005737138 0.9873666666666666 0
1654005786284 0.9893 0
1654005835208 0.99005 0
1654005883409 0.9909166666666667 0
1654005931754 0.9921833333333333 0
1654005979850 0.9929666666666667 0
1654006028345 0.9929333333333333 0
1654006077608 0.9931166666666666 0
1654006126372 0.99385 0
1654006174596 0.9935833333333334 0
1654006222683 0.99545 0
1654006270993 0.9940833333333333 0
1654006320408 0.9947166666666667 0
1654006368705 0.9950333333333333 0
1654006416967 0.9950166666666667 0
1654006465403 0.9949666666666667 0
1654006514277 0.99565 0
1654006563495 0.9948666666666667 0
1654006611703 0.9960333333333333 0
1654006660285 0.9959666666666667 0
1654006708811 0.99585 0
1654006757107 0.9959666666666667 0
1654006805441 0.9962666666666666 0
1654006853716 0.9966833333333334 0
1654006902280 0.9958833333333333 0
1654006950874 0.9966833333333334 0
1654006999846 0.9963833333333333 0
1654007048660 0.9960666666666667 0
1654007097225 0.9975166666666667 0
1654007145791 0.9962833333333333 0
1654007193726 0.99685 0
1654007242245 0.9961666666666666 0
1654007290173 0.99735 0
1654007338490 0.9965 0
1654007386728 0.9966 0
1654007435647 0.9971166666666667 0
1654007484418 0.99625 0
1654007532938 0.9976666666666667 0
1654007581528 0.9967166666666667 0
1654007630472 0.9969833333333333 0
1654007678405 0.99735 0
1654007727266 0.99665 0
1654007775264 0.9969833333333333 0
1654007837715 0.9144166666666667 0
1654007885623 0.9578333333333333 0
1654007934274 0.9690333333333333 0
1654007982723 0.9755833333333334 0
1654008030822 0.97915 0
1654008079950 0.9834833333333334 0
1654008128631 0.98495 0
1654008177043 0.9867166666666667 0
1654008225464 0.9897333333333334 0
1654008273990 0.9903166666666666 0
1654008322514 0.9916666666666667 0
1654008370896 0.9908166666666667 0
1654008419829 0.9922166666666666 0
1654008468376 0.9937666666666667 0
1654008517027 0.9926333333333334 0
1654008565521 0.9939333333333333 0
1654008613571 0.99355 0
1654008661156 0.9952166666666666 0
1654008709788 0.9938833333333333 0
1654008757948 0.9946666666666667 0
1654008806653 0.9948 0
1654008854898 0.9955833333333334 0
1654008903354 0.9953 0
1654008952037 0.99525 0
1654009000695 0.9957666666666667 0
1654009049024 0.9957333333333334 0
1654009098018 0.9954 0
1654009146666 0.9958 0
1654009194644 0.9961 0
1654009242712 0.99565 0
1654009290876 0.9963166666666666 0
1654009339070 0.99575 0
1654009387159 0.99675 0
1654009435701 0.9966833333333334 0
1654009483979 0.99645 0
1654009532181 0.99655 0
1654009580474 0.9970333333333333 0
1654009628630 0.9963833333333333 0
1654009676979 0.99705 0
1654009725317 0.9962166666666666 0
1654009773535 0.9965166666666667 0
1654009821677 0.99695 0
1654009870001 0.9965833333333334 0
1654009918840 0.9968666666666667 0
1654009967575 0.9974333333333333 0
1654010016088 0.9964666666666666 0
1654010063838 0.9971 0
1654010112305 0.9966166666666667 0
1654010160670 0.9971166666666667 0
1654010208776 0.9967 0
1654010275989 0.9145166666666666 0
1654010324582 0.95805 0
1654010373482 0.9689833333333333 0
1654010422175 0.9745166666666667 0
1654010470737 0.9804833333333334 0
1654010518978 0.9829833333333333 0
1654010567564 0.9863 0
1654010615988 0.9875166666666667 0
1654010664908 0.98825 0
1654010713658 0.9899666666666667 0
1654010761503 0.9912833333333333 0
1654010809958 0.99105 0
1654010858820 0.9926666666666667 0
1654010906826 0.9931 0
1654010955916 0.9939 0
1654011003924 0.9932333333333333 0
1654011052293 0.9940666666666667 0
1654011100211 0.9944333333333333 0
1654011148330 0.9941333333333333 0
1654011196850 0.9951 0
1654011245229 0.9946166666666667 0
1654011293712 0.9952333333333333 0
1654011342913 0.9957666666666667 0
1654011391478 0.99495 0
1654011439692 0.9956833333333334 0
1654011488568 0.9959333333333333 0
1654011537288 0.9959833333333333 0
1654011586165 0.9955833333333334 0
1654011634504 0.9958833333333333 0
1654011682936 0.9959333333333333 0
1654011731026 0.99585 0
1654011778233 0.9964333333333333 0
1654011826213 0.9962 0
1654011874810 0.9970666666666667 0
1654011922972 0.9958666666666667 0
1654011971049 0.9969333333333333 0
1654012018504 0.99615 0
1654012066834 0.9969 0
1654012114672 0.9966333333333334 0
1654012162966 0.9973666666666666 0
1654012211305 0.99605 0
1654012259995 0.9963666666666666 0
1654012308904 0.9967666666666667 0
1654012357266 0.99715 0
1654012405638 0.9967333333333334 0
1654012454519 0.9973333333333333 0
1654012503158 0.9964166666666666 0
1654012551713 0.9971833333333333 0
1654012600461 0.9967166666666667 0
1654012648641 0.9968166666666667 0
1654012719739 0.9095833333333333 0
1654012768258 0.95625 0
1654012817087 0.9677333333333333 0
1654012865353 0.97325 0
1654012913752 0.9794166666666667 0
1654012961376 0.9819166666666667 0
1654013010205 0.98445 0
1654013059118 0.9864833333333334 0
1654013107517 0.9882666666666666 0
1654013155902 0.9894666666666667 0
1654013204594 0.99125 0
1654013253018 0.9922833333333333 0
1654013301427 0.99105 0
1654013349737 0.9935333333333334 0
1654013398561 0.9925333333333334 0
1654013447108 0.9934833333333334 0
1654013495013 0.9939166666666667 0
1654013544188 0.9945333333333334 0
1654013593319 0.9945166666666667 0
1654013641750 0.9938333333333333 0
1654013689850 0.9948666666666667 0
1654013738825 0.9948666666666667 0
1654013787203 0.9951 0
1654013835533 0.9957166666666667 0
1654013883189 0.9954333333333333 0
1654013931548 0.9955666666666667 0
1654013979840 0.9948666666666667 0
1654014027793 0.9959166666666667 0
1654014077028 0.9957666666666667 0
1654014125982 0.99615 0
1654014174068 0.9958166666666667 0
1654014223022 0.9959833333333333 0
1654014271194 0.9963833333333333 0
1654014319556 0.9964833333333334 0
1654014368167 0.99605 0
1654014417100 0.9967333333333334 0
1654014465264 0.9960166666666667 0
1654014514106 0.9960833333333333 0
1654014562915 0.9970166666666667 0
1654014611492 0.9967166666666667 0
1654014659917 0.9968833333333333 0
1654014708814 0.9965 0
1654014757133 0.9965 0
1654014805409 0.9968333333333333 0
1654014854180 0.9967333333333334 0
1654014902738 0.9975333333333334 0
1654014951479 0.9966666666666667 0
1654015000489 0.9973 0
1654015049426 0.9971666666666666 0
1654015098507 0.99715 0
1654015174816 0.9146 0
1654015223390 0.9585166666666667 0
1654015271667 0.9690333333333333 0
1654015319723 0.9748666666666667 0
1654015367615 0.98025 0
1654015415882 0.9819666666666667 0
1654015464478 0.9856833333333334 0
1654015512821 0.98715 0
1654015561183 0.98905 0
1654015609513 0.9898 0
1654015658441 0.9914333333333334 0
1654015707397 0.9923166666666666 0
1654015756062 0.9921 0
1654015804836 0.9934666666666667 0
1654015853222 0.9940166666666667 0
1654015901823 0.9936333333333334 0
1654015950984 0.9942833333333333 0
1654015999490 0.9943333333333333 0
1654016047969 0.9945166666666667 0
1654016096877 0.9951 0
1654016145573 0.9951333333333333 0
1654016193877 0.9959 0
1654016242666 0.9945666666666667 0
1654016291467 0.9958 0
1654016340272 0.9951 0
1654016388885 0.9955833333333334 0
1654016437963 0.9967333333333334 0
1654016486609 0.9954666666666667 0
1654016534879 0.9960166666666667 0
1654016583644 0.99635 0
1654016631806 0.9956666666666667 0
1654016679946 0.9966666666666667 0
1654016728652 0.99595 0
1654016777447 0.9965833333333334 0
1654016825874 0.9964833333333334 0
1654016874871 0.9964833333333334 0
1654016922967 0.9966333333333334 0
1654016971480 0.99685 0
1654017020319 0.9965666666666667 0
1654017068713 0.9968833333333333 0
1654017116913 0.9967833333333334 0
1654017165914 0.9966 0
1654017214556 0.9971333333333333 0
1654017262035 0.9965166666666667 0
1654017310979 0.99675 0
1654017359682 0.997 0
1654017407894 0.9968333333333333 0
1654017456419 0.9968333333333333 0
1654017504651 0.9975 0
1654017553738 0.9972166666666666 0
1654017634411 0.9131833333333333 0
1654017682749 0.9580833333333333 0
1654017731023 0.9683166666666667 0
1654017779375 0.9753666666666667 0
1654017827684 0.9783 0
1654017876278 0.98195 0
1654017924712 0.9862333333333333 0
1654017973167 0.9870833333333333 0
1654018021033 0.9889166666666667 0
1654018069205 0.9902666666666666 0
1654018116700 0.99065 0
1654018164939 0.9913166666666666 0
1654018212933 0.9919333333333333 0
1654018261552 0.9929333333333333 0
1654018309732 0.9936333333333334 0
1654018358774 0.9937666666666667 0
1654018407352 0.9935166666666667 0
1654018456087 0.9944666666666667 0
1654018504577 0.9948166666666667 0
1654018552571 0.9941833333333333 0
1654018601191 0.9949333333333333 0
1654018650403 0.99535 0
1654018699347 0.99575 0
1654018747220 0.9951833333333333 0
1654018795431 0.996 0
1654018843816 0.9959166666666667 0
1654018892133 0.9946333333333334 0
1654018940692 0.9964833333333334 0
1654018989562 0.99605 0
1654019038433 0.9959666666666667 0
1654019087248 0.9956833333333334 0
1654019135852 0.9964 0
1654019184725 0.9957333333333334 0
1654019233850 0.9965166666666667 0
1654019281989 0.9964833333333334 0
1654019329970 0.99675 0
1654019378840 0.9963166666666666 0
1654019426625 0.9968666666666667 0
1654019474971 0.9964 0
1654019523408 0.9974166666666666 0
1654019571971 0.99595 0
1654019620712 0.9971666666666666 0
1654019669136 0.9962666666666666 0
1654019717756 0.9970166666666667 0
1654019765872 0.9968 0
1654019814304 0.9967833333333334 0
1654019862272 0.9969333333333333 0
1654019911032 0.9972666666666666 0
1654019959402 0.9970666666666667 0
1654020007618 0.997 0
1654020092848 0.9153 0
1654020141316 0.9583833333333334 0
1654020189467 0.9675 0
1654020238029 0.9744333333333334 0
1654020286281 0.97905 0
1654020335003 0.9834666666666667 0
1654020384292 0.98465 0
1654020433339 0.9874666666666667 0
1654020481986 0.9894333333333334 0
1654020530205 0.9898333333333333 0
1654020578739 0.99065 0
1654020626794 0.9915333333333334 0
1654020674908 0.9923666666666666 0
1654020723062 0.99225 0
1654020771360 0.99375 0
1654020819816 0.9938166666666667 0
1654020868963 0.9937333333333334 0
1654020916584 0.9940333333333333 0
1654020964883 0.9945 0
1654021013461 0.9945833333333334 0
1654021061800 0.99455 0
1654021110280 0.9951833333333333 0
1654021158440 0.9949833333333333 0
1654021207513 0.9957 0
1654021255695 0.9951333333333333 0
1654021304817 0.9958166666666667 0
1654021353091 0.9952833333333333 0
1654021401476 0.9962333333333333 0
1654021449826 0.9958833333333333 0
1654021497864 0.9960666666666667 0
1654021546380 0.9958833333333333 0
1654021595067 0.9961833333333333 0
1654021643734 0.9959 0
1654021692189 0.9967 0
1654021740885 0.996 0
1654021789794 0.9968 0
1654021838232 0.9968 0
1654021886534 0.9958666666666667 0
1654021935498 0.9963333333333333 0
1654021983249 0.9973166666666666 0
1654022031718 0.9969 0
1654022080616 0.9963166666666666 0
1654022128772 0.9967333333333334 0
1654022177846 0.997 0
1654022226292 0.9965833333333334 0
1654022274607 0.9969 0
1654022323423 0.9980333333333333 0
1654022371838 0.9965833333333334 0
1654022419804 0.9971666666666666 0
1654022468035 0.99715 0
1654022557442 0.91195 0
1654022605580 0.9573 0
1654022653874 0.9684666666666667 0
1654022702066 0.9738166666666667 0
1654022750732 0.97975 0
1654022798658 0.9827166666666667 0
1654022846685 0.9859333333333333 0
1654022895100 0.9875333333333334 0
1654022943508 0.9889833333333333 0
1654022992024 0.99045 0
1654023040573 0.9905833333333334 0
1654023089222 0.9918 0
1654023137816 0.9928333333333333 0
1654023186651 0.9922166666666666 0
1654023234909 0.99335 0
1654023282795 0.99385 0
1654023331333 0.9932333333333333 0
1654023379593 0.9943166666666666 0
1654023427867 0.9948333333333333 0
1654023476838 0.9949333333333333 0
1654023524571 0.9950166666666667 0
1654023573187 0.9951 0
1654023622042 0.9953333333333333 0
1654023670388 0.9956833333333334 0
1654023719036 0.9953666666666666 0
1654023767512 0.9959333333333333 0
1654023816071 0.9953333333333333 0
1654023864028 0.9959166666666667 0
1654023912866 0.9955166666666667 0
1654023961288 0.9967833333333334 0
1654024009806 0.9957833333333334 0
1654024058854 0.9965833333333334 0
1654024107693 0.9964333333333333 0
1654024156694 0.9965666666666667 0
1654024204608 0.9960166666666667 0
1654024253347 0.9960666666666667 0
1654024301691 0.99705 0
1654024350384 0.9962833333333333 0
1654024398593 0.9965666666666667 0
1654024447270 0.99685 0
1654024495645 0.9963 0
1654024544224 0.9974166666666666 0
1654024593088 0.9967166666666667 0
1654024641736 0.9962666666666666 0
1654024690065 0.9971 0
1654024738457 0.9971166666666667 0
1654024787361 0.9972 0
1654024835981 0.9967833333333334 0
1654024884436 0.9972333333333333 0
1654024932875 0.9971833333333333 0
1654025027048 0.91345 0
1654025075594 0.9576 0
1654025124398 0.9674333333333334 0
1654025172724 0.9734833333333334 0
1654025221022 0.97995 0
1654025269848 0.9820833333333333 0
1654025318411 0.98615 0
1654025366996 0.9876666666666667 0
1654025415590 0.9891333333333333 0
1654025464994 0.9901 0
1654025513410 0.9901166666666666 0
1654025562186 0.9921833333333333 0
1654025610522 0.9926166666666667 0
1654025658937 0.99305 0
1654025708585 0.9925166666666667 0
1654025757342 0.9944 0
1654025805588 0.9940166666666667 0
1654025853616 0.9942333333333333 0
1654025902429 0.9942166666666666 0
1654025950883 0.9950166666666667 0
1654025999686 0.9955833333333334 0
1654026048801 0.9946333333333334 0
1654026097828 0.99535 0
1654026146648 0.9952333333333333 0
1654026195997 0.9961166666666667 0
1654026244200 0.99485 0
1654026293121 0.9954666666666667 0
1654026342183 0.9960333333333333 0
1654026391309 0.99615 0
1654026439160 0.9960833333333333 0
1654026487981 0.9962833333333333 0
1654026536854 0.9962 0
1654026585285 0.9965333333333334 0
1654026634420 0.9961833333333333 0
1654026683072 0.9968166666666667 0
1654026732111 0.9967333333333334 0
1654026780616 0.9957166666666667 0
1654026829719 0.9975166666666667 0
1654026877698 0.99665 0
1654026926481 0.9965 0
1654026975270 0.9967833333333334 0
1654027023629 0.9966 0
1654027071673 0.9966 0
1654027120907 0.99705 0
1654027169615 0.9969333333333333 0
1654027218134 0.99705 0
1654027266257 0.9977 0
1654027315213 0.9963833333333333 0
1654027364265 0.99755 0
1654027412753 0.9967666666666667 0
1654027512409 0.9095 0
1654027561694 0.9566 0
1654027610217 0.9693666666666667 0
1654027659617 0.9751166666666666 0
1654027707959 0.9788833333333333 0
1654027756371 0.9828166666666667 0
1654027804977 0.98415 0
1654027854050 0.9876333333333334 0
1654027902907 0.9897666666666667 0
1654027950956 0.99035 0
1654027999227 0.9910166666666667 0
1654028048134 0.9922 0
1654028097053 0.9918 0
1654028146340 0.99305 0
1654028194681 0.99395 0
1654028243653 0.9928666666666667 0
1654028292643 0.9938833333333333 0
1654028341802 0.9949666666666667 0
1654028390790 0.9950333333333333 0
1654028438757 0.9943333333333333 0
1654028488196 0.9946666666666667 0
1654028536746 0.9945166666666667 0
1654028585499 0.9955666666666667 0
1654028633845 0.9950666666666667 0
1654028683318 0.9957833333333334 0
1654028732172 0.9956 0
1654028780719 0.9963166666666666 0
1654028829084 0.9958666666666667 0
1654028877458 0.9954833333333334 0
1654028926259 0.9961166666666667 0
1654028974802 0.9961 0
1654029022652 0.99675 0
1654029071377 0.99655 0
1654029120294 0.99665 0
1654029168539 0.9961833333333333 0
1654029217216 0.9964 0
1654029266086 0.99655 0
1654029315567 0.9967 0
1654029364705 0.9962833333333333 0
1654029413461 0.9964 0
1654029461928 0.9971 0
1654029510049 0.9963 0
1654029558937 0.99685 0
1654029607147 0.9968666666666667 0
1654029654943 0.9972 0
1654029703133 0.9971 0
1654029751908 0.9968333333333333 0
1654029800692 0.9967833333333334 0
1654029849709 0.99725 0
1654029898630 0.9970666666666667 0
1654030002378 0.913 0
1654030051210 0.9584333333333334 0
1654030100235 0.9682333333333333 0
1654030148378 0.9742833333333333 0
1654030197326 0.9791166666666666 0
1654030246128 0.9821666666666666 0
1654030294843 0.9848 0
1654030343775 0.9870166666666667 0
1654030392520 0.9890333333333333 0
1654030440915 0.99 0
1654030490011 0.9907833333333333 0
1654030538425 0.9924333333333333 0
1654030586899 0.9927333333333334 0
1654030635974 0.9918166666666667 0
1654030684684 0.9936333333333334 0
1654030733725 0.99405 0
1654030782269 0.9943666666666666 0
1654030830569 0.9944666666666667 0
1654030878993 0.9935833333333334 0
1654030928111 0.9954166666666666 0
1654030976226 0.9946333333333334 0
1654031024298 0.9955333333333334 0
1654031072607 0.9950833333333333 0
1654031121026 0.9955833333333334 0
1654031169450 0.9951 0
1654031218016 0.9963666666666666 0
1654031267065 0.995 0
1654031315379 0.9962166666666666 0
1654031363737 0.99525 0
1654031412339 0.9968 0
1654031461283 0.996 0
1654031509799 0.9957 0
1654031558490 0.9964666666666666 0
1654031607330 0.9963333333333333 0
1654031655984 0.99575 0
1654031704113 0.9969 0
1654031752954 0.9960833333333333 0
1654031801260 0.99665 0
1654031849767 0.9965333333333334 0
1654031898209 0.99695 0
1654031947360 0.9964666666666666 0
1654031995629 0.9971833333333333 0
1654032044195 0.9965166666666667 0
1654032092011 0.9971666666666666 0
1654032140325 0.9968666666666667 0
1654032189276 0.9970666666666667 0
1654032237247 0.9968666666666667 0
1654032285977 0.9968 0
1654032334371 0.9971 0
1654032383083 0.9970833333333333 0
1654032491659 0.91255 0
1654032540044 0.9594833333333334 0
1654032587820 0.9676 0
1654032636046 0.9750333333333333 0
1654032684751 0.9789 0
1654032733688 0.9822 0
1654032782076 0.9860333333333333 0
1654032830201 0.9867 0
1654032878604 0.9879 0
1654032927116 0.9908166666666667 0
1654032975613 0.99095 0
1654033024424 0.9917 0
1654033073032 0.99225 0
1654033121316 0.9935333333333334 0
1654033170066 0.9927 0
1654033218231 0.9943833333333333 0
1654033266789 0.9936 0
1654033314964 0.9942833333333333 0
1654033363684 0.9939833333333333 0
1654033412662 0.9949833333333333 0
1654033461776 0.9949 0
1654033510903 0.9947666666666667 0
1654033559815 0.995 0
1654033608909 0.9955 0
1654033658102 0.99575 0
1654033707439 0.9952333333333333 0
1654033756442 0.99675 0
1654033805236 0.9954333333333333 0
1654033853812 0.9951666666666666 0
1654033903065 0.9964 0
1654033951529 0.9956666666666667 0
1654034000847 0.9967666666666667 0
1654034049960 0.9961 0
1654034097818 0.99595 0
1654034146181 0.9963166666666666 0
1654034194630 0.9962833333333333 0
1654034243308 0.9963333333333333 0
1654034292034 0.9968833333333333 0
1654034340515 0.9965833333333334 0
1654034389755 0.9967333333333334 0
1654034437492 0.9963666666666666 0
1654034485544 0.9966166666666667 0
1654034533993 0.9967166666666667 0
1654034582694 0.9972833333333333 0
1654034631346 0.9967 0
1654034680553 0.9972333333333333 0
1654034728985 0.9973333333333333 0
1654034777584 0.9970666666666667 0
1654034826241 0.9965666666666667 0
1654034875145 0.99715 0
1654034987829 0.9156 0
1654035036862 0.9588833333333333 0
1654035085046 0.9674666666666667 0
1654035133119 0.9749666666666666 0
1654035182154 0.9792166666666666 0
1654035230922 0.9834666666666667 0
1654035279885 0.9861166666666666 0
1654035327738 0.9877 0
1654035376784 0.9882333333333333 0
1654035425202 0.9903666666666666 0
1654035473542 0.99105 0
1654035521940 0.9914333333333334 0
1654035570582 0.9931833333333333 0
1654035619091 0.9929 0
1654035668070 0.99265 0
1654035716996 0.99405 0
1654035765644 0.99335 0
1654035814549 0.9944 0
1654035862702 0.9944833333333334 0
1654035911188 0.9942666666666666 0
1654035960058 0.9952666666666666 0
1654036008720 0.9947166666666667 0
1654036057011 0.99535 0
1654036105399 0.99515 0
1654036153664 0.9955166666666667 0
1654036202259 0.9957666666666667 0
1654036251360 0.9961166666666667 0
1654036300371 0.9957333333333334 0
1654036348703 0.9955833333333334 0
1654036396828 0.9967 0
1654036445336 0.9957833333333334 0
1654036493993 0.9965666666666667 0
1654036542431 0.9963666666666666 0
1654036591319 0.9958833333333333 0
1654036640360 0.9967666666666667 0
1654036689569 0.9966666666666667 0
1654036737835 0.9960166666666667 0
1654036786441 0.9972 0
1654036835646 0.9967166666666667 0
1654036884061 0.9965 0
1654036931606 0.9968333333333333 0
1654036979826 0.9968666666666667 0
1654037028757 0.9967333333333334 0
1654037077349 0.99705 0
1654037126208 0.9966166666666667 0
1654037174372 0.9969333333333333 0
1654037223146 0.9963 0
1654037271239 0.9969 0
1654037320391 0.99695 0
1654037369106 0.9975666666666667 0
1654037487182 0.9126833333333333 0
1654037535992 0.9576333333333333 0
1654037584739 0.9686166666666667 0
1654037632244 0.9749333333333333 0
1654037680530 0.9805166666666667 0
1654037729223 0.9821166666666666 0
1654037778161 0.9856166666666667 0
1654037827013 0.9871 0
1654037876131 0.9891666666666666 0
1654037924714 0.98975 0
1654037973501 0.9918 0
1654038022057 0.9918666666666667 0
1654038070538 0.9927666666666667 0
1654038119250 0.99295 0
1654038167815 0.9932 0
1654038216440 0.9938666666666667 0
1654038265567 0.9938833333333333 0
1654038314142 0.9939666666666667 0
1654038362618 0.9951333333333333 0
1654038410913 0.9949166666666667 0
1654038459716 0.9954666666666667 0
1654038508267 0.9950833333333333 0
1654038557033 0.9951333333333333 0
1654038605005 0.9959166666666667 0
1654038653929 0.9950333333333333 0
1654038702360 0.9955333333333334 0
1654038751054 0.9959833333333333 0
1654038799022 0.9960166666666667 0
1654038847834 0.9953333333333333 0
1654038896437 0.9962333333333333 0
1654038944407 0.9960666666666667 0
1654038993160 0.9958 0
1654039041550 0.9959 0
1654039090632 0.99715 0
1654039139664 0.9964333333333333 0
1654039188136 0.99695 0
1654039236696 0.99705 0
1654039284729 0.9965166666666667 0
1654039333693 0.9967 0
1654039382111 0.9964333333333333 0
1654039431165 0.9972166666666666 0
1654039479579 0.9971166666666667 0
1654039528733 0.9966333333333334 0
1654039577593 0.9967333333333334 0
1654039626122 0.9967666666666667 0
1654039674988 0.99705 0
1654039723667 0.99695 0
1654039772660 0.9977666666666667 0
1654039821498 0.9964666666666666 0
1654039870169 0.9968333333333333 0
1654039991778 0.9155333333333333 0
1654040040256 0.9596 0
1654040089331 0.9689833333333333 0
1654040138220 0.9757666666666667 0
1654040187012 0.9795333333333334 0
1654040236208 0.9821666666666666 0
1654040284298 0.986 0
1654040332831 0.98735 0
1654040381444 0.9886833333333334 0
1654040430165 0.9903166666666666 0
1654040479582 0.99075 0
1654040527584 0.9915666666666667 0
1654040576024 0.9921833333333333 0
1654040625109 0.9928166666666667 0
1654040673353 0.9929166666666667 0
1654040721418 0.9939 0
1654040769765 0.9938833333333333 0
1654040818249 0.9939666666666667 0
1654040866678 0.9941833333333333 0
1654040914775 0.9949333333333333 0
1654040962952 0.99435 0
1654041011106 0.9958 0
1654041059378 0.9954833333333334 0
1654041108246 0.9945666666666667 0
1654041156649 0.9957833333333334 0
1654041205590 0.9956166666666667 0
1654041254831 0.9950333333333333 0
1654041303299 0.9962166666666666 0
1654041352188 0.9961 0
1654041400144 0.9960166666666667 0
1654041448697 0.99585 0
1654041497346 0.9961833333333333 0
1654041545829 0.9961 0
1654041594665 0.9965666666666667 0
1654041643804 0.9959666666666667 0
1654041693239 0.9969 0
1654041741742 0.9967 0
1654041789686 0.9967666666666667 0
1654041838464 0.9966333333333334 0
1654041887736 0.9969833333333333 0
1654041935867 0.9963833333333333 0
1654041984212 0.9967666666666667 0
1654042032393 0.9963 0
1654042081300 0.9970666666666667 0
1654042129617 0.9972833333333333 0
1654042178251 0.9970166666666667 0
1654042227575 0.9967833333333334 0
1654042276904 0.9972833333333333 0
1654042326109 0.9975833333333334 0
1654042374381 0.9966166666666667 0
1654042500834 0.9134833333333333 0
1654042549904 0.958 0
1654042598248 0.9686166666666667 0
1654042646633 0.9743666666666667 0
1654042695277 0.9777666666666667 0
1654042743571 0.9819333333333333 0
1654042792188 0.9859833333333333 0
1654042840441 0.9874166666666667 0
1654042889715 0.9890166666666667 0
1654042938057 0.9896 0
1654042986976 0.9918166666666667 0
1654043035375 0.9913166666666666 0
1654043084077 0.9916166666666667 0
1654043132881 0.9931166666666666 0
1654043182036 0.9936 0
1654043231045 0.9935666666666667 0
1654043279343 0.9949166666666667 0
1654043327595 0.9935333333333334 0
1654043375917 0.9947833333333334 0
1654043424403 0.9949 0
1654043473403 0.9947833333333334 0
1654043522522 0.9951333333333333 0
1654043570865 0.99535 0
1654043619303 0.9953833333333333 0
1654043668014 0.9965 0
1654043716713 0.9955666666666667 0
1654043765794 0.9955166666666667 0
1654043814819 0.9958 0
1654043863161 0.99595 0
1654043911432 0.9965333333333334 0
1654043959563 0.99545 0
1654044008167 0.9960833333333333 0
1654044057269 0.9963 0
1654044105669 0.9968 0
1654044154572 0.9961833333333333 0
1654044203223 0.9965333333333334 0
1654044251765 0.9967833333333334 0
1654044300347 0.9968333333333333 0
1654044349561 0.9965833333333334 0
1654044398294 0.9965833333333334 0
1654044446259 0.99745 0
1654044494878 0.9963333333333333 0
1654044543094 0.9967833333333334 0
1654044592752 0.9967 0
1654044640872 0.9973 0
1654044689349 0.99745 0
1654044738240 0.9966166666666667 0
1654044786630 0.9965 0
1654044835607 0.9973666666666666 0
1654044884723 0.9969333333333333 0
1654045016636 0.9130833333333334 0
1654045065674 0.95745 0
1654045113973 0.9664833333333334 0
1654045162728 0.97495 0
1654045211448 0.9788666666666667 0
1654045260776 0.9825 0
1654045309604 0.9857 0
1654045358377 0.98655 0
1654045406864 0.9889833333333333 0
1654045455771 0.9902333333333333 0
1654045504205 0.9908166666666667 0
1654045553057 0.9911166666666666 0
1654045601997 0.9927666666666667 0
1654045651168 0.9929833333333333 0
1654045699787 0.9937833333333334 0
1654045748862 0.9932333333333333 0
1654045796920 0.9943 0
1654045845603 0.9935333333333334 0
1654045894839 0.9935666666666667 0
1654045943201 0.99575 0
1654045991411 0.9946333333333334 0
1654046040639 0.9949666666666667 0
1654046089667 0.9948666666666667 0
1654046138557 0.9958833333333333 0
1654046186874 0.99515 0
1654046235460 0.9956166666666667 0
1654046283151 0.99625 0
1654046331967 0.9956 0
1654046379751 0.9961666666666666 0
1654046428577 0.99585 0
1654046477173 0.99695 0
1654046525540 0.99585 0
1654046574375 0.9960333333333333 0
1654046622948 0.9961 0
1654046671925 0.9970666666666667 0
1654046720363 0.9963833333333333 0
1654046768885 0.9964333333333333 0
1654046818121 0.9967 0
1654046865731 0.9972333333333333 0
1654046914596 0.99615 0
1654046963295 0.99695 0
1654047012303 0.9965166666666667 0
1654047060955 0.99675 0
1654047109513 0.9969166666666667 0
1654047157723 0.9972333333333333 0
1654047206137 0.9968 0
1654047254650 0.9968333333333333 0
1654047303106 0.9972666666666666 0
1654047351061 0.9966166666666667 0
1654047400084 0.9973333333333333 0
1654047536874 0.9126833333333333 0
1654047585495 0.95845 0
1654047634200 0.9688 0
1654047683099 0.9750166666666666 0
1654047731420 0.9790333333333333 0
1654047780148 0.9832833333333333 0
1654047828139 0.9860833333333333 0
1654047876343 0.9868166666666667 0
1654047924513 0.9893333333333333 0
1654047973191 0.9898166666666667 0
1654048021752 0.9912666666666666 0
1654048070636 0.9913333333333333 0
1654048119549 0.9931333333333333 0
1654048168248 0.99285 0
1654048216503 0.9933333333333333 0
1654048265107 0.9936 0
1654048313065 0.9938833333333333 0
1654048361698 0.9945 0
1654048410364 0.9947166666666667 0
1654048458878 0.9949166666666667 0
1654048507761 0.9949333333333333 0
1654048556575 0.9952666666666666 0
1654048604951 0.9955 0
1654048653264 0.9949333333333333 0
1654048701701 0.9957666666666667 0
1654048750404 0.9961833333333333 0
1654048798752 0.9954 0
1654048847571 0.9961333333333333 0
1654048897067 0.9960833333333333 0
1654048945684 0.9956833333333334 0
1654048993758 0.99695 0
1654049042449 0.99605 0
1654049090641 0.9968666666666667 0
1654049139133 0.99625 0
1654049187566 0.99675 0
1654049236172 0.9964666666666666 0
1654049284301 0.9967666666666667 0
1654049333161 0.9965333333333334 0
1654049381927 0.9963666666666666 0
1654049430301 0.99705 0
1654049479143 0.9969833333333333 0
1654049528269 0.9963833333333333 0
1654049576871 0.9969166666666667 0
1654049625869 0.9971 0
1654049674720 0.9972166666666666 0
1654049723427 0.9966166666666667 0
1654049772350 0.99695 0
1654049821377 0.9972833333333333 0
1654049870280 0.9966666666666667 0
1654049919098 0.9974166666666666 0
