1644443263951 0.7747656420866649 0
1644443278850 0.2309179147084554 0
1644443293579 0.12617513406674066 0
1644443308497 0.06735218407313029 0
1644443323469 0.03646770163178444 0
1644443338591 0.022410828960935276 0
1644443353468 0.018677987423787516 0
1644443368390 0.01535307266091307 0
1644443383253 0.012533722787598768 0
1644443398240 0.009823788923770189 0
1644443413369 0.00881844444386661 0
1644443428262 0.009334062261134386 0
1644443443307 0.009807987781862417 0
1644443458559 0.008633211324115594 0
1644443473563 0.007668299155806501 0
1644443488659 0.008154634568157295 0
1644443503694 0.006319167111503581 0
1644443518660 0.00921090704711775 0
1644443533611 0.005252916534865896 0
1644443548588 0.006361836663881937 0
1644443571265 0.804630233891805 0
1644443582515 0.2453284870147705 0
1644443593727 0.13840227824449539 0
1644443605005 0.07412085225979487 0
1644443616207 0.039362960496544835 0
1644443627308 0.0243208003838857 0
1644443638620 0.019222788298130036 0
1644443649954 0.016193474374711515 0
1644443661316 0.0134869788184762 0
1644443672460 0.011132261723279952 0
1644443683721 0.010548864100625117 0
1644443695047 0.01004038110592713 0
1644443706256 0.011781913119306167 0
1644443717468 0.010231552696973085 0
1644443728784 0.005187077391023438 0
1644443739970 0.00653395182924966 0
1644443751170 0.008643292883907755 0
1644443762362 0.006254776012711227 0
1644443773585 0.006790489017839233 0
1644443784746 0.007057097942506274 0
1644443819291 0.7883536820570628 0
1644443830381 0.24363955217202504 0
1644443841594 0.1383770942926407 0
1644443852876 0.07356413535674414 0
1644443863987 0.0406469632635514 0
1644443875239 0.025506391342480977 0
1644443886566 0.019656773607929546 0
1644443897784 0.019114644942680996 0
1644443908950 0.013599138566354911 0
1644443920268 0.013505363788455725 0
1644443931493 0.01032577527438601 0
1644443942681 0.009040608087430398 0
1644443953868 0.010486132198199629 0
1644443965030 0.007723498089363178 0
1644443976381 0.008597297123322883 0
1644443987536 0.008375766135379673 0
1644443998685 0.0073849939032147325 0
1644444009942 0.005606984474696219 0
1644444021159 0.006106140710785985 0
1644444032495 0.010282384269684553 0
