1651924145391 1.4602558795928955 0
1651924148952 1.1944129531860352 0
1651924152530 1.0408215685844422 0
1651924156017 0.8714391661286354 0
1651924159550 0.7935575769424439 0
1651924163141 0.7716989339828492 0
1651924166863 0.7093138278484344 0
1651924170712 0.629640279006958 0
1651924174483 0.5545314764022827 0
1651924178173 0.5539596611976624 0
1651924181924 0.49743025898933413 0
1651924185696 0.4371184238433838 0
1651924189379 0.44088648777008055 0
1651924192918 0.37340369323790074 0
1651924196704 0.3742392465591431 0
1651924200405 0.34271897253990175 0
1651924204156 0.3258089345932007 0
1651924207714 0.2546550682127476 0
1651924211189 0.23176837200075387 0
1651924214772 0.2258291626214981 0
1651924218308 0.24378925418853759 0
1651924221752 0.28781659560203554 0
1651924225335 0.20426637383289636 0
1651924228897 0.16209903444647789 0
1651924232532 0.212384930229187 0
1651924236057 0.1318047467291355 0
1651924239701 0.20957718376517295 0
1651924243330 0.1661450437411666 0
1651924246990 0.1015165633212775 0
1651924250537 0.12722314510941504 0
1651924254171 0.13096773693598807 0
1651924257863 0.13399857909856364 0
1651924261395 0.11136647858023643 0
1651924265046 0.10964557809531689 0
1651924268684 0.11271993176937103 0
1651924272300 0.16817906818389894 0
1651924275883 0.09856463499069214 0
1651924279538 0.11997448272705079 0
1651924283353 0.09548603903809562 0
1651924286968 0.11844750685691834 0
1651924290425 0.13196196734607218 0
1651924293888 0.08450698451660574 0
1651924297478 0.10310936872689054 0
1651924300972 0.08268932237382978 0
1651924304575 0.0849589280191809 0
1651924308387 0.06427203789390623 0
1651924312101 0.06574176405966282 0
1651924315919 0.10405764852389693 0
1651924319765 0.07650983038768172 0
1651924323542 0.0888629424661398 0
1651924329060 1.2752832328796386 0
1651924334393 0.9229391925811767 0
1651924339780 0.7459967967033386 0
1651924345065 0.5981732220649719 0
1651924350401 0.46338241786956785 0
1651924355741 0.4309747116327286 0
1651924360956 0.30948155515193937 0
1651924366225 0.27861138119101525 0
1651924371606 0.27055267968177793 0
1651924376824 0.21523780995607375 0
1651924382285 0.17015130127668382 0
1651924387413 0.16126514447927476 0
1651924392785 0.17042482169307768 0
1651924398092 0.14415422632396221 0
1651924403419 0.1003414369046688 0
1651924408594 0.14265614078789948 0
1651924414084 0.12422691461257637 0
1651924419341 0.0916070501735434 0
1651924424732 0.09158194326013326 0
1651924429977 0.09989615325033664 0
1651924435271 0.09738129851818085 0
1651924440576 0.20729650263786317 0
1651924445985 0.1524153909444809 0
1651924451160 0.07821199240535498 0
1651924456608 0.06462716098874807 0
1651924462056 0.07228911127448082 0
1651924467447 0.05853456489145756 0
1651924472547 0.06341655733268708 0
1651924477978 0.06608134346287697 0
1651924483403 0.04797016540169716 0
1651924488857 0.07683905144631863 0
1651924493906 0.06835612288564444 0
1651924499297 0.07935654645860195 0
1651924504670 0.08766779562607407 0
1651924510045 0.051199734919751064 0
1651924515231 0.04008603689400479 0
1651924520442 0.03966847993340343 0
1651924525745 0.059992105039209126 0
1651924531138 0.06923645217567682 0
1651924536395 0.027164685170538723 0
1651924541543 0.03270066141486168 0
1651924546728 0.12133652792945504 0
1651924552268 0.061702664270065724 0
1651924557633 0.052318651853036136 0
1651924562881 0.04826054005399346 0
1651924568282 0.03341195463165641 0
1651924573538 0.03094021099014208 0
1651924578837 0.032522795871677224 0
1651924583989 0.03903480408340693 0
1651924589254 0.05411786157861352 0
1651924595905 1.3308178687095642 0
1651924601695 0.9563851187705994 0
1651924607519 0.8172037160873413 0
1651924613718 0.6881271532058716 0
1651924619700 0.5493442621231079 0
1651924625744 0.5414880352973938 0
1651924631652 0.45832688522338866 0
1651924637789 0.4261074695706368 0
1651924643747 0.2938094268143177 0
1651924649738 0.2553675883769989 0
1651924655823 0.25749790802001954 0
1651924661717 0.24029198117256165 0
1651924667799 0.19979631576538087 0
1651924673785 0.19332006989717485 0
1651924679788 0.13834980058670043 0
1651924685838 0.13475815674960614 0
1651924691991 0.1115033770442009 0
1651924698024 0.18349710336774588 0
1651924703961 0.14813802634477616 0
1651924709936 0.09877634673118592 0
1651924715852 0.20495293966829778 0
1651924721763 0.11308834527730942 0
1651924727637 0.1328701156079769 0
1651924733578 0.10244777168035507 0
1651924739372 0.07974535814523696 0
1651924745307 0.08242015947252512 0
1651924751300 0.10480061357095838 0
1651924757165 0.09886254751682282 0
1651924763016 0.129673209207505 0
1651924768939 0.05409346934854984 0
1651924774912 0.038024270439147946 0
1651924780582 0.06867762268930673 0
1651924786485 0.06499401161968708 0
1651924792449 0.07714120674370788 0
1651924798260 0.07971741067767144 0
1651924804193 0.07330283322930337 0
1651924810115 0.08203018477428704 0
1651924815950 0.05918912637531757 0
1651924821738 0.0716189856544137 0
1651924827668 0.09749060965776443 0
1651924833642 0.1121898061081767 0
1651924839578 0.04822812098264694 0
1651924845319 0.06296826464536134 0
1651924851231 0.04501258532106876 0
1651924857319 0.03223097149208188 0
1651924863175 0.034386691519059244 0
1651924869156 0.04271717466711998 0
1651924875118 0.05917482668813318 0
1651924880965 0.04686654168367386 0
1651924886741 0.06854502016844927 0
1651924894780 1.0790333681106568 0
1651924901597 0.7648609890460968 0
1651924908371 0.6266629371643067 0
1651924915185 0.47794353667497635 0
1651924921930 0.42268854656219484 0
1651924928612 0.36450941824913025 0
1651924935234 0.30697722527980803 0
1651924942050 0.2577956535339355 0
1651924948820 0.24839266724586487 0
1651924955397 0.22229816392362117 0
1651924962067 0.16560245757102968 0
1651924968797 0.17231213924884797 0
1651924975535 0.16104206447601319 0
1651924982371 0.15463305286169052 0
1651924989075 0.1646206199519336 0
1651924995814 0.10126955211739987 0
1651925002284 0.06970913813710213 0
1651925008994 0.10211580835580826 0
1651925015664 0.08881641954779625 0
1651925022352 0.10298809518218041 0
1651925029060 0.08246647318080068 0
1651925035900 0.0642473625337705 0
1651925042671 0.09906231497265398 0
1651925049308 0.07481141076423228 0
1651925056004 0.05558518046289682 0
1651925062808 0.07984015865395777 0
1651925069642 0.09601747092045844 0
1651925076417 0.055173139925301075 0
1651925083310 0.06329351646527648 0
1651925089919 0.05380140224322676 0
1651925096532 0.07653288916349411 0
1651925103219 0.07502934467792512 0
1651925109742 0.06456953046917915 0
1651925116371 0.053806002409756186 0
1651925123217 0.040556970704719426 0
1651925130016 0.031749195953045276 0
1651925136856 0.04664529009442776 0
1651925143529 0.0766303212562576 0
1651925150189 0.04973611900508404 0
1651925156921 0.06231034091869369 0
1651925163599 0.06972528344243765 0
1651925170322 0.06139450980871916 0
1651925176946 0.03918103831484914 0
1651925183710 0.044932034686207774 0
1651925190389 0.04073641732241958 0
1651925197208 0.03633684443682432 0
1651925203922 0.04019533018330112 0
1651925210918 0.046016061447560784 0
1651925217525 0.0694800435051322 0
1651925224136 0.0847038055151701 0
1651925233556 1.1099140043973923 0
1651925241073 0.7845532507181168 0
1651925248615 0.6380193263053894 0
1651925256088 0.6028048682689666 0
1651925263607 0.45938150138854983 0
1651925271006 0.4188900266647339 0
1651925278450 0.39071920585632325 0
1651925285918 0.37361282531023027 0
1651925293474 0.28737392106056214 0
1651925300915 0.2642352357387543 0
1651925308460 0.24785865758713335 0
1651925315919 0.19741183990240097 0
1651925323159 0.16946813073158265 0
1651925330530 0.1523019941687584 0
1651925338000 0.144599378323555 0
1651925345396 0.176902117061615 0
1651925352742 0.15486829316616058 0
1651925360279 0.11031675423383713 0
1651925367595 0.1625085172176361 0
1651925375074 0.1328260327540338 0
1651925382647 0.08017230756878853 0
1651925390016 0.10485000716000796 0
1651925397510 0.08910414722561837 0
1651925404962 0.08901393059790134 0
1651925412413 0.060036865985393525 0
1651925419945 0.08374305784702302 0
1651925427367 0.05680763911511749 0
1651925434749 0.05650237463475205 0
1651925442225 0.06636694801747799 0
1651925449916 0.08042866542041302 0
1651925457496 0.08471494572916999 0
1651925464946 0.06793155746161937 0
1651925472396 0.15513098417520524 0
1651925479924 0.06484248551130295 0
1651925487545 0.05352969009280205 0
1651925494971 0.05117369489818811 0
1651925502428 0.08685162551999093 0
1651925510154 0.06508720839191229 0
1651925517701 0.0476062716986984 0
1651925525158 0.05366064670681953 0
1651925532668 0.04395897013694048 0
1651925540248 0.05007620136588812 0
1651925547743 0.04775266231447458 0
1651925555233 0.059977692641317845 0
1651925562837 0.05185393168330193 0
1651925570285 0.050510478185117245 0
1651925577821 0.052378209722787145 0
1651925585148 0.04541964663863182 0
1651925592591 0.13989300787039102 0
1651925599883 0.05499592032720102 0
1651925610605 1.0726245559692382 0
1651925618950 0.7318792798995971 0
1651925627359 0.637394248008728 0
1651925635595 0.5315783175110816 0
1651925643856 0.41646739907264707 0
1651925652201 0.37147581882476804 0
1651925660356 0.3619600791811943 0
1651925668791 0.31327396131157875 0
1651925676932 0.2506751269817352 0
1651925685084 0.21503615188598632 0
1651925693294 0.2882778656959534 0
1651925701720 0.3086128318309784 0
1651925709820 0.1970120768070221 0
1651925717888 0.12267383209466934 0
1651925725957 0.11334156907722354 0
1651925734105 0.12655029877629131 0
1651925742178 0.10016706192046404 0
1651925750563 0.10685183137953282 0
1651925758650 0.08788736259937287 0
1651925766802 0.065257853358984 0
1651925774942 0.11590477413535118 0
1651925782941 0.09181462161503733 0
1651925791195 0.15490155019760132 0
1651925799585 0.1674335747241974 0
1651925807588 0.09243732697638916 0
1651925815781 0.06897970445752144 0
1651925823988 0.06930453517735004 0
1651925832206 0.06615419775503688 0
1651925840480 0.06102765679061413 0
1651925848506 0.08147152980417013 0
1651925856670 0.1414145534992218 0
1651925865086 0.11941730332821608 0
1651925873228 0.061945198844373224 0
1651925881199 0.04934950043186545 0
1651925889320 0.05020895094145089 0
1651925897383 0.04197092918604612 0
1651925905500 0.040640930243581536 0
1651925913419 0.02646704727485776 0
1651925921388 0.0458317373085767 0
1651925929563 0.059079997569322584 0
1651925937513 0.046833071298897265 0
1651925945431 0.043927315968088805 0
1651925953415 0.051045930787920954 0
1651925961576 0.04267073481753469 0
1651925969604 0.048958542957156896 0
1651925977767 0.18686243384927512 0
1651925985845 0.05241075843516737 0
1651925993955 0.03935445065016393 0
1651926001901 0.05126236906349659 0
1651926010108 0.029095323230326174 0
1651926022370 1.0636952865600586 0
1651926031087 0.7975154205322266 0
1651926039765 0.6891833993911743 0
1651926048338 0.5590253412246704 0
1651926057473 0.5038663671970367 0
1651926066323 0.44278402976989745 0
1651926075233 0.34432547769546507 0
1651926083944 0.3716301079273224 0
1651926092669 0.3305375345349312 0
1651926101382 0.2702191059589386 0
1651926110114 0.2495801910638809 0
1651926118707 0.25743454108238223 0
1651926127525 0.1678293808579445 0
1651926136446 0.16068813083171846 0
1651926145246 0.1475084452390671 0
1651926154382 0.15473400336205959 0
1651926163592 0.12752086990252137 0
1651926172440 0.12620206841118634 0
1651926181219 0.10311765254177153 0
1651926189901 0.11572016957998275 0
1651926198661 0.1186801377415657 0
1651926207507 0.11031423276998102 0
1651926216255 0.08852313402891158 0
1651926225031 0.09879914066791534 0
1651926233769 0.09393141994029283 0
1651926242388 0.08852086829543114 0
1651926251364 0.09921888433676213 0
1651926260222 0.0721733494400978 0
1651926269063 0.09614135405421256 0
1651926277738 0.16208567162156104 0
1651926286506 0.08715008698403835 0
1651926295386 0.03401561629846692 0
1651926304228 0.04576236637681723 0
1651926313160 0.041864500362984836 0
1651926321989 0.03872642011679709 0
1651926330829 0.03798093649055809 0
1651926339680 0.05352745595537126 0
1651926348383 0.05611126551512279 0
1651926356922 0.06674480272084475 0
1651926365788 0.043004973168671135 0
1651926374428 0.06592305025160312 0
1651926383122 0.052415875285491347 0
1651926391783 0.07087649506963789 0
1651926400713 0.05626139624873176 0
1651926409562 0.04834260979294777 0
1651926418201 0.05786850587129593 0
1651926426925 0.08458474331870675 0
1651926435421 0.03679941651076078 0
1651926444220 0.08793111312212422 0
1651926453059 0.06168262326084077 0
1651926466940 0.7909996643543243 0
1651926476410 0.49537194772958754 0
1651926485763 0.40911203858852385 0
1651926495069 0.3460025471687317 0
1651926504529 0.3101392562866211 0
1651926514143 0.2927499599695206 0
1651926523642 0.22558795785903932 0
1651926533096 0.2591563507281244 0
1651926542242 0.1625830657482147 0
1651926551875 0.18846602772474289 0
1651926561132 0.14789644495546816 0
1651926570697 0.14546013188958168 0
1651926580062 0.10798614321053028 0
1651926589526 0.09171554152965546 0
1651926598845 0.14632555326223373 0
1651926608767 0.0868309769898653 0
1651926618597 0.07834982361197472 0
1651926628323 0.069459434902668 0
1651926637779 0.12650084582567214 0
1651926647284 0.10395026415586471 0
1651926656912 0.06223458659648895 0
1651926666433 0.09699634605175815 0
1651926675783 0.11744055595993996 0
1651926685210 0.06774766657603905 0
1651926694566 0.051264549806714056 0
1651926704169 0.041608619213849306 0
1651926713787 0.04069016829319298 0
1651926723301 0.0432578933306504 0
1651926732913 0.04305545321594691 0
1651926742551 0.037146083667874336 0
1651926752094 0.037179956139996646 0
1651926761652 0.061670441897865386 0
1651926771215 0.06417163633853197 0
1651926780681 0.033450330529361964 0
1651926790216 0.10855121545866132 0
1651926799823 0.055250214304588735 0
1651926809346 0.062361662954092026 0
1651926818838 0.06181991680469364 0
1651926828624 0.03676550467414781 0
1651926838224 0.03620269375741482 0
1651926847928 0.025746798596158624 0
1651926857433 0.025915053301671286 0
1651926866856 0.02859784237681888 0
1651926876193 0.03093580778276082 0
1651926885636 0.03721259862486622 0
1651926895335 0.03251738454699516 0
1651926904952 0.043496634024381635 0
1651926914649 0.040637544210255144 0
1651926924127 0.0406362904407084 0
1651926933526 0.03215226418785751 0
1651926949550 1.1474587739944457 0
1651926959831 0.7931174903869629 0
1651926970057 0.6712841581344604 0
1651926980184 0.6025385571479798 0
1651926990469 0.522638686466217 0
1651927000520 0.4474380286693573 0
1651927010816 0.3746841248512268 0
1651927020908 0.38121438574790956 0
1651927031068 0.28602441766262054 0
1651927041415 0.2293375465631485 0
1651927051564 0.22236698561906815 0
1651927061915 0.1797963282585144 0
1651927072482 0.20829517755508423 0
1651927082699 0.18207200273647905 0
1651927092832 0.12351915832459927 0
1651927103113 0.10248487231731415 0
1651927113507 0.11094118443727494 0
1651927123774 0.1008824792444706 0
1651927134047 0.10084921189546585 0
1651927144486 0.09597642056941987 0
1651927154674 0.1822119296900928 0
1651927164800 0.07206917989253998 0
1651927175060 0.1297013644568622 0
1651927185441 0.09675369933247566 0
1651927195746 0.060470451918244364 0
1651927206102 0.05681068194210529 0
1651927216315 0.05745195580124855 0
1651927226613 0.055182279048860076 0
1651927237008 0.08369301106045023 0
1651927247115 0.048173321503400805 0
1651927257388 0.0349821015949361 0
1651927267464 0.06046974968612194 0
1651927277796 0.07067784932628274 0
1651927288179 0.0841191243648529 0
1651927298280 0.06314833253212274 0
1651927308723 0.060826642348617316 0
1651927319121 0.04568122812472284 0
1651927329537 0.023404631701111792 0
1651927339862 0.0562408592261374 0
1651927350454 0.07953748220205308 0
1651927360619 0.04621376742273569 0
1651927370731 0.0577537320330739 0
1651927380978 0.08429074192158878 0
1651927391087 0.0502469688244164 0
1651927401331 0.049392690765485164 0
1651927411427 0.03480563984587789 0
1651927421774 0.04563506514132023 0
1651927431978 0.048667663373053074 0
1651927442263 0.08705673693269492 0
1651927452583 0.050403173461556434 0
1651927470237 1.186949373817444 0
1651927481231 0.7600344295501709 0
1651927492325 0.6102758926391602 0
1651927503422 0.5220191140174866 0
1651927514831 0.45477178382873534 0
1651927526372 0.45109152505993844 0
1651927537937 0.3350522177696228 0
1651927549290 0.2926481647491455 0
1651927560713 0.23071902018785476 0
1651927571632 0.2121243026793003 0
1651927582462 0.16748801312446593 0
1651927593402 0.1564884036421776 0
1651927604125 0.13801907252818346 0
1651927615044 0.11753981141522526 0
1651927625935 0.13596431130170822 0
1651927636792 0.15171964037418365 0
1651927647835 0.11614223359823227 0
1651927658781 0.1360789282441139 0
1651927669605 0.10756712878644466 0
1651927680720 0.08420761612653732 0
1651927691721 0.06948304753201083 0
1651927702910 0.06194119030460715 0
1651927713876 0.06765089530311524 0
1651927724773 0.07040196750899777 0
1651927735798 0.0715822478024289 0
1651927746863 0.08281240428686142 0
1651927757655 0.06678111778236925 0
1651927768602 0.05708096304833889 0
1651927779613 0.05900727885812521 0
1651927790363 0.145938488394022 0
1651927801355 0.07177362784445286 0
1651927812317 0.05276227305862121 0
1651927823036 0.05156144886240363 0
1651927834124 0.05197622337676585 0
1651927845128 0.03406907691350207 0
1651927855936 0.06224843556284904 0
1651927866928 0.038227299398556354 0
1651927877815 0.06054987481534481 0
1651927888755 0.043125987838208674 0
1651927899879 0.0413982283750549 0
1651927910901 0.03285256348848343 0
1651927921824 0.0441061729028821 0
1651927932977 0.044958371040970085 0
1651927943913 0.04758880599439144 0
1651927954899 0.04799380760490894 0
1651927965844 0.056606512363627556 0
1651927976973 0.05732420991919935 0
1651927987754 0.040798930576443675 0
1651927998716 0.031732771814614535 0
1651928009950 0.03193900308534503 0
1651928030126 0.7729283313751221 0
1651928041886 0.48971429401636124 0
1651928053799 0.4109657132148743 0
1651928065638 0.33024006719589233 0
1651928077556 0.27085432057380676 0
1651928089277 0.2411838854253292 0
1651928100931 0.1659068476676941 0
1651928112547 0.16213936078548433 0
1651928124118 0.1518326056919992 0
1651928135682 0.1375702655941248 0
1651928147459 0.11883199568986892 0
1651928159072 0.09285407274216413 0
1651928170905 0.07950999808311462 0
1651928182637 0.11392703989222645 0
1651928194309 0.0801023818910122 0
1651928205866 0.09264792227223516 0
1651928217660 0.04582268632203341 0
1651928229312 0.04295318556735292 0
1651928240855 0.06953527724146844 0
1651928252424 0.0383047323923558 0
1651928264106 0.07657470629513263 0
1651928275759 0.08727257262766361 0
1651928287484 0.05504327248632908 0
1651928299176 0.15820769747346639 0
1651928310881 0.0604741041213274 0
1651928322562 0.05145877102315426 0
1651928334176 0.0567008765142411 0
1651928346046 0.024447203723341228 0
1651928357706 0.10372881480269135 0
1651928369430 0.03955168726323172 0
1651928381156 0.030861341001285472 0
1651928392844 0.02490845064064488 0
1651928404489 0.022059188794856893 0
1651928416346 0.02152154377596453 0
1651928428486 0.023126292069046758 0
1651928440642 0.02311943026664667 0
1651928452508 0.023866394078545274 0
1651928464484 0.042192576393485066 0
1651928476390 0.03881626271232962 0
1651928488028 0.039529729368537665 0
1651928499763 0.0389973308917135 0
1651928511433 0.03259025543183088 0
1651928523139 0.05354763183382456 0
1651928534960 0.04478615810610354 0
1651928546675 0.026227528384083418 0
1651928558426 0.0296827272195369 0
1651928570162 0.01443933267556131 0
1651928581700 0.0275563930651173 0
1651928593510 0.0298869998205304 0
1651928605401 0.025428235571458936 0
1651928627592 0.952762553024292 0
1651928639957 0.5922148024320603 0
1651928652353 0.44589992980957033 0
1651928664773 0.40009075865745547 0
1651928677134 0.32515681304931643 0
1651928689552 0.2606544203400612 0
1651928701976 0.24445934327840804 0
1651928714552 0.20737640746831895 0
1651928726837 0.1756750408768654 0
1651928739305 0.13371539136469365 0
1651928751613 0.11939883196651936 0
1651928764274 0.11344939807653427 0
1651928776639 0.11320693055391312 0
1651928788854 0.09904908726271242 0
1651928801253 0.0816837500333786 0
1651928813573 0.0730146137109492 0
1651928825942 0.056444814005494115 0
1651928838552 0.13857118793539702 0
1651928850800 0.09396553202569485 0
1651928863110 0.08033098106086255 0
1651928875238 0.05511436773091555 0
1651928887611 0.07278042012751103 0
1651928899797 0.0565127095490694 0
1651928911871 0.05293940133290889 0
1651928924066 0.04746285706162453 0
1651928936577 0.0880528404943645 0
1651928948853 0.04736799760239083 0
1651928961172 0.060183326096087696 0
1651928973639 0.051262604822730644 0
1651928986278 0.05294654655067716 0
1651928998688 0.03942102512046695 0
1651929011032 0.03937110634292476 0
1651929023632 0.029454320305469447 0
1651929036195 0.03410144210709259 0
1651929048685 0.045707043774425984 0
1651929061302 0.035582126430340574 0
1651929073801 0.02728660983145237 0
1651929086095 0.0841543681461364 0
1651929098549 0.06841688122451306 0
1651929110987 0.03920974197136238 0
1651929123256 0.03059854558482766 0
1651929135593 0.04141175265349448 0
1651929147962 0.0340411209269485 0
1651929160542 0.039446372711798176 0
1651929172890 0.028005376601591705 0
1651929185059 0.03470773939564824 0
1651929197355 0.02325339907980524 0
1651929209548 0.030752188945934178 0
1651929221878 0.032090401726402346 0
1651929233990 0.024724627283890733 0
1651929258861 1.3924996541976928 0
1651929271910 1.0091814951896667 0
1651929284775 0.8815627862930298 0
1651929297773 0.7473589186668396 0
1651929310902 0.6821817999839783 0
1651929323812 0.5442994108200073 0
1651929337157 0.4900722047805786 0
1651929350601 0.4403873165130615 0
1651929364074 0.3393203308224678 0
1651929377571 0.34072447719573973 0
1651929390861 0.2825190463542938 0
1651929404063 0.2342994614839554 0
1651929416984 0.19982449724078177 0
1651929429874 0.22337022555172442 0
1651929443045 0.21158667411208154 0
1651929456354 0.13013393881320953 0
1651929469420 0.24283324744701384 0
1651929482611 0.12905260855555534 0
1651929495738 0.12515434466153383 0
1651929508849 0.11227274028360844 0
1651929522141 0.08364124380350113 0
1651929535459 0.11588648360967636 0
1651929548761 0.10312907980158925 0
1651929561956 0.08023949646055699 0
1651929574870 0.09088060746632982 0
1651929587858 0.0785260457932949 0
1651929601106 0.08388268113434315 0
1651929614045 0.15836549327373506 0
1651929627218 0.13559692625887693 0
1651929640294 0.06019497017897665 0
1651929653529 0.08063265546076 0
1651929666445 0.0689111591078341 0
1651929679555 0.05678272859882563 0
1651929692809 0.08810166907310486 0
1651929705672 0.09611713771522046 0
1651929718769 0.040300724978744984 0
1651929732173 0.07023232488036156 0
1651929745408 0.0718066893041134 0
1651929758646 0.045714494398143145 0
1651929771991 0.03603907836601138 0
1651929784981 0.04087250378010795 0
1651929798107 0.05172539284490049 0
1651929811250 0.05368933030688204 0
1651929824491 0.04777374860495329 0
1651929837739 0.05616634366214275 0
1651929851103 0.16634394310712813 0
1651929864256 0.11818450300693512 0
1651929877482 0.071026630833745 0
1651929890506 0.04803770773969591 0
1651929903727 0.09224847580343484 0
1651929930998 1.1357475522994995 0
1651929944846 0.7332757753372192 0
1651929958803 0.6239229676485062 0
1651929972783 0.5557937238693237 0
1651929986859 0.5063317985534668 0
1651930000675 0.43909873275756833 0
1651930014477 0.3339604943752289 0
1651930028485 0.31231805753707886 0
1651930042395 0.26290078752040863 0
1651930056145 0.24677210302352906 0
1651930070098 0.2453854160308838 0
1651930084158 0.17495186319351197 0
1651930098088 0.17851569104194642 0
1651930111934 0.17064797368049622 0
1651930125849 0.17106482310295104 0
1651930139862 0.11909367680549622 0
1651930153583 0.09532606768608093 0
1651930167614 0.0967753458391875 0
1651930181276 0.0974848107217811 0
1651930195194 0.07693331126570702 0
1651930209249 0.09310070930719376 0
1651930223151 0.17522621175237 0
1651930237380 0.07591163917593657 0
1651930251590 0.07609752283021808 0
1651930265868 0.06475913002192975 0
1651930280240 0.07673549655079842 0
1651930294623 0.0609508695602417 0
1651930308900 0.06128559690406546 0
1651930323167 0.05173872452452779 0
1651930337599 0.048018623879551886 0
1651930351874 0.06846613884121179 0
1651930366136 0.03731099985316396 0
1651930380040 0.047879344310611485 0
1651930393940 0.09712497343607247 0
1651930407871 0.061428700920939446 0
1651930421685 0.056807989235129204 0
1651930435526 0.07585655767396092 0
1651930449266 0.05809432450635359 0
1651930463241 0.03668608719222247 0
1651930476958 0.03751662097092485 0
1651930491160 0.025979319146298804 0
1651930504884 0.045865061514824626 0
1651930518674 0.19127147122733296 0
1651930532805 0.08141235040873289 0
1651930546658 0.05715891834199428 0
1651930560534 0.04697778882496059 0
1651930574393 0.053837529546394945 0
1651930588299 0.04947020075302571 0
1651930602294 0.037877966526150705 0
1651930616156 0.031244131836108864 0
1651930646331 1.148960039138794 0
1651930661021 0.8369195775985718 0
1651930675627 0.6661883968353272 0
1651930690104 0.5769140791893005 0
1651930704621 0.5276167792320251 0
1651930719132 0.4803090721130371 0
1651930733786 0.41819215404987337 0
1651930748537 0.33384905900955203 0
1651930763048 0.33969749616384504 0
1651930777609 0.26449122899174693 0
1651930792081 0.21080482370257378 0
1651930806517 0.1873203423023224 0
1651930821038 0.21466676046848296 0
1651930835549 0.1713184252820909 0
1651930850077 0.1433613280517049 0
1651930864844 0.13623584972918035 0
1651930879649 0.14099080819487572 0
1651930894371 0.11627741705477238 0
1651930909102 0.10114784206151962 0
1651930923845 0.14073911499977113 0
1651930938348 0.10787024405896664 0
1651930953008 0.08608785628676414 0
1651930967715 0.1335078892081976 0
1651930982283 0.08983506482541562 0
1651930996759 0.0659418596804142 0
1651931011441 0.06214575383961201 0
1651931026042 0.054124588504433635 0
1651931040673 0.06291267944932916 0
1651931055060 0.06546385264992714 0
1651931069733 0.05125499209016562 0
1651931084349 0.050749765133857726 0
1651931099149 0.07228425599634647 0
1651931113912 0.08897283260347322 0
1651931128385 0.06632605802863836 0
1651931142867 0.14697306563854218 0
1651931157527 0.08613926155790687 0
1651931172202 0.046320050223637374 0
1651931186780 0.04015109119266272 0
1651931201402 0.0651904997318983 0
1651931215977 0.029362582087819465 0
1651931230754 0.04182050682583358 0
1651931245301 0.04497656171005219 0
1651931259913 0.043642525324225426 0
1651931274565 0.03783158205766231 0
1651931289276 0.02664347102716565 0
1651931304033 0.14687469188570976 0
1651931318593 0.06428547714352607 0
1651931333052 0.12647960099042393 0
1651931347752 0.04821711504980922 0
1651931362408 0.03636192099563777 0
1651931395321 0.9156936734199524 0
1651931410612 0.5740519313812256 0
1651931425796 0.4600410921573639 0
1651931441236 0.4135536234378815 0
1651931456776 0.31898352587223056 0
1651931472029 0.25534675650596617 0
1651931487352 0.22775850409269333 0
1651931502726 0.19810509686470032 0
1651931518036 0.16822505252361297 0
1651931533183 0.16004697193611647 0
1651931548524 0.15772401295900346 0
1651931563987 0.10058105285167694 0
1651931579284 0.14180443351715802 0
1651931594703 0.09834511775262654 0
1651931610134 0.09049709802269935 0
1651931625285 0.07345263383090496 0
1651931640847 0.07119904426336289 0
1651931656203 0.04863391686826944 0
1651931671522 0.07706307229995728 0
1651931687046 0.07593291102051734 0
1651931702546 0.0733966059178114 0
1651931718128 0.054619765713764354 0
1651931733598 0.08123647142648698 0
1651931748953 0.07545479467380792 0
1651931764568 0.05880214402526617 0
1651931779858 0.04188299227878451 0
1651931794987 0.039620617359317836 0
1651931810328 0.02626826918134466 0
1651931825708 0.02165452041104436 0
1651931841116 0.048601969087077306 0
1651931856597 0.03884191899523139 0
1651931871868 0.03081314934492111 0
1651931887263 0.02213559215143323 0
1651931902556 0.028808024192787707 0
1651931917867 0.053730968834087255 0
1651931933160 0.05768319270834327 0
1651931948382 0.042716270609200004 0
1651931963950 0.053279990837723015 0
1651931979486 0.02581326342970133 0
1651931995123 0.0228325242433697 0
1651932010293 0.0351083542726934 0
1651932025735 0.044138401713967323 0
1651932040934 0.06660420501157642 0
1651932056451 0.03808750952207483 0
1651932071793 0.04138978789385874 0
1651932087135 0.03471557198762894 0
1651932102576 0.029318228451907635 0
1651932118117 0.022201682780461852 0
1651932133550 0.028800670887232992 0
1651932149102 0.023831987171433866 0
1651932184953 1.0376150596618652 0
1651932201027 0.7164003595352173 0
1651932216908 0.6217423118591309 0
1651932233136 0.4735307426571846 0
1651932249385 0.402681840467453 0
1651932265605 0.3292334972381592 0
1651932281769 0.2867979295015335 0
1651932298078 0.2975900520324707 0
1651932314281 0.28233502025604246 0
1651932330232 0.19810657458305359 0
1651932346543 0.16812557052075863 0
1651932362847 0.14715853284597397 0
1651932378881 0.16614565443396567 0
1651932394834 0.1407092675089836 0
1651932410792 0.08700154995918274 0
1651932426850 0.1008575484752655 0
1651932442765 0.11135954711586236 0
1651932459055 0.10471131299138069 0
1651932475224 0.0564552898642607 0
1651932491358 0.059439864640589805 0
1651932507328 0.07330032687410712 0
1651932523384 0.05466393532790244 0
1651932539345 0.09066705009760335 0
1651932555490 0.07490008218884468 0
1651932571552 0.07859724989853567 0
1651932587564 0.07577264612317085 0
1651932603496 0.06949036899022758 0
1651932619720 0.06784636419354938 0
1651932635833 0.050911340162344276 0
1651932651992 0.06773953127190471 0
1651932667790 0.04911398752965033 0
1651932684069 0.04749450118392706 0
1651932699974 0.030101894041337073 0
1651932715974 0.049947377002239224 0
1651932732323 0.06557371903446037 0
1651932748307 0.032308031665487215 0
1651932764436 0.06154700487181544 0
1651932780555 0.04372445313613862 0
1651932796409 0.043976423881947994 0
1651932812418 0.04116741117124911 0
1651932828354 0.02388329775929451 0
1651932844376 0.04201348126027733 0
1651932860159 0.04653428877517581 0
1651932876136 0.055295074736699465 0
1651932892050 0.03598978356868029 0
1651932908132 0.03978814068883658 0
1651932924421 0.029962802367657422 0
1651932940352 0.04775047214232618 0
1651932956567 0.03941173608492827 0
1651932973173 0.03522632617838681 0
1651933013297 0.9762947020053864 0
1651933030622 0.648484434223175 0
1651933048178 0.5256400328159332 0
1651933065377 0.4661294356107712 0
1651933082348 0.4073487949371338 0
1651933099530 0.35457250344753266 0
1651933116378 0.27651482148319484 0
1651933133248 0.2045759801030159 0
1651933150064 0.22642205505371094 0
1651933166643 0.22189770327806474 0
1651933183436 0.19142132892608643 0
1651933200245 0.16739364255964756 0
1651933217067 0.11433444650173187 0
1651933233943 0.09205594512224198 0
1651933250889 0.11474465664625168 0
1651933268019 0.10520998408794403 0
1651933285017 0.11440175092816353 0
1651933301884 0.09031201842660085 0
1651933318668 0.06259372723847628 0
1651933335320 0.057000665277987715 0
1651933352188 0.06005783985257149 0
1651933368962 0.07056868441700935 0
1651933385912 0.05742266558771953 0
1651933402755 0.0609575688123703 0
1651933419717 0.11340266343802213 0
1651933436716 0.06050740225315094 0
1651933453491 0.07038830897659064 0
1651933470039 0.027652883944753556 0
1651933486735 0.025342804058641196 0
1651933503636 0.04680993571318686 0
1651933520479 0.04893165903836489 0
1651933537573 0.11998570592529141 0
1651933554326 0.03868084707222879 0
1651933571312 0.04090350467935205 0
1651933588177 0.05656785597833805 0
1651933604812 0.056713194495067 0
1651933621787 0.035633980069682 0
1651933638795 0.037192871722579 0
1651933655700 0.025832769335433842 0
1651933672534 0.12185613390952349 0
1651933689530 0.08639112264141441 0
1651933706440 0.0422854554772377 0
1651933723444 0.05614490136259701 0
1651933740273 0.043923261252697555 0
1651933757201 0.039407502059359105 0
1651933774027 0.028949487960897385 0
1651933791097 0.023547691156715154 0
1651933807890 0.07940955448299647 0
1651933824849 0.031527521016448734 0
1651933841664 0.014751800257142168 0
1651933884322 0.7445257852554321 0
1651933901798 0.3711207292556763 0
1651933919408 0.3147091561317444 0
1651933936956 0.23459579949378967 0
1651933954451 0.188453792719543 0
1651933972097 0.13206200187206268 0
1651933989416 0.12825438118670135 0
1651934006681 0.1109706122726202 0
1651934024574 0.0856528560015373 0
1651934042108 0.11169395338892937 0
1651934059812 0.07525185972005129 0
1651934077277 0.041636059312522414 0
1651934094969 0.0515798420548439 0
1651934112529 0.04244522461579181 0
1651934130044 0.05503206059485674 0
1651934147613 0.05420646670013666 0
1651934165224 0.05848403135836124 0
1651934182668 0.03770207324102521 0
1651934200403 0.06692835181937554 0
1651934218116 0.03578575799521059 0
1651934235619 0.02210305780097842 0
1651934253053 0.020338915611989795 0
1651934270659 0.027167110883817076 0
1651934288136 0.026728605592367238 0
1651934305712 0.06921056957393884 0
1651934323285 0.023512638788390904 0
1651934340827 0.04689957165264059 0
1651934358348 0.021729478146880865 0
1651934376256 0.03460455838833004 0
1651934393822 0.03680386574449949 0
1651934411367 0.024240822384506464 0
1651934428985 0.020942544707469642 0
1651934446691 0.021090495369583368 0
1651934464019 0.020810268606082535 0
1651934481641 0.019154101863130928 0
1651934499096 0.022232622486312175 0
1651934516596 0.019221572301816196 0
1651934534356 0.01240198102230206 0
1651934551908 0.015080940543673933 0
1651934569246 0.05012994323950261 0
1651934587024 0.05167587697724812 0
1651934604520 0.024374978254921735 0
1651934621960 0.04825787999163149 0
1651934639650 0.021282504465151578 0
1651934657239 0.021392495135281932 0
1651934674815 0.008354159811325371 0
1651934692326 0.008238887335296022 0
1651934709831 0.03230414181241649 0
1651934727375 0.021473252024425894 0
1651934744969 0.0479776600189427 0
1651934791116 1.1834925384521484 0
1651934809434 0.8157312187194824 0
1651934827838 0.6837666807174683 0
1651934846074 0.6347953824043274 0
1651934864249 0.49623445444107056 0
1651934882627 0.46485815576314926 0
1651934900944 0.36756204233169554 0
1651934919273 0.37167399311065674 0
1651934937331 0.3028308713912964 0
1651934955377 0.30912100532054904 0
1651934973653 0.2098933330528438 0
1651934991951 0.15924504168033599 0
1651935010271 0.16223216194063425 0
1651935028431 0.15295295560359956 0
1651935046642 0.17877033803462983 0
1651935064993 0.17324477853775025 0
1651935083252 0.16165815823078156 0
1651935101748 0.09408922054953874 0
1651935120005 0.09490816324716433 0
1651935138397 0.0535477568351198 0
1651935156623 0.06069784862846136 0
1651935174932 0.07143910287022591 0
1651935193110 0.0662925331413746 0
1651935211355 0.09771323614502325 0
1651935229759 0.10876289112605154 0
1651935248223 0.08411389868259429 0
1651935266436 0.06838657946288586 0
1651935284779 0.07585887933056802 0
1651935303119 0.076034954790771 0
1651935321280 0.0706387515898794 0
1651935339581 0.04169547866433859 0
1651935358204 0.05204772529164329 0
1651935376574 0.045266563150286675 0
1651935394885 0.04147788434964605 0
1651935413237 0.03483478521630168 0
1651935431812 0.11414969414900988 0
1651935450313 0.04833176892399788 0
1651935468717 0.07663690799474716 0
1651935487208 0.07912079693377018 0
1651935505717 0.06309392777979374 0
1651935524319 0.03387994481083006 0
1651935542713 0.026988501435518265 0
1651935561112 0.04313806482106447 0
1651935579659 0.031137402466032655 0
1651935598106 0.051463474193960426 0
1651935616382 0.035924795591094884 0
1651935635042 0.037979378274909686 0
1651935653433 0.04564227670347318 0
1651935672169 0.035683904957026245 0
1651935690951 0.09931846115440131 0
