1654792572040 0.318868804717431 0
1654792585659 0.025028804940154817 0
1654792599419 0.006435576100920496 0
1654792613068 0.007146519496151601 0
1654792627009 0.004976219610100902 0
1654792648370 0.11089373026554517 0
1654792665559 0.008073350493694975 0
1654792682404 0.01016045181910658 0
1654792699542 0.0044929417772504214 0
1654792716757 0.0004864450513225432 0
1654792742587 0.2429272852889541 0
1654792760066 0.0478244906239638 0
1654792777501 0.022066716848922974 0
1654792794933 0.01056140496175799 0
1654792812194 0.0027483166666492378 0
1654792841884 0.18780462209077453 0
1654792859466 0.014649654543901668 0
1654792876907 0.004201912967944454 0
1654792894532 0.0027528360596119593 0
1654792911761 0.008930770859478358 0
1654792945774 0.15668361938570213 0
1654792963061 0.0200230083041873 0
1654792980410 0.008723085910890696 0
1654792997855 0.006036019227147978 0
1654793015654 0.006867771129338717 0
1654793053997 0.10890330268978521 0
1654793071715 0.00977299821555892 0
1654793089133 0.005943491360718749 0
1654793106948 0.002686253890018334 0
1654793124545 0.0060093171505400216 0
1654793167440 0.3052971555054148 0
1654793185134 0.06274020363496714 0
1654793203091 0.017050769125843822 0
1654793220600 0.016611645224091174 0
1654793238091 0.007320913985453421 0
1654793286119 0.26193986869146746 0
1654793303891 0.05289959595692277 0
1654793321053 0.020422566738712646 0
1654793338276 0.007060648198095504 0
1654793355808 0.014869402596341062 0
1654793406774 0.12583242301919084 0
1654793424192 0.013491908644420021 0
1654793441512 0.012575174283087371 0
1654793459014 0.007503933610428149 0
1654793476208 0.0013196185210422367 0
1654793531681 0.2158687702284977 0
1654793549301 0.03272473713967359 0
1654793566892 0.00565148511141818 0
1654793584369 0.005560472884526269 0
1654793601663 0.005190013296295046 0
