1651737561098 1.3382896125793458 0
1651737563972 0.8171154434204102 0
1651737566855 0.546739093208313 0
1651737569940 0.3884965590238571 0
1651737572876 0.2913465534210205 0
1651737579169 1.4011730113983154 0
1651737582374 1.0551938654899597 0
1651737585710 0.84020927028656 0
1651737589058 0.7008573574066163 0
1651737592399 0.5677673265457154 0
1651737599167 1.51221771774292 0
1651737602702 1.1685825932502747 0
1651737606114 0.9190000603675842 0
1651737609760 0.7735594338178635 0
1651737613261 0.6554344828605652 0
1651737620285 1.3350689594268799 0
1651737624201 0.7602874063491821 0
1651737628277 0.5692219388008117 0
1651737632241 0.49239217052459716 0
1651737636092 0.4249655345678329 0
1651737643627 1.624439059638977 0
1651737647734 1.337108883857727 0
1651737651804 1.098896008491516 0
1651737655857 0.9702727394104004 0
1651737660138 0.8645091329574585 0
