1644414718617 1.6040862895965575 0
1644414720277 1.493144389152527 0
1644414721968 1.405774015045166 0
1644414723647 1.326539780807495 0
1644414725306 1.240506764602661 0
1644414727013 1.1557422441482543 0
1644414728686 1.0757374977111815 0
1644414730339 0.9894100105285645 0
1644414732044 0.921472153377533 0
1644414733699 0.8374977373123169 0
1644414735357 0.7782096810340882 0
1644414737010 0.7275860158920288 0
1644414738655 0.665816365814209 0
1644414740357 0.612722986125946 0
1644414741993 0.56908300075531 0
1644414743706 0.5198603496551514 0
1644414745381 0.4789233641624451 0
1644414747075 0.4492064596652985 0
1644414748817 0.41048659801483156 0
1644414750470 0.37659329304695127 0
1644414752743 1.547212239074707 0
1644414754741 1.2666010492324828 0
1644414756745 1.073893235206604 0
1644414758747 0.9372440361022949 0
1644414760796 0.8225735609054565 0
1644414762824 0.7247819716453552 0
1644414764861 0.6307092541694641 0
1644414766888 0.5569074463844299 0
1644414768913 0.49626444749832155 0
1644414770941 0.4367607915878296 0
1644414772971 0.39226270718574524 0
1644414775029 0.35463810982704164 0
1644414777075 0.3180392029762268 0
1644414779117 0.28287022767066955 0
1644414781159 0.251610966873169 0
1644414783170 0.23503376712799073 0
1644414785192 0.20529072370529175 0
1644414787204 0.1895830323934555 0
1644414789233 0.17627172310352326 0
1644414791277 0.15724024991989136 0
1644414793748 1.5067547874450684 0
1644414795814 1.209366051673889 0
1644414797834 1.0383515315055847 0
1644414799848 0.909834953212738 0
1644414801897 0.7933550301551819 0
1644414803910 0.6915587041854858 0
1644414805913 0.5984240344047547 0
1644414807943 0.5286644059181214 0
1644414809944 0.45667267508506776 0
1644414811989 0.399488415145874 0
1644414814013 0.3529467601299286 0
1644414816098 0.3072355453491211 0
1644414818148 0.26838210716247557 0
1644414820126 0.23852029531002045 0
1644414822163 0.21098224396705628 0
1644414824209 0.18926528701782228 0
1644414826251 0.16772940540313722 0
1644414828340 0.14946279240846633 0
1644414830402 0.13390948510169984 0
1644414832428 0.12038943314552307 0
