1651847944923 0.528 0
1651847948681 0.6952 0
1651847952749 0.7668 0
1651847956457 0.802 0
1651847960200 0.8088 0
1651847964003 0.8612 0
1651847967653 0.8192 0
1651847971326 0.8796 0
1651847975022 0.8864 0
1651847978613 0.9276 0
1651847982152 0.9 0
1651847985790 0.926 0
1651847989440 0.9336 0
1651847993215 0.9324 0
1651847997107 0.9408 0
1651848001051 0.9408 0
1651848004768 0.9516 0
1651848008567 0.9344 0
1651848012305 0.95 0
1651848016014 0.9608 0
1651848019676 0.954 0
1651848023271 0.9592 0
1651848027118 0.9556 0
1651848030859 0.9612 0
1651848034480 0.9784 0
1651848038167 0.9776 0
1651848041639 0.9748 0
1651848045313 0.9616 0
1651848048990 0.966 0
1651848052523 0.9816 0
1651848056139 0.9744 0
1651848059603 0.9708 0
1651848063295 0.9644 0
1651848066875 0.978 0
1651848070640 0.9452 0
1651848074197 0.9836 0
1651848078024 0.988 0
1651848081694 0.9904 0
1651848085354 0.982 0
1651848089029 0.986 0
1651848092712 0.9152 0
1651848096551 0.9716 0
1651848100083 0.9824 0
1651848103627 0.9904 0
1651848107345 0.9928 0
1651848111042 0.986 0
1651848114564 0.978 0
1651848118201 0.9844 0
1651848121875 0.9916 0
1651848125490 0.9804 0
1651848131144 0.4756 0
1651848136500 0.6148 0
1651848141962 0.68 0
1651848147527 0.7084 0
1651848152971 0.8008 0
1651848158394 0.8344 0
1651848163833 0.8544 0
1651848169213 0.8848 0
1651848174581 0.9088 0
1651848179876 0.8964 0
1651848185385 0.904 0
1651848190847 0.922 0
1651848196205 0.9332 0
1651848201561 0.9416 0
1651848206970 0.9304 0
1651848212362 0.968 0
1651848217752 0.938 0
1651848223331 0.966 0
1651848228712 0.9624 0
1651848234216 0.9752 0
1651848239494 0.9692 0
1651848244844 0.9608 0
1651848250227 0.9516 0
1651848255547 0.9716 0
1651848260939 0.9724 0
1651848266293 0.9688 0
1651848271603 0.9408 0
1651848276875 0.9728 0
1651848282279 0.9704 0
1651848287627 0.9784 0
1651848292995 0.98 0
1651848298306 0.9724 0
1651848303575 0.99 0
1651848308896 0.9788 0
1651848314298 0.9772 0
1651848319557 0.9788 0
1651848324950 0.9796 0
1651848330147 0.9744 0
1651848335434 0.9796 0
1651848340735 0.9876 0
1651848346170 0.9848 0
1651848351404 0.9744 0
1651848356772 0.9708 0
1651848362195 0.982 0
1651848367601 0.9788 0
1651848373193 0.986 0
1651848378559 0.9828 0
1651848384046 0.9872 0
1651848389460 0.99 0
1651848394862 0.9856 0
1651848401547 0.4936 0
1651848407462 0.642 0
1651848413440 0.722 0
1651848419502 0.7608 0
1651848425617 0.7944 0
1651848431739 0.8296 0
1651848437641 0.8708 0
1651848443682 0.8812 0
1651848449894 0.8764 0
1651848455893 0.8972 0
1651848461886 0.9228 0
1651848468182 0.9356 0
1651848474311 0.9196 0
1651848480150 0.9388 0
1651848486185 0.944 0
1651848492366 0.9596 0
1651848498532 0.96 0
1651848504575 0.9604 0
1651848510566 0.9528 0
1651848516617 0.9536 0
1651848522418 0.9672 0
1651848528504 0.9636 0
1651848534622 0.9644 0
1651848540607 0.9636 0
1651848546626 0.9688 0
1651848552572 0.9828 0
1651848558530 0.9648 0
1651848564518 0.9688 0
1651848570401 0.9724 0
1651848576368 0.9716 0
1651848582358 0.9832 0
1651848588428 0.982 0
1651848594226 0.9644 0
1651848600198 0.9764 0
1651848605960 0.9788 0
1651848611842 0.9724 0
1651848617749 0.9816 0
1651848623701 0.9508 0
1651848629750 0.9724 0
1651848635876 0.976 0
1651848641932 0.9804 0
1651848647922 0.9904 0
1651848653870 0.9928 0
1651848659952 0.9904 0
1651848665865 0.9888 0
1651848671787 0.972 0
1651848677560 0.978 0
1651848683596 0.9876 0
1651848689540 0.9876 0
1651848695574 0.9892 0
1651848703406 0.6928 0
1651848710121 0.8304 0
1651848716832 0.8804 0
1651848723595 0.9128 0
1651848730274 0.9144 0
1651848737029 0.9336 0
1651848743707 0.95 0
1651848750388 0.9412 0
1651848757127 0.948 0
1651848763885 0.9692 0
1651848770538 0.972 0
1651848777406 0.9816 0
1651848783990 0.974 0
1651848790775 0.9728 0
1651848797581 0.976 0
1651848804293 0.9516 0
1651848810933 0.9724 0
1651848817765 0.9808 0
1651848824664 0.988 0
1651848831390 0.988 0
1651848838132 0.974 0
1651848844867 0.9816 0
1651848851621 0.9776 0
1651848858503 0.9864 0
1651848865164 0.9868 0
1651848871983 0.98 0
1651848878705 0.988 0
1651848885396 0.9908 0
1651848892186 0.9868 0
1651848899106 0.9824 0
1651848905858 0.9852 0
1651848912810 0.9756 0
1651848919584 0.9812 0
1651848926496 0.9904 0
1651848933326 0.9944 0
1651848940254 0.9872 0
1651848947077 0.9896 0
1651848953946 0.986 0
1651848960861 0.9724 0
1651848967782 0.9796 0
1651848974782 0.9884 0
1651848981816 0.9948 0
1651848988780 0.994 0
1651848995673 0.9912 0
1651849002523 0.9948 0
1651849009298 0.9952 0
1651849016039 0.9916 0
1651849022806 0.9884 0
1651849029496 0.9892 0
1651849036114 0.9972 0
1651849045255 0.4564 0
1651849052708 0.62 0
1651849059989 0.6956 0
1651849067637 0.7372 0
1651849075069 0.7792 0
1651849082521 0.8232 0
1651849090108 0.8436 0
1651849097651 0.8464 0
1651849105158 0.8736 0
1651849112719 0.9084 0
1651849120125 0.9104 0
1651849127494 0.9236 0
1651849135106 0.926 0
1651849142363 0.9412 0
1651849149812 0.9468 0
1651849157329 0.94 0
1651849164728 0.9444 0
1651849172273 0.9576 0
1651849180078 0.9568 0
1651849187712 0.9468 0
1651849195269 0.9508 0
1651849202635 0.9628 0
1651849210184 0.9572 0
1651849217714 0.9676 0
1651849225431 0.9744 0
1651849232979 0.9708 0
1651849240457 0.9616 0
1651849248055 0.9568 0
1651849255569 0.9676 0
1651849263084 0.96 0
1651849270646 0.9532 0
1651849278032 0.9532 0
1651849285355 0.9756 0
1651849292891 0.9832 0
1651849300198 0.9756 0
1651849307613 0.9844 0
1651849315264 0.9796 0
1651849322942 0.9608 0
1651849330492 0.9836 0
1651849337919 0.9856 0
1651849345363 0.984 0
1651849352806 0.9864 0
1651849360270 0.982 0
1651849367896 0.9836 0
1651849375437 0.9844 0
1651849383002 0.9836 0
1651849390373 0.9868 0
1651849397996 0.9792 0
1651849405317 0.9652 0
1651849412842 0.9736 0
