1651823954465 1.464139139175415 0
1651823958039 0.9441508977890015 0
1651823961801 0.7706874645233154 0
1651823965500 0.849544027709961 0
1651823969150 0.741367042350769 0
1651823974940 2.184200360107422 0
1651823980293 1.4479102493286133 0
1651823985574 1.2345256713867188 0
1651823990827 1.1374438184738158 0
1651823996108 1.0928267023086549 0
1651824002801 2.0390431735992434 0
1651824008637 1.3284803100585938 0
1651824014445 1.202666987991333 0
1651824020561 1.1386951305389403 0
1651824026531 1.082787733268738 0
1651824034276 1.5481078258514405 0
1651824040950 0.8053512156963348 0
1651824047826 0.7382130004882812 0
1651824054575 0.7479470327377319 0
1651824061302 0.5638987089157105 0
1651824070515 2.4613772954940796 0
1651824078036 1.3044337646484374 0
1651824085692 1.3258370187759398 0
1651824093113 1.1477864356040954 0
1651824100525 1.0584471443176269 0
