1651823954458 0.4156 0
1651823958029 0.6188 0
1651823961793 0.6788 0
1651823965489 0.66 0
1651823969136 0.7088 0
1651823974927 0.3536 0
1651823980280 0.4292 0
1651823985565 0.5212 0
1651823990816 0.5456 0
1651823996096 0.5824 0
1651824002789 0.3568 0
1651824008627 0.4732 0
1651824014435 0.5384 0
1651824020552 0.5472 0
1651824026519 0.5972 0
1651824034266 0.5524 0
1651824040939 0.7096 0
1651824047814 0.728 0
1651824054564 0.7348 0
1651824061286 0.7948 0
1651824070508 0.3192 0
1651824078020 0.474 0
1651824085680 0.4908 0
1651824093106 0.5532 0
1651824100510 0.5876 0
