1654103265651 0.34542201994247734 0
1654103278641 0.031947173104689065 0
1654103291266 0.006087329745267705 0
1654103304172 0.013226762795573504 0
1654103317160 0.0005212114155642858 0
1654103330081 0.00024408774246833926 0
1654103343085 0.00013146109734710017 0
1654103356091 0.0012384626900612532 0
1654103369268 0.005951618249943572 0
1654103382432 0.028231449999838062 0
1654103438744 0.1837675996997503 0
1654103453926 0.022785217941837892 0
1654103469529 0.008541615616721517 0
1654103484757 0.006536587909847583 0
1654103500086 0.009854003510258712 0
1654103515395 0.0063126551147581296 0
1654103530597 0.0055793867259043 0
1654103545672 0.004906006818772226 0
1654103561143 0.004424316398773441 0
1654103576553 0.004174500996858328 0
1654103649983 0.14250038337534784 0
1654103667226 0.026512803238012167 0
1654103684740 0.018177471980425436 0
1654103702072 0.012462727012248476 0
1654103719325 0.018246878948091117 0
1654103736652 0.014152847210446047 0
1654103753657 0.00985402861033893 0
1654103770889 0.008329754542729682 0
1654103787993 0.007733434337351981 0
1654103805467 0.007391331831147555 0
1654103895430 0.22753526021818488 0
1654103914329 0.05062411651760792 0
1654103933296 0.03779391283615565 0
1654103952696 0.03132952126189208 0
1654103972236 0.02484103810740211 0
1654103991119 0.04022724850294155 0
1654104010175 0.033234303928753546 0
1654104029765 0.025611482086445144 0
1654104048991 0.026565824070885515 0
1654104068560 0.01744783649875078 0
1654104174478 0.14965660790634902 0
1654104195241 0.02580618239172826 0
1654104216719 0.018537904423729764 0
1654104237448 0.016678532942486064 0
1654104258277 0.01544734641361922 0
1654104279056 0.014445502321836383 0
1654104299442 0.013621170104023526 0
1654104320598 0.012911790036557949 0
1654104341806 0.012255554474720326 0
1654104362869 0.011707308633937123 0
