1654103265635 0.8718850421390894 0
1654103278624 0.9902382829079003 0
1654103291250 0.9981810465045777 0
1654103304156 0.9956345116109865 0
1654103317139 1.0 0
1654103330065 1.0 0
1654103343069 1.0 0
1654103356075 0.9996968410840963 0
1654103369252 0.9984235736373007 0
1654103382417 0.9918147092705997 0
1654103438727 0.933115032441938 0
1654103453911 0.996604208356073 0
1654103469505 0.9999393608635013 0
1654103484738 1.0 0
1654103500070 0.9989084955430235 0
1654103515378 1.0 0
1654103530581 0.9999393608635013 0
1654103545656 1.0 0
1654103561116 1.0 0
1654103576536 1.0 0
1654103649967 0.9503455802109858 0
1654103667209 0.9951497514247605 0
1654103684724 0.9975748757123802 0
1654103702055 0.9992118346065236 0
1654103719308 0.9976355038195708 0
1654103736631 0.9987268097489996 0
1654103753641 0.9998181156784285 0
1654103770873 1.0 0
1654103787977 1.0 0
1654103805436 0.9999393718928095 0
1654103895414 0.9231655548817466 0
1654103914312 0.9884172225591268 0
1654103933279 0.9939357186173439 0
1654103952679 0.9957550030321407 0
1654103972220 0.9976955730745907 0
1654103991103 0.9928441479684658 0
1654104010139 0.9960582171012735 0
1654104029743 0.9976955730745907 0
1654104048971 0.997513644633111 0
1654104068544 1.0 0
1654104174461 0.9530567685589519 0
1654104195224 0.9979985443959243 0
1654104216702 0.9999393498301795 0
1654104237431 1.0 0
1654104258261 1.0 0
1654104279038 1.0 0
1654104299426 1.0 0
1654104320574 1.0 0
1654104341779 1.0 0
1654104362853 1.0 0
