1651850103534 0.602 0
1651850106685 0.7692 0
1651850110044 0.8072 0
1651850113408 0.8296 0
1651850116793 0.8472 0
1651850123784 0.5128 0
1651850130229 0.6412 0
1651850136679 0.6984 0
1651850143140 0.7236 0
1651850149633 0.776 0
1651850156979 0.5276 0
1651850163516 0.6528 0
1651850170023 0.7028 0
1651850176511 0.7512 0
1651850182993 0.7804 0
1651850190593 0.7108 0
1651850197152 0.842 0
1651850203680 0.8668 0
1651850210245 0.8996 0
1651850216746 0.906 0
1651850224672 0.4596 0
1651850231297 0.6384 0
1651850237901 0.6828 0
1651850244487 0.7448 0
1651850251144 0.7568 0
