1652771423483 0.2504 0
1652771427808 0.4508 0
1652771432059 0.5336 0
1652771436298 0.5918 0
1652771440560 0.6458 0
1652771444895 0.6856 0
1652771449206 0.7362 0
1652771453550 0.756 0
1652771457911 0.7864 0
1652771462113 0.83 0
1652771467885 0.3882 0
1652771473122 0.6022 0
1652771478471 0.6946 0
1652771483580 0.7534 0
1652771489017 0.791 0
1652771494421 0.8102 0
1652771499793 0.8496 0
1652771505194 0.8738 0
1652771510584 0.8904 0
1652771516121 0.9094 0
1652771522209 0.3624 0
1652771527885 0.5812 0
1652771533281 0.657 0
1652771538634 0.7084 0
1652771544006 0.7596 0
1652771549457 0.7914 0
1652771554942 0.8268 0
1652771560344 0.8444 0
1652771565834 0.867 0
1652771571202 0.8876 0
1652771577569 0.447 0
1652771582933 0.6506 0
1652771588198 0.7222 0
1652771593751 0.7694 0
1652771599201 0.8132 0
1652771604626 0.8412 0
1652771609971 0.8708 0
1652771615522 0.887 0
1652771620804 0.8908 0
1652771626323 0.9338 0
1652771633168 0.4094 0
1652771638911 0.5712 0
1652771644432 0.6622 0
1652771649921 0.7184 0
1652771655475 0.7342 0
1652771660962 0.7984 0
1652771666512 0.8302 0
1652771671897 0.8604 0
1652771677356 0.8768 0
1652771682777 0.894 0
