1653265161251 0.4983621014272173 0
1653265208900 0.2749233277031531 0
1653265257175 0.25890329409853247 0
1653265303907 0.2344905509584273 0
1653265352044 0.22923292930207292 0
1653265455203 0.41139747023427237 0
1653265554568 0.33315727179322274 0
1653265653160 0.31459763152657055 0
1653265751963 0.30681974975704024 0
1653265849848 0.29125817264178866 0
1653266012233 0.4298533770889949 0
1653266165613 0.3954684304587568 0
1653266318085 0.38190517926017814 0
1653266473811 0.3710110919254019 0
1653266629316 0.3739633711796713 0
1653266856079 0.474017464436045 0
1653267069588 0.443289664026671 0
1653267281410 0.43349184770295474 0
1653267492789 0.4264976107285887 0
1653267702375 0.42862872629625426 0
1653267992361 0.5168977518239435 0
1653268262136 0.5007605647712757 0
1653268533145 0.48717771242803914 0
1653268801788 0.4864873619550581 0
1653269070917 0.48408359783926336 0
