1653256045727 2.269660061836243 0
1653256061232 2.0532166387557984 0
1653256076689 1.9459365410804748 0
1653256091943 1.8493863453865051 0
1653256107393 1.7769562343597411 0
1653256122237 1.9601819143295287 0
1653256132313 1.7508223825454712 0
1653256142213 1.6273662761688232 0
1653256152187 1.5404994844436646 0
1653256161903 1.456443918132782 0
1653256181132 2.112348773765564 0
1653256191163 1.892743597316742 0
1653256201152 1.781336951160431 0
1653256210824 1.690522369670868 0
1653256220450 1.6054150040626527 0
1653256244695 1.983224841785431 0
1653256254488 1.7371416909217834 0
1653256264230 1.635182368183136 0
1653256274126 1.5304564638137816 0
1653256284193 1.4326680118083954 0
1653256313362 2.0847983251571653 0
1653256323310 1.8852095258712769 0
1653256333312 1.7828206709861756 0
1653256343350 1.713610104560852 0
1653256353050 1.6215609119415284 0
