1652620595012 0.1434 0
1652620600326 0.1862 0
1652620605638 0.2284 0
1652620611172 0.271 0
1652620616436 0.2984 0
1652620621889 0.3206 0
1652620627393 0.343 0
1652620632705 0.3566 0
1652620638231 0.3686 0
1652620643619 0.3966 0
1652620653026 0.2428 0
1652620662148 0.3494 0
1652620671168 0.3896 0
1652620680103 0.413 0
1652620689182 0.4772 0
1652620697983 0.4946 0
1652620706891 0.5164 0
1652620715965 0.5322 0
1652620725084 0.5678 0
1652620734117 0.587 0
1652620744881 0.264 0
1652620755217 0.3754 0
1652620765379 0.4252 0
1652620775867 0.44 0
1652620785933 0.483 0
1652620796150 0.5156 0
1652620806412 0.5314 0
1652620816556 0.5656 0
1652620826907 0.5722 0
1652620837034 0.5988 0
1652620850069 0.3216 0
1652620862017 0.4324 0
1652620873566 0.4734 0
1652620885247 0.512 0
1652620896945 0.5326 0
1652620908707 0.5474 0
1652620920247 0.5782 0
1652620931695 0.593 0
1652620943066 0.6134 0
1652620954739 0.6516 0
1652620970087 0.286 0
1652620983289 0.3742 0
1652620996542 0.4164 0
1652621009351 0.4424 0
1652621022592 0.471 0
1652621035740 0.4762 0
1652621048744 0.512 0
1652621062145 0.5148 0
1652621075332 0.5398 0
1652621088590 0.5576 0
