1644399916191 1.1940809509277344 0
1644399917726 0.613938948392868 0
1644399919266 0.48105321083068847 0
1644399920814 0.4195804958343506 0
1644399922363 0.33287373075485227 0
1644399925639 0.4329729739665985 0
1644399928718 0.18987220101356506 0
1644399931716 0.15409062187671663 0
1644399934785 0.09057004104852677 0
1644399937847 0.060815383240580556 0
1644399943392 0.2061611260574909 0
1644399948438 0.0829945288544881 0
1644399953491 0.06374364393215182 0
1644399958650 0.0545864940952479 0
1644399963709 0.036511732194450044 0
