1652052635318 1.4903213367462158 0
1652052640105 1.1164281614303588 0
1652052644932 0.9211752531766891 0
1652052649693 0.7784681101799011 0
1652052654587 0.654593993473053 0
1652052659387 0.5800292024850845 0
1652052664179 0.4992806406021118 0
1652052669023 0.43469344022274015 0
1652052673926 0.376336535525322 0
1652052678671 0.3207538005828857 0
1652052683453 0.2849698668599129 0
1652052688248 0.2360973145008087 0
1652052693102 0.20772925333976747 0
1652052697897 0.19884805958271026 0
1652052702705 0.15661558387279512 0
1652052707525 0.13776560735702514 0
1652052712463 0.09958640815615653 0
1652052717320 0.08842787108421325 0
1652052722091 0.07387931756079197 0
1652052726911 0.05740818753540516 0
1652052731708 0.04205619905292988 0
1652052736493 0.043843856555223465 0
1652052741270 0.036293291811645034 0
1652052746089 0.03350614602342248 0
1652052750840 0.027542143204249442 0
1652052755647 0.027601269716024397 0
1652052760428 0.02936181913241744 0
1652052765207 0.022551908925920724 0
1652052769898 0.018553490822017193 0
1652052774827 0.01411856579631567 0
1652052779719 0.014136460883170367 0
1652052784596 0.017770866471529007 0
1652052789466 0.01977794420053251 0
1652052794215 0.017537453972175716 0
1652052799112 0.027636301270220428 0
1652052803969 0.018023478516563773 0
1652052808783 0.01573877687063068 0
1652052813543 0.012897035344317555 0
1652052818362 0.019650056219100952 0
1652052823130 0.012935071348398924 0
1652052827921 0.014839609851688147 0
1652052832722 0.015152592839859426 0
1652052837435 0.01863246571198106 0
1652052842232 0.011195033987984061 0
1652052847091 0.009660010177828372 0
1652052851923 0.007471468151919544 0
1652052856695 0.0101158168874681 0
1652052861430 0.004748390541784465 0
1652052866261 0.009569160309387372 0
1652052871102 0.010479232768900693 0
1652052885921 0.7678425608995145 0
1652052900769 0.6746500432491302 0
1652052915426 0.5941428896768133 0
1652052930080 0.5373666668927679 0
1652052944741 0.47918449003317787 0
1652052959311 0.43342855889038 0
1652052973800 0.392015932777455 0
1652052988247 0.3498004842594159 0
1652053002906 0.31689939951763474 0
1652053017525 0.2783532010633662 0
1652053032336 0.2513753433324581 0
1652053046913 0.2218744294674798 0
1652053061490 0.19957169965920407 0
1652053076048 0.1716851389060854 0
1652053090791 0.14670344426966342 0
1652053105341 0.13441583462778986 0
1652053119931 0.11192320224495288 0
1652053134567 0.09823918409559337 0
1652053149280 0.08768222581503017 0
1652053163884 0.07101409466965429 0
1652053178715 0.05963741328362123 0
1652053193351 0.06074528145794857 0
1652053207987 0.04818939912175285 0
1652053222642 0.03598397659696787 0
1652053237320 0.03391434737285696 0
1652053251978 0.03767390604779802 0
1652053266379 0.034714668645788836 0
1652053280887 0.03341791822507395 0
1652053295441 0.02791372441121058 0
1652053310157 0.02415786125806457 0
1652053324813 0.02071205353741932 0
1652053339511 0.021037370910093556 0
1652053354166 0.0169802770138988 0
1652053368728 0.018283205800143452 0
1652053383481 0.015583518717113914 0
1652053398396 0.018179805087132257 0
1652053413100 0.012949067706068278 0
1652053427730 0.017993131725315276 0
1652053442237 0.015789750589025098 0
1652053456758 0.012935082976879508 0
1652053471257 0.011646460814227582 0
1652053486044 0.010840374051391816 0
1652053500544 0.009400700940694794 0
1652053515083 0.00973029899691861 0
1652053529886 0.007873359413617585 0
1652053544716 0.011545467371431738 0
1652053559132 0.010878741546070943 0
1652053573719 0.010277793210531985 0
1652053588440 0.010416592254637126 0
1652053603268 0.008307562858729972 0
1652053622901 0.7391750780896768 0
1652053642088 0.5965366210232519 0
1652053661208 0.5156943558076811 0
1652053680436 0.45017721897016405 0
1652053699366 0.3988804591601121 0
1652053718359 0.35599208975780133 0
1652053737590 0.31725415824678355 0
1652053756835 0.2800166800689526 0
1652053775825 0.24288791979396238 0
1652053794943 0.2145871487100507 0
1652053814155 0.18861971764787377 0
1652053833067 0.15556056757664927 0
1652053852371 0.14221341274708438 0
1652053871836 0.11733596396490527 0
1652053890861 0.09664672964563964 0
1652053909925 0.083393932863511 0
1652053929185 0.08374917611824638 0
1652053948357 0.07214160767180959 0
1652053967655 0.06444026513511265 0
1652053986610 0.05002439898198674 0
1652054005690 0.04907920831146948 0
1652054025090 0.04088312056709411 0
1652054044158 0.048752549677085304 0
1652054063246 0.03842764084152312 0
1652054082382 0.02812051418529495 0
1652054101687 0.029890759328509556 0
1652054121026 0.025954237523661883 0
1652054139999 0.022565036911758204 0
1652054159184 0.027460821395470847 0
1652054178498 0.033210419934147827 0
1652054197660 0.029294297756167858 0
1652054216791 0.029058424817251023 0
1652054235955 0.03439599576020422 0
1652054254913 0.028415790154745078 0
1652054273967 0.016425398661155204 0
1652054292961 0.0216980751102875 0
1652054311910 0.019398765985579703 0
1652054330829 0.016061397230346275 0
1652054349904 0.026059553548931504 0
1652054368752 0.015480909694442548 0
1652054387673 0.01382076548946113 0
1652054406796 0.014347036070348687 0
1652054425900 0.01531195869083618 0
1652054444783 0.012924012489816068 0
1652054463928 0.01137475174289057 0
1652054483051 0.013364034966310726 0
1652054502195 0.01213142900699445 0
1652054521591 0.010912305093463288 0
1652054540857 0.011645976518684402 0
1652054559886 0.010840794097569734 0
1652054583853 0.6421896323193005 0
1652054607161 0.40091350284558913 0
1652054630381 0.296682525720486 0
1652054653783 0.24481507435036676 0
1652054677142 0.20333695515145897 0
1652054700745 0.1684717086440358 0
1652054723969 0.14430557463410276 0
1652054747229 0.11733582878376804 0
1652054770472 0.09832119736419091 0
1652054793893 0.07724789017179634 0
1652054817240 0.0589655936477856 0
1652054840462 0.05314206942493737 0
1652054863792 0.05426209159522464 0
1652054887263 0.041192190282355996 0
1652054910829 0.036526534348095975 0
1652054934283 0.032200473287876424 0
1652054957689 0.02764536680078397 0
1652054981493 0.023444691719004183 0
1652055004935 0.02408357962954073 0
1652055028173 0.023574495917752517 0
1652055051689 0.018081870358154856 0
1652055074895 0.016476658701373402 0
1652055098135 0.016445125986101716 0
1652055121588 0.013208116244908247 0
1652055144827 0.017259004855110754 0
1652055168350 0.012698228370639103 0
1652055191850 0.010253420478314257 0
1652055215357 0.008944217363522586 0
1652055238918 0.010979928948871155 0
1652055262159 0.008659652367394778 0
1652055285774 0.010469080616050331 0
1652055309203 0.016523835229176765 0
1652055332678 0.009082776890489357 0
1652055355880 0.00820328251972307 0
1652055379228 0.008028868738567814 0
1652055402610 0.008189533930048882 0
1652055426303 0.008541037024913767 0
1652055449533 0.010089541292628191 0
1652055472703 0.005950990913239592 0
1652055496046 0.005879876027679025 0
1652055519335 0.006499530880950564 0
1652055542807 0.007705757666843016 0
1652055566199 0.00961719265323599 0
1652055589760 0.0071132644965980095 0
1652055613230 0.0043802986609774025 0
1652055636771 0.006968240847317569 0
1652055660343 0.005616602603441248 0
1652055684137 0.004653439214133494 0
1652055707421 0.003656509704367575 0
1652055730871 0.0030777432156038446 0
1652055759518 0.7633005690308257 0
1652055787273 0.6599667658828681 0
1652055815045 0.5935396298778028 0
1652055842683 0.5181504833346258 0
1652055870490 0.4623621016954862 0
1652055898476 0.4240142781308243 0
1652055926129 0.3560567431015104 0
1652055953839 0.3183627992880316 0
1652055981614 0.275453998395803 0
1652056009397 0.24265778267492985 0
1652056037036 0.22658224648246741 0
1652056064940 0.1894707363470497 0
1652056092840 0.158585413701755 0
1652056120655 0.13057238335073804 0
1652056148517 0.11628304090996028 0
1652056176357 0.10150273333631414 0
1652056204368 0.09404712840498493 0
1652056231774 0.07854635772687002 0
1652056259560 0.07112232500543046 0
1652056287381 0.06920142769397304 0
1652056314995 0.04839667566536858 0
1652056343057 0.05680077833979014 0
1652056371615 0.0537306246097242 0
1652056399908 0.04359050758081917 0
1652056428202 0.036632813777884576 0
1652056456727 0.036180373645444824 0
1652056485029 0.030465219725824222 0
1652056513445 0.025540610497366972 0
1652056541593 0.032312414614841974 0
1652056569808 0.025236219722191904 0
1652056597566 0.02581435472891032 0
1652056625557 0.025040887189168314 0
1652056653082 0.023704085706793374 0
1652056680911 0.028012003898263835 0
1652056708473 0.02653211390886512 0
1652056736489 0.023999222094179724 0
1652056764161 0.020739779044656233 0
1652056791999 0.034423319682336195 0
1652056819966 0.024744228543884642 0
1652056847648 0.02095811552028428 0
1652056875460 0.020725270630665427 0
1652056903533 0.0230684280808025 0
1652056931321 0.023058658711023552 0
1652056958739 0.018463502837239458 0
1652056986328 0.017106461461339106 0
1652057014016 0.015730442291947717 0
1652057041832 0.014775426193911222 0
1652057069365 0.011186273133973848 0
1652057096894 0.014379323630557297 0
1652057124422 0.011989986254920601 0
