1652048090277 0.346 0
1652048095022 0.5796 0
1652048099906 0.6588 0
1652048104630 0.7116 0
1652048109472 0.7516 0
1652048114112 0.8016 0
1652048118882 0.8248 0
1652048123633 0.8516 0
1652048128431 0.8588 0
1652048133211 0.8868 0
1652048138025 0.904 0
1652048142839 0.922 0
1652048147732 0.9428 0
1652048152494 0.9452 0
1652048157393 0.9496 0
1652048162079 0.9668 0
1652048166908 0.9812 0
1652048171721 0.978 0
1652048176472 0.982 0
1652048181251 0.986 0
1652048185987 0.9928 0
1652048190876 0.9916 0
1652048195612 0.9936 0
1652048200313 0.9964 0
1652048205010 0.9952 0
1652048209821 0.9916 0
1652048214538 0.9956 0
1652048219385 0.9952 0
1652048224247 0.9956 0
1652048229020 0.998 0
1652048233844 0.9956 0
1652048238726 0.9984 0
1652048243475 0.9984 0
1652048248159 0.9976 0
1652048252933 0.9928 0
1652048257744 0.998 0
1652048262469 0.9988 0
1652048267197 0.9988 0
1652048271976 0.9988 0
1652048276773 0.9988 0
1652048281492 0.996 0
1652048286332 0.9952 0
1652048290995 0.9988 0
1652048295686 0.998 0
1652048300494 0.998 0
1652048305257 0.9984 0
1652048310084 0.9988 0
1652048314966 0.9984 0
1652048319769 0.9972 0
1652048324594 0.9968 0
1652048339591 0.6602154828411811 0
1652048354489 0.7226656025538707 0
1652048369497 0.7769353551476457 0
1652048384440 0.8000798084596967 0
1652048399453 0.8180367118914605 0
1652048414324 0.8409816440542698 0
1652048429254 0.8581404628890662 0
1652048444233 0.8733040702314445 0
1652048459130 0.8836791699920191 0
1652048474012 0.9014365522745411 0
1652048488999 0.9068236233040702 0
1652048503912 0.921388667198723 0
1652048519047 0.9351556264964086 0
1652048533777 0.9477254588986432 0
1652048548657 0.9487230646448523 0
1652048563552 0.9584996009577015 0
1652048578395 0.965682362330407 0
1652048593233 0.9708699122106943 0
1652048608450 0.977853152434158 0
1652048623387 0.9814445331205107 0
1652048638137 0.9840383080606544 0
1652048653149 0.9894253790901836 0
1652048668096 0.9876296887470072 0
1652048682944 0.9902234636871509 0
1652048697715 0.99341580207502 0
1652048712855 0.9916201117318436 0
1652048727587 0.9936153232242618 0
1652048742770 0.9938148443735035 0
1652048757802 0.996608140462889 0
1652048772754 0.994413407821229 0
1652048787604 0.9962090981644054 0
1652048802513 0.9946129289704708 0
1652048817377 0.9972067039106145 0
1652048832605 0.9960095770151636 0
1652048847518 0.9972067039106145 0
1652048862436 0.9970071827613727 0
1652048877408 0.9980047885075818 0
1652048892416 0.9956105347166799 0
1652048907280 0.9976057462090981 0
1652048921861 0.9972067039106145 0
1652048936864 0.9996009577015164 0
1652048951772 0.9982043096568236 0
1652048966726 0.9986033519553073 0
1652048981466 0.9980047885075818 0
1652048996368 0.9984038308060654 0
1652049011262 0.9984038308060654 0
1652049026171 0.9982043096568236 0
1652049041156 0.9976057462090981 0
1652049056349 0.9996009577015164 0
1652049071078 0.9988028731045491 0
1652049090786 0.6789704708699122 0
1652049110133 0.7695530726256983 0
1652049129493 0.8000798084596967 0
1652049148751 0.8302075019952115 0
1652049168271 0.8539505187549881 0
1652049187820 0.8743016759776536 0
1652049207164 0.886073423782921 0
1652049226556 0.9030327214684757 0
1652049245788 0.9152035115722267 0
1652049265130 0.9253790901835595 0
1652049284529 0.9407422186751796 0
1652049304026 0.951316839584996 0
1652049323376 0.957901037509976 0
1652049342982 0.9642857142857143 0
1652049362304 0.9678770949720671 0
1652049381638 0.9718675179569034 0
1652049400932 0.9770550678371908 0
1652049420497 0.9806464485235435 0
1652049439909 0.985634477254589 0
1652049459266 0.9838387869114126 0
1652049478580 0.9864325618515563 0
1652049498220 0.9876296887470072 0
1652049517633 0.9880287310454908 0
1652049536940 0.9892258579409418 0
1652049556464 0.9924181963288109 0
1652049576048 0.9940143655227454 0
1652049595375 0.9948124501197126 0
1652049614843 0.9902234636871509 0
1652049634388 0.9924181963288109 0
1652049653670 0.9908220271348763 0
1652049672975 0.9956105347166799 0
1652049692486 0.996608140462889 0
1652049711788 0.9956105347166799 0
1652049731161 0.9950119712689545 0
1652049750534 0.9968076616121309 0
1652049769883 0.9958100558659218 0
1652049789326 0.996608140462889 0
1652049808741 0.9964086193136472 0
1652049828058 0.9962090981644054 0
1652049847460 0.9964086193136472 0
1652049866928 0.9972067039106145 0
1652049886365 0.9956105347166799 0
1652049905796 0.9976057462090981 0
1652049925269 0.9954110135674381 0
1652049944670 0.9958100558659218 0
1652049964119 0.996608140462889 0
1652049983344 0.9968076616121309 0
1652050002683 0.9958100558659218 0
1652050022133 0.9994014365522745 0
1652050041363 0.9980047885075818 0
1652050065490 0.7376296887470072 0
1652050089296 0.8643256185155627 0
1652050112878 0.902633679169992 0
1652050136651 0.9189944134078212 0
1652050160282 0.9389465283320032 0
1652050183988 0.9533120510774142 0
1652050207753 0.9577015163607342 0
1652050231357 0.9694732641660015 0
1652050255286 0.9740622505985634 0
1652050279157 0.9796488427773344 0
1652050302591 0.9846368715083799 0
1652050326265 0.9864325618515563 0
1652050349925 0.9886272944932163 0
1652050373307 0.9920191540303273 0
1652050396826 0.9928172386272945 0
1652050420689 0.9924181963288109 0
1652050445030 0.9930167597765364 0
1652050468936 0.9962090981644054 0
1652050492590 0.9950119712689545 0
1652050516480 0.9970071827613727 0
1652050540340 0.9960095770151636 0
1652050564111 0.9958100558659218 0
1652050587864 0.996608140462889 0
1652050611570 0.9982043096568236 0
1652050635341 0.9980047885075818 0
1652050659005 0.9984038308060654 0
1652050682540 0.9976057462090981 0
1652050706083 0.9984038308060654 0
1652050729705 0.9970071827613727 0
1652050753007 0.9992019154030327 0
1652050776623 0.9986033519553073 0
1652050800576 0.9972067039106145 0
1652050824343 0.9992019154030327 0
1652050847789 1.0 0
1652050871448 0.9990023942537909 0
1652050895338 0.9994014365522745 0
1652050919167 0.9998004788507582 0
1652050942714 0.9994014365522745 0
1652050966398 0.9996009577015164 0
1652050990139 0.9992019154030327 0
1652051013781 0.9990023942537909 0
1652051037181 0.9990023942537909 0
1652051060719 0.9992019154030327 0
1652051084362 0.9992019154030327 0
1652051107819 0.9996009577015164 0
1652051131427 0.9990023942537909 0
1652051155066 0.9996009577015164 0
1652051178792 1.0 0
1652051202403 0.9998004788507582 0
1652051226322 1.0 0
1652051255231 0.6795690343176377 0
1652051283392 0.7472067039106145 0
1652051311360 0.7853152434158021 0
1652051339375 0.8232242617717478 0
1652051367615 0.8435754189944135 0
1652051395818 0.8697126895450917 0
1652051423634 0.8958499600957701 0
1652051451673 0.9028332003192339 0
1652051479651 0.9164006384676776 0
1652051507874 0.9341580207501995 0
1652051535873 0.936951316839585 0
1652051563883 0.9555067837190743 0
1652051591786 0.9666799680766162 0
1652051619940 0.9654828411811652 0
1652051648058 0.9706703910614525 0
1652051676145 0.9742617717478053 0
1652051704311 0.9786512370311253 0
1652051732479 0.9828411811652035 0
1652051760291 0.9842378292098962 0
1652051788127 0.9850359138068635 0
1652051816159 0.990023942537909 0
1652051843985 0.9884277733439745 0
1652051872017 0.9892258579409418 0
1652051899981 0.9888268156424581 0
1652051927819 0.9872306464485235 0
1652051955646 0.9902234636871509 0
1652051983692 0.9926177174780527 0
1652052011826 0.9932162809257782 0
1652052039652 0.9920191540303273 0
1652052067634 0.9904229848363927 0
1652052095614 0.9946129289704708 0
1652052123536 0.9938148443735035 0
1652052151443 0.9930167597765364 0
1652052179579 0.9952114924181963 0
1652052207484 0.9960095770151636 0
1652052235606 0.9974062250598563 0
1652052263671 0.9952114924181963 0
1652052291426 0.9938148443735035 0
1652052319378 0.9964086193136472 0
1652052347530 0.9964086193136472 0
1652052375529 0.9948124501197126 0
1652052403504 0.9984038308060654 0
1652052431389 0.9970071827613727 0
1652052459441 0.9954110135674381 0
1652052487463 0.9954110135674381 0
1652052515583 0.9984038308060654 0
1652052543525 0.9982043096568236 0
1652052571473 0.9952114924181963 0
1652052599491 0.9960095770151636 0
1652052627549 0.9980047885075818 0
