1651779569446 0.6541075134277343 0
1651779572579 0.3488157305717468 0
1651779575882 0.27066361227035524 0
1651779579142 0.1934611422777176 0
1651779582507 0.18984665967226028 0
1651779585801 0.12413652149438859 0
1651779589034 0.10297868405580521 0
1651779592420 0.09285330960154534 0
1651779595786 0.1273624471515417 0
1651779598995 0.08086308718919755 0
1651779602393 0.06364533007219433 0
1651779605756 0.05866390178799629 0
1651779609087 0.06624431521594525 0
1651779612394 0.08534668060690165 0
1651779615751 0.07416390466392041 0
1651779619042 0.10188627291321754 0
1651779622301 0.07009415590018034 0
1651779625606 0.05391002952493727 0
1651779628961 0.03447909063398838 0
1651779632253 0.07394115789011121 0
1651779635517 0.07479616633057594 0
1651779638778 0.05334422865957022 0
1651779642027 0.10683224845668302 0
1651779645386 0.031613289589434865 0
1651779648701 0.044495514126121995 0
1651779652101 0.025537105779908597 0
1651779655447 0.06151562157869339 0
1651779658752 0.06442451866269111 0
1651779662090 0.1359374073572457 0
1651779665374 0.06658236847221852 0
1651779672462 1.0716870309829711 0
1651779679133 0.6258773585796357 0
1651779685829 0.49216411180496217 0
1651779692503 0.41303460907936096 0
1651779699259 0.38391485687494276 0
1651779706032 0.2645217895925045 0
1651779712811 0.22552981261014937 0
1651779719608 0.18008207533359527 0
1651779726425 0.17836060900688172 0
1651779733097 0.17654240708351135 0
1651779739809 0.17857272424697876 0
1651779746600 0.20495111780762673 0
1651779753509 0.1043993524312973 0
1651779760500 0.1463984146118164 0
1651779767507 0.13875831331312657 0
1651779774373 0.1211262978821993 0
1651779781317 0.08732422882653773 0
1651779788174 0.08205385338664055 0
1651779795061 0.17097823234796525 0
1651779801808 0.10571708282902836 0
1651779808846 0.06531503628641366 0
1651779815745 0.07486583810746669 0
1651779822482 0.057405117200315 0
1651779829186 0.051676763620972635 0
1651779836193 0.06902156692445278 0
1651779842960 0.12455127893686295 0
1651779849648 0.12443218511343003 0
1651779856466 0.05821188507676125 0
1651779863118 0.06252848785333336 0
1651779870006 0.047506224573776124 0
1651779877879 1.0908721431732178 0
1651779884696 0.6915721148490905 0
1651779891668 0.5643787172317505 0
1651779898546 0.4820363875389099 0
1651779905654 0.3662377302646637 0
1651779912411 0.34195639743804934 0
1651779919064 0.3123281610012054 0
1651779926189 0.25938213524669407 0
1651779933222 0.19506183182597162 0
1651779940217 0.1960885714650154 0
1651779947181 0.19289174349308014 0
1651779954287 0.14250479194968937 0
1651779961203 0.15996945633888246 0
1651779967893 0.17466645481586457 0
1651779974621 0.1487818095445633 0
1651779981720 0.1345605299025774 0
1651779988775 0.13046016557216644 0
1651779995878 0.08420301821827889 0
1651780003007 0.07828077738732099 0
1651780009799 0.08317183861136436 0
1651780016858 0.08845506412982941 0
1651780023897 0.09471509266495705 0
1651780030656 0.10551760864853858 0
1651780037400 0.09102665212154389 0
1651780044209 0.06603991558477283 0
1651780051307 0.06682708596065641 0
1651780058205 0.09092070474550128 0
1651780065272 0.07749234601929784 0
1651780072359 0.10261253009587526 0
1651780079242 0.059987369257956745 0
1651780087124 0.6920004330158234 0
1651780094204 0.3300335720062256 0
1651780101166 0.31556342520713804 0
1651780108294 0.17993201774954795 0
1651780115376 0.16548875289559364 0
1651780122033 0.15059742959737776 0
1651780129139 0.13879332760572433 0
1651780136030 0.117493350481987 0
1651780142924 0.09390513654649257 0
1651780149923 0.0749371996011585 0
1651780157001 0.06581113500520587 0
1651780163768 0.05854587827920914 0
1651780170994 0.07507214437127113 0
1651780177803 0.13088923012763262 0
1651780184752 0.0909317582808435 0
1651780191840 0.05963290265202522 0
1651780198553 0.06717895043492317 0
1651780205642 0.04619959566798061 0
1651780212853 0.06751372833363711 0
1651780219734 0.02985013012494892 0
1651780226795 0.0684605228714645 0
1651780233711 0.058010530756413936 0
1651780240785 0.06309609555602073 0
1651780247867 0.0777134133040905 0
1651780254973 0.09365299866497516 0
1651780261974 0.07980235899835825 0
1651780269111 0.04602206916064024 0
1651780276178 0.033462872210144996 0
1651780283174 0.030273994144797325 0
1651780289827 0.04815889412164688 0
1651780298160 1.2970126205444337 0
1651780305268 0.88240944480896 0
1651780312432 0.6755325112342835 0
1651780319597 0.5477883554935455 0
1651780326707 0.44165057649612427 0
1651780333895 0.3710493217468262 0
1651780340987 0.353866028881073 0
1651780348079 0.30640254142284395 0
1651780355295 0.2156802773475647 0
1651780362445 0.21119869027137755 0
1651780369624 0.2478340923845768 0
1651780376464 0.1539538628578186 0
1651780383517 0.1761132818222046 0
1651780390676 0.21644716868400574 0
1651780397777 0.119256969332695 0
1651780404870 0.0994168927796185 0
1651780411972 0.12776197724789382 0
1651780419157 0.10409041050076484 0
1651780426014 0.19271984416618942 0
1651780433368 0.06897228347957134 0
1651780440538 0.06441865104138851 0
1651780447714 0.07576629537642002 0
1651780454839 0.10279679889082909 0
1651780461935 0.07749289941303432 0
1651780469116 0.10812889717519283 0
1651780476102 0.0790973195657134 0
1651780483199 0.0832289167150855 0
1651780490071 0.05526131395995617 0
1651780497044 0.06479398019909859 0
1651780504240 0.0955932568281889 0
