1645564452612 0.442 0
1645564455531 0.5804 0
1645564458420 0.6292 0
1645564461337 0.6484 0
1645564464234 0.7092 0
1645564467136 0.7332 0
1645564470048 0.7632 0
1645564472938 0.7772 0
1645564475781 0.8072 0
1645564478680 0.8132 0
1645564481449 0.8236 0
1645564484340 0.862 0
1645564487224 0.8832 0
1645564490086 0.8808 0
1645564493002 0.8904 0
1645564495815 0.8976 0
1645564498710 0.9108 0
1645564501577 0.9104 0
1645564504448 0.9084 0
1645564507339 0.9344 0
1645564512405 0.7724 0
1645564517151 0.8434 0
1645564521916 0.8606 0
1645564526669 0.8822 0
1645564531396 0.8934 0
1645564536176 0.91 0
1645564540875 0.917 0
1645564545676 0.928 0
1645564550391 0.9218 0
1645564555018 0.9394 0
1645564559698 0.936 0
1645564564384 0.9418 0
1645564569177 0.9464 0
1645564573835 0.9346 0
1645564578626 0.9542 0
1645564583397 0.957 0
1645564588113 0.9666 0
1645564592672 0.9466 0
1645564597252 0.9624 0
1645564601940 0.954 0
1645564609175 0.8614666666666667 0
1645564615703 0.9 0
1645564622448 0.9070666666666667 0
1645564628949 0.9233333333333333 0
1645564635452 0.9398666666666666 0
1645564641816 0.9358666666666666 0
1645564648222 0.9322666666666667 0
1645564654715 0.9412 0
1645564661416 0.9497333333333333 0
1645564667867 0.9542666666666667 0
1645564674500 0.9454666666666667 0
1645564680957 0.9564 0
1645564687469 0.9541333333333334 0
1645564694058 0.9538666666666666 0
1645564700699 0.9553333333333334 0
1645564707190 0.9604 0
1645564713753 0.9628 0
1645564720462 0.9468 0
1645564726782 0.9536 0
1645564733501 0.9598666666666666 0
