1654401742470 0.8730370460195235 0
1654401755934 0.9880555387133936 0
1654401769212 0.9942399805978294 0
1654401782842 0.9964227247923362 0
1654401796025 0.9972715697568666 0
1654401809125 0.997150306190505 0
1654401822444 0.9993330503850119 0
1654401835953 0.9967865154914206 0
1654401849211 0.9996362093009156 0
1654401862399 1.0 0
1654401875693 1.0 0
1654401888736 1.0 0
1654401901926 1.0 0
1654401915356 1.0 0
1654401928708 1.0 0
1654401942110 1.0 0
1654401955273 1.0 0
1654401968333 1.0 0
1654401981765 1.0 0
1654401995266 1.0 0
1654402008662 1.0 0
1654402022139 1.0 0
1654402035286 0.9999393682168193 0
1654402048524 1.0 0
1654402061810 1.0 0
1654402075258 1.0 0
1654402088742 1.0 0
1654402102128 1.0 0
1654402115533 1.0 0
1654402128774 1.0 0
1654402141960 1.0 0
1654402155483 1.0 0
1654402168987 1.0 0
1654402182393 1.0 0
1654402195532 1.0 0
1654402208804 1.0 0
1654402222134 1.0 0
1654402235379 1.0 0
1654402248718 1.0 0
1654402262132 1.0 0
1654402275710 1.0 0
1654402288970 1.0 0
1654402302281 1.0 0
1654402315559 1.0 0
1654402328898 1.0 0
1654402342318 1.0 0
1654402355549 1.0 0
1654402368981 1.0 0
1654402382526 1.0 0
1654402395890 1.0 0
1654402443320 0.9324480019404524 0
1654402458942 0.995997816991086 0
1654402474627 0.9978776302225456 0
1654402490347 0.9997574434540052 0
1654402505830 0.9998787217270027 0
1654402521346 1.0 0
1654402537220 1.0 0
1654402552645 0.9994542477715117 0
1654402568188 1.0 0
1654402583808 0.9999393608635013 0
1654402599420 0.9999393608635013 0
1654402615129 1.0 0
1654402630875 1.0 0
1654402646644 1.0 0
1654402662322 1.0 0
1654402677886 1.0 0
1654402693658 1.0 0
1654402709406 1.0 0
1654402725285 1.0 0
1654402740936 1.0 0
1654402756784 1.0 0
1654402771958 1.0 0
1654402787736 1.0 0
1654402803536 1.0 0
1654402819452 1.0 0
1654402835009 1.0 0
1654402850725 1.0 0
1654402866316 1.0 0
1654402881892 1.0 0
1654402897625 1.0 0
1654402913618 1.0 0
1654402929667 1.0 0
1654402945409 1.0 0
1654402961145 1.0 0
1654402976305 1.0 0
1654402992012 1.0 0
1654403007580 1.0 0
1654403023310 1.0 0
1654403038655 1.0 0
1654403054520 1.0 0
1654403069952 1.0 0
1654403085675 1.0 0
1654403101529 1.0 0
1654403116992 1.0 0
1654403132547 1.0 0
1654403148314 1.0 0
1654403164214 1.0 0
1654403180120 1.0 0
1654403195560 1.0 0
1654403211158 1.0 0
1654403264024 0.9547714320358919 0
1654403281606 0.995695404389475 0
1654403299369 0.9999393718928095 0
1654403317070 0.9973323632836183 0
1654403334415 0.9996968594640475 0
1654403352076 0.9985449254274281 0
1654403369692 0.9996968594640475 0
1654403387269 1.0 0
1654403405036 1.0 0
1654403422642 1.0 0
1654403440125 1.0 0
1654403457668 1.0 0
1654403475558 1.0 0
1654403493153 1.0 0
1654403510678 1.0 0
1654403527973 1.0 0
1654403545692 1.0 0
1654403563382 1.0 0
1654403581073 1.0 0
1654403598766 1.0 0
1654403616507 1.0 0
1654403633921 0.9986661816418091 0
1654403651584 0.9999393718928095 0
1654403669464 0.9999393718928095 0
1654403687181 1.0 0
1654403704542 1.0 0
1654403722189 1.0 0
1654403739700 1.0 0
1654403757211 1.0 0
1654403774917 1.0 0
1654403792601 1.0 0
1654403810352 1.0 0
1654403828465 1.0 0
1654403846431 1.0 0
1654403863739 1.0 0
1654403881623 1.0 0
1654403899232 1.0 0
1654403917011 1.0 0
1654403934476 1.0 0
1654403952098 1.0 0
1654403969952 1.0 0
1654403987204 1.0 0
1654404004880 1.0 0
1654404022569 1.0 0
1654404040011 1.0 0
1654404058049 1.0 0
1654404075419 1.0 0
1654404092716 1.0 0
1654404110223 1.0 0
1654404127637 1.0 0
1654404187356 0.9241964827167981 0
1654404206977 0.98465736810188 0
1654404226362 0.9922983626440267 0
1654404245973 0.9969678593086719 0
1654404265923 0.9997574287446938 0
1654404285259 1.0 0
1654404304647 0.9972710733778047 0
1654404324106 0.9971497877501516 0
1654404343728 0.9987265009096422 0
1654404363509 1.0 0
1654404383210 0.9996967859308672 0
1654404402927 1.0 0
1654404422541 1.0 0
1654404442289 1.0 0
1654404461724 1.0 0
1654404481207 1.0 0
1654404500735 1.0 0
1654404520347 1.0 0
1654404539987 1.0 0
1654404559426 1.0 0
1654404578720 1.0 0
1654404598221 1.0 0
1654404618328 1.0 0
1654404637755 1.0 0
1654404657152 1.0 0
1654404676589 1.0 0
1654404696100 1.0 0
1654404715666 1.0 0
1654404734969 1.0 0
1654404754561 1.0 0
1654404773985 1.0 0
1654404793593 1.0 0
1654404813661 1.0 0
1654404833841 1.0 0
1654404853607 1.0 0
1654404873300 1.0 0
1654404892965 1.0 0
1654404912107 1.0 0
1654404931707 1.0 0
1654404951449 0.9998787143723469 0
1654404971498 0.9999393571861734 0
1654404991304 1.0 0
1654405011202 1.0 0
1654405030641 1.0 0
1654405050049 1.0 0
1654405069458 1.0 0
1654405089197 1.0 0
1654405108777 1.0 0
1654405128497 1.0 0
1654405148003 1.0 0
1654405212776 0.959061135371179 0
1654405234092 0.9993328481319748 0
1654405255115 0.9999393498301795 0
1654405276824 0.9991508976225133 0
1654405298031 0.9989082969432315 0
1654405319588 0.999878699660359 0
1654405341204 1.0 0
1654405362154 1.0 0
1654405383455 1.0 0
1654405404311 1.0 0
1654405425393 1.0 0
1654405446958 1.0 0
1654405468494 1.0 0
1654405490185 1.0 0
1654405511361 1.0 0
1654405532768 1.0 0
1654405553970 1.0 0
1654405574995 1.0 0
1654405596089 0.9999393498301795 0
1654405617265 0.9999393498301795 0
1654405638185 1.0 0
1654405659456 1.0 0
1654405680252 1.0 0
1654405702016 1.0 0
1654405723369 1.0 0
1654405744488 1.0 0
1654405765570 1.0 0
1654405786633 1.0 0
1654405807837 1.0 0
1654405829241 1.0 0
1654405850170 1.0 0
1654405871645 1.0 0
1654405892767 1.0 0
1654405914093 1.0 0
1654405936212 1.0 0
1654405958598 1.0 0
1654405980402 1.0 0
1654406002460 1.0 0
1654406023775 1.0 0
1654406045224 1.0 0
1654406067344 1.0 0
1654406089483 1.0 0
1654406111281 1.0 0
1654406133109 1.0 0
1654406154840 1.0 0
1654406176766 1.0 0
1654406198147 1.0 0
1654406219916 1.0 0
1654406241367 1.0 0
1654406263499 1.0 0
