1651858829094 0.984764743232727 0
1651858832474 0.5560016786575317 0
1651858835931 0.4791218236386776 0
1651858839217 0.39540403289794923 0
1651858842534 0.36024482707977296 0
1651858849508 1.2158959522247315 0
1651858856119 0.8873940775871277 0
1651858862600 0.7318631948471069 0
1651858869088 0.6520413879394531 0
1651858875608 0.5881653859376907 0
1651858883023 1.2022972986221314 0
1651858889579 0.8710396265983582 0
1651858896133 0.7722724407196045 0
1651858902685 0.6718721130371094 0
1651858909461 0.5777172948360443 0
1651858917134 0.7905287822723389 0
1651858923727 0.44014064502716066 0
1651858930301 0.4208613736152649 0
1651858936864 0.26722122947871685 0
1651858943500 0.23928216428756713 0
1651858951510 1.2631223432540895 0
1651858958173 0.9390747520923615 0
1651858964795 0.7862984805107117 0
1651858971456 0.6621712059497833 0
1651858978179 0.5759170406341553 0
