1651915483137 0.512 0
1651915486258 0.7524 0
1651915489379 0.8344 0
1651915492470 0.8872 0
1651915495542 0.9184 0
1651915498666 0.9252 0
1651915501742 0.9472 0
1651915504722 0.9572 0
1651915507920 0.9708 0
1651915511007 0.9744 0
1651915514092 0.9816 0
1651915517229 0.9892 0
1651915520309 0.9916 0
1651915523439 0.9892 0
1651915526610 0.9924 0
1651915529730 0.9952 0
1651915532807 0.9952 0
1651915535958 0.9976 0
1651915539125 0.9952 0
1651915542388 0.9984 0
1651915545453 0.9976 0
1651915548574 0.998 0
1651915551601 0.996 0
1651915554691 0.9992 0
1651915557849 0.9992 0
1651915560969 0.9992 0
1651915564016 0.9972 0
1651915567136 0.9976 0
1651915570254 0.998 0
1651915573531 1.0 0
1651915577274 0.4324 0
1651915580959 0.6296 0
1651915584639 0.7228 0
1651915588099 0.7884 0
1651915591676 0.8328 0
1651915595248 0.86 0
1651915598844 0.8884 0
1651915602445 0.9092 0
1651915606003 0.924 0
1651915609532 0.9436 0
1651915613065 0.9456 0
1651915616566 0.956 0
1651915620212 0.9624 0
1651915623722 0.9784 0
1651915627411 0.9836 0
1651915630951 0.984 0
1651915634575 0.9844 0
1651915638219 0.9872 0
1651915641756 0.99 0
1651915645302 0.9928 0
1651915648961 0.9924 0
1651915652579 0.9952 0
1651915656113 0.9956 0
1651915659758 0.9964 0
1651915663419 0.998 0
1651915667054 0.9968 0
1651915670703 0.9972 0
1651915674260 0.9976 0
1651915677841 0.9964 0
1651915681491 0.9972 0
1651915685556 0.388 0
1651915689113 0.6356 0
1651915692604 0.7516 0
1651915696207 0.7832 0
1651915699838 0.8344 0
1651915703427 0.8704 0
1651915707045 0.8988 0
1651915710625 0.9096 0
1651915714195 0.91 0
1651915717758 0.926 0
1651915721254 0.9508 0
1651915724857 0.9628 0
1651915728590 0.9736 0
1651915732268 0.9764 0
1651915735868 0.974 0
1651915739389 0.9672 0
1651915742863 0.9868 0
1651915746517 0.9844 0
1651915750188 0.9884 0
1651915753836 0.9908 0
1651915757617 0.9892 0
1651915761366 0.9924 0
1651915764972 0.9872 0
1651915768583 0.9952 0
1651915772283 0.984 0
1651915775935 0.9876 0
1651915779500 0.9904 0
1651915783092 0.9932 0
1651915786661 0.9948 0
1651915790302 0.9948 0
1651915794594 0.5176 0
1651915798297 0.8192 0
1651915801838 0.8872 0
1651915805527 0.916 0
1651915809153 0.9292 0
1651915812772 0.9596 0
1651915816402 0.9608 0
1651915819939 0.9688 0
1651915823522 0.976 0
1651915827041 0.9828 0
1651915830764 0.9836 0
1651915834364 0.9812 0
1651915837827 0.986 0
1651915841523 0.9928 0
1651915845140 0.994 0
1651915848719 0.9936 0
1651915852358 0.9964 0
1651915855920 0.9956 0
1651915859546 0.9976 0
1651915863217 0.9964 0
1651915866835 0.996 0
1651915870394 0.9964 0
1651915873967 0.998 0
1651915877583 0.9952 0
1651915881196 0.9992 0
1651915884814 0.9984 0
1651915888299 0.9984 0
1651915891796 0.9992 0
1651915895392 0.9988 0
1651915898921 0.9988 0
1651915903536 0.3428 0
1651915907136 0.5264 0
1651915910784 0.658 0
1651915914332 0.7504 0
1651915917987 0.7988 0
1651915921612 0.8244 0
1651915925131 0.86 0
1651915928660 0.8836 0
1651915932311 0.9052 0
1651915936021 0.9168 0
1651915939660 0.9464 0
1651915943366 0.9516 0
1651915947001 0.9552 0
1651915950512 0.9652 0
1651915954230 0.9688 0
1651915957909 0.98 0
1651915961492 0.9852 0
1651915965164 0.9828 0
1651915968757 0.984 0
1651915972390 0.9872 0
1651915976049 0.9892 0
1651915979734 0.99 0
1651915983329 0.99 0
1651915987028 0.9896 0
1651915990617 0.9916 0
1651915994325 0.9908 0
1651915997949 0.9316 0
1651916001440 0.9896 0
1651916005090 0.9956 0
1651916008826 0.9944 0
