1652801651874 0.1444 0
1652801665641 0.2534 0
1652801679186 0.3464 0
1652801692996 0.3816 0
1652801706926 0.4398 0
1652801722214 0.226 0
1652801732224 0.4346 0
1652801742212 0.5138 0
1652801752223 0.563 0
1652801762062 0.6034 0
1652801782998 0.1988 0
1652801793288 0.3084 0
1652801803454 0.386 0
1652801813798 0.4312 0
1652801824217 0.467 0
1652801850673 0.2012 0
1652801860242 0.3658 0
1652801869918 0.4602 0
1652801879508 0.4972 0
1652801888902 0.5458 0
1652801918702 0.2336 0
1652801928544 0.3384 0
1652801938201 0.3898 0
1652801947891 0.4334 0
1652801957712 0.4564 0
