1654786699983 0.39119626508215605 0
1654786713262 0.7256411811071364 0
1654786726874 0.9014733523312921 0
1654786740311 0.9721093797368581 0
1654786753553 0.9903595464742618 0
1654786767194 0.9939368216819257 0
1654786780736 0.9964227247923362 0
1654786794519 0.9978172558054932 0
1654786807858 0.9986661007700236 0
1654786821697 0.9988479961195659 0
1654786842463 0.7955854708628949 0
1654786859255 0.9719847189376023 0
1654786876240 0.9921169122551695 0
1654786893280 0.9947850342611121 0
1654786910042 0.9969074040385665 0
1654786926855 0.9982414650415378 0
1654786943559 0.99860529986053 0
1654786960152 0.9978776302225456 0
1654786976562 0.9989084955430235 0
1654786993563 0.9996361651810078 0
1654787018447 0.8709833878986298 0
1654787035279 0.9874499818115678 0
1654787052100 0.9955741481750939 0
1654787069052 0.9955741481750939 0
1654787085689 0.9994543470352856 0
1654787102376 0.9980599005699042 0
1654787119426 0.9994543470352856 0
1654787135975 0.9998181156784285 0
1654787152517 0.999514975142476 0
1654787169453 0.9987874378561902 0
1654787198774 0.7986658580958157 0
1654787215657 0.9569436021831413 0
1654787232202 0.9860521528198909 0
1654787248902 0.9914493632504549 0
1654787265736 0.993086719223772 0
1654787282484 0.9943602183141298 0
1654787299261 0.9972710733778047 0
1654787316245 0.9966646452395391 0
1654787332821 0.9995755003032141 0
1654787349646 0.9970285021224985 0
1654787383546 0.8621421639980592 0
1654787400521 0.9904172731683649 0
1654787417505 0.9967855409995148 0
1654787434288 0.9985443959243085 0
1654787450870 0.9987869966035905 0
1654787467849 0.9995147986414362 0
1654787484555 0.9991508976225133 0
1654787501279 1.0 0
1654787517957 0.9999393498301795 0
1654787534702 0.9998180494905385 0
