1654469417507 0.8960684382963232 0
1654469430882 0.9916272297051328 0
1654469444353 0.9953282368644581 0
1654469457611 0.9973304210654047 0
1654469471149 0.9983011770416211 0
1654469518003 0.8829380724206951 0
1654469533671 0.9912658458179171 0
1654469549493 0.9936313459088979 0
1654469565125 0.9961788075453387 0
1654469580498 0.9998786923030266 0
1654469633737 0.8714684127561537 0
1654469651276 0.981447799199709 0
1654469669013 0.9881168909906632 0
1654469686718 0.9922396022796168 0
1654469704462 0.9933309082090457 0
1654469763377 0.9309842925586754 0
1654469782862 0.9862938928982958 0
1654469802620 0.9955121596215659 0
1654469822352 0.9969070289283765 0
1654469841744 0.994602462247559 0
1654469907408 0.920790878214459 0
1654469928886 0.9883551673944687 0
1654469950594 0.9908418243571082 0
1654469971813 0.9899927219796215 0
1654469993101 0.9932678311499272 0
1654470064669 0.9527998543954377 0
1654470087677 0.9909603834253473 0
1654470110821 0.9936298004004126 0
1654470133939 0.9941151489413335 0
1654470156775 0.992841109021416 0
1654470234672 0.9216268638622863 0
1654470259601 0.9789065341253486 0
1654470285022 0.9847254212631834 0
1654470309961 0.9849072614862407 0
1654470335181 0.9913928961086192 0
1654470419291 0.9199878677585684 0
1654470445545 0.9767667576584774 0
1654470472279 0.9821049438883834 0
1654470499007 0.9841674249317561 0
1654470525536 0.9831968456172278 0
1654470615478 0.8147788630710429 0
1654470643460 0.9197354850451981 0
1654470671817 0.9344779469756719 0
1654470699221 0.9373293696535825 0
1654470727376 0.9329005642176789 0
1654470823134 0.8939734174910481 0
1654470853006 0.9606724525095588 0
1654470882682 0.9710505553195363 0
1654470912593 0.9762699520543788 0
1654470942576 0.9678946410147479 0
