1651699145293 0.9729034815788269 0
1651699148314 0.58238065700531 0
1651699151370 0.48328624575734136 0
1651699154234 0.41301841988563537 0
1651699157282 0.3420743224978447 0
1651699160256 0.2614043959289789 0
1651699163247 0.2601529103040695 0
1651699166044 0.20007189180403948 0
1651699169068 0.2477681018471718 0
1651699172073 0.17492780128717422 0
1651699175036 0.14769007184654473 0
1651699177879 0.15590235817432405 0
1651699180869 0.1356622110530734 0
1651699183808 0.10855291920900345 0
1651699186792 0.19757763605117798 0
1651699189684 0.141092609924078 0
1651699192780 0.09211967428326606 0
1651699195922 0.09403942003548145 0
1651699198992 0.04352655790783465 0
1651699201881 0.08073623137436807 0
1651699204815 0.060540200045704845 0
1651699207897 0.048038271754980086 0
1651699211019 0.049860986962914466 0
1651699213909 0.07700896675419062 0
1651699216956 0.0418443753214553 0
1651699219890 0.06209500133097172 0
1651699222976 0.15784014107249678 0
1651699225868 0.06591047162562609 0
1651699228832 0.06065256717428565 0
1651699231852 0.03660351414680481 0
1651699234949 0.051163060618937016 0
1651699237846 0.05018440981842578 0
1651699240891 0.04398878202405758 0
1651699243972 0.02615237181931734 0
1651699246904 0.024124076270032675 0
1651699249785 0.053746050748229024 0
1651699252842 0.0391097061438486 0
1651699255900 0.03470053354948759 0
1651699259010 0.0253377267036587 0
1651699261903 0.043564398481417445 0
1651699264883 0.030898382340930404 0
1651699267799 0.022135349837411195 0
1651699270836 0.02399274648912251 0
1651699273674 0.03234734671860933 0
1651699276594 0.013912907807761804 0
1651699279632 0.03109350876752287 0
1651699282736 0.053747796766646205 0
1651699285614 0.05837762207984924 0
1651699288588 0.040318483684584495 0
1651699291660 0.05959635604321956 0
1651699296942 0.6404243443489075 0
1651699302096 0.4548683672428131 0
1651699307186 0.39419119166135785 0
1651699312372 0.3067406945705414 0
1651699317442 0.26976794292926787 0
1651699322444 0.20935700088739395 0
1651699327501 0.18587056179046632 0
1651699332776 0.17071622761487962 0
1651699337847 0.13878839063048362 0
1651699343065 0.1253308334648609 0
1651699348146 0.1500600101172924 0
1651699353191 0.11841864519417286 0
1651699358286 0.08892186607122421 0
1651699363364 0.06044504935145378 0
1651699368550 0.06651511399745941 0
1651699373671 0.06585453498959541 0
1651699378870 0.07222788766771555 0
1651699384055 0.0720805268779397 0
1651699389305 0.052371158707141874 0
1651699394478 0.09427592093795538 0
1651699399696 0.0667497857734561 0
1651699404775 0.05906926231831312 0
1651699409820 0.05544070911109447 0
1651699414912 0.04204894862025976 0
1651699420022 0.04169829501286149 0
1651699424875 0.04765513819754124 0
1651699429801 0.036782472748309376 0
1651699434926 0.06284071868807077 0
1651699440111 0.05333334996476769 0
1651699444947 0.04769943451024592 0
1651699449826 0.04151245645172894 0
1651699454697 0.0526959778778255 0
1651699459936 0.0777591946259141 0
1651699465151 0.0335546938015148 0
1651699470228 0.02407795019671321 0
1651699475194 0.016284202780760825 0
1651699480167 0.0232788531485945 0
1651699485235 0.0680194966873154 0
1651699490459 0.0473631104581058 0
1651699495626 0.06228372030779719 0
1651699500585 0.04206421137768775 0
1651699505657 0.04523278925046325 0
1651699510846 0.048955557456426324 0
1651699516038 0.04815149021968246 0
1651699521198 0.02269689570562914 0
1651699526063 0.03422932833991945 0
1651699531022 0.03295814807675779 0
1651699536195 0.01283994041592814 0
1651699541361 0.04461072345245629 0
1651699546407 0.05813735620118678 0
1651699554333 0.4322717997074127 0
1651699561833 0.28630669119755425 0
1651699569022 0.25280759098529815 0
1651699576395 0.2116010235786438 0
1651699583635 0.17245906693140667 0
1651699590765 0.16337267598311106 0
1651699597870 0.140279907031854 0
1651699605081 0.11510045555482308 0
1651699612304 0.09420793084700903 0
1651699619779 0.07391019667008271 0
1651699627097 0.06677777575353781 0
1651699634521 0.09260410713056723 0
1651699641929 0.06871860025972128 0
1651699649260 0.06698108406936129 0
1651699656548 0.06171080594783028 0
1651699663815 0.060458314782381055 0
1651699670829 0.04815333605743945 0
1651699678206 0.04642302781691154 0
1651699685404 0.06706617900878191 0
1651699692594 0.047746052950806916 0
1651699699867 0.057373983591111996 0
1651699707127 0.054525230957070986 0
1651699714398 0.06550734745562077 0
1651699721703 0.0443678028528889 0
1651699729083 0.035898951717093584 0
1651699736386 0.030452751119807362 0
1651699743857 0.03619136920248469 0
1651699751277 0.03346401001190146 0
1651699758644 0.05308193605790536 0
1651699765987 0.04186986201579372 0
1651699773429 0.04907567554240425 0
1651699780562 0.03661183164970328 0
1651699787899 0.04079339530252231 0
1651699795140 0.04490456758116682 0
1651699802620 0.04840227698011634 0
1651699810130 0.04662022040759524 0
1651699817469 0.0342533196899419 0
1651699824831 0.020216748988504212 0
1651699832284 0.0308912900025025 0
1651699839750 0.04978510075472295 0
1651699847065 0.03961668453471114 0
1651699854212 0.04211379875851174 0
1651699861332 0.050701040432602165 0
1651699868469 0.03271745133437216 0
1651699875969 0.027157552419230343 0
1651699883279 0.04261424343443165 0
1651699890725 0.057838146333148086 0
1651699898057 0.03591557866291453 0
1651699905225 0.025393107637545716 0
1651699912652 0.02367215422488128 0
1651699922983 0.2252973430633545 0
1651699932636 0.14600206757187845 0
1651699942079 0.11210008404552936 0
1651699951813 0.0882490657530725 0
1651699961499 0.06768497602418065 0
1651699971204 0.08193301895372569 0
1651699980900 0.07051611540224403 0
1651699990292 0.05579904843289405 0
1651699999965 0.05998993954285979 0
1651700009455 0.060862763095274566 0
1651700019132 0.04023038165532052 0
1651700029183 0.06199516417980194 0
1651700038867 0.04688242417350411 0
1651700048583 0.04644769482109696 0
1651700058308 0.03468080089325085 0
1651700068166 0.04515276164673269 0
1651700077857 0.0560968651406467 0
1651700087373 0.04193151307888329 0
1651700097198 0.04750658987956122 0
1651700107251 0.03984153925124556 0
1651700116911 0.027631119471462445 0
1651700126639 0.03107830919828266 0
1651700136521 0.047157457768172026 0
1651700146310 0.039021521337423475 0
1651700156069 0.03193431491293013 0
1651700165529 0.03984228465193883 0
1651700175674 0.04762304270584136 0
1651700185497 0.030609693600889297 0
1651700195466 0.039850897744018586 0
1651700205381 0.03933651555627585 0
1651700215017 0.03779867105651647 0
1651700224792 0.02916828591132071 0
1651700234675 0.03780339038260281 0
1651700244396 0.03421529054709244 0
1651700254054 0.03169124952894636 0
1651700263903 0.03912043254617602 0
1651700273604 0.03162992117586546 0
1651700283351 0.031042049848195166 0
1651700293043 0.03234312291368842 0
1651700302652 0.03689252824997529 0
1651700312447 0.04869919802583754 0
1651700322105 0.02924977898548823 0
1651700331552 0.031927989811915906 0
1651700341453 0.020898707792675122 0
1651700351034 0.03501437453087419 0
1651700360799 0.03194833578635007 0
1651700370575 0.03384354540563654 0
1651700380576 0.033546189356315884 0
1651700390240 0.03321651739992667 0
1651700399744 0.04318362360431347 0
1651700412801 0.2829818001699448 0
1651700425168 0.20781260845303534 0
1651700437406 0.18549918347358704 0
1651700449104 0.15167476490736007 0
1651700461194 0.1250539100188017 0
1651700473241 0.11094300814092159 0
1651700485509 0.10339970133841038 0
1651700497722 0.08873355258494615 0
1651700509978 0.08242057892143727 0
1651700522307 0.06136827564150095 0
1651700534557 0.0692191032025218 0
1651700546845 0.06216201847136021 0
1651700559503 0.05642485944032669 0
1651700571634 0.04567786230519414 0
1651700583554 0.051305635704547166 0
1651700595679 0.052516385437995194 0
1651700608176 0.05195429678473622 0
1651700620380 0.05453939320549369 0
1651700632437 0.04578254136100411 0
1651700644507 0.0396033318477124 0
1651700656721 0.03949767389208078 0
1651700668636 0.03730158441700041 0
1651700680856 0.04933040782980621 0
1651700693018 0.05706369048703462 0
1651700705599 0.03388704421088099 0
1651700718125 0.041910093965232376 0
1651700730382 0.042111494393870234 0
1651700742747 0.04340189311139286 0
1651700755263 0.03614305950254202 0
1651700767417 0.03780859893444925 0
1651700779552 0.038305264653600755 0
1651700791983 0.05214356123074889 0
1651700804167 0.041715620624646545 0
1651700816544 0.03627199945280329 0
1651700828714 0.026623352961800992 0
1651700840998 0.03563865475282073 0
1651700853094 0.04917675225004554 0
1651700865146 0.04540424427628517 0
1651700877577 0.03862825136590749 0
1651700889864 0.04043546573003754 0
1651700902089 0.03804557388702407 0
1651700914251 0.03465711434215307 0
1651700926524 0.027303683432545512 0
1651700938815 0.026257941046729683 0
1651700950877 0.04170009320057928 0
1651700963310 0.05035027256432921 0
1651700975953 0.038604353448990734 0
1651700988431 0.04488159990645945 0
1651701000894 0.03251383496457711 0
1651701013113 0.031765203887857495 0
