1654676251413 0.6224312377689404 0
1654676266211 0.12464168077846473 0
1654676281342 0.07493454964053008 0
1654676296099 0.0538294698049429 0
1654676311187 0.04040149730849709 0
1654676327527 0.039712193101621475 0
1654676342133 0.04045578091709863 0
1654676356851 0.03125513465256845 0
1654676371670 0.036951287497334846 0
1654676386688 0.027303641802867467 0
1654676401228 0.04123423381204644 0
1654676416557 0.023156254315401366 0
1654676431554 0.02678957595773952 0
1654676446398 0.022797261884063662 0
1654676461274 0.026430255638275172 0
1654676476131 0.026276741706217313 0
1654676491151 0.019377482721094682 0
1654676505830 0.018408922460868112 0
1654676521038 0.02275843390148197 0
1654676535496 0.019649855031358358 0
1654676550009 0.018147336629658024 0
1654676564879 0.022714254360455682 0
1654676579451 0.025127930103872962 0
1654676594332 0.013608784141849935 0
1654676609119 0.008673005353530066 0
1654676623971 0.032069683339110165 0
1654676638363 0.01921688156390992 0
1654676653645 0.015049742179701576 0
1654676668784 0.013792463320632038 0
1654676683367 0.006686788868549873 0
1654676698378 0.03708140790095708 0
1654676713114 0.009372163782686634 0
1654676727267 0.021310317383543522 0
1654676742036 0.02590588060729067 0
1654676756834 0.01368299977229548 0
1654676771516 0.012114520689577388 0
1654676786248 0.007382974014844062 0
1654676801237 0.01399857876989638 0
1654676816248 0.020830840361540336 0
1654676831194 0.024485915453485916 0
1654676846101 0.016052443989978776 0
1654676860629 0.0029092807945493354 0
1654676875659 0.021741608486888567 0
1654676890383 0.014998066352149755 0
1654676905369 0.0038818270008283756 0
1654676920224 0.011698085847843353 0
1654676934959 0.02514011148499552 0
1654676949853 0.005525004334093337 0
1654676965082 0.0008479911637791997 0
1654676979670 0.0023595662187026554 0
1654677021964 0.23445992988003014 0
1654677059748 0.03389072336245661 0
1654677097883 0.027064687785431234 0
1654677135797 0.030366835724405405 0
1654677173826 0.017352606159431638 0
1654677212466 0.021669973211535656 0
1654677250432 0.015286163184064904 0
1654677288280 0.018052995035699407 0
1654677326184 0.02173424703838568 0
1654677364332 0.00713451949435185 0
1654677402535 0.02602619656478429 0
1654677441154 0.01642100968313322 0
1654677479276 0.02726806080168751 0
1654677517499 0.004993018070907879 0
1654677555525 0.01427448093663057 0
1654677593469 0.01439652585754478 0
1654677631573 0.012990708636073314 0
1654677669869 0.01642112507989863 0
1654677708004 0.009157206345926976 0
1654677746063 0.0005220559187832647 0
1654677783945 0.03870355920740675 0
1654677821924 0.008064287053954153 0
1654677859757 0.012141348416350268 0
1654677898177 0.014181694772182476 0
1654677936047 0.01279528048266642 0
1654677973847 0.004791831720095495 0
1654678011821 0.019918006092997875 0
1654678049795 0.007329672087002605 0
1654678087768 0.01790508757266988 0
1654678125896 0.011897083106912319 0
1654678164279 0.015669986725901586 0
1654678202261 0.018330861500176612 0
1654678240268 0.009021050627423418 0
1654678278382 0.00399522441543085 0
1654678316331 0.004188240329423167 0
1654678354387 0.021956055027595147 0
1654678392695 0.012680274026403615 0
1654678430855 0.01743631090907147 0
1654678469137 0.006783329392876527 0
1654678506895 0.009005634337512086 0
1654678544849 0.0007398360307736711 0
1654678582736 0.014253295349696906 0
1654678620975 0.016413002124118597 0
1654678658869 0.012269789188251933 0
1654678697118 0.011618616734672038 0
1654678734918 0.0054337950577691045 0
1654678772871 0.009276829953522003 0
1654678810878 0.007004746837198727 0
1654678849090 0.01957074523880614 0
1654678886944 0.004236638462243899 0
1654678933506 0.1656640725302854 0
1654678971005 0.02897062561877557 0
1654679008428 0.02042475707747238 0
1654679045921 0.011055757796268441 0
1654679083331 0.0165386376407763 0
1654679120917 0.014928177990280978 0
1654679158549 0.003992536969563494 0
1654679195992 0.024456317478095832 0
1654679233420 0.011367308153602656 0
1654679270739 0.0125786556605989 0
1654679308128 0.009327566564509249 0
1654679345873 0.015003635988483964 0
1654679383369 0.0011936040911337883 0
1654679420923 0.012187812481920317 0
1654679458292 0.01786889742708708 0
1654679495735 0.00869883542573901 0
1654679533075 0.009254373276876638 0
1654679570640 0.006743515311630501 0
1654679608091 0.01946176444551633 0
1654679645482 0.011417746843907468 0
1654679683058 0.005886619944485218 0
1654679720668 0.000774799297462889 0
1654679758030 1.4289699255224412e-05 0
1654679795294 1.7333518307393205e-05 0
1654679832782 9.009304566449188e-06 0
1654679870309 7.416617241629541e-07 0
1654679907735 0.05210126545425086 0
1654679945285 0.008367097591944166 0
1654679982795 0.004127419369703695 0
1654680020446 0.007627621108468409 0
1654680057815 0.019782496464838758 0
1654680095241 0.004235833061741065 0
1654680132707 0.010551832086095657 0
1654680170361 0.012003074321588586 0
1654680207947 0.003922292932800257 0
1654680245394 6.914259028207491e-05 0
1654680282796 0.02578725335398566 0
1654680320319 0.008196494659586379 0
1654680357747 0.007580392779373648 0
1654680395019 0.014131399568104344 0
1654680432467 0.0012758255769716796 0
1654680470153 0.0007913373347623822 0
1654680508221 0.025265741043500232 0
1654680545802 0.0074952060102936105 0
1654680583510 0.005553456519809503 0
1654680620952 0.00017065548642478334 0
1654680658525 0.02303893438735697 0
1654680695886 0.002504239566850763 0
1654680733334 1.511622123497051e-05 0
1654680770797 0.0020986891707934084 0
1654680821349 0.30773127118589805 0
1654680858861 0.0723957536747739 0
1654680895977 0.03828546539833741 0
1654680933600 0.039416375145877515 0
1654680970793 0.03326141632842171 0
1654681008403 0.02653365904561895 0
1654681045539 0.019224190225828174 0
1654681083130 0.03345854629735926 0
1654681120615 0.022880465424028856 0
1654681157596 0.022364109125467817 0
1654681194924 0.015028533261927865 0
1654681232439 0.027251379602131805 0
1654681269569 0.013698376821206623 0
1654681306703 0.02475639683438514 0
1654681344375 0.01692437766774418 0
1654681381636 0.020487144951956554 0
1654681418758 0.014471145168699668 0
1654681456163 0.026432888481055492 0
1654681493269 0.021604292245556756 0
1654681530686 0.007275496075934648 0
1654681568124 0.026661506239672148 0
1654681605386 0.01162735042051203 0
1654681642589 0.0005937052536144073 0
1654681679654 0.029600867398506158 0
1654681716930 0.017788342520224102 0
1654681754141 0.026708413470071798 0
1654681791226 0.011720418442651915 0
1654681828553 0.010462029282050023 0
1654681866166 0.022091161861922826 0
1654681903808 0.013633407809076353 0
1654681941164 0.018457991018792638 0
1654681978498 0.013784834474289598 0
1654682015795 0.0023691857975976526 0
1654682053078 0.0019061379332063334 0
1654682090239 0.04063852532730084 0
1654682127540 0.0199201279375158 0
1654682164826 0.0034540039403525027 0
1654682202440 0.02159106137592169 0
1654682239841 0.012620229368656366 0
1654682276821 0.019619164041142115 0
1654682314083 0.016385637491101623 0
1654682351355 0.0191071975423203 0
1654682388660 0.006999638857041452 0
1654682425911 0.0015010612131680936 0
1654682463117 0.02368801810954889 0
1654682500571 0.013466423673756034 0
1654682537842 0.02082899540816915 0
1654682575005 0.012280439851575278 0
1654682612294 0.018123622254210714 0
1654682649633 0.006115432837633313 0
1654682704427 0.14836331516830092 0
1654682742123 0.014760444399415868 0
1654682779922 0.016792083195408862 0
1654682817275 0.013404841850049571 0
1654682854776 0.009776659226478251 0
1654682892738 0.009094128928076425 0
1654682931046 0.013831513793423083 0
1654682968582 0.0018570541633530383 0
1654683006121 0.029756267535542478 0
1654683043727 0.005411203378465904 0
1654683081128 0.001199666717360374 0
1654683118878 0.01368546990501425 0
1654683156302 0.012107842849345378 0
1654683193770 0.00014281199766927753 0
1654683231093 1.477216913381812e-05 0
1654683268653 0.0005904199993033943 0
1654683306152 0.03805376229533387 0
1654683343924 0.011804255327432352 0
1654683381632 0.007446763078994317 0
1654683418892 0.0008728255007125763 0
1654683456409 2.2167696307665924e-05 0
1654683494056 3.860076236487296e-06 0
1654683531775 9.612790471777117e-07 0
1654683569202 0.03678689665958053 0
1654683606768 0.0034343853550523086 0
1654683644151 0.0015695331864439143 0
1654683681358 0.007768202998764525 0
1654683719274 0.011876526153985883 0
1654683756739 0.011566438727700645 0
1654683794252 0.010094640413426717 0
1654683832596 0.0069746291678961046 0
1654683870912 9.250564489430263e-05 0
1654683908255 0.004965190711295075 0
1654683945576 2.8563224935821055e-05 0
1654683983630 1.0456704902690022e-05 0
1654684020946 0.03529313867091457 0
1654684058504 0.006185491907400424 0
1654684096641 0.011243069495050882 0
1654684134326 0.0014420035537455575 0
1654684171708 0.005427149625442725 0
1654684209410 0.01092363116597248 0
1654684247036 0.011808519244886725 0
1654684285193 0.004958700254123884 0
1654684322533 0.005537336579674523 0
1654684360764 0.0013288962970155794 0
1654684398409 0.010171757706792572 0
1654684436514 0.01958350569204712 0
1654684473805 0.010773108422953525 0
1654684511245 0.0020511430309054736 0
1654684548826 0.003606996385641254 0
