1644444932159 0.82165 0
1644444947077 0.9383666666666667 0
1644444961997 0.9688833333333333 0
1644444977021 0.9849333333333333 0
1644444991926 0.99325 0
1644445006955 0.99515 0
1644445021881 0.9966833333333334 0
1644445036894 0.99635 0
1644445052030 0.997 0
1644445066814 0.9968333333333333 0
1644445081611 0.9969166666666667 0
1644445096389 0.9977833333333334 0
1644445111436 0.9984 0
1644445126156 0.9970833333333333 0
1644445141058 0.9978166666666667 0
1644445156013 0.9977666666666667 0
1644445170929 0.9979833333333333 0
1644445185988 0.9976 0
1644445200952 0.99825 0
1644445215906 0.9981833333333333 0
1644445238471 0.8163333333333334 0
1644445249656 0.93415 0
1644445261047 0.96625 0
1644445272254 0.9829833333333333 0
1644445283540 0.99325 0
1644445294904 0.9955333333333334 0
1644445306018 0.9966833333333334 0
1644445317192 0.9969 0
1644445328460 0.99665 0
1644445339660 0.9974166666666666 0
1644445350842 0.9971666666666666 0
1644445362169 0.9973166666666666 0
1644445373349 0.9975666666666667 0
1644445384553 0.9976666666666667 0
1644445395806 0.9973 0
1644445407042 0.9976666666666667 0
1644445418343 0.9987166666666667 0
1644445429663 0.9981 0
1644445440800 0.9976333333333334 0
1644445452089 0.9981333333333333 0
1644445486554 0.8132 0
1644445497898 0.9314833333333333 0
1644445509072 0.96295 0
1644445520397 0.9825333333333334 0
1644445531604 0.9917166666666667 0
1644445542824 0.9948333333333333 0
1644445554160 0.9963666666666666 0
1644445565359 0.9972333333333333 0
1644445576556 0.9957666666666667 0
1644445587932 0.9961833333333333 0
1644445599116 0.9975333333333334 0
1644445610408 0.9978 0
1644445621772 0.9974 0
1644445633023 0.99725 0
1644445644272 0.9981 0
1644445655578 0.9984166666666666 0
1644445666836 0.9978833333333333 0
1644445678120 0.9980333333333333 0
1644445689379 0.9971666666666666 0
1644445700569 0.9982333333333333 0
