1651982984191 1.5888984043121337 0
1651982987418 1.4006321743011474 0
1651982990603 1.1610836156845092 0
1651982993772 0.998655262184143 0
1651982996983 0.901658390045166 0
1651983000223 0.8060151261806489 0
1651983003475 0.7411918710708618 0
1651983006681 0.6731859737396241 0
1651983009908 0.6230184297561645 0
1651983013112 0.5737064278125763 0
1651983016309 0.5333380447626114 0
1651983019484 0.4860742123126984 0
1651983022677 0.4644009032726288 0
1651983025915 0.42448275909423827 0
1651983029121 0.40208724675178525 0
1651983032348 0.3668897848129272 0
1651983035479 0.34553733687400817 0
1651983038656 0.33135503888130186 0
1651983041875 0.29018879352807997 0
1651983045086 0.285146785736084 0
1651983048239 0.2500393773555756 0
1651983051471 0.2337238103866577 0
1651983054619 0.21058874452114104 0
1651983057851 0.1891711813211441 0
1651983061072 0.18275233187824488 0
1651983064290 0.1675818202018738 0
1651983067482 0.16423456650972365 0
1651983070746 0.14276726033687592 0
1651983073949 0.12620939960479735 0
1651983077171 0.10606864644885063 0
1651983081101 1.561525770187378 0
1651983084741 1.383842756652832 0
1651983088351 1.2592322566986085 0
1651983091983 1.1534870244979858 0
1651983095542 1.0670487045288086 0
1651983099287 0.9853893466949463 0
1651983102987 0.8896789693832398 0
1651983106704 0.832215283870697 0
1651983110338 0.7881511520385742 0
1651983114041 0.7252914484024048 0
1651983117805 0.6664597541809082 0
1651983121409 0.6141878664970398 0
1651983125102 0.559884303855896 0
1651983128756 0.5219072938442231 0
1651983132413 0.47300428256988525 0
1651983135989 0.41680824880599976 0
1651983139566 0.3804110599756241 0
1651983143191 0.3368982969045639 0
1651983146788 0.30033814396858216 0
1651983150405 0.25909852803945543 0
1651983154091 0.2373780065059662 0
1651983157812 0.21191248059272766 0
1651983161493 0.17934030594825745 0
1651983165049 0.16650343071222307 0
1651983168849 0.15457040655612947 0
1651983172574 0.12472589980363846 0
1651983176185 0.10031870818734169 0
1651983179799 0.10180945925116539 0
1651983183466 0.08421473004221916 0
1651983187129 0.09611341914534569 0
1651983191344 1.5081752561569215 0
1651983195023 1.251377537918091 0
1651983198597 1.1227869052886963 0
1651983202265 0.9968762746810913 0
1651983205930 0.9157510334968567 0
1651983209623 0.8294321795463562 0
1651983213280 0.7536930141448974 0
1651983216967 0.6837785405635833 0
1651983220579 0.6226692385673523 0
1651983224232 0.5789939011573791 0
1651983228077 0.5210200220108032 0
1651983231739 0.4583937884092331 0
1651983235317 0.4402759873390198 0
1651983238891 0.3899966033935547 0
1651983242575 0.34015323791503904 0
1651983246306 0.3157188533365726 0
1651983249949 0.2661178318977356 0
1651983253678 0.25478362214565276 0
1651983257316 0.20891347155570983 0
1651983260871 0.215874959307909 0
1651983264454 0.17205149513483048 0
1651983268172 0.15160175926685332 0
1651983271786 0.14999103307724 0
1651983275450 0.14156923545002936 0
1651983279099 0.1168200725197792 0
1651983282841 0.09263420046567916 0
1651983286527 0.0885489721775055 0
1651983290194 0.1037937763094902 0
1651983293787 0.07593029512763023 0
1651983297496 0.05322218445539474 0
1651983301906 1.4196239799499513 0
1651983305537 0.9628847214698791 0
1651983309250 0.6864023788452148 0
1651983312975 0.5501333340883255 0
1651983316631 0.4520846942901611 0
1651983320256 0.37954575548172 0
1651983323888 0.3378057996749878 0
1651983327665 0.28423530082702636 0
1651983331410 0.23784820759296418 0
1651983335116 0.22273172552585602 0
1651983338728 0.17800139465332032 0
1651983342458 0.16746980019211768 0
1651983346155 0.13992692868709564 0
1651983349883 0.13786909067630768 0
1651983353691 0.11165327661335468 0
1651983357520 0.09304395942687989 0
1651983361163 0.0829152060508728 0
1651983364768 0.07031922394633293 0
1651983368440 0.06463779921084642 0
1651983372218 0.05110414455533028 0
1651983375860 0.05640710247308016 0
1651983379512 0.05417326802015304 0
1651983383177 0.054060236302018165 0
1651983386944 0.037761634793877605 0
1651983390591 0.03813022188693285 0
1651983394328 0.034041803327202795 0
1651983397977 0.025378566344082355 0
1651983401568 0.023076662939786913 0
1651983405348 0.02376165586411953 0
1651983409062 0.024375352481007577 0
1651983413756 1.543370216369629 0
1651983417332 1.3502100389480591 0
1651983421014 1.2436704133987426 0
1651983424658 1.1493435329437256 0
1651983428362 1.0776443078041076 0
1651983432049 0.9721941482543945 0
1651983435741 0.8873768769264221 0
1651983439545 0.8250514249801636 0
1651983443261 0.7222124793052673 0
1651983446932 0.6682263304710389 0
1651983450638 0.5772184834957123 0
1651983454345 0.5211950715065002 0
1651983458021 0.4519681631088257 0
1651983461663 0.4264135200023651 0
1651983465318 0.35181607284545896 0
1651983468939 0.36016697640419004 0
1651983472668 0.3111854388237 0
1651983476283 0.3000268669128418 0
1651983479909 0.2551978750884533 0
1651983483670 0.2037156676530838 0
1651983487305 0.18217422828674315 0
1651983491003 0.16401660261154175 0
1651983494792 0.13524032921791077 0
1651983498524 0.1328567292958498 0
1651983502196 0.12760929194688797 0
1651983505756 0.11624878321886063 0
1651983509544 0.07826209690272808 0
1651983513272 0.08034746750593186 0
1651983516878 0.08514337447881698 0
1651983520628 0.07626402890309691 0
