1651982984175 0.2864 0
1651982987404 0.464 0
1651982990588 0.5708 0
1651982993755 0.6376 0
1651982996971 0.6508 0
1651983000211 0.692 0
1651983003460 0.7116 0
1651983006672 0.7484 0
1651983009895 0.7672 0
1651983013097 0.7844 0
1651983016298 0.7988 0
1651983019475 0.8256 0
1651983022667 0.8288 0
1651983025903 0.85 0
1651983029110 0.8516 0
1651983032337 0.87 0
1651983035464 0.8796 0
1651983038649 0.8836 0
1651983041863 0.9048 0
1651983045079 0.9 0
1651983048222 0.9208 0
1651983051460 0.9272 0
1651983054605 0.9392 0
1651983057844 0.9508 0
1651983061060 0.9484 0
1651983064281 0.952 0
1651983067467 0.954 0
1651983070738 0.9616 0
1651983073938 0.9704 0
1651983077161 0.9748 0
1651983081090 0.29 0
1651983084734 0.4332 0
1651983088340 0.5088 0
1651983091973 0.5492 0
1651983095529 0.5932 0
1651983099276 0.6184 0
1651983102974 0.6776 0
1651983106692 0.7036 0
1651983110328 0.7144 0
1651983114029 0.7464 0
1651983117791 0.7652 0
1651983121399 0.792 0
1651983125089 0.8064 0
1651983128745 0.8316 0
1651983132399 0.8488 0
1651983135974 0.8636 0
1651983139551 0.8836 0
1651983143180 0.9012 0
1651983146777 0.9144 0
1651983150390 0.9312 0
1651983154080 0.9368 0
1651983157805 0.952 0
1651983161483 0.9588 0
1651983165037 0.9612 0
1651983168837 0.9588 0
1651983172563 0.9728 0
1651983176178 0.9796 0
1651983179788 0.976 0
1651983183448 0.9836 0
1651983187116 0.976 0
1651983191330 0.3344 0
1651983195012 0.5188 0
1651983198585 0.5736 0
1651983202249 0.6344 0
1651983205914 0.6632 0
1651983209613 0.7008 0
1651983213269 0.728 0
1651983216956 0.7624 0
1651983220563 0.7848 0
1651983224216 0.7964 0
1651983228064 0.8204 0
1651983231727 0.8472 0
1651983235302 0.8456 0
1651983238883 0.8732 0
1651983242563 0.8884 0
1651983246293 0.9032 0
1651983249938 0.9244 0
1651983253667 0.9228 0
1651983257305 0.9408 0
1651983260860 0.9316 0
1651983264443 0.9552 0
1651983268162 0.9576 0
1651983271772 0.9552 0
1651983275437 0.9624 0
1651983279085 0.9732 0
1651983282826 0.9768 0
1651983286512 0.978 0
1651983290181 0.974 0
1651983293775 0.9804 0
1651983297484 0.9908 0
1651983301894 0.4428 0
1651983305525 0.676 0
1651983309238 0.7788 0
1651983312964 0.8284 0
1651983316620 0.8572 0
1651983320242 0.8828 0
1651983323881 0.8972 0
1651983327653 0.9192 0
1651983331393 0.9308 0
1651983335102 0.9396 0
1651983338715 0.9532 0
1651983342445 0.9528 0
1651983346134 0.966 0
1651983349872 0.9632 0
1651983353677 0.9764 0
1651983357508 0.9788 0
1651983361152 0.9804 0
1651983364757 0.986 0
1651983368428 0.9864 0
1651983372207 0.9904 0
1651983375849 0.9888 0
1651983379501 0.9876 0
1651983383164 0.9872 0
1651983386937 0.9936 0
1651983390578 0.9916 0
1651983394317 0.9924 0
1651983397969 0.9976 0
1651983401560 0.9976 0
1651983405332 0.9952 0
1651983409050 0.9948 0
1651983413748 0.2992 0
1651983417320 0.4416 0
1651983420998 0.4996 0
1651983424641 0.5572 0
1651983428348 0.5916 0
1651983432037 0.6324 0
1651983435725 0.6836 0
1651983439534 0.7008 0
1651983443242 0.7456 0
1651983446922 0.768 0
1651983450626 0.8036 0
1651983454332 0.83 0
1651983458011 0.8516 0
1651983461652 0.8568 0
1651983465309 0.8868 0
1651983468927 0.88 0
1651983472658 0.904 0
1651983476268 0.904 0
1651983479894 0.9184 0
1651983483653 0.9384 0
1651983487293 0.948 0
1651983490988 0.956 0
1651983494784 0.9668 0
1651983498510 0.9616 0
1651983502183 0.9656 0
1651983505748 0.9664 0
1651983509535 0.9812 0
1651983513257 0.978 0
1651983516867 0.9776 0
1651983520614 0.9788 0
