1651953593417 0.576 0
1651953598231 0.8212 0
1651953602995 0.9032 0
1651953607688 0.9376 0
1651953612507 0.9648 0
1651953617147 0.9696 0
1651953621908 0.9796 0
1651953626730 0.9832 0
1651953631320 0.9872 0
1651953635927 0.9904 0
1651953651036 0.7106943335993615 0
1651953666089 0.8118515562649641 0
1651953681131 0.858339984038308 0
1651953696043 0.8910614525139665 0
1651953710999 0.9146049481245012 0
1651953726211 0.9307661612130886 0
1651953741353 0.9429369513168396 0
1651953756464 0.9584996009577015 0
1651953771548 0.9642857142857143 0
1651953786830 0.975658419792498 0
1651953806779 0.7019154030327215 0
1651953826261 0.8389864325618516 0
1651953845683 0.8786911412609737 0
1651953865090 0.8960494812450119 0
1651953884514 0.9187948922585794 0
1651953904189 0.9337589784517158 0
1651953923861 0.9461292897047087 0
1651953943241 0.9583000798084597 0
1651953962701 0.9670790103750998 0
1651953982109 0.9750598563447725 0
1651954006550 0.8020750199521149 0
1651954030328 0.9221867517956903 0
1651954054073 0.9441340782122905 0
1651954077896 0.9606943335993615 0
1651954101691 0.9704708699122107 0
1651954125606 0.9786512370311253 0
1651954149253 0.9850359138068635 0
1651954172920 0.9860335195530726 0
1651954196728 0.9886272944932163 0
1651954220517 0.9940143655227454 0
1651954249494 0.7188747007182761 0
1651954277431 0.8140462889066241 0
1651954305538 0.8693136472466081 0
1651954333559 0.8926576217079011 0
1651954361652 0.9171987230646449 0
1651954389695 0.9311652035115723 0
1651954418059 0.9487230646448523 0
1651954446250 0.9571029529130087 0
1651954474218 0.9702713487629688 0
1651954502334 0.9776536312849162 0
