1653193865832 2.4155249433517456 0
1653193870310 2.212867572784424 0
1653193874719 2.0746659748077394 0
1653193879044 1.9760929122924804 0
1653193883468 1.8242193004608154 0
1653193887843 1.7119559093475343 0
1653193892138 1.6485191604614258 0
1653193896599 1.5361349864959717 0
1653193901009 1.4087335729599 0
1653193905386 1.3133981578826903 0
1653193909658 1.2502541748046876 0
1653193914230 1.146024070739746 0
1653193918605 1.0474182104110719 0
1653193923028 0.9366724546432496 0
1653193927450 0.8272307876586914 0
1653193931937 0.7600878421783447 0
1653193936346 0.6381716575622559 0
1653193940693 0.6273123897552491 0
1653193945077 0.5221011300086975 0
1653193949350 0.4550820520877838 0
1653193953679 0.3629331965923309 0
1653193958017 0.29818159592151644 0
1653193962400 0.2648298225164413 0
1653193966750 0.25025687646865846 0
1653193971185 0.24376854159832 0
1653193975455 0.19337836689949037 0
1653193979941 0.19703808971643447 0
1653193984235 0.15563545200824738 0
1653193988674 0.14979672002792357 0
1653193993017 0.12426911197900772 0
1653193997436 0.13341636459827422 0
1653194001784 0.1079280585050583 0
1653194006168 0.1380009359240532 0
1653194010630 0.11373799106180668 0
1653194015058 0.10501944102048874 0
1653194019415 0.10638837810009719 0
1653194023712 0.07992633193135261 0
1653194028121 0.07746296601593494 0
1653194032440 0.06745327400267125 0
1653194036853 0.08329844362661243 0
1653194041294 0.06982183282338082 0
1653194045579 0.07834372381269931 0
1653194049881 0.07721717674434185 0
1653194054258 0.06558601328134536 0
1653194058583 0.06752829499542713 0
1653194063080 0.04463928177393973 0
1653194067614 0.031131101024337113 0
1653194072016 0.03802919622510672 0
1653194076484 0.025879148599132897 0
1653194080857 0.02966740737520158 0
1653194086483 2.0610233203887938 0
1653194091751 1.5889228504180908 0
1653194097073 1.3489027820587158 0
1653194102330 1.0855779706001283 0
1653194107633 0.9146418878555298 0
1653194113051 0.7638923662185669 0
1653194118261 0.6448170524597168 0
1653194123369 0.5225655939102173 0
1653194128617 0.4203677106380463 0
1653194133937 0.3618469775438309 0
1653194139248 0.30082479448318483 0
1653194144473 0.2439283385336399 0
1653194149717 0.2069426095932722 0
1653194155068 0.16057971202135085 0
1653194160227 0.14479222932457925 0
1653194165465 0.10034231698513031 0
1653194170764 0.10924970224201679 0
1653194175975 0.07568531460165978 0
1653194181261 0.08102993649840355 0
1653194186637 0.07089281366653741 0
1653194191853 0.05852315524369478 0
1653194197017 0.04156393267661333 0
1653194202237 0.05192634386122227 0
1653194207553 0.049109490282833575 0
1653194212819 0.03926652145087719 0
1653194218114 0.048067674311995504 0
1653194223327 0.04666416253447533 0
1653194228547 0.057879661022126674 0
1653194233773 0.04342865610122681 0
1653194239076 0.03574322481453419 0
1653194244247 0.04802599571198225 0
1653194249306 0.06923777934908867 0
1653194254440 0.03889734904170036 0
1653194259925 0.022668678488209845 0
1653194265304 0.028749154363572598 0
1653194270595 0.019220569587126375 0
1653194275961 0.028830598095059393 0
1653194281129 0.032511922255530956 0
1653194286496 0.02180159990331158 0
1653194291703 0.027110980268940328 0
1653194296919 0.024697656461969017 0
1653194302185 0.01851650105714798 0
1653194307512 0.025209290500730275 0
1653194312835 0.020131833100318908 0
1653194318124 0.019182282523438333 0
1653194323512 0.01701788177898852 0
1653194328931 0.019022861992381512 0
1653194334201 0.029002921468019485 0
1653194339532 0.030204592034500093 0
1653194344810 0.01720951400799677 0
1653194350836 1.9933292331695556 0
1653194355992 1.580162068939209 0
1653194361375 1.2834898460388184 0
1653194366613 1.0632885942459107 0
1653194371991 0.9465547473907471 0
1653194377369 0.745814075088501 0
1653194382642 0.6287252212524415 0
1653194387966 0.49862129144668577 0
1653194393572 0.43100588450431826 0
1653194398936 0.39042236676216124 0
1653194404254 0.28633453015089033 0
1653194409357 0.2508282155752182 0
1653194414755 0.23712078166007997 0
1653194419999 0.17463917384445668 0
1653194425337 0.1224242106795311 0
1653194430659 0.09340666811466217 0
1653194435905 0.10210987899303436 0
1653194441264 0.10252054696083068 0
1653194446478 0.0873074188798666 0
1653194451756 0.08012082529067993 0
1653194457003 0.07132002440989017 0
1653194462179 0.0843602414727211 0
1653194467324 0.06612779864668847 0
1653194472570 0.08894588297381997 0
1653194477905 0.06351668288633228 0
1653194483091 0.04696018839180469 0
1653194488477 0.046903072193264964 0
1653194493694 0.04271915132272989 0
1653194498920 0.05056001483416185 0
1653194504184 0.039941094186902046 0
1653194509374 0.02684216071367264 0
1653194514581 0.02801117913722992 0
1653194519836 0.03262430933564901 0
1653194525120 0.039803926702588796 0
1653194530392 0.055480712473392486 0
1653194535693 0.054349992532283065 0
1653194541028 0.036901818835735324 0
1653194546351 0.07853351391106844 0
1653194551793 0.05170974402874708 0
1653194557090 0.04684410418793559 0
1653194562609 0.044669660165905956 0
1653194567970 0.02971190112605691 0
1653194573178 0.03134860317334533 0
1653194578474 0.033751423886418344 0
1653194583769 0.03021523455604911 0
1653194589031 0.02345236775977537 0
1653194594199 0.018500817417912187 0
1653194599477 0.022314686617255212 0
1653194604837 0.03500329896118492 0
1653194610182 0.015123688268475235 0
1653194616425 1.8363203121185303 0
1653194621655 1.3089448036193847 0
1653194626921 1.0381804822921752 0
1653194632199 0.8473013575553894 0
1653194637557 0.6651888211250305 0
1653194642960 0.5348410965919494 0
1653194648310 0.4000769214630127 0
1653194653534 0.34969235010147093 0
1653194658839 0.2542581146478653 0
1653194664108 0.22494853444099427 0
1653194669237 0.16588275935947894 0
1653194674483 0.14824414919614792 0
1653194679637 0.10306187837421894 0
1653194684944 0.10196158902645111 0
1653194690170 0.09181293473243714 0
1653194695568 0.07419888795763255 0
1653194700875 0.05343668854683638 0
1653194706181 0.055744173404574396 0
1653194711430 0.050398282764852045 0
1653194716376 0.05953400009125471 0
1653194721662 0.0534555129930377 0
1653194727012 0.091626891964674 0
1653194732157 0.04054515659660101 0
1653194737418 0.03982997489273548 0
1653194742746 0.03171322093196213 0
1653194747915 0.023684385243058204 0
1653194753075 0.022448083477653563 0
1653194758340 0.020427361119166015 0
1653194763646 0.022852477826364338 0
1653194768936 0.02726098422333598 0
1653194774236 0.02910861198231578 0
1653194779443 0.020966956580802797 0
1653194784868 0.015482666002213956 0
1653194790264 0.015853980058431624 0
1653194795417 0.01174424535902217 0
1653194800719 0.0128403199583292 0
1653194805963 0.05223606218844652 0
1653194811274 0.02689314045002684 0
1653194816688 0.03624677257188596 0
1653194821927 0.03939254012387246 0
1653194827466 0.02762473147516139 0
1653194832829 0.015497662681993096 0
1653194838205 0.013777354071103037 0
1653194843541 0.013118462146678939 0
1653194848895 0.013470658540725707 0
1653194854261 0.01567368412055075 0
1653194859587 0.015664963231422007 0
1653194864776 0.021485486601293086 0
1653194870060 0.013805529759451747 0
1653194875275 0.00979303085161373 0
1653194882029 1.8805516065597534 0
1653194887375 1.5251169302940368 0
1653194892709 1.3105896865844726 0
1653194898012 1.1339724473953248 0
1653194903366 0.946371103477478 0
1653194908573 0.7989145526885987 0
1653194913926 0.6434786466598511 0
1653194919204 0.5501200270652771 0
1653194924507 0.4573442225456238 0
1653194929858 0.34962032408714294 0
1653194935243 0.2956978552341461 0
1653194940577 0.27904343099594114 0
1653194945936 0.19865047117471696 0
1653194951241 0.1571957818746567 0
1653194956704 0.11157116211652755 0
1653194961827 0.10267453343719243 0
1653194967150 0.08536353281736374 0
1653194972561 0.09014601383209228 0
1653194977952 0.07627526836991311 0
1653194983287 0.06167624372839928 0
1653194988652 0.047370461481809616 0
1653194994056 0.08905138926804065 0
1653194999479 0.06832807140350342 0
1653195004994 0.056397459790110585 0
1653195010151 0.05972199666202068 0
1653195015333 0.06224143461287022 0
1653195020662 0.044428220069408414 0
1653195026156 0.04823819946795702 0
1653195031532 0.039038829807937145 0
1653195036727 0.027113365323096515 0
1653195042093 0.023023124307766558 0
1653195047481 0.02127284579873085 0
1653195052825 0.018024102950235828 0
1653195058070 0.019060051496326922 0
1653195063331 0.02329300315733999 0
1653195068683 0.017102578853070736 0
1653195074195 0.020064953969046475 0
1653195079721 0.02367831289190799 0
1653195085222 0.020378406682237983 0
1653195090611 0.012710286528617144 0
1653195095957 0.012100727093219757 0
1653195101230 0.021213759223138912 0
1653195106722 0.015883078950736672 0
1653195112226 0.013280649059265851 0
1653195117621 0.016009637698810548 0
1653195122915 0.011353617597557604 0
1653195128168 0.013636280560679734 0
1653195133273 0.014122775802761316 0
1653195138461 0.01936221136953682 0
1653195143814 0.017121536608040333 0
