1651982437022 0.274 0
1651982440166 0.4404 0
1651982443355 0.5532 0
1651982446504 0.6152 0
1651982449710 0.6284 0
1651982452866 0.6884 0
1651982456083 0.7128 0
1651982459342 0.7444 0
1651982462528 0.7756 0
1651982465738 0.7984 0
1651982468818 0.8056 0
1651982472052 0.8248 0
1651982475272 0.8372 0
1651982478464 0.8548 0
1651982481651 0.8648 0
1651982484833 0.878 0
1651982488067 0.8904 0
1651982491353 0.8916 0
1651982494620 0.9108 0
1651982497857 0.914 0
1651982501053 0.93 0
1651982504331 0.93 0
1651982507517 0.9364 0
1651982510770 0.9524 0
1651982513897 0.9584 0
1651982517040 0.9612 0
1651982520276 0.968 0
1651982523465 0.9652 0
1651982526631 0.96 0
1651982529868 0.9728 0
1651982533720 0.2812 0
1651982537365 0.4152 0
1651982541049 0.5 0
1651982544707 0.5472 0
1651982548454 0.5972 0
1651982552102 0.6284 0
1651982555779 0.6768 0
1651982559481 0.6988 0
1651982563164 0.7128 0
1651982566808 0.746 0
1651982570482 0.7712 0
1651982574194 0.7932 0
1651982577876 0.8116 0
1651982581521 0.8304 0
1651982585208 0.8512 0
1651982588817 0.8724 0
1651982592533 0.8808 0
1651982596160 0.8948 0
1651982599901 0.922 0
1651982603565 0.9228 0
1651982607182 0.938 0
1651982610901 0.938 0
1651982614513 0.9536 0
1651982618194 0.9568 0
1651982621958 0.964 0
1651982625640 0.9708 0
1651982629464 0.9748 0
1651982633198 0.9732 0
1651982636901 0.9812 0
1651982640623 0.9816 0
1651982644809 0.3452 0
1651982648502 0.5256 0
1651982652181 0.584 0
1651982656001 0.6544 0
1651982659785 0.6912 0
1651982663532 0.7292 0
1651982667298 0.746 0
1651982671016 0.768 0
1651982674654 0.796 0
1651982678260 0.8084 0
1651982681904 0.834 0
1651982685560 0.8524 0
1651982689173 0.8568 0
1651982692734 0.8848 0
1651982696585 0.8984 0
1651982700509 0.9168 0
1651982704340 0.9312 0
1651982708216 0.938 0
1651982711817 0.9408 0
1651982715525 0.952 0
1651982719236 0.952 0
1651982723147 0.9684 0
1651982726876 0.9644 0
1651982730614 0.972 0
1651982734538 0.9744 0
1651982738182 0.9752 0
1651982742092 0.9768 0
1651982745793 0.9568 0
1651982749516 0.98 0
1651982753318 0.9784 0
1651982757955 0.42 0
1651982761742 0.6728 0
1651982765514 0.7644 0
1651982769160 0.8168 0
1651982772904 0.846 0
1651982776809 0.8732 0
1651982780583 0.8816 0
1651982784504 0.9068 0
1651982788219 0.9196 0
1651982791916 0.9284 0
1651982795703 0.942 0
1651982799593 0.95 0
1651982803340 0.954 0
1651982807126 0.9676 0
1651982810925 0.9732 0
1651982814707 0.9772 0
1651982818549 0.9768 0
1651982822257 0.982 0
1651982825988 0.984 0
1651982829831 0.9864 0
1651982833689 0.9888 0
1651982837639 0.9932 0
1651982841336 0.99 0
1651982845034 0.9848 0
1651982848760 0.9932 0
1651982852453 0.9932 0
1651982856159 0.996 0
1651982859793 0.9944 0
1651982863521 0.9968 0
1651982867211 0.9948 0
1651982871782 0.31 0
1651982875455 0.4572 0
1651982879108 0.5252 0
1651982882761 0.5704 0
1651982886406 0.6188 0
1651982890050 0.662 0
1651982893709 0.6972 0
1651982897390 0.734 0
1651982901100 0.75 0
1651982904746 0.7688 0
1651982908473 0.8056 0
1651982912122 0.8276 0
1651982915855 0.8452 0
1651982919524 0.8628 0
1651982923114 0.8732 0
1651982926820 0.894 0
1651982930518 0.904 0
1651982934192 0.9052 0
1651982937901 0.9204 0
1651982941536 0.9332 0
1651982945212 0.9416 0
1651982948781 0.9564 0
1651982952377 0.9612 0
1651982956179 0.9572 0
1651982959827 0.962 0
1651982963441 0.9636 0
1651982967133 0.9744 0
1651982970736 0.9752 0
1651982974327 0.9696 0
1651982977977 0.9784 0
