1644607581453 2.244546236038208 0
1644607583899 1.7202616512298583 0
1644607586374 1.2417652549743652 0
1644607588816 0.9290659606933593 0
1644607591229 0.7670634754180908 0
1644607597165 1.9737375345230102 0
1644607599835 1.387649751472473 0
1644607602458 1.2455684608459472 0
1644607605054 1.0110187135696411 0
1644607607649 0.916676388168335 0
1644607614004 2.1786497089385986 0
1644607616787 1.6614415613174438 0
1644607619589 1.5193783214569092 0
1644607622342 1.4753664712905883 0
1644607625096 1.4485054626464844 0
1644607631790 2.058248806762695 0
1644607634693 1.5107543674468995 0
1644607637553 1.3576784732818603 0
1644607640450 1.2914384284973144 0
1644607643358 1.2072547838211058 0
1644607650421 2.3665775440216064 0
1644607653346 1.9686038572311402 0
1644607656255 1.926454711151123 0
1644607659182 1.7948844379425049 0
1644607662154 1.811102039718628 0
1644607669541 2.626111629486084 0
1644607672577 2.219740673446655 0
1644607675662 2.205715556716919 0
1644607678722 2.127854284667969 0
1644607681797 2.1843647769927976 0
1644607689674 2.7616373195648194 0
1644607692839 2.356130825805664 0
1644607696020 2.1695447509765624 0
1644607699258 2.2157225254058837 0
1644607702443 2.2974349029541017 0
1644607710722 2.8625304542541503 0
1644607714091 2.3888313694000245 0
1644607717360 2.4320439514160155 0
1644607720735 2.375742297744751 0
1644607723927 2.3786611869812013 0
1644607732547 1.099930644287553e+22 0
1644607735911 nan 0
1644607739263 nan 0
1644607742567 nan 0
1644607745892 nan 0
1644607754816 nan 0
1644607758162 nan 0
1644607761529 nan 0
1644607764907 nan 0
1644607768336 nan 0
1644607777695 nan 0
1644607781246 nan 0
1644607784751 nan 0
1644607788243 nan 0
1644607791671 nan 0
1644607801600 nan 0
1644607805327 nan 0
1644607808947 nan 0
1644607812532 nan 0
1644607816188 nan 0
1644607826551 nan 0
1644607830397 nan 0
1644607834189 nan 0
1644607838097 nan 0
1644607841856 nan 0
1644607853001 nan 0
1644607857000 nan 0
1644607860979 nan 0
1644607864972 nan 0
1644607868927 nan 0
1644607880211 nan 0
1644607884438 nan 0
1644607888632 nan 0
1644607892780 nan 0
1644607896957 nan 0
1644607908629 nan 0
1644607912821 nan 0
1644607917078 nan 0
1644607921446 nan 0
1644607925675 nan 0
1644607938076 nan 0
1644607942451 nan 0
1644607946838 nan 0
1644607951279 nan 0
1644607955749 nan 0
1644607968386 nan 0
1644607973002 nan 0
1644607977684 nan 0
1644607982286 nan 0
1644607986861 nan 0
1644608000187 nan 0
1644608004928 nan 0
1644608009675 nan 0
1644608014497 nan 0
1644608019312 nan 0
1644608033168 nan 0
1644608038227 nan 0
1644608043221 nan 0
1644608048168 nan 0
1644608053216 nan 0
