1651979170581 0.2808 0
1651979173739 0.4608 0
1651979176988 0.562 0
1651979180265 0.6204 0
1651979183379 0.65 0
1651979186609 0.7092 0
1651979189772 0.7216 0
1651979192969 0.7672 0
1651979196204 0.7876 0
1651979199390 0.8088 0
1651979202549 0.8244 0
1651979205707 0.8416 0
1651979208938 0.8564 0
1651979212066 0.8792 0
1651979215252 0.878 0
1651979218408 0.902 0
1651979221530 0.9068 0
1651979224702 0.9092 0
1651979227889 0.9296 0
1651979231109 0.9388 0
1651979234267 0.9508 0
1651979237456 0.9592 0
1651979240699 0.9652 0
1651979243918 0.9644 0
1651979247137 0.9692 0
1651979250303 0.978 0
1651979253451 0.9808 0
1651979256599 0.9828 0
1651979259784 0.984 0
1651979262949 0.9916 0
1651979266161 0.9872 0
1651979269312 0.99 0
1651979272532 0.9868 0
1651979275687 0.9944 0
1651979278827 0.9956 0
1651979282081 0.9936 0
1651979285322 0.996 0
1651979288637 0.9972 0
1651979291836 0.9976 0
1651979295012 0.9968 0
1651979298216 0.9944 0
1651979301414 0.9952 0
1651979304610 0.9972 0
1651979307791 0.9972 0
1651979310972 0.9988 0
1651979314112 0.9976 0
1651979317250 0.998 0
1651979320452 0.9984 0
1651979323595 0.996 0
1651979326789 1.0 0
1651979330701 0.32 0
1651979334394 0.4732 0
1651979338006 0.5416 0
1651979341633 0.596 0
1651979345341 0.626 0
1651979349104 0.68 0
1651979352814 0.7136 0
1651979356417 0.7396 0
1651979360026 0.7776 0
1651979363801 0.8056 0
1651979367477 0.8012 0
1651979371257 0.8288 0
1651979374846 0.8464 0
1651979378479 0.8768 0
1651979382117 0.9028 0
1651979385728 0.91 0
1651979389327 0.9304 0
1651979392945 0.9412 0
1651979396949 0.954 0
1651979400640 0.9464 0
1651979404377 0.9528 0
1651979407980 0.9696 0
1651979411708 0.9704 0
1651979415299 0.9712 0
1651979418992 0.9796 0
1651979422689 0.9848 0
1651979426313 0.9744 0
1651979430022 0.9856 0
1651979433647 0.9932 0
1651979437291 0.9916 0
1651979441062 0.984 0
1651979444755 0.9912 0
1651979448330 0.9944 0
1651979451910 0.9924 0
1651979455509 0.9916 0
1651979459187 0.9936 0
1651979462754 0.9952 0
1651979466452 0.9952 0
1651979470241 0.9924 0
1651979474011 0.99 0
1651979477709 0.9868 0
1651979481345 0.9912 0
1651979485018 0.9936 0
1651979488642 0.9936 0
1651979492312 0.9964 0
1651979496023 0.9944 0
1651979499708 0.9976 0
1651979503407 0.9956 0
1651979506979 0.99 0
1651979510513 0.9968 0
1651979514646 0.3904 0
1651979518302 0.5368 0
1651979521756 0.612 0
1651979525307 0.6736 0
1651979529080 0.6976 0
1651979532846 0.744 0
1651979536460 0.7764 0
1651979540093 0.7956 0
1651979543852 0.8272 0
1651979547518 0.8448 0
1651979551115 0.8636 0
1651979554924 0.8924 0
1651979558697 0.9048 0
1651979562389 0.9032 0
1651979566028 0.934 0
1651979569776 0.926 0
1651979573561 0.9404 0
1651979577217 0.9432 0
1651979580876 0.9636 0
1651979584561 0.9724 0
1651979588281 0.97 0
1651979591888 0.9484 0
1651979595512 0.9736 0
1651979599188 0.9816 0
1651979603045 0.9768 0
1651979606763 0.9844 0
1651979610498 0.9844 0
1651979614159 0.9904 0
1651979617864 0.9868 0
1651979621439 0.9864 0
1651979625081 0.994 0
1651979628752 0.9528 0
1651979632512 0.9856 0
1651979636216 0.9868 0
1651979639881 0.9896 0
1651979643566 0.9956 0
1651979647179 0.994 0
1651979650818 0.9936 0
1651979654556 0.9908 0
1651979658151 0.9936 0
1651979661839 0.9912 0
1651979665465 0.9948 0
1651979669165 0.984 0
1651979672681 0.9892 0
1651979676240 0.9896 0
1651979679895 0.992 0
1651979683600 0.992 0
1651979687246 0.99 0
1651979690946 0.9964 0
1651979694672 0.9948 0
1651979698968 0.4612 0
1651979702613 0.6772 0
1651979706244 0.7732 0
1651979709791 0.8212 0
1651979713489 0.85 0
1651979717094 0.8868 0
1651979720792 0.9056 0
1651979724417 0.9236 0
1651979728037 0.9444 0
1651979731729 0.95 0
1651979735457 0.9548 0
1651979739061 0.9696 0
1651979742728 0.9768 0
1651979746370 0.9784 0
1651979749872 0.9804 0
1651979753583 0.9828 0
1651979757246 0.9864 0
1651979760946 0.988 0
1651979764613 0.9784 0
1651979768283 0.9924 0
1651979771844 0.9936 0
1651979775495 0.992 0
1651979779131 0.99 0
1651979782784 0.9968 0
1651979786459 0.994 0
1651979790101 0.9832 0
1651979793641 0.9916 0
1651979797307 0.996 0
1651979801014 0.9984 0
1651979804661 0.9976 0
1651979808284 0.9976 0
1651979811951 0.9956 0
1651979815558 0.9996 0
1651979819171 0.9968 0
1651979822823 0.9956 0
1651979826446 0.9988 0
1651979830084 0.9988 0
1651979833745 0.9976 0
1651979837410 0.998 0
1651979841169 0.9984 0
1651979844917 0.9984 0
1651979848583 0.9976 0
1651979852146 0.998 0
1651979855717 0.9972 0
1651979859435 0.9988 0
1651979863109 0.998 0
1651979866764 0.9976 0
1651979870528 0.9992 0
1651979874199 1.0 0
1651979877801 0.9992 0
1651979882445 0.3128 0
1651979886161 0.456 0
1651979889791 0.518 0
1651979893561 0.5584 0
1651979897276 0.6316 0
1651979900969 0.6812 0
1651979904732 0.7128 0
1651979908418 0.754 0
1651979912104 0.786 0
1651979915694 0.822 0
1651979919465 0.8444 0
1651979923171 0.8728 0
1651979926840 0.8716 0
1651979930647 0.8976 0
1651979934466 0.9112 0
1651979938179 0.9272 0
1651979941807 0.9376 0
1651979945608 0.95 0
1651979949340 0.9612 0
1651979953341 0.938 0
1651979957108 0.966 0
1651979960711 0.9696 0
1651979964407 0.9708 0
1651979968140 0.9684 0
1651979971951 0.9784 0
1651979975578 0.984 0
1651979979306 0.9748 0
1651979983031 0.98 0
1651979986823 0.976 0
1651979990465 0.9892 0
1651979994155 0.9836 0
1651979997859 0.986 0
1651980001503 0.9904 0
1651980005073 0.9868 0
1651980008636 0.9812 0
1651980012278 0.9912 0
1651980015941 0.978 0
1651980019545 0.9628 0
1651980023255 0.9908 0
1651980026877 0.992 0
1651980030550 0.9924 0
1651980034286 0.9848 0
1651980037924 0.9868 0
1651980041562 0.9692 0
1651980045140 0.99 0
1651980048885 0.9932 0
1651980052549 0.994 0
1651980056356 0.9728 0
1651980060057 0.9892 0
1651980063680 0.9888 0
