1651841607225 0.5492 0
1651841610951 0.6788 0
1651841614614 0.7604 0
1651841618319 0.8036 0
1651841621947 0.8232 0
1651841625651 0.8544 0
1651841629391 0.8344 0
1651841633133 0.882 0
1651841636867 0.8992 0
1651841640461 0.9084 0
1651841646123 0.4576 0
1651841651680 0.6272 0
1651841657289 0.684 0
1651841662904 0.7304 0
1651841668520 0.7876 0
1651841674249 0.8124 0
1651841679695 0.8308 0
1651841685199 0.8504 0
1651841690594 0.8908 0
1651841696382 0.8992 0
1651841703322 0.4716 0
1651841709722 0.592 0
1651841716176 0.6812 0
1651841722360 0.7112 0
1651841728340 0.7716 0
1651841734511 0.8016 0
1651841740822 0.8252 0
1651841747053 0.8544 0
1651841753301 0.8796 0
1651841759469 0.886 0
1651841767689 0.678 0
1651841774344 0.822 0
1651841781253 0.8632 0
1651841788300 0.8728 0
1651841795343 0.9196 0
1651841802353 0.918 0
1651841809465 0.9276 0
1651841816064 0.9472 0
1651841822732 0.9584 0
1651841829766 0.9604 0
1651841839435 0.454 0
1651841847119 0.6132 0
1651841854908 0.6608 0
1651841862332 0.7356 0
1651841869726 0.7532 0
1651841877512 0.8032 0
1651841885390 0.8428 0
1651841893315 0.8384 0
1651841901209 0.8728 0
1651841908548 0.9048 0
