1644597639309 0.1324 0
1644597641562 0.1994 0
1644597643811 0.2352 0
1644597646101 0.2882 0
1644597648338 0.3648 0
1644597650614 0.4152 0
1644597652878 0.4362 0
1644597655178 0.4662 0
1644597657468 0.5086 0
1644597659741 0.4924 0
1644597663456 0.3502 0
1644597666820 0.4381 0
1644597670258 0.4788 0
1644597673677 0.4873 0
1644597677093 0.4854 0
1644597680500 0.5254 0
1644597683954 0.5268 0
1644597687412 0.5325 0
1644597690880 0.5445 0
1644597694364 0.5633 0
1644597699640 0.4368666666666667 0
1644597704379 0.5055333333333333 0
1644597709091 0.5378 0
1644597713784 0.5493333333333333 0
1644597718498 0.5648666666666666 0
1644597723281 0.5672666666666667 0
1644597728109 0.5854 0
1644597732773 0.5897333333333333 0
1644597737360 0.5938666666666667 0
1644597742054 0.5941333333333333 0
