1652443261988 0.254 0
1652443266876 0.4574 0
1652443271798 0.5252 0
1652443276703 0.6036 0
1652443281557 0.6622 0
1652443286592 0.6788 0
1652443291499 0.7112 0
1652443296401 0.7654 0
1652443301259 0.7846 0
1652443306141 0.823 0
1652443311060 0.8334 0
1652443316109 0.8476 0
1652443321140 0.845 0
1652443325987 0.8858 0
1652443330771 0.9256 0
1652443335675 0.9124 0
1652443340843 0.9304 0
1652443345859 0.954 0
1652443350787 0.95 0
1652443355660 0.9508 0
1652443360557 0.9506 0
1652443365539 0.957 0
1652443370348 0.9524 0
1652443375217 0.9566 0
1652443380356 0.963 0
1652443385345 0.9608 0
1652443390189 0.969 0
1652443394911 0.978 0
1652443399925 0.975 0
1652443404848 0.9824 0
1652443409688 0.9822 0
1652443414637 0.98 0
1652443419539 0.9856 0
1652443424524 0.9802 0
1652443429413 0.9868 0
1652443434322 0.984 0
1652443439081 0.9836 0
1652443444067 0.9796 0
1652443448943 0.9786 0
1652443453876 0.9878 0
1652443458899 0.9862 0
1652443463911 0.9836 0
1652443468829 0.9868 0
1652443473742 0.989 0
1652443478664 0.994 0
1652443483605 0.9934 0
1652443488439 0.9922 0
1652443493645 0.9962 0
1652443498433 0.995 0
1652443503349 0.9974 0
1652443515489 0.3824 0
1652443520955 0.607 0
1652443526492 0.6892 0
1652443532081 0.7464 0
1652443537690 0.7838 0
1652443543473 0.8286 0
1652443549168 0.8524 0
1652443555065 0.8686 0
1652443560647 0.9046 0
1652443566212 0.9052 0
1652443571764 0.8996 0
1652443577447 0.8976 0
1652443583134 0.9316 0
1652443588633 0.9464 0
1652443594341 0.9614 0
1652443599888 0.9512 0
1652443605526 0.936 0
1652443611131 0.9508 0
1652443616536 0.966 0
1652443622122 0.9652 0
1652443627768 0.9616 0
1652443633236 0.96 0
1652443638839 0.9602 0
1652443644149 0.9608 0
1652443649667 0.938 0
1652443655400 0.9694 0
1652443661000 0.9628 0
1652443666450 0.9658 0
1652443672075 0.9596 0
1652443677566 0.9764 0
1652443683300 0.971 0
1652443689007 0.969 0
1652443694517 0.979 0
1652443700137 0.9794 0
1652443705754 0.9742 0
1652443711321 0.9722 0
1652443716969 0.968 0
1652443722648 0.975 0
1652443728185 0.971 0
1652443733716 0.9692 0
1652443739288 0.9774 0
1652443745039 0.9702 0
1652443750737 0.9596 0
1652443756192 0.961 0
1652443761729 0.9606 0
1652443767392 0.9704 0
1652443773013 0.9844 0
1652443778562 0.9774 0
1652443784185 0.9808 0
1652443790011 0.9836 0
1652443803321 0.333 0
1652443809450 0.5642 0
1652443815818 0.643 0
1652443821906 0.7066 0
1652443828172 0.7424 0
1652443834394 0.7816 0
1652443840437 0.8006 0
1652443846666 0.8426 0
1652443852953 0.8398 0
1652443859125 0.8628 0
1652443865445 0.8542 0
1652443871855 0.8746 0
1652443878113 0.8682 0
1652443884375 0.8672 0
1652443890641 0.9006 0
1652443896881 0.9044 0
1652443902987 0.8984 0
1652443909205 0.8854 0
1652443915238 0.9088 0
1652443921411 0.905 0
1652443927755 0.9106 0
1652443933910 0.9282 0
1652443940228 0.9116 0
1652443946662 0.9146 0
1652443952932 0.9086 0
1652443959213 0.906 0
1652443965409 0.9202 0
1652443971580 0.9314 0
1652443977648 0.9158 0
1652443983972 0.9024 0
1652443990084 0.9154 0
1652443996469 0.9314 0
1652444002621 0.9126 0
1652444009007 0.9168 0
1652444015331 0.9436 0
1652444021430 0.9476 0
1652444027705 0.9328 0
1652444033861 0.9254 0
1652444040205 0.9256 0
1652444046429 0.9378 0
1652444052432 0.935 0
1652444058485 0.9292 0
1652444064731 0.9318 0
1652444071189 0.9226 0
1652444077332 0.9308 0
1652444083663 0.938 0
1652444089750 0.8854 0
1652444096073 0.9248 0
1652444102266 0.9382 0
1652444108438 0.9316 0
1652444122453 0.4002 0
1652444129131 0.6446 0
1652444135941 0.6968 0
1652444142650 0.7372 0
1652444149391 0.7742 0
1652444156335 0.784 0
1652444162816 0.7928 0
1652444169681 0.8032 0
1652444176573 0.8292 0
1652444183736 0.8212 0
1652444190884 0.8366 0
1652444197801 0.835 0
1652444204747 0.8514 0
1652444211706 0.8462 0
1652444218447 0.8502 0
1652444225400 0.8382 0
1652444232325 0.8586 0
1652444239248 0.8712 0
1652444246273 0.857 0
1652444253237 0.8646 0
1652444260311 0.8924 0
1652444267363 0.8708 0
1652444274208 0.8596 0
1652444281089 0.8794 0
1652444287681 0.8846 0
1652444294668 0.8924 0
1652444301488 0.9 0
1652444308410 0.8884 0
1652444315271 0.8958 0
1652444322254 0.8796 0
1652444329118 0.8742 0
1652444336221 0.883 0
1652444343175 0.9028 0
1652444350033 0.8942 0
1652444356779 0.8942 0
1652444363609 0.9056 0
1652444370788 0.879 0
1652444377676 0.899 0
1652444384549 0.8934 0
1652444391457 0.899 0
1652444398237 0.917 0
1652444405221 0.9042 0
1652444412247 0.8964 0
1652444419238 0.9038 0
1652444426007 0.9158 0
1652444432826 0.901 0
1652444439817 0.9088 0
1652444446602 0.9346 0
1652444453403 0.9178 0
1652444460335 0.8964 0
1652444475332 0.3516 0
1652444482807 0.532 0
1652444490144 0.5766 0
1652444497397 0.606 0
1652444504774 0.6318 0
1652444511935 0.6612 0
1652444519307 0.6862 0
1652444526591 0.7 0
1652444533990 0.6988 0
1652444541296 0.7104 0
1652444548427 0.7088 0
1652444555672 0.7206 0
1652444563169 0.7276 0
1652444570748 0.7404 0
1652444578192 0.7226 0
1652444585578 0.746 0
1652444592911 0.7502 0
1652444600239 0.7314 0
1652444607547 0.737 0
1652444615043 0.7358 0
1652444622242 0.7334 0
1652444629646 0.7466 0
1652444637241 0.7632 0
1652444644448 0.7476 0
1652444651807 0.7562 0
1652444659164 0.7522 0
1652444666426 0.7464 0
1652444674014 0.7554 0
1652444681513 0.7638 0
1652444688720 0.7658 0
1652444696099 0.7724 0
1652444703440 0.7502 0
1652444710881 0.7322 0
1652444718350 0.731 0
1652444725852 0.7668 0
1652444733046 0.75 0
1652444740292 0.756 0
1652444747572 0.7538 0
1652444754952 0.7712 0
1652444762411 0.764 0
1652444769851 0.7714 0
1652444777086 0.775 0
1652444784418 0.7624 0
1652444791658 0.7518 0
1652444798914 0.742 0
1652444806298 0.7548 0
1652444813746 0.7412 0
1652444821211 0.7694 0
1652444828445 0.7502 0
1652444836062 0.751 0
