1654219757533 1.1332959792362887 0
1654219771438 0.3678116135528239 0
1654219785508 0.18643936226191302 0
1654219799535 0.13482308952287014 0
1654219813650 0.12424493922144382 0
1654219827508 0.1313434597351834 0
1654219841733 0.1112533484631802 0
1654219855816 0.09715452083566796 0
1654219869900 0.11844957339386933 0
1654219884073 0.12584894240948305 0
1654219897854 0.09871320623982088 0
1654219912012 0.11291105651457539 0
1654219927084 0.08047316170148598 0
1654219941593 0.09950714580612996 0
1654219955990 0.07892501943644055 0
1654219970519 0.07970685357361641 0
1654219984600 0.0943723733303285 0
1654220000847 0.11571201699520846 0
1654220014577 0.07284486400260153 0
1654220028429 0.08383828677401975 0
1654220042356 0.07525599449441427 0
1654220056132 0.05528313388600632 0
1654220070009 0.10782579308036147 0
1654220083715 0.059794832675903124 0
1654220097320 0.09239371027664009 0
1654220111018 0.04876214832253285 0
1654220124643 0.0941326969290265 0
1654220138522 0.08907136786149382 0
1654220152349 0.05701138476620232 0
1654220165998 0.09119817895685779 0
1654220179850 0.08725726284337741 0
1654220193721 0.060095583936095785 0
1654220207249 0.07509462206609113 0
1654220221066 0.07751726570186201 0
1654220234888 0.05795672097355642 0
1654220248727 0.06806479109033117 0
1654220262530 0.07012373546691864 0
1654220276099 0.05728239763111108 0
1654220290017 0.0819136589999723 0
1654220303640 0.03453290032413009 0
1654220317395 0.10668325938606943 0
1654220331208 0.05804582610331419 0
1654220344945 0.08361495354756063 0
1654220358760 0.09234915432967729 0
1654220372464 0.05652262882261663 0
1654220386539 0.04295203849679955 0
1654220400051 0.06706917065275565 0
1654220413706 0.08139822834475134 0
1654220427398 0.041583891511154714 0
1654220441042 0.08272748949778704 0
1654220471421 0.31174466602469336 0
1654220486353 0.13244344094696398 0
1654220500880 0.12098879617704052 0
1654220515776 0.10865413222115679 0
1654220530440 0.11278393578033058 0
1654220545598 0.1120397665901261 0
1654220560324 0.12226527397162898 0
1654220575086 0.07260610195124224 0
1654220589843 0.10450058467736599 0
1654220604845 0.14464368857611137 0
1654220619639 0.09809090101839371 0
1654220634349 0.11278690251128409 0
1654220649193 0.11070902342464606 0
1654220663995 0.0871008773270011 0
1654220678945 0.09748683697763172 0
1654220693909 0.08469267626034138 0
1654220708575 0.10077956859473 0
1654220723414 0.09018898250044047 0
1654220738204 0.11081721107435402 0
1654220752936 0.1204655262795622 0
1654220767833 0.09571197712156645 0
1654220782716 0.08454117394850916 0
1654220797663 0.08167567289574452 0
1654220812489 0.10081125011581236 0
1654220827284 0.1004019506297053 0
1654220842519 0.07985615977820192 0
1654220857554 0.09092176952543918 0
1654220872366 0.06206207057587275 0
1654220887645 0.12112062044358411 0
1654220902687 0.09366541109659589 0
1654220917405 0.11379158852387596 0
1654220932594 0.08153632843972931 0
1654220947553 0.07645867930636498 0
1654220962558 0.08116279025472 0
1654220977489 0.10340302838219843 0
1654220992179 0.09599650355069206 0
1654221007234 0.06854942341686718 0
1654221022404 0.06228034063025389 0
1654221037500 0.09497001632313774 0
1654221052502 0.07806142088703114 0
1654221067164 0.08561597211872007 0
1654221082081 0.11553731606390713 0
1654221097013 0.08697561360596034 0
1654221111752 0.10470731383899458 0
1654221126787 0.11732735325211084 0
1654221141782 0.061355681385416846 0
1654221156552 0.0804722354758344 0
1654221171270 0.1296919415364655 0
1654221186334 0.09259039961145556 0
1654221201522 0.05595512576043822 0
1654221248015 0.18884322195164518 0
1654221262833 0.139553053509521 0
1654221278017 0.13662487144825625 0
1654221292947 0.10734453536511486 0
1654221308269 0.1311649106923961 0
1654221323253 0.10070415002135114 0
1654221338200 0.11510020105993383 0
1654221353733 0.09968908058690025 0
1654221369294 0.09924049461101671 0
1654221384499 0.1637161707867844 0
1654221399516 0.10617405317706492 0
1654221414529 0.09129956503003823 0
1654221429334 0.10979086985969347 0
1654221444246 0.12447864069927458 0
1654221459064 0.08621334407443884 0
1654221474132 0.10855447511782122 0
1654221489182 0.16244045701623067 0
1654221504259 0.08643250290563043 0
1654221519349 0.0985140856605475 0
1654221534768 0.11613849679401886 0
1654221549770 0.14377598752513163 0
1654221564878 0.09362834855949206 0
1654221580000 0.08641802583821927 0
1654221595209 0.12451806397661355 0
1654221610318 0.0859286251761266 0
1654221625185 0.09093356783386633 0
1654221640362 0.11985880407683855 0
1654221655408 0.1057709246761137 0
1654221670725 0.09067480463433349 0
1654221685790 0.07880299170441706 0
1654221700848 0.12298537803325287 0
1654221716081 0.08235229546609563 0
1654221731027 0.13161023707393216 0
1654221745737 0.08683236705907936 0
1654221760723 0.08726201624639672 0
1654221775648 0.1275110973958988 0
1654221790783 0.09656990684739702 0
1654221805768 0.10616874948796999 0
1654221820849 0.09834354943936507 0
1654221835962 0.08519026104388083 0
1654221851034 0.10779522958707288 0
1654221865762 0.10063461845449363 0
1654221880515 0.09150848102176888 0
1654221895120 0.08034070708419144 0
1654221910006 0.08168863530491582 0
1654221925278 0.1419872577876301 0
1654221939958 0.13140273101377797 0
1654221954980 0.088365879481693 0
1654221969706 0.09474802146752247 0
1654221984666 0.10593380748540338 0
1654222046132 0.35807003204968907 0
1654222061103 0.2234549036008669 0
1654222076190 0.17782192176274456 0
1654222091562 0.15596961678076735 0
1654222106379 0.15651844579795077 0
1654222121944 0.1557983393712574 0
1654222137102 0.16795523495986922 0
1654222152116 0.11214503748511019 0
1654222167443 0.11973127428607785 0
1654222182690 0.16410867276864727 0
1654222197844 0.16985353819111712 0
1654222212895 0.1096051253770166 0
1654222227924 0.1198868751047648 0
1654222243030 0.16372888089349366 0
1654222258093 0.11767019487974757 0
1654222273160 0.16613334487107398 0
1654222288348 0.10985319768336665 0
1654222303791 0.13982542467634923 0
1654222319405 0.12583346256298503 0
1654222334617 0.14230107082151236 0
1654222349515 0.12617211666203376 0
1654222364591 0.14208023407676532 0
1654222379571 0.10429504044853612 0
1654222394899 0.13509992402573964 0
1654222410111 0.13200160360139326 0
1654222425311 0.07084583559809492 0
1654222440635 0.16220834847787835 0
1654222455924 0.1671399659786748 0
1654222471072 0.09577726155393576 0
1654222486426 0.10483659327194988 0
1654222501777 0.137016582243144 0
1654222517253 0.14275632916432524 0
1654222532411 0.11462688329588677 0
1654222547772 0.12238005945720166 0
1654222562870 0.06527223887138661 0
1654222577721 0.1328443509179184 0
1654222592569 0.14753435725839678 0
1654222607667 0.10860443512966864 0
1654222622650 0.15722082983208333 0
1654222637587 0.08397685284518122 0
1654222652744 0.17293489063286882 0
1654222667632 0.10109841221405869 0
1654222682720 0.13661308254522678 0
1654222698087 0.11004249420886639 0
1654222713399 0.1143353116348405 0
1654222728471 0.12471895067008214 0
1654222743671 0.12464949860305718 0
1654222758671 0.10097122718722387 0
1654222773725 0.13233609916494898 0
1654222789076 0.12178900641832253 0
1654222866495 0.16296334004957913 0
1654222882092 0.1575899945152119 0
1654222897224 0.1057187194960391 0
1654222912293 0.14776404988900552 0
1654222927844 0.11251355319024373 0
1654222943309 0.14418503044213749 0
1654222958900 0.12801643294113424 0
1654222973988 0.13906200502678326 0
1654222989031 0.13814167456973836 0
1654223004187 0.11444979825743998 0
1654223019515 0.15140916758072845 0
1654223035044 0.1556115739743077 0
1654223050326 0.08978213824448618 0
1654223066113 0.14683105066808896 0
1654223081415 0.14231934670320262 0
1654223096563 0.10634426023697134 0
1654223111829 0.08080885797795559 0
1654223126883 0.13468976501492053 0
1654223141931 0.1870323364906136 0
1654223157244 0.08262127483775111 0
1654223172808 0.12318757609614833 0
1654223188360 0.14854166898190158 0
1654223203908 0.10941243052540515 0
1654223218935 0.09948839876141308 0
1654223234074 0.13663762062762427 0
1654223249313 0.1400356308934488 0
1654223264611 0.0941092756010933 0
1654223279942 0.12355206728059956 0
1654223295411 0.13397422881196924 0
1654223310816 0.07018893709946321 0
1654223325867 0.12975040155141235 0
1654223341007 0.08772860206777153 0
1654223355913 0.09822967711609831 0
1654223370870 0.1420756903874593 0
1654223385994 0.10990972909637048 0
1654223401236 0.10903464366455659 0
1654223416863 0.11448107592962965 0
1654223432084 0.118477397760984 0
1654223447217 0.09860049140495727 0
1654223462601 0.17516378140104277 0
1654223477608 0.14529648469280734 0
1654223492880 0.0900173653157566 0
1654223508207 0.1154671664434555 0
1654223523372 0.15398634444724155 0
1654223538578 0.11541574571803853 0
1654223553966 0.1561104306179836 0
1654223569172 0.06610184069010833 0
1654223584038 0.08387986848110862 0
1654223599488 0.1191993100596322 0
1654223614515 0.14226932617891713 0
