1653064353416 2.2414214979171754 0
1653064358396 2.046545213317871 0
1653064363411 1.9240559532165527 0
1653064368378 1.82118095703125 0
1653064373417 1.7512841705322266 0
1653064381882 2.0206393199920654 0
1653064390070 1.7298799318313598 0
1653064398019 1.5643493350982667 0
1653064406153 1.4251618049621582 0
1653064414316 1.319869186592102 0
1653064423965 2.031226727294922 0
1653064432858 1.6734226264953613 0
1653064441915 1.5267763422012328 0
1653064450654 1.374933605003357 0
1653064459316 1.2844734188079834 0
1653064470970 1.8664687774658204 0
1653064481379 1.496416238975525 0
1653064491716 1.3415366722106934 0
1653064502079 1.240545860671997 0
1653064512350 1.120730902671814 0
1653064526309 1.9185127082824707 0
1653064538313 1.6339032161712645 0
1653064550027 1.5417109942436218 0
1653064562129 1.4096285524368286 0
1653064573923 1.3209896305084228 0
