1654551971004 0.5518704905111259 0
1654551985001 0.8894682592615049 0
1654551999088 0.9476747711150185 0
1654552013223 0.9618626083793125 0
1654552027377 0.9733826471836536 0
1654552072060 0.886604814747438 0
1654552112876 0.9686495664301741 0
1654552153704 0.9739858104420593 0
1654552194482 0.9773209629494876 0
1654552235832 0.9728943059850828 0
1654552285706 0.9226385352249302 0
1654552326848 0.972353583121135 0
1654552368139 0.9778101127682793 0
1654552409194 0.981084030556566 0
1654552450485 0.9887231720625682 0
1654552505029 0.8592480291085506 0
1654552546264 0.9565191024863554 0
1654552587391 0.9567010309278351 0
1654552629021 0.9708914493632504 0
1654552670546 0.9817465130382049 0
1654552729404 0.9328602620087336 0
1654552771514 0.9802886948083455 0
1654552813618 0.9922974284327997 0
1654552855240 0.9888403687530325 0
1654552897090 0.9868389131489568 0
