1643819507202 0.39670609997908274 0
1643819522657 0.11567751667102177 0
1643819537567 0.05612251962125302 0
1643819552501 0.027793033674856027 0
1643819567404 0.014512724625815947 0
1643819622277 0.27948572022914886 0
1643819639785 0.08842004961371422 0
1643819657500 0.0423366716782252 0
1643819675170 0.021551233208179473 0
1643819693034 0.01259458926220735 0
1643819753885 0.27948249747753146 0
1643819773350 0.08949928106864294 0
1643819792906 0.044497779438893 0
1643819812506 0.024519562688469887 0
1643819832109 0.016295326673487823 0
1643819899423 0.2946378190517426 0
1643819920620 0.08949110376040141 0
1643819941995 0.044789893086751305 0
1643819963528 0.0256480197707812 0
1643819985195 0.01843777644832929 0
1643820058824 0.29733381575743356 0
1643820081614 0.09520243746439616 0
1643820104725 0.04813885356585185 0
1643820128048 0.029213526928424834 0
1643820151290 0.021263604685664177 0
1643820230684 0.28956361967722577 0
1643820255325 0.09346426762342452 0
1643820280074 0.049543417151769 0
1643820304726 0.031104453760385512 0
1643820329452 0.023369929181536037 0
1643820416185 0.28732874829769134 0
1643820442325 0.0922745724995931 0
1643820468200 0.050702643100420636 0
1643820494096 0.03356365966796875 0
1643820519983 0.025822626339395843 0
1643820611258 0.26083745365142824 0
1643820638224 0.09332115357716879 0
1643820665545 0.05074043854872386 0
1643820692875 0.03351822312076887 0
1643820720265 0.027058489643534026 0
1643820817532 0.28482126344045006 0
1643820845768 0.09285631604194641 0
1643820874327 0.052662985559304556 0
1643820902883 0.03581199023425579 0
1643820931417 0.029121201092004775 0
1643821033775 0.2959894562244415 0
1643821063448 0.09785832832654318 0
1643821093070 0.056984123996893565 0
1643821122329 0.03879222636620203 0
1643821151976 0.030594162328044572 0
1643821261048 0.2796172827323278 0
1643821291720 0.10101607018709183 0
1643821322352 0.056952653058369954 0
1643821353238 0.0391705176572005 0
1643821384038 0.0324977725704511 0
1643821499086 0.26544253460566203 0
1643821531085 0.10051275391578675 0
1643821563157 0.060117008864879605 0
1643821594845 0.04129693451722463 0
1643821626184 0.03427319925030072 0
1643821746752 0.2921697133938472 0
1643821779031 0.09882074935833612 0
1643821811485 0.057306932187080384 0
1643821844047 0.041388596439361575 0
1643821876808 0.034698227326075234 0
1643822002699 0.29481504441102346 0
1643822036304 0.10233996891578039 0
1643822070353 0.059069402470191316 0
1643822103967 0.042093271201848984 0
1643822137601 0.03566115023096403 0
1643822270572 0.2793472408215205 0
1643822305626 0.10287933537960052 0
1643822340610 0.05946083882252375 0
1643822375568 0.04315222155253092 0
1643822410454 0.03767088151176771 0
1643822547524 0.286778844956557 0
1643822583466 0.10184610088666281 0
1643822619787 0.06150391536752383 0
1643822656100 0.045531894127527874 0
1643822691757 0.03853906831343969 0
1643822834807 0.27581139157613116 0
1643822871800 0.10044332049290339 0
1643822908657 0.06260667120019595 0
1643822945643 0.04706614638566971 0
1643822982717 0.04021126301685969 0
1643823131459 0.2677640303293864 0
1643823169534 0.10354250155289968 0
1643823207636 0.06424870737393697 0
1643823245704 0.047236333322525026 0
1643823283967 0.04084099355737368 0
1643823438618 0.2968056722243627 0
1643823477163 0.10836035538514455 0
1643823514095 0.06585171132882436 0
1643823552300 0.048710254822174705 0
1643823591566 0.04189005347887675 0
1643823752352 0.28984485803842547 0
1643823792990 0.1081579390446345 0
1643823833013 0.06928977055549622 0
1643823873161 0.05195086479584376 0
1643823913403 0.04505044455329577 0
1643824079958 0.2775358127832413 0
1643824121012 0.10280619588692982 0
1643824162387 0.06704129329522451 0
1643824203995 0.04961568781534831 0
1643824245033 0.04365016658703486 0
1643824416481 0.27813306128184 0
1643824458891 0.10635693525473276 0
1643824501394 0.06980118645826976 0
1643824544330 0.05308192416230838 0
1643824587686 0.04603200357357661 0
1643824765970 0.27433183986345927 0
1643824809767 0.11181969504356384 0
1643824853053 0.06947457393805186 0
1643824896811 0.055386479075749714 0
1643824940766 0.048286195705334344 0
1643825124317 0.31359233600298564 0
1643825168722 0.11407396464943886 0
1643825213248 0.07283386243184407 0
1643825257726 0.055881689683596296 0
1643825302150 0.049009871951739 0
1643825493384 0.29114328961372377 0
1643825539034 0.1149482655763626 0
1643825584730 0.07293911014397939 0
1643825630733 0.05673997741341591 0
1643825676859 0.04975591892401377 0
1643825871473 0.28144896767934163 0
1643825918373 0.11251082800229391 0
1643825965682 0.07366508143146833 0
1643826012292 0.058619309318065645 0
1643826059434 0.052167061473925906 0
1643826260438 0.3021402000983556 0
1643826307620 0.11689233254194259 0
1643826355384 0.07748774264653524 0
1643826403526 0.061038026851415635 0
1643826451420 0.05392753592530886 0
1643826655788 0.3062784067153931 0
1643826704657 0.12001699140071868 0
1643826753005 0.08062171360651652 0
1643826802200 0.06277976731657982 0
1643826850998 0.054814054173231125 0
1643827064627 0.3012540122906367 0
1643827114138 0.12048181244532268 0
1643827164500 0.08230469994544982 0
1643827214302 0.06423939647277196 0
1643827264552 0.05663643114566803 0
1643827483061 0.2883674354672432 0
1643827533814 0.11722232586542765 0
1643827585475 0.07928356622854868 0
1643827635883 0.06416811814308167 0
1643827687327 0.05712754762768745 0
