1652288953520 0.7664 0
1652288961266 0.8884 0
1652288969075 0.9128 0
1652288976751 0.9384 0
1652288984440 0.9472 0
1652288992086 0.946 0
1652289000013 0.966 0
1652289007708 0.9676 0
1652289015497 0.9672 0
1652289023214 0.9692 0
1652289031136 0.974 0
1652289038832 0.9752 0
1652289046704 0.9672 0
1652289054405 0.9844 0
1652289062239 0.9792 0
1652289069991 0.9832 0
1652289077685 0.982 0
1652289085434 0.9784 0
1652289093307 0.9876 0
1652289100991 0.9808 0
1652289108939 0.9812 0
1652289116577 0.9888 0
1652289124475 0.9792 0
1652289132231 0.9844 0
1652289140142 0.9928 0
1652289147921 0.988 0
1652289155879 0.9864 0
1652289163619 0.9844 0
1652289171603 0.9836 0
1652289179395 0.9844 0
1652289187255 0.9876 0
1652289194869 0.984 0
1652289202649 0.99 0
1652289210503 0.9912 0
1652289218371 0.9904 0
1652289226079 0.9852 0
1652289233856 0.9932 0
1652289241658 0.9936 0
1652289249356 0.9932 0
1652289256962 0.9932 0
1652289264781 0.9844 0
1652289272606 0.9932 0
1652289280464 0.9896 0
1652289288166 0.9916 0
1652289295919 0.9884 0
1652289303733 0.9936 0
1652289311446 0.9888 0
1652289319303 0.9928 0
1652289327051 0.9884 0
1652289334781 0.9964 0
1652289344277 0.5928 0
1652289350027 0.7324 0
1652289355779 0.7856 0
1652289361469 0.8168 0
1652289367275 0.8668 0
1652289373014 0.8888 0
1652289378826 0.8996 0
1652289384700 0.8972 0
1652289390587 0.9388 0
1652289396333 0.9236 0
1652289402185 0.9348 0
1652289407971 0.9316 0
1652289413748 0.9564 0
1652289419509 0.9596 0
1652289425233 0.9636 0
1652289430960 0.958 0
1652289436817 0.9664 0
1652289442607 0.964 0
1652289448525 0.9652 0
1652289454213 0.9712 0
1652289459871 0.97 0
1652289465606 0.9764 0
1652289471176 0.9756 0
1652289476989 0.9648 0
1652289482575 0.9644 0
1652289488350 0.9752 0
1652289494121 0.9784 0
1652289499850 0.9784 0
1652289505514 0.9736 0
1652289511347 0.9748 0
1652289517148 0.9768 0
1652289522878 0.978 0
1652289528608 0.9844 0
1652289534440 0.9844 0
1652289540207 0.9684 0
1652289546083 0.9776 0
1652289551822 0.9788 0
1652289557598 0.9868 0
1652289563561 0.9772 0
1652289569418 0.9684 0
1652289575257 0.992 0
1652289580951 0.986 0
1652289586665 0.978 0
1652289592440 0.98 0
1652289598332 0.9812 0
1652289604257 0.9824 0
1652289610025 0.9868 0
1652289615727 0.9888 0
1652289621503 0.9904 0
1652289627203 0.9784 0
1652289639830 0.528 0
1652289645508 0.7032 0
1652289651289 0.7712 0
1652289657030 0.808 0
1652289662799 0.8328 0
1652289668514 0.8616 0
1652289674207 0.8664 0
1652289679922 0.8984 0
1652289685631 0.9108 0
1652289691340 0.9252 0
1652289697089 0.9344 0
1652289703027 0.9392 0
1652289708798 0.9556 0
1652289714647 0.9584 0
1652289720360 0.9532 0
1652289726114 0.9512 0
1652289731860 0.966 0
1652289737675 0.9568 0
1652289743507 0.958 0
1652289749256 0.9624 0
1652289755073 0.9672 0
1652289761020 0.9756 0
1652289766710 0.9676 0
1652289772473 0.9608 0
1652289778275 0.9692 0
1652289784114 0.9688 0
1652289789874 0.9652 0
1652289795570 0.9736 0
1652289801345 0.9728 0
1652289807132 0.9784 0
1652289812825 0.9784 0
1652289818526 0.9704 0
1652289824274 0.9648 0
1652289830030 0.98 0
1652289835793 0.9828 0
1652289841448 0.9744 0
1652289847232 0.9772 0
1652289853077 0.9736 0
1652289858952 0.9816 0
1652289864742 0.9728 0
1652289870363 0.974 0
1652289876022 0.9852 0
1652289881651 0.9788 0
1652289887371 0.9784 0
1652289893092 0.9824 0
1652289898819 0.9868 0
1652289904602 0.976 0
1652289910301 0.9824 0
1652289916079 0.9672 0
1652289921833 0.976 0
1652289938410 0.728 0
1652289944189 0.8592 0
1652289949867 0.8824 0
1652289955705 0.9208 0
1652289961415 0.932 0
1652289967216 0.9408 0
1652289972970 0.9476 0
1652289978740 0.9492 0
1652289984522 0.9548 0
1652289990220 0.9588 0
1652289995965 0.9716 0
1652290001914 0.972 0
1652290007676 0.9704 0
1652290013532 0.9728 0
1652290019270 0.9772 0
1652290025022 0.9804 0
1652290030837 0.9716 0
1652290036668 0.976 0
1652290042475 0.9864 0
1652290048238 0.9844 0
1652290054006 0.9784 0
1652290059872 0.9816 0
1652290065583 0.982 0
1652290071380 0.9736 0
1652290077052 0.9872 0
1652290083004 0.9808 0
1652290088821 0.9792 0
1652290094569 0.9872 0
1652290100263 0.9852 0
1652290106061 0.99 0
1652290111759 0.9908 0
1652290117554 0.9824 0
1652290123328 0.9768 0
1652290129033 0.9892 0
1652290134758 0.9904 0
1652290140556 0.9836 0
1652290146364 0.976 0
1652290152227 0.9928 0
1652290157912 0.9916 0
1652290163645 0.9896 0
1652290169360 0.9912 0
1652290175148 0.9944 0
1652290181037 0.9844 0
1652290186810 0.9884 0
1652290192595 0.9824 0
1652290198261 0.9844 0
1652290204138 0.9892 0
1652290209896 0.994 0
1652290215754 0.9852 0
1652290221644 0.9884 0
1652290241962 0.5396 0
1652290247728 0.6892 0
1652290253559 0.7504 0
1652290259282 0.7884 0
1652290265084 0.8208 0
1652290270822 0.856 0
1652290276613 0.8696 0
1652290282387 0.9064 0
1652290288063 0.8932 0
1652290293887 0.9104 0
1652290299585 0.9196 0
1652290305323 0.9316 0
1652290311134 0.9492 0
1652290317047 0.958 0
1652290322762 0.9388 0
1652290328539 0.9532 0
1652290334334 0.9488 0
1652290340151 0.9588 0
1652290345908 0.9596 0
1652290351707 0.9668 0
1652290357524 0.9656 0
1652290363303 0.9676 0
1652290369126 0.9616 0
1652290375053 0.9652 0
1652290380857 0.9808 0
1652290386718 0.9636 0
1652290392501 0.9684 0
1652290398162 0.9732 0
1652290403971 0.9768 0
1652290409747 0.9728 0
1652290415580 0.9748 0
1652290421311 0.9688 0
1652290427031 0.9768 0
1652290432754 0.9764 0
1652290438517 0.9728 0
1652290444195 0.9668 0
1652290449926 0.9788 0
1652290455653 0.9816 0
1652290461482 0.9816 0
1652290467280 0.974 0
1652290473019 0.98 0
1652290478834 0.9764 0
1652290484534 0.9808 0
1652290490312 0.9804 0
1652290496058 0.9864 0
1652290501831 0.9772 0
1652290507587 0.9736 0
1652290513271 0.9792 0
1652290519033 0.9808 0
1652290524711 0.9836 0
