1654579307957 0.8264773692513044 0
1654579322924 0.963353961897828 0
1654579337940 0.9765198398252639 0
1654579352854 0.9865307608299964 0
1654579367443 0.9883509282854023 0
1654579381905 0.9870768110666182 0
1654579396627 0.9871374833151316 0
1654579411872 0.9932047081664847 0
1654579426592 0.9941754641427011 0
1654579441280 0.9888969785220241 0
1654579456387 0.9955709258585124 0
1654579471288 0.9915058852081058 0
1654579486246 0.9921126076932412 0
1654579501030 0.9960563038466206 0
1654579515564 0.9951462201189176 0
1654579530536 0.9954495813614852 0
1654579545441 0.9939934473971606 0
1654579560475 0.9972697488168911 0
1654579575671 0.99690571532581 0
1654579590232 0.9941147918941876 0
1654579605117 0.9960563038466206 0
1654579620238 0.9938114306516199 0
1654579634842 0.9975124378109452 0
1654579649583 0.99587428710108 0
1654579664099 0.9952068923674311 0
1654579678762 0.9967236985802694 0
1654579693548 0.9957529426040529 0
1654579708173 0.99896857177527 0
1654579723178 0.9976944545564859 0
1654579738075 0.9957529426040529 0
1654579752877 0.995995631598107 0
1654579767761 0.9968450430772965 0
1654579782843 0.9976944545564859 0
1654579797505 0.996116976095134 0
1654579812062 0.9995752942604053 0
1654579826595 0.9993326052663511 0
1654579841490 0.9959349593495935 0
1654579856098 0.9974517655624318 0
1654579870889 0.9983618492901347 0
1654579885853 0.9971484043198641 0
1654579900553 0.9989078995267565 0
1654579915644 0.9960563038466206 0
1654579930668 0.9970877320713506 0
1654579945480 0.9976337823079723 0
1654579960234 0.9973910933139182 0
1654579974976 0.9990292440237836 0
1654579989868 0.9987865550297294 0
1654580004696 0.9962383205921611 0
1654580019147 0.9992719330178377 0
1654580034061 0.9977551268049994 0
1654580054216 0.8917153842102491 0
1654580069968 0.9811449939432243 0
1654580085847 0.9901511560541423 0
1654580101460 0.991573181650603 0
1654580117554 0.9912571759625006 0
1654580133585 0.9927318691736451 0
1654580149395 0.9948912413756781 0
1654580165361 0.99294253963238 0
1654580181284 0.9961025965134039 0
1654580196959 0.9960499288987201 0
1654580213542 0.9939958919260546 0
1654580229289 0.9975772897245484 0
1654580245689 0.9951545794490968 0
1654580261624 0.9953125822931479 0
1654580277341 0.99647126981619 0
1654580293651 0.9952599146784642 0
1654580309363 0.9974192868804972 0
1654580325211 0.995891926054669 0
1654580341465 0.9963659345868225 0
1654580357333 0.9951545794490968 0
1654580373865 0.9971032811923948 0
1654580390091 0.9985253067888555 0
1654580406090 0.9959445936693527 0
1654580422037 0.9952599146784642 0
1654580438157 0.9985779744035392 0
1654580454396 0.9999473323853163 0
1654580470686 0.9936272186232685 0
1654580486922 0.9962605993574551 0
1654580502807 0.997840627797967 0
1654580518760 0.9985253067888555 0
1654580535107 0.99647126981619 0
1654580551306 0.9969452783483436 0
1654580567239 0.9959445936693527 0
1654580583312 0.9990519829356929 0
1654580598930 0.9984726391741718 0
1654580614982 0.9971032811923948 0
1654580630820 0.9956285879812503 0
1654580646443 0.9965239374308738 0
1654580662244 0.9974719544951809 0
1654580678390 0.9973139516511297 0
1654580694199 0.9986833096329067 0
1654580710656 0.9981566334860694 0
1654580726449 0.99647126981619 0
1654580742418 0.9973139516511297 0
1654580758509 0.9992099857797441 0
1654580774217 0.9979986306420182 0
1654580790613 0.9962605993574551 0
1654580806240 0.9976826249539158 0
1654580822606 0.9979459630273345 0
1654580839141 0.9964186022015062 0
1654580863845 0.8779088133094661 0
1654580880174 0.9775718647994104 0
1654580896191 0.9881015057386543 0
1654580912226 0.9918921764767822 0
1654580928407 0.9924713067284405 0
1654580944784 0.991628935453301 0
1654580961107 0.9945772349162894 0
1654580976804 0.9955249026008213 0
1654580992895 0.993787511845846 0
1654581008919 0.9941560492787196 0
1654581024687 0.9944192903022007 0
1654581040686 0.9945245867115932 0
1654581056766 0.9964725702853533 0
1654581072769 0.994471938506897 0
1654581089267 0.9972096451511003 0
1654581104855 0.9977361271980626 0
1654581120896 0.9941034010740234 0
1654581137033 0.9935769190270611 0
1654581153040 0.9979467200168475 0
1654581169048 0.9953143097820364 0
1654581184957 0.9948404759397704 0
1654581201194 0.9979993682215437 0
1654581217427 0.9949984205538591 0
1654581233997 0.9987364430872907 0
1654581250571 0.9950510687585553 0
1654581266508 0.9950510687585553 0
1654581283060 0.9978940718121512 0
1654581299315 0.9962093292618722 0
1654581315293 0.9969464041276193 0
1654581331908 0.997841423607455 0
1654581347827 0.9967884595135306 0
1654581364073 0.9965252184900495 0
1654581380080 0.997367589765189 0
1654581396059 0.9939454564599347 0
1654581412511 0.9969464041276193 0
1654581428591 0.9981573128356324 0
1654581444928 0.9962619774665684 0
1654581461443 0.9987890912919869 0
1654581477273 0.9972096451511003 0
1654581493445 0.9959987364430873 0
1654581509402 0.9982099610403286 0
1654581525847 0.9968411077182268 0
1654581542223 0.9976834789933663 0
1654581558311 0.9961040328524797 0
1654581574576 0.9981046646309361 0
1654581591003 0.997841423607455 0
1654581607474 0.996419922080657 0
1654581623893 0.9974202379698852 0
1654581639837 0.9977361271980626 0
1654581655836 0.9966305148994419 0
1654581684552 0.9380661470402359 0
1654581701190 0.9883610701495682 0
1654581717568 0.993574889403834 0
1654581733902 0.9933115651990732 0
1654581750196 0.996208131451443 0
1654581766219 0.9943648620181167 0
1654581782533 0.995628818200969 0
1654581798806 0.9936275542447862 0
1654581815384 0.9964714556562039 0
1654581831756 0.9975774173161998 0
1654581847745 0.9944175268590689 0
1654581864153 0.9972614282704866 0
1654581880599 0.9951548346323994 0
1654581895789 0.9973667579523909 0
1654581911954 0.9951021697914473 0
1654581928258 0.9972614282704866 0
1654581944027 0.9979987360438172 0
1654581960391 0.9960501369285865 0
1654581976672 0.9967347798609648 0
1654581993193 0.9970507689066779 0
1654582009585 0.9965241204971561 0
1654582025962 0.9952074994733516 0
1654582042763 0.9973140931114388 0
1654582058708 0.9966294501790605 0
1654582074495 0.9984200547714346 0
1654582091370 0.9992100273857173 0
1654582108320 0.9960501369285865 0
1654582125079 0.9968927743838214 0
1654582141535 0.9964714556562039 0
1654582157573 0.9966294501790605 0
1654582173762 0.9969454392247735 0
1654582190098 0.999420686749526 0
1654582206088 0.9965241204971561 0
1654582222485 0.9951021697914473 0
1654582238661 0.9991046977038129 0
1654582255177 0.9998946703180956 0
1654582271390 0.9947861807457341 0
1654582287251 0.9964187908152518 0
1654582303652 0.998841373499052 0
1654582319681 0.9998420054771434 0
1654582335721 0.9979987360438172 0
1654582352323 0.9939962081314514 0
1654582368552 0.9972614282704866 0
1654582384932 0.9974194227933432 0
1654582401559 0.9981567305666736 0
1654582418013 0.996787444701917 0
1654582434011 0.9985253844533389 0
1654582450045 0.9981040657257215 0
1654582466670 0.9971560985885822 0
1654582483117 0.996787444701917 0
1654582516044 0.9624499684010954 0
1654582532414 0.9933642300400253 0
1654582549054 0.9968927743838214 0
1654582565160 0.9953654939962081 0
1654582581544 0.9957341478828734 0
1654582598299 0.9954181588371603 0
1654582614581 0.9960501369285865 0
1654582631592 0.9983147250895302 0
1654582648123 0.9963134611333474 0
1654582664647 0.9974720876342953 0
1654582680990 0.9962607962923952 0
1654582697397 0.9972614282704866 0
1654582713680 0.9977880766800085 0
1654582730347 0.9968401095428692 0
1654582746748 0.9976827469981041 0
1654582763401 0.9965767853381082 0
1654582779464 0.9989993680219086 0
1654582795888 0.9964187908152518 0
1654582812650 0.9966294501790605 0
1654582828871 0.9973667579523909 0
1654582845327 0.996208131451443 0
1654582861981 0.9978934063619128 0
1654582878026 0.9984727196123868 0
1654582894582 0.9981040657257215 0
1654582910852 0.9976827469981041 0
1654582927691 0.9975774173161998 0
1654582944054 0.9979987360438172 0
1654582960103 0.9984727196123868 0
1654582976615 0.9969454392247735 0
1654582993081 0.9964714556562039 0
1654583009583 0.9981040657257215 0
1654583026441 0.9984200547714346 0
1654583042807 0.9979987360438172 0
1654583059694 0.9982093954076259 0
1654583076089 0.996787444701917 0
1654583092593 0.9989467031809564 0
1654583109445 0.9983673899304825 0
1654583125846 0.9978934063619128 0
1654583142018 0.9974194227933432 0
1654583158430 0.9973140931114388 0
1654583175233 0.9972087634295345 0
1654583191938 0.998262060248578 0
1654583207846 0.9965241204971561 0
1654583224516 0.9983673899304825 0
1654583240816 0.9989467031809564 0
1654583256699 0.9978934063619128 0
1654583273294 0.9986833789761955 0
1654583289478 0.9994733515904782 0
1654583305759 0.9985253844533389 0
1654583322267 0.9968401095428692 0
1654583359755 0.9656008007164305 0
1654583376573 0.994258020333983 0
1654583393221 0.9944160564715798 0
1654583409864 0.996628562397935 0
1654583426552 0.9973660643733867 0
1654583443295 0.9958910604224833 0
1654583459686 0.9976294579360481 0
1654583476202 0.9978401727861771 0
1654583492958 0.9964178475478059 0
1654583509290 0.9956803455723542 0
1654583526137 0.9980508876363061 0
1654583542786 0.9971026708107253 0
1654583559502 0.9966812411104673 0
1654583576189 0.9984723173365643 0
1654583592744 0.9980508876363061 0
1654583609552 0.998419638624032 0
1654583626029 0.9968919559605963 0
1654583642684 0.9975241005109835 0
1654583659424 0.9972607069483221 0
1654583676186 0.9977348153611125 0
1654583692624 0.9987357108992256 0
1654583708699 0.9998419638624032 0
1654583725072 0.9971026708107253 0
1654583742386 0.9955749881472897 0
1654583758905 0.9981035663488385 0
1654583775386 0.9986830321866934 0
1654583791834 0.9980508876363061 0
1654583808632 0.9968392772480641 0
1654583825581 0.9982616024864353 0
1654583842442 0.9976821366485803 0
1654583859178 0.9987357108992256 0
1654583875832 0.9982089237739029 0
1654583892637 0.9974187430859189 0
1654583909415 0.9987357108992256 0
1654583926119 0.9975241005109835 0
1654583942703 0.9964178475478059 0
1654583959382 0.9979982089237739 0
1654583976100 0.9986830321866934 0
1654583992634 0.9980508876363061 0
1654584008750 0.9966812411104673 0
1654584024646 0.9972607069483221 0
1654584040251 0.9987357108992256 0
1654584055999 0.9978928514987093 0
1654584071656 0.9982616024864353 0
1654584087285 0.9965758836854027 0
1654584102856 0.9978928514987093 0
1654584118623 0.9979982089237739 0
1654584134439 0.9987357108992256 0
1654584150212 0.9978401727861771 0
1654584165733 0.9989464257493547 0
1654584207406 0.9418763820153733 0
1654584223193 0.9878382647151732 0
1654584238495 0.9955249026008213 0
1654584254277 0.9958934400336948 0
1654584269969 0.9945772349162894 0
1654584285935 0.9959987364430873 0
1654584301609 0.9958407918289987 0
1654584317373 0.996419922080657 0
1654584332999 0.997104348741708 0
1654584349135 0.9969464041276193 0
1654584365086 0.9965778666947457 0
1654584380535 0.9966831631041382 0
1654584396047 0.997841423607455 0
1654584411646 0.9968937559229231 0
1654584427534 0.9967884595135306 0
1654584443399 0.9958934400336948 0
1654584459279 0.9974728861745814 0
1654584475046 0.9981573128356324 0
1654584490680 0.9966305148994419 0
1654584506601 0.9986311466778983 0
1654584522585 0.9961566810571759 0
1654584538226 0.9984732020638096 0
1654584554054 0.9963146256712646 0
1654584569581 0.9986837948825945 0
1654584585511 0.9989996841107718 0
1654584601209 0.9948404759397704 0
1654584616750 0.9979993682215437 0
1654584632694 0.9977361271980626 0
1654584648819 0.9980520164262399 0
1654584664449 0.9981573128356324 0
1654584680207 0.9966305148994419 0
1654584695852 0.9991049805201643 0
1654584711461 0.9955775508055176 0
1654584727284 0.9981573128356324 0
1654584743350 0.9989996841107718 0
1654584759981 0.997104348741708 0
1654584777200 0.997367589765189 0
1654584793854 0.9971569969464041 0
1654584810948 0.9989470359060756 0
1654584827788 0.9982626092450247 0
1654584844977 0.9974728861745814 0
1654584861372 0.9963672738759608 0
1654584878514 0.9983679056544171 0
1654584895681 0.9975255343792777 0
1654584912333 0.997367589765189 0
1654584929065 0.9987890912919869 0
1654584945857 0.9984732020638096 0
1654584962958 0.9966305148994419 0
1654584979948 0.9983679056544171 0
1654584996689 0.9988417394966832 0
1654585042854 0.9430573114201433 0
1654585059522 0.989464812473662 0
1654585076673 0.9948904340497261 0
1654585093673 0.9957859249894648 0
1654585110558 0.9967340918668353 0
1654585127487 0.9928887484197219 0
1654585144230 0.9968394437420987 0
1654585161734 0.9961019806152549 0
1654585179027 0.9975242309313106 0
1654585195349 0.9974188790560472 0
1654585212357 0.9969447956173619 0
1654585229268 0.9969447956173619 0
1654585246617 0.9992098609355247 0
1654585263551 0.9969974715549936 0
1654585280457 0.9964180362410451 0
1654585297106 0.9977876106194691 0
1654585314061 0.9969447956173619 0
1654585331249 0.9963126843657817 0
1654585348053 0.9975769068689423 0
1654585365105 0.9977349346818374 0
1654585381991 0.9982090181205225 0
1654585399053 0.997629582806574 0
1654585416124 0.9959439528023599 0
1654585433346 0.9976822587442057 0
1654585450322 0.9966814159292036 0
1654585467084 0.9980509903076275 0
1654585483567 0.9978929624947324 0
1654585500934 0.9981563421828908 0
1654585518003 0.997629582806574 0
1654585535038 0.9988411293721028 0
1654585551822 0.9973135271807838 0
1654585568796 0.9987884534344711 0
1654585585883 0.9977876106194691 0
1654585602697 0.9969447956173619 0
1654585619921 0.9973135271807838 0
1654585637172 0.9981036662452591 0
1654585654046 0.9978402865571007 0
1654585671261 0.9976822587442057 0
1654585688058 0.9983670459334176 0
1654585705295 0.9977349346818374 0
1654585721993 0.9975242309313106 0
1654585739077 0.9978929624947324 0
1654585756063 0.9979456384323641 0
1654585773033 0.9988411293721028 0
1654585790010 0.9976822587442057 0
1654585807031 0.9971554993678887 0
1654585824099 0.9982090181205225 0
1654585840738 0.9970501474926253 0
1654585857934 0.9977876106194691 0
1654585874812 0.999157184997893 0
1654585925633 0.866852837346541 0
1654585942976 0.9592180831445282 0
1654585960020 0.9830865693661415 0
1654585977270 0.9879340323515464 0
1654585993987 0.9915169397755413 0
1654586011111 0.9924126666315402 0
1654586028462 0.9935718425628326 0
1654586045509 0.9926234258917751 0
1654586062565 0.9949944675694188 0
1654586079036 0.9932557036724801 0
1654586095685 0.994731018494125 0
1654586112900 0.9967859212814163 0
1654586130087 0.9934137731176563 0
1654586147366 0.9969966805416512 0
1654586164363 0.9957848147953001 0
1654586181502 0.9949944675694188 0
1654586198447 0.9961009536856525 0
1654586215299 0.9968913009115338 0
1654586232374 0.9956794351651825 0
1654586249567 0.9965224722061226 0
1654586266606 0.9953632962748301 0
1654586283565 0.9955213657200063 0
1654586300713 0.9964697823910638 0
1654586317708 0.9971547499868275 0
1654586334553 0.9948890879393013 0
1654586351724 0.9971547499868275 0
1654586368739 0.9961009536856525 0
1654586386032 0.9969966805416512 0
1654586403540 0.9957321249802413 0
1654586421067 0.9964170925760051 0
1654586438283 0.9991042731440013 0
1654586455288 0.9947837083091838 0
1654586471962 0.9974181990621213 0
1654586488667 0.9960482638705939 0
1654586505721 0.99704937035671 0
1654586523071 0.9986300648084725 0
1654586540380 0.9971547499868275 0
1654586557539 0.9963644027609463 0
1654586574499 0.997681648137415 0
1654586591509 0.9953632962748301 0
1654586608391 0.9979977870277675 0
1654586625340 0.9967332314663575 0
1654586642497 0.9975762685072975 0
1654586659433 0.9961009536856525 0
1654586676942 0.997260129616945 0
1654586693928 0.9980504768428263 0
1654586710168 0.9967332314663575 0
1654586727650 0.9972074398018863 0
1654586745264 0.99873544443859 0
1654586762521 0.9954159860898888 0
1654586817226 0.9445440168687401 0
1654586834034 0.9920927780706379 0
1654586850981 0.9955719557195571 0
1654586867797 0.9967843964153927 0
1654586885112 0.9974696889826041 0
1654586902067 0.9971006852925672 0
1654586919552 0.9960991038481813 0
1654586936817 0.996573537163943 0
1654586953870 0.9976805482340537 0
1654586971139 0.9974696889826041 0
1654586988147 0.9973115445440168 0
1654587005118 0.9994201370585134 0
1654587022066 0.9977332630469162 0
1654587039139 0.9951502372166579 0
1654587056937 0.99847127042699 0
1654587074215 0.9992619926199262 0
1654587091245 0.997838692672641 0
1654587108551 0.9970479704797048 0
1654587125528 0.9962572482867685 0
1654587142363 0.9986294148655772 0
1654587159999 0.9973115445440168 0
1654587176908 0.9993147074327886 0
1654587193885 0.9974696889826041 0
1654587211127 0.9969952556668423 0
1654587228649 0.9982076963626779 0
1654587246037 0.9977859778597786 0
1654587263079 0.9980495519240906 0
1654587280305 0.9976805482340537 0
1654587297176 0.9983658408012651 0
1654587313781 0.9982604111755403 0
1654587330951 0.9961518186610437 0
1654587347960 0.9985767000527148 0
1654587365335 0.9959409594095942 0
1654587382223 0.9978914074855034 0
1654587399164 0.9993147074327886 0
1654587416051 0.9981022667369531 0
1654587432851 0.9986294148655772 0
1654587450151 0.9986294148655772 0
1654587467676 0.9971006852925672 0
1654587484883 0.9969952556668423 0
1654587502297 0.99847127042699 0
1654587519135 0.9989984185556141 0
1654587536234 0.9981022667369531 0
1654587553174 0.9981022667369531 0
1654587570649 0.9982604111755403 0
1654587587862 0.9986294148655772 0
1654587604822 0.9981549815498155 0
1654587622051 0.9972588297311544 0
1654587639082 0.9975224037954665 0
1654587656588 0.9985239852398524 0
