1654697358370 0.7716000727581398 0
1654697379641 0.9009882980658461 0
1654697400781 0.9216031043472989 0
1654697422039 0.925604802037228 0
1654697443353 0.9382768447220032 0
1654697464380 0.9405202206996908 0
1654697485504 0.9442187594737161 0
1654697506664 0.9453101315709695 0
1654697527701 0.9547686897471654 0
1654697548159 0.9510701509731401 0
1654697568816 0.954404899048081 0
1654697589249 0.9553143757957921 0
1654697610139 0.9564057478930456 0
1654697630607 0.9559813254107803 0
1654697651697 0.959376705268902 0
1654697672678 0.962893348693385 0
1654697693892 0.9588310192202752 0
1654697715830 0.9621657672952162 0
1654697735756 0.9616200812465895 0
1654697756358 0.9630146122597466 0
1654697775992 0.9650760928878919 0
1654697796773 0.9616807130297702 0
1654697817367 0.9636815618747347 0
1654697837029 0.9668344146001334 0
1654697856654 0.9653792518037956 0
1654697877254 0.9631965076092888 0
1654697897695 0.9642272479233615 0
1654697918015 0.9680470502637483 0
1654697938700 0.9638028254410962 0
1654697958430 0.9667737828169527 0
1654697978568 0.968592736312375 0
1654697998677 0.9688958952282787 0
1654698019543 0.9651367246710726 0
1654698040098 0.9667737828169527 0
1654698061017 0.9671375735160371 0
1654698081423 0.9693809494937247 0
1654698101818 0.9694415812769054 0
1654698122586 0.9647729339719882 0
1654698142900 0.9693809494937247 0
1654698163466 0.9706542169405202 0
1654698183725 0.9684714727460134 0
1654698204050 0.9705329533741587 0
1654698224602 0.9698053719759898 0
1654698244846 0.9690777905778208 0
1654698265848 0.9675013642151216 0
1654698286376 0.9701691626750742 0
1654698306817 0.9710180076396047 0
1654698327590 0.9690171587946401 0
1654698348367 0.9691990541441824 0
1654698369239 0.970714848723701 0
1654698397815 0.7870959917530774 0
1654698413688 0.9122551694863865 0
1654698429862 0.9312352192104785 0
1654698445605 0.9415438724152568 0
1654698461203 0.9533685040325026 0
1654698477136 0.9556121520829544 0
1654698492984 0.9613122309138318 0
1654698508444 0.9608877569583409 0
1654698523957 0.96325268328179 0
1654698539493 0.9654356921957431 0
1654698555114 0.9662846401067249 0
1654698570657 0.9695591534776544 0
1654698586536 0.9698623491601479 0
1654698602152 0.9711357710266206 0
1654698618028 0.9724698320295919 0
1654698633405 0.9717421623916075 0
1654698649236 0.971257049299618 0
1654698664740 0.9751985931720333 0
1654698680118 0.9726517494390879 0
1654698695988 0.9745315626705475 0
1654698711705 0.9735006973500697 0
1654698727442 0.9727123885755867 0
1654698743273 0.976047541083015 0
1654698758980 0.9723485537565945 0
1654698774573 0.9759262628100176 0
1654698790401 0.9727730277120854 0
1654698806214 0.9783518282699655 0
1654698822077 0.9787156630889576 0
1654698838036 0.9767752107209994 0
1654698853647 0.9762294584925111 0
1654698869603 0.9768964889939967 0
1654698885548 0.9755017888545268 0
1654698901481 0.9770784064034929 0
1654698916977 0.9766539324480019 0
1654698932968 0.9765326541750046 0
1654698948489 0.9784731065429628 0
1654698964241 0.977624158631981 0
1654698980122 0.9784731065429628 0
1654698995799 0.9769571281304954 0
1654699011716 0.9804135589109211 0
1654699027719 0.9762900976290098 0
1654699043585 0.9784731065429628 0
1654699059774 0.9797465284094354 0
1654699075367 0.979443332726942 0
1654699091261 0.9798071675459341 0
1654699107011 0.9775635194954824 0
1654699122264 0.9778060760414772 0
1654699137395 0.9784124674064641 0
1654699153159 0.9791401370444485 0
1654699168834 0.9765326541750046 0
1654699211058 0.7971989814477992 0
1654699227819 0.8985085485631139 0
1654699244063 0.9219109979386444 0
1654699260232 0.9315508669819328 0
1654699276197 0.9407663392748878 0
1654699292152 0.9447071662422699 0
1654699308653 0.9529525888201771 0
1654699324686 0.957863465502607 0
1654699340667 0.958712259003274 0
1654699357335 0.9634412513641324 0
1654699373748 0.9624105735418941 0
1654699389490 0.9617436643627986 0
1654699405282 0.963380623256942 0
1654699421434 0.9670183096883715 0
1654699437922 0.9685340123681339 0
1654699454446 0.9692009215472293 0
1654699470853 0.967563962653086 0
1654699487170 0.9724142112283255 0
1654699503504 0.9659270037589427 0
1654699520066 0.9695040620831817 0
1654699536410 0.9742936825512307 0
1654699552399 0.9712622771917061 0
1654699568990 0.9711410209773251 0
1654699585636 0.9720504425851825 0
1654699601569 0.9721716987995634 0
1654699617573 0.9725960955498969 0
1654699633859 0.9732630047289924 0
1654699649516 0.9726567236570874 0
1654699665801 0.9738086576937068 0
1654699682159 0.9735661452649448 0
1654699698051 0.9750212198375167 0
1654699714469 0.9753243603734691 0
1654699730736 0.9745968230871832 0
1654699747041 0.9770825754819934 0
1654699763092 0.9742936825512307 0
1654699779535 0.9745361949799928 0
1654699795953 0.9772644598035649 0
1654699812276 0.9727173517642779 0
1654699828861 0.9761125257669455 0
1654699845249 0.9759306414453741 0
1654699861226 0.9780526251970414 0
1654699877909 0.9758700133381836 0
1654699894387 0.9763550381957076 0
1654699910635 0.976294410088517 0
1654699927247 0.976294410088517 0
1654699943363 0.9748393355159451 0
1654699959941 0.976779434946041 0
1654699976409 0.9744149387656117 0
1654699992972 0.9766581787316599 0
1654700009218 0.9772644598035649 0
1654700065453 0.7464523953911462 0
1654700081358 0.8568829593693147 0
1654700097596 0.8819284414796846 0
1654700113675 0.9057610673135233 0
1654700130236 0.91534263189812 0
1654700146515 0.9210430563978168 0
1654700162861 0.9291085506367496 0
1654700179403 0.9364463311097635 0
1654700195543 0.941358399029715 0
1654700211899 0.9386294724075197 0
1654700228338 0.9483929654335961 0
1654700245100 0.9474226804123711 0
1654700261662 0.948817465130382 0
1654700277828 0.9497271073377804 0
1654700294550 0.9500909642207398 0
1654700310675 0.9526986052152819 0
1654700327246 0.951303820497271 0
1654700343754 0.9537901758641602 0
1654700359730 0.9533050333535477 0
1654700376322 0.9534869617950273 0
1654700392759 0.9562158884172226 0
1654700409010 0.9589448150394179 0
1654700424974 0.9604608853850819 0
1654700441659 0.9588841722255913 0
1654700457574 0.9581564584596726 0
1654700473568 0.9616130988477866 0
1654700489803 0.9557913887204367 0
1654700506138 0.9594299575500304 0
1654700522472 0.9620375985445725 0
1654700538659 0.963068526379624 0
1654700555143 0.960582171012735 0
1654700571272 0.960582171012735 0
1654700587376 0.9595512431776835 0
1654700603958 0.9647665251667678 0
1654700620067 0.9628259551243178 0
1654700636419 0.9629472407519709 0
1654700652902 0.9639175257731959 0
1654700669279 0.9598544572468163 0
1654700685489 0.9608247422680413 0
1654700701590 0.9618556701030928 0
1654700717296 0.9618556701030928 0
1654700733530 0.9622801697998787 0
1654700749847 0.9617950272892662 0
1654700766305 0.9617950272892662 0
1654700782759 0.9630078835657975 0
1654700799326 0.9637355973317162 0
1654700815806 0.9658580958156459 0
1654700832284 0.9619769557307459 0
1654700848664 0.9632504548211037 0
1654700865097 0.9628259551243178 0
1654700935957 0.7788088306647258 0
1654700952748 0.8856137797185832 0
1654700969858 0.9153323629306163 0
1654700986832 0.9270984958757884 0
1654701003715 0.9386826783114993 0
1654701020737 0.9467491508976225 0
1654701037169 0.9460213488597768 0
1654701054318 0.9500242600679282 0
1654701071049 0.9565744784085396 0
1654701087692 0.9608199902959729 0
1654701104366 0.959061135371179 0
1654701121419 0.9630640465793304 0
1654701138669 0.9602741387675886 0
1654701155859 0.9650048520135857 0
1654701172958 0.9660965550703542 0
1654701189590 0.9654900533721494 0
1654701206903 0.9638524987869966 0
1654701224132 0.9694929645803009 0
1654701240693 0.9673702086365842 0
1654701257572 0.9696749150897622 0
1654701274620 0.9724041727316837 0
1654701291687 0.966581756428918 0
1654701308574 0.9726467734109655 0
1654701325383 0.9718583212032994 0
1654701342472 0.970160116448326 0
1654701359730 0.971433770014556 0
1654701376760 0.970281416787967 0
1654701393781 0.9718583212032994 0
1654701410591 0.9719189713731199 0
1654701427540 0.970402717127608 0
1654701444491 0.9719189713731199 0
1654701461160 0.9740417273168365 0
1654701478227 0.9708879184861717 0
1654701495272 0.9744056283357594 0
1654701512289 0.9735565259582727 0
1654701529491 0.9724648229015042 0
1654701546209 0.9733139252789907 0
1654701563332 0.9737991266375546 0
1654701580341 0.9733139252789907 0
1654701596710 0.9722828723920427 0
1654701613137 0.9746482290150412 0
1654701630198 0.9757399320718098 0
1654701647334 0.9748301795245027 0
1654701664364 0.9699781659388647 0
1654701681292 0.9733745754488112 0
1654701698113 0.9748301795245027 0
1654701715218 0.9750121300339641 0
1654701732360 0.9756186317321689 0
1654701749459 0.9741630276564774 0
1654701765950 0.9760431829209122 0
