1641917802467 2.2869541151682538 0
1641917806440 2.188228695933024 0
1641917810400 1.467066774113973 0
1641917814362 0.6733623081525166 0
1641917818309 0.4870987840016683 0
1641917822272 0.41434132731755574 0
1641917826176 0.3718973498980204 0
1641917830212 0.3415428607861201 0
1641917834145 0.31676869854927064 0
1641917838226 0.2955452759345373 0
1641917847914 2.280456704711914 0
1641917854291 2.156831459236145 0
1641917860870 1.4659093804677328 0
1641917867513 0.6714508050600687 0
1641917874337 0.4684782624880473 0
1641917881132 0.3846787910938263 0
1641917887953 0.33614506340026856 0
1641917894495 0.301277964258194 0
1641917901222 0.27325720973014833 0
1641917907933 0.24902161575158438 0
1641917921487 2.2577923320770266 0
1641917929074 1.989548563893636 0
1641917936722 0.9688095898628235 0
1641917944304 0.5002794543902079 0
1641917952023 0.377338990855217 0
1641917959917 0.3235978004614512 0
1641917967454 0.28619405331611636 0
1641917975217 0.25582542657852175 0
1641917982794 0.22985655428568522 0
1641917990460 0.20768667318026224 0
1641918007650 2.2334864676157635 0
1641918016303 1.6078360463778179 0
1641918024953 0.6420897252877553 0
1641918033465 0.42345342636108396 0
1641918041999 0.3434340889453888 0
1641918050541 0.2963445517460505 0
1641918059181 0.26026838707129163 0
1641918067547 0.23031880492369333 0
1641918076392 0.20548227418263754 0
1641918085112 0.18462716299692788 0
1641918106365 2.2531552921295166 0
1641918115950 1.9605381920496623 0
1641918125435 1.0187952146848043 0
1641918135291 0.5603382511615753 0
1641918144753 0.4178265334288279 0
1641918154478 0.35373529060681663 0
1641918164156 0.3130533974726995 0
1641918173440 0.2818246677239736 0
1641918182854 0.2550237564007441 0
1641918192280 0.23167140394846597 0
1641918217899 2.2382432028452555 0
1641918228703 1.487814826965332 0
1641918239565 0.5447691265265147 0
1641918250439 0.3640806787967682 0
1641918261358 0.301159211174647 0
1641918272218 0.26003059633572895 0
1641918282327 0.22722556665738425 0
1641918292891 0.19969663664499918 0
1641918303303 0.17661040937503178 0
1641918313698 0.15825465422471363 0
1641918343661 2.2511531937917075 0
1641918355364 1.6589647444089253 0
1641918366952 0.5928184495608012 0
1641918378810 0.3879838321844737 0
1641918390522 0.32036232155164085 0
1641918402134 0.2772399396816889 0
1641918413577 0.24457306439081827 0
1641918425070 0.2167005048195521 0
1641918436463 0.193834539326032 0
1641918447939 0.1751527082125346 0
1641918481502 2.2076810155232747 0
1641918493724 1.5958258698145549 0
1641918506019 0.7046437166055044 0
1641918518695 0.43417913993199664 0
1641918531007 0.3510136912504832 0
1641918543684 0.305375599082311 0
1641918556016 0.2720531182686488 0
1641918568585 0.2435581476688385 0
1641918581148 0.21834742005666097 0
1641918593655 0.19612569552262624 0
1641918631500 2.1184841572443642 0
1641918645023 1.0277897527217865 0
1641918658626 0.45182617999712626 0
1641918672282 0.33718428662618 0
1641918685737 0.2831886997461319 0
1641918699059 0.24429849065144857 0
1641918712057 0.21257460035483042 0
1641918725347 0.1871948730369409 0
1641918738743 0.16568064074118932 0
1641918752348 0.14870084156195323 0
1641918794701 2.1138379150390625 0
1641918808897 0.9422779122193654 0
1641918823065 0.420416175699234 0
1641918837509 0.32131796662807466 0
1641918851729 0.2725841218471527 0
1641918866027 0.23649894777139027 0
1641918880371 0.20661586560408274 0
1641918894907 0.18256524416605632 0
1641918909030 0.1623718310077985 0
1641918923318 0.14671438682874044 0
1641918969980 2.1832810616175333 0
1641918985254 1.2685170894622804 0
1641919000725 0.5179343899250031 0
1641919016041 0.37544144721031186 0
1641919031156 0.31644246764977774 0
1641919046490 0.27499718599319456 0
1641919061882 0.24218180522123972 0
1641919077136 0.21475171213944752 0
1641919092297 0.1911992993036906 0
1641919107772 0.17219344742298126 0
1641919159190 2.172854554049174 0
1641919175771 1.202511519018809 0
1641919192356 0.488738418563207 0
1641919208428 0.3469960094928741 0
1641919224515 0.28911255253156026 0
1641919240571 0.24995570770104727 0
1641919256601 0.21845649168491363 0
1641919273230 0.19258123967647553 0
1641919289590 0.17191007622877758 0
1641919305918 0.15516844205856323 0
1641919361754 2.0723050905863443 0
1641919379422 0.9110997772534688 0
1641919397030 0.4274885394414266 0
1641919414566 0.32632210070292156 0
1641919432058 0.2771477480649948 0
1641919449616 0.23901335872809093 0
1641919467025 0.20920360590616863 0
1641919484728 0.18502770753701528 0
1641919502629 0.165051063589255 0
1641919520449 0.1486452601671219 0
1641919581242 2.127075461324056 0
1641919600251 0.9611739515940348 0
1641919618693 0.4233825534343719 0
1641919637368 0.33149060525894164 0
1641919655984 0.28529602043628693 0
1641919674841 0.2506484049320221 0
1641919693309 0.22190494956970214 0
1641919712046 0.19735622176329295 0
1641919730753 0.1768261083205541 0
1641919749330 0.16060244540373483 0
1641919815254 2.096308895556132 0
1641919835123 0.8914165766398112 0
1641919854819 0.3975374093532562 0
1641919874642 0.314185866856575 0
1641919894274 0.27024283351898193 0
1641919914352 0.23740565927028656 0
1641919934149 0.2097725456873576 0
1641919953922 0.18629420681794484 0
1641919973834 0.16655249183177948 0
1641919993577 0.15016890790462495 0
1641920064039 2.002735274187724 0
1641920085312 0.7787515037377676 0
1641920106179 0.3916281505425771 0
1641920127328 0.31295811330477397 0
1641920147971 0.2667020837942759 0
1641920169099 0.23107332555452983 0
1641920190317 0.20225068984031677 0
1641920211126 0.17862763151327768 0
1641920232374 0.15963132611115774 0
1641920253313 0.14270465463399887 0
1641920328935 2.044073332532247 0
1641920350938 0.8598026161193848 0
1641920373318 0.41380116198857625 0
1641920395703 0.31962147606213887 0
1641920417897 0.2711544732570648 0
1641920439815 0.23694698711236317 0
1641920462035 0.20859029343128205 0
1641920484537 0.18620582242012024 0
1641920506941 0.16694806576569876 0
1641920529111 0.15072657430171968 0
1641920609732 1.9961980393091838 0
1641920633314 0.7768449756622314 0
1641920656564 0.3902820946534475 0
1641920680037 0.31117550357977547 0
1641920703375 0.2683323190053304 0
1641920726715 0.2344653895934423 0
1641920750004 0.20667065873940785 0
1641920773283 0.18296661574840545 0
1641920796481 0.1638269749879837 0
1641920819619 0.14691762552658716 0
1641920906064 2.0406268386840822 0
1641920930687 0.7731431199550629 0
1641920955208 0.3816741221745809 0
1641920979609 0.30006435549259186 0
1641921004333 0.2537334196726481 0
1641921028901 0.21829477281570434 0
1641921053276 0.19072168339093526 0
1641921078162 0.168746014157931 0
1641921102556 0.15103930196762086 0
1641921127477 0.13580795217355093 0
1641921220632 1.963191840426127 0
1641921246932 0.7306283488591512 0
1641921273148 0.3765785705248515 0
1641921299193 0.29590849741299946 0
1641921325050 0.2504494827508926 0
1641921350721 0.21681857716639838 0
1641921376452 0.1890698741833369 0
1641921402511 0.16700601221323014 0
1641921428022 0.1488812058409055 0
1641921453736 0.13385052851438523 0
1641921551399 2.025159266090393 0
1641921578598 0.7475782223383586 0
1641921605587 0.36807569057941436 0
1641921632865 0.29862917993863425 0
1641921659865 0.25571167476971945 0
1641921686825 0.22158093447685243 0
1641921714176 0.1941086624066035 0
1641921741579 0.1714514630317688 0
1641921768720 0.15275115423599878 0
1641921795896 0.1376275442838669 0
1641921899202 1.916532050895691 0
1641921927465 0.7720894051710765 0
1641921955501 0.416123552497228 0
1641921983820 0.3243460928757985 0
1641922012119 0.27777177249590557 0
1641922040204 0.2431378831386566 0
1641922068223 0.21553294883569082 0
1641922096352 0.19308687898317972 0
1641922124465 0.173781143228213 0
1641922152861 0.15784725296497346 0
1641922262021 2.0905525953292847 0
1641922291742 0.978328290939331 0
1641922321283 0.4510353842258453 0
1641922350803 0.33885118210315707 0
1641922380664 0.2873950503110886 0
1641922410626 0.2499102752606074 0
1641922439835 0.21962105271816254 0
1641922469468 0.19453258136113485 0
1641922499233 0.1729180984656016 0
1641922529203 0.15441193206310272 0
1641922644219 1.993856192143758 0
1641922675419 0.6593735100269318 0
1641922706128 0.3527888123035431 0
1641922736478 0.28427100870609284 0
1641922766729 0.2427079707066218 0
1641922797646 0.21101991492907207 0
1641922828448 0.18514344484011333 0
1641922859041 0.16434883975585302 0
1641922889738 0.14700900382200877 0
1641922920210 0.13206568160057067 0
1641923040947 1.7998640250841778 0
1641923072754 0.5638815490086874 0
1641923104828 0.3415300823291143 0
1641923136967 0.27879256793657936 0
1641923169341 0.2367571464061737 0
1641923200941 0.204156154469649 0
1641923232824 0.17895371566613516 0
1641923264543 0.15800247753461202 0
1641923296568 0.14176214284499486 0
1641923328208 0.128215034810702 0
1641923455106 2.0277452960332236 0
1641923488071 0.7579890883604685 0
1641923521231 0.39421970054308575 0
1641923554207 0.3115184178352356 0
1641923587571 0.26247889723777773 0
1641923620704 0.22538658492565156 0
1641923653763 0.19685861012935638 0
1641923686720 0.17393500616550445 0
1641923720081 0.15597152282396953 0
1641923752829 0.14056955314477285 0
1641923885699 1.9311541414260864 0
1641923919969 0.7058914079348246 0
1641923954068 0.38632811153729757 0
1641923987803 0.3086181559085846 0
1641924021968 0.2650395840565364 0
1641924056295 0.23272253895600636 0
1641924090459 0.20579410886764526 0
1641924125033 0.18341625687678656 0
1641924159689 0.16449105639457703 0
1641924193844 0.14935851577123005 0
1641924333696 1.8297947933832803 0
1641924368854 0.6029995076656341 0
1641924404145 0.36093713340759276 0
1641924439580 0.2913284442186356 0
1641924475325 0.24767636411984761 0
1641924510956 0.21464081590970358 0
1641924546266 0.18733531301816306 0
1641924582328 0.165761765841643 0
1641924617759 0.1480354888598124 0
1641924653151 0.1324290148139 0
1641924800545 1.8066702262242635 0
1641924837216 0.5629558181126912 0
1641924874057 0.3335632602850596 0
1641924910784 0.27406960900624594 0
1641924947646 0.23378678741455078 0
1641924984628 0.20209499593575794 0
1641925021644 0.17727061622142792 0
1641925058377 0.15756817395687103 0
1641925095344 0.1405268780430158 0
1641925131530 0.12761446212530136 0
1641925283711 1.744133495680491 0
1641925320667 0.5139313434282938 0
1641925358078 0.3287672174135844 0
1641925395728 0.2708890026330948 0
1641925433358 0.23234824594656625 0
1641925471184 0.20122260409990947 0
1641925508332 0.17588454665342967 0
1641925545320 0.1556094130039215 0
1641925582317 0.13894512941042583 0
1641925619653 0.12534142393668493 0
1641925779406 1.8327256406466166 0
1641925818039 0.6074858711401622 0
1641925856571 0.3603840265194575 0
1641925895150 0.29567218334674833 0
1641925934047 0.25478134236335753 0
1641925972394 0.2214923942645391 0
1641926011279 0.19361811802387238 0
1641926049572 0.17115577960014344 0
1641926088561 0.15290369148254396 0
1641926127301 0.1373935329178969 0
1641926293127 1.8344456693649291 0
1641926333019 0.6409450524489085 0
1641926373198 0.36586873229344685 0
1641926413714 0.2948960912148158 0
1641926453902 0.25025037643909454 0
1641926494029 0.21718582178751628 0
1641926534019 0.1901734524567922 0
1641926574982 0.16827740663687388 0
1641926615363 0.15056057198842365 0
1641926656225 0.1349262095371882 0
1641926830010 1.7539844142595926 0
1641926871917 0.536940206114451 0
1641926913015 0.3346686887264252 0
1641926954589 0.27846405313809713 0
1641926996869 0.2392640015045802 0
1641927038153 0.2082453845024109 0
1641927079901 0.1826403346180916 0
1641927121399 0.16166364533106486 0
1641927163086 0.14356827158927918 0
1641927204685 0.1288259020169576 0
1641927385804 1.7032698381741842 0
1641927428025 0.47859700984160103 0
1641927470366 0.3137891976038615 0
1641927512683 0.2574619442780813 0
1641927555098 0.2183923739274343 0
1641927597859 0.18913612882296243 0
1641927640820 0.16555329563617707 0
1641927683681 0.14685095827579497 0
1641927726717 0.1318347887992859 0
1641927770066 0.11876130225459734 0
1641927959515 1.7734132396380107 0
1641928003244 0.531954819091161 0
1641928047615 0.3279227468172709 0
1641928092499 0.2705233168919881 0
1641928136907 0.23330822030703227 0
1641928181472 0.20475334885120391 0
1641928225689 0.18062143754164378 0
1641928270026 0.16030689408779145 0
1641928313642 0.14360621526241302 0
1641928357166 0.1293353507121404 0
1641928553043 1.7793791749636332 0
1641928598553 0.5488337863763173 0
1641928643847 0.3314903976281484 0
1641928688662 0.2728586767832438 0
1641928733765 0.23491959217389424 0
1641928778779 0.20473372149070104 0
1641928824457 0.1802732689301173 0
1641928869287 0.16012702241738638 0
1641928914872 0.14255686614116034 0
1641928959491 0.1288060980876287 0
1641929162862 1.7274995635032653 0
1641929209100 0.5257799166997273 0
1641929256069 0.31939798525174457 0
1641929302677 0.26122623183727267 0
1641929348843 0.22346656261285147 0
1641929395085 0.1942452584028244 0
1641929442586 0.17001684975624085 0
1641929489611 0.1519870452404022 0
1641929536812 0.13634818251927694 0
1641929583797 0.12336074168284734 0
1641929795356 1.6681667340914408 0
1641929843796 0.524746054760615 0
1641929891585 0.33085052921772 0
1641929939633 0.26892709045410157 0
1641929987679 0.22856190734704335 0
1641930035866 0.19849884498119355 0
1641930084480 0.17410798023541768 0
1641930133122 0.153646664472421 0
1641930181023 0.13760065237879754 0
1641930228694 0.12328789579868317 0
1641930449910 1.6676447186470031 0
1641930499995 0.44446208713849383 0
1641930550333 0.3044041223446528 0
1641930599813 0.2507608013868332 0
1641930649708 0.21303910675843557 0
1641930698879 0.18287989669640858 0
1641930748107 0.15967047224839528 0
1641930798040 0.1412425276676814 0
1641930846731 0.12576678340037664 0
1641930895554 0.11337835772832235 0
1641931124438 1.6680684618314108 0
1641931175593 0.492250870625178 0
1641931226428 0.32572640113830564 0
1641931277045 0.2697534976879756 0
1641931328040 0.2316100878794988 0
1641931378668 0.20110364271799724 0
1641931430656 0.1762039072116216 0
1641931480318 0.15563426791032156 0
1641931530583 0.13988576742808023 0
1641931581111 0.1251273841460546 0
1641931817625 1.6195419390678405 0
1641931868571 0.5015312633355459 0
1641931919834 0.32600163186391196 0
1641931971902 0.2636601275126139 0
1641932022920 0.22304425617059073 0
1641932073186 0.19172713960806528 0
1641932125064 0.1673125567515691 0
1641932176554 0.1475829978187879 0
1641932228201 0.13160680621465048 0
1641932280176 0.11762021432717641 0
1641932524891 1.6351317147890727 0
1641932578121 0.47523184169133503 0
1641932632046 0.3154463534673055 0
1641932685126 0.2617345946311951 0
1641932737210 0.22377225313186647 0
1641932790410 0.19388668534755707 0
1641932843553 0.1696675376733144 0
1641932897368 0.1495630333940188 0
1641932951511 0.13446969931523006 0
1641933005793 0.12091218633651733 0
1641933260758 1.6046562512715659 0
1641933316245 0.4700125518083572 0
1641933370984 0.3084191016832987 0
1641933425809 0.25074515178998313 0
1641933481344 0.210886203956604 0
1641933536093 0.17941032123565673 0
1641933590801 0.15660766701698303 0
1641933645472 0.13800419036547343 0
1641933699783 0.12301608436306317 0
1641933755103 0.11078420187632243 0
1641934018870 1.533389757569631 0
1641934074209 0.4521166375478109 0
1641934130082 0.31996983693440756 0
1641934187349 0.26527751847902936 0
1641934243019 0.22622423644065856 0
1641934296874 0.1947867569208145 0
1641934354032 0.16951743032932282 0
1641934410071 0.15038717108567556 0
1641934465821 0.13425183742841085 0
1641934520897 0.12061953588724136 0
1641934793807 1.5645030734221141 0
1641934850332 0.43697830743789673 0
1641934908719 0.30627106397946674 0
1641934965989 0.25377916679382323 0
1641935023363 0.21648163766066233 0
1641935081373 0.18721481246948243 0
1641935138748 0.16392227634986242 0
1641935196447 0.1452588167866071 0
1641935254130 0.12948313646316528 0
1641935312004 0.1167291052977244 0
1641935594234 1.680418399588267 0
1641935652472 0.5552782622178396 0
1641935710905 0.35256948885917666 0
1641935769792 0.2897818207740784 0
1641935828175 0.24889425002733867 0
1641935887115 0.21567342245578766 0
1641935947563 0.18942111303011577 0
1641936005860 0.16768229681650798 0
1641936064092 0.15026734449068704 0
1641936123172 0.13469606693585714 0
1641936415618 1.5813006478627523 0
1641936476428 0.45650572487513225 0
1641936537992 0.3099939975420634 0
1641936598620 0.2558106264988581 0
1641936659499 0.21674717654387157 0
1641936720920 0.18598768221934636 0
1641936781900 0.16195885830720266 0
1641936841295 0.14319503476619722 0
1641936902875 0.12807572689056396 0
1641936963517 0.11564785036643346 0
1641937267774 1.5537823473612467 0
1641937330181 0.45844393486976626 0
1641937392319 0.3053408401012421 0
1641937454547 0.24945966198444366 0
1641937516606 0.21298558764457703 0
1641937579558 0.18412991919517518 0
1641937641951 0.16237967390616734 0
1641937703853 0.14408549372752508 0
1641937766209 0.12899452480077744 0
1641937829542 0.11684514702161153 0
1641938142467 1.527998972415924 0
1641938205891 0.47308652981122334 0
1641938270326 0.31757278531392413 0
1641938334763 0.26211874357859294 0
1641938399721 0.22285523103078206 0
1641938463746 0.19341377355655034 0
1641938528201 0.16889890611966452 0
1641938591880 0.1495250721057256 0
1641938657153 0.13248200321594875 0
1641938721592 0.11958329020738602 0
1641939045955 1.4188750811258952 0
1641939111346 0.4468554493109385 0
1641939176855 0.30941611688137055 0
1641939242963 0.25618295685847603 0
1641939309441 0.21937121693293254 0
1641939376260 0.19069565018812815 0
1641939443197 0.1658094246606032 0
1641939510367 0.1474901183605194 0
1641939576942 0.12973564869364101 0
1641939643279 0.11613798261880874 0
