1651980856115 0.5616 0
1651980860977 0.8076 0
1651980865608 0.8792 0
1651980870384 0.9228 0
1651980875323 0.9484 0
1651980880060 0.9596 0
1651980884846 0.9728 0
1651980889596 0.9808 0
1651980894316 0.9828 0
1651980899184 0.9904 0
1651980914833 0.7114924181963288 0
1651980929983 0.798683160415004 0
1651980945175 0.8365921787709497 0
1651980960430 0.8752992817238627 0
1651980975710 0.9006384676775738 0
1651980991021 0.9203910614525139 0
1651981006253 0.9317637669592976 0
1651981021528 0.9465283320031923 0
1651981036812 0.9563048683160414 0
1651981052036 0.963487629688747 0
1651981072055 0.6697924980047885 0
1651981091842 0.8038707102952913 0
1651981111300 0.855147645650439 0
1651981130960 0.8790901835594573 0
1651981150761 0.8992418196328811 0
1651981170507 0.9162011173184358 0
1651981189985 0.9275738228252195 0
1651981209341 0.9447326416600159 0
1651981229144 0.9527134876296888 0
1651981249200 0.9644852354349561 0
1651981274057 0.7815243415802074 0
1651981298384 0.916001596169194 0
1651981322614 0.9389465283320032 0
1651981346627 0.9573024740622506 0
1651981370534 0.9674780526735834 0
1651981394688 0.9744612928970471 0
1651981418729 0.9804469273743017 0
1651981442862 0.9850359138068635 0
1651981466979 0.985634477254589 0
1651981490933 0.990023942537909 0
1651981520426 0.7140861931364725 0
1651981548727 0.8076616121308858 0
1651981577038 0.861731843575419 0
1651981605386 0.886073423782921 0
1651981633677 0.9120111731843575 0
1651981662050 0.9253790901835595 0
1651981690199 0.9413407821229051 0
1651981718536 0.9551077414205906 0
1651981747017 0.9678770949720671 0
1651981775525 0.9686751795690344 0
