1654902764655 0.26085736781554003 0
1654902778036 0.0716660536820204 0
1654902791042 0.044211242598331285 0
1654902804146 0.03215173862917678 0
1654902817296 0.04383998027788072 0
1654902830289 0.024278448855179147 0
1654902843175 0.03125542144280593 0
1654902856340 0.022735224338546793 0
1654902869637 0.010555792062097731 0
1654902882673 0.054402881150649715 0
1654902895676 0.008468004452960767 0
1654902908856 0.013504715558906264 0
1654902922294 0.030489767862306057 0
1654902935482 0.014290436323729425 0
1654902948419 0.020137775048931765 0
1654902961477 0.015807128289980495 0
1654902974626 0.0011563742008636106 0
1654902987773 0.023719402375273806 0
1654903000778 0.020008522667337603 0
1654903013681 0.01962881803070971 0
1654903026618 0.004796204646580447 0
1654903039693 0.011662986458737113 0
1654903052958 0.017750265411127387 0
1654903066006 0.007543961097704789 0
1654903079556 0.00011962590710474773 0
1654903092571 2.9734150544963838e-05 0
1654903105624 0.0009990640614366063 0
1654903118777 0.04301402545474814 0
1654903132066 0.009019620652943157 0
1654903145030 0.009152109353110758 0
1654903158050 0.005150702694352115 0
1654903171319 0.02582256470375421 0
1654903184371 0.00221186552694257 0
1654903197461 0.010694489406868018 0
1654903210597 0.012832471186154097 0
1654903223656 0.006639727492815482 0
1654903237010 0.0017878139828745219 0
1654903250223 0.021463889245819774 0
1654903263638 0.004805551143993507 0
1654903276884 0.012674733863271115 0
1654903289918 0.0029771445798804316 0
1654903302998 0.0109194818399285 0
1654903316114 0.004728666556854366 0
1654903329475 0.006912503687177142 0
1654903342602 0.005111760592819658 0
1654903355621 6.24903219160822e-05 0
1654903368790 1.6361229248571293e-05 0
1654903381918 2.0196035227811917e-05 0
1654903395405 0.026799767027030907 0
1654903408378 0.02109784540334592 0
1654903437910 0.18920310077128727 0
1654903463344 0.039193106241638034 0
1654903488766 0.027219670559397276 0
1654903514339 0.01903897309475814 0
1654903539953 0.018361283734420895 0
1654903565468 0.019323757792777545 0
1654903590721 0.014292821777192698 0
1654903616475 0.015304046181786272 0
1654903641925 0.01744088037246739 0
1654903667356 0.019945857498895388 0
1654903692752 0.008479030024641692 0
1654903718435 0.013984056498723241 0
1654903743729 0.013578256656053188 0
1654903769261 0.013969567848118359 0
1654903794421 0.01168228006082935 0
1654903820074 0.017418708302233358 0
1654903845692 0.007881307087063858 0
1654903871547 0.012761498001306007 0
1654903897077 0.015946421496636644 0
1654903922569 0.005000353680330259 0
1654903948445 0.013518331400883224 0
1654903973896 0.007825469032989979 0
1654903999319 0.015206824864215998 0
1654904025199 0.0062479051920508516 0
1654904050438 0.011223277649112545 0
1654904076123 0.013647086528781665 0
1654904101864 0.009447496679035635 0
1654904127459 0.009397069076807863 0
1654904152639 0.012619321512974346 0
1654904178327 0.011664975268470918 0
1654904203956 0.010055874121519301 0
1654904229432 0.007776150317920521 0
1654904254968 0.010889030605253959 0
1654904279999 0.0026117939256179333 0
1654904305310 0.013379676404385673 0
1654904331062 0.008733051132567731 0
1654904356925 0.008639412574415516 0
1654904382196 0.015033456455338488 0
1654904408111 0.010823495634372729 0
1654904433424 0.004779717266678498 0
1654904458823 0.01358172600558466 0
1654904483983 0.006306092936181519 0
1654904509392 0.013184719237067388 0
1654904535090 0.006674012639377695 0
1654904560402 0.008074436468013708 0
1654904586192 0.007560103223535493 0
1654904611732 0.006106482007106301 0
1654904637066 0.008783321698628775 0
1654904662744 0.012524895987786699 0
1654904688319 0.010713641806337467 0
1654904735101 0.12550280707637188 0
1654904774489 0.03362505088857804 0
1654904813619 0.023775271001911832 0
1654904851974 0.017500525312156637 0
1654904890688 0.018269986223707214 0
1654904928482 0.017701261509195387 0
1654904967132 0.011369350071516822 0
1654905006150 0.018030212580781725 0
1654905045046 0.015932502834445462 0
1654905084206 0.014108744539009047 0
1654905123527 0.015625511214254498 0
1654905162199 0.010716342832012305 0
1654905201094 0.012920011693290673 0
1654905239680 0.012536081200921369 0
1654905278058 0.013691597371118474 0
1654905316646 0.013181638360314928 0
1654905355411 0.01164888044338105 0
1654905394173 0.01323330343372261 0
1654905432715 0.010033169151700447 0
1654905471617 0.010826896148659388 0
1654905510521 0.010357207542187327 0
1654905548921 0.014393778159592913 0
1654905587741 0.011487784305181875 0
1654905626630 0.009375223363525123 0
1654905665316 0.012144242847765491 0
1654905704571 0.011571932663675401 0
1654905743944 0.011033514796470616 0
1654905782940 0.010535356796864398 0
1654905822222 0.012099357628618045 0
1654905861674 0.009242943357968814 0
1654905900221 0.0071956196027951275 0
1654905939094 0.013772811514356716 0
1654905977256 0.007556832593150725 0
1654906015609 0.009207954184908431 0
1654906054412 0.013762346960869481 0
1654906093254 0.010607599048751614 0
1654906131594 0.004618982013590306 0
1654906170388 0.014326617708900547 0
1654906208911 0.011469274048972418 0
1654906247762 0.009824141691158873 0
1654906286867 0.009475191017759265 0
1654906325910 0.007284090352339154 0
1654906365344 0.012712010969066465 0
1654906404306 0.007896304444901466 0
1654906443582 0.011574776913207682 0
1654906482574 0.013045430439770016 0
1654906521641 0.0068279368201007795 0
1654906560214 0.009082283851957786 0
1654906598864 0.013382699545498726 0
1654906637882 0.00819108184230609 0
1654906703687 0.05147730588266235 0
1654906756714 0.017298857855195842 0
1654906809416 0.017841977995560157 0
1654906862640 0.016115402138843785 0
1654906915460 0.01337096111795824 0
1654906968547 0.012425484720613306 0
1654907021692 0.01707625687326623 0
1654907074761 0.010675920530559792 0
1654907127705 0.010487623748137059 0
1654907180408 0.012203766416035747 0
1654907233475 0.013996985041005864 0
1654907286865 0.009552091254907578 0
1654907339464 0.011830886010771867 0
1654907392047 0.010184260489363614 0
1654907444982 0.009491559561222421 0
1654907498756 0.012605585705846313 0
1654907550916 0.012779382282067042 0
1654907603564 0.009769345332549065 0
1654907656063 0.01164665970139695 0
1654907708772 0.011074429194741902 0
1654907761471 0.010235772477813739 0
1654907814724 0.011524540595043901 0
1654907866916 0.01000688622569785 0
1654907919657 0.011263316385037268 0
1654907972858 0.010937422794995409 0
1654908025351 0.010742054806581008 0
1654908078190 0.01051404534715838 0
1654908130945 0.011078357587492565 0
1654908183325 0.011944182289024465 0
1654908236546 0.01121063231083114 0
1654908289925 0.01093619168111218 0
1654908342798 0.008515786491823201 0
1654908396120 0.009271867728721161 0
1654908449869 0.010639987667107158 0
1654908502648 0.01202161530830992 0
1654908555688 0.009727835111913177 0
1654908608773 0.011055862722068446 0
1654908661013 0.011502149935282566 0
1654908714259 0.009406533747140485 0
1654908767325 0.010656112900705363 0
1654908819896 0.009082673536944946 0
1654908872501 0.009226517494182854 0
1654908925296 0.01015880453479663 0
1654908978562 0.009093864554157997 0
1654909032298 0.009673843341472326 0
1654909084935 0.009634385194647961 0
1654909137704 0.010002590277098157 0
1654909190447 0.008071521095809655 0
1654909243740 0.010331733470000772 0
1654909296905 0.011253760488685812 0
1654909382502 0.03707356950029732 0
1654909451083 0.015524977466332754 0
1654909518465 0.012625686723306717 0
1654909585961 0.011694305508650983 0
1654909653850 0.013870129187161193 0
1654909721301 0.010019505722448621 0
1654909788056 0.009826783667267712 0
1654909855744 0.012073699531743417 0
1654909922991 0.011694930160581209 0
1654909990556 0.010450970507709616 0
1654910058726 0.011282449964765724 0
1654910126699 0.011106892877284669 0
1654910193944 0.01168303114439497 0
1654910261859 0.012415644508780823 0
1654910329663 0.00942695650918702 0
1654910396764 0.011045778974622826 0
1654910464578 0.009703165363861553 0
1654910532399 0.009887452841947078 0
1654910599994 0.009291193013190388 0
1654910667625 0.01348527750598206 0
1654910734800 0.008286125024950916 0
1654910802302 0.010220258143870503 0
1654910870193 0.009092808819435659 0
1654910937630 0.009885403309461444 0
1654911006615 0.012244277611533684 0
1654911074449 0.009653815892030777 0
1654911141484 0.009211211229792227 0
1654911208609 0.009291085989105385 0
1654911275644 0.011038309522150493 0
1654911343499 0.011494241708201427 0
1654911411555 0.008715612699961493 0
1654911479525 0.012220351269860314 0
1654911546725 0.009331596534323926 0
1654911615248 0.008735930552747847 0
1654911682878 0.007333379625920265 0
1654911750941 0.01202854208883999 0
1654911818239 0.008778918641245827 0
1654911885906 0.009770073902747615 0
1654911953835 0.010095961987240552 0
1654912022029 0.00872420212951016 0
1654912089947 0.009744962178972113 0
1654912157553 0.010682671411072901 0
1654912224995 0.00785710092017974 0
1654912292573 0.008668677683444577 0
1654912360601 0.0093258199708499 0
1654912429145 0.01042346475480539 0
1654912497328 0.007995250883928131 0
1654912564649 0.008028631268130176 0
1654912633571 0.009634695377664699 0
1654912700542 0.010448309438324534 0
1654912804402 0.025845544867748135 0
1654912888548 0.01272615191627302 0
1654912972001 0.01179337758175694 0
1654913055361 0.01209641295367969 0
1654913138984 0.01083128047733267 0
1654913222253 0.00924916102643318 0
1654913305471 0.011027115696276858 0
1654913388828 0.00915976425848922 0
1654913471941 0.009546007021995451 0
1654913554993 0.010238101457418252 0
1654913638802 0.012586719914556382 0
1654913722122 0.011400889723497112 0
1654913805797 0.011121731536295759 0
1654913888426 0.010901886522752206 0
1654913972432 0.010144156716656404 0
1654914055462 0.010130823788897297 0
1654914138611 0.010090181772252262 0
1654914222503 0.010957988803481459 0
1654914305624 0.010277567314832717 0
1654914389154 0.012419166883909281 0
1654914472397 0.009741848305594887 0
1654914556680 0.00973586145961008 0
1654914639745 0.010329867208597255 0
1654914722801 0.009573979039408717 0
1654914806836 0.010017316944761451 0
1654914890780 0.010987561157942697 0
1654914974279 0.009294823529142376 0
1654915057787 0.0080645499917118 0
1654915141432 0.01038414553889128 0
1654915225595 0.009260202153908667 0
1654915309918 0.010010136806292832 0
1654915393101 0.008986359650002477 0
1654915475970 0.012087438013395641 0
1654915559096 0.009726722295650437 0
1654915643026 0.008957376275325585 0
1654915726679 0.011730540416855883 0
1654915809565 0.0082540656797321 0
1654915892485 0.010193667398789321 0
1654915974929 0.008885719081772067 0
1654916058316 0.010105517878766746 0
1654916141720 0.010361540408118122 0
1654916225289 0.010499620436891626 0
1654916308274 0.010667963106694208 0
1654916391788 0.0098059633065895 0
1654916475301 0.009233989278970628 0
1654916558509 0.008334962953857593 0
1654916642465 0.00912799716620836 0
1654916726142 0.010394260843457495 0
1654916810940 0.010187510469543635 0
1654916895228 0.010631065074677027 0
1654917019275 0.03382352456360627 0
1654917118372 0.01654494211016718 0
1654917218339 0.012610237384481733 0
1654917318195 0.011237404506199842 0
1654917417846 0.012376173153250208 0
1654917517710 0.013525229086444556 0
1654917617353 0.013236030661621823 0
1654917717885 0.009346174671226313 0
1654917817374 0.011846306137509683 0
1654917916970 0.010166093885750899 0
1654918017088 0.01277076073708384 0
1654918116913 0.011222592649102324 0
1654918216580 0.011599870785606706 0
1654918316498 0.010429306194833243 0
1654918415511 0.009850604802734655 0
1654918515679 0.010947507250114568 0
1654918615921 0.012423156203121314 0
1654918715910 0.011437325586694727 0
1654918816214 0.011390938009728142 0
1654918916193 0.011435061858565949 0
1654919015575 0.010376264544587054 0
1654919114982 0.010818195559199517 0
1654919214177 0.011593763586327466 0
1654919313817 0.00987900215677619 0
1654919413263 0.010558097889294293 0
1654919513317 0.009960835399588494 0
1654919612421 0.012435409011179371 0
1654919713008 0.00986346946871322 0
1654919812922 0.010039236418230967 0
1654919912875 0.011093287881193663 0
1654920013380 0.008411347932995016 0
1654920113044 0.013008404275641275 0
1654920213567 0.010987188742756657 0
1654920313879 0.010101635299813937 0
1654920415554 0.01041543861993906 0
1654920517863 0.010631884210483318 0
1654920618342 0.010246543380293969 0
1654920718025 0.01139355614902394 0
1654920818015 0.00943795694705359 0
1654920918006 0.010062008143610418 0
1654921017625 0.009155319507627154 0
1654921117497 0.01105847598256657 0
1654921216946 0.010213946687284708 0
1654921317491 0.011321904894620266 0
1654921416771 0.009640748408806878 0
1654921516312 0.008463724103666618 0
1654921616711 0.011114243207567822 0
1654921715607 0.010227104478693395 0
1654921815395 0.010110381863701886 0
1654921915366 0.009025953279416786 0
1654922061488 0.031356161897951214 0
1654922178310 0.013750203776842801 0
1654922295062 0.012815784470853372 0
1654922411260 0.01361325677337546 0
1654922528523 0.01242855794210435 0
1654922645714 0.011400491264994988 0
1654922762458 0.010932294018340881 0
1654922879766 0.011618215803093671 0
1654922996197 0.012166295513082567 0
1654923112355 0.011183271331952056 0
1654923229130 0.010540009464980613 0
1654923346224 0.012358109178221565 0
1654923461932 0.010917237377348692 0
1654923577378 0.011208280286481275 0
1654923694730 0.01073575463731233 0
1654923813126 0.01089609122371195 0
1654923929886 0.010451809358885305 0
1654924045799 0.011184814968344788 0
1654924162980 0.010775375332809407 0
1654924280168 0.009509922255040127 0
1654924397047 0.01215690086704186 0
1654924513668 0.011046366714951563 0
1654924630774 0.01115514088441148 0
1654924748063 0.010401216295634818 0
1654924864915 0.010210896238599488 0
1654924983160 0.009279644752059269 0
1654925099915 0.011276745612795127 0
1654925216239 0.012402427280117234 0
1654925332674 0.010526231862084616 0
1654925449689 0.011221440245177993 0
1654925567303 0.009135547419226293 0
1654925684361 0.011998586137297974 0
1654925802332 0.008720537740542255 0
1654925920203 0.011357230631877808 0
1654926037405 0.01138637610777847 0
1654926155311 0.010474066990976747 0
1654926272136 0.011247210443895742 0
1654926389271 0.01023952933368722 0
1654926506800 0.010335476708196394 0
1654926622667 0.010370158945441183 0
1654926739502 0.010169509852285874 0
1654926856568 0.010603293068077262 0
1654926972908 0.010583144204148444 0
1654927089692 0.011734426053012129 0
1654927207353 0.009988440918359556 0
1654927324826 0.00986498366132004 0
1654927442899 0.010402860674739046 0
1654927558978 0.01042653949516399 0
1654927676049 0.011022397571709315 0
1654927791896 0.01045612168069986 0
1654927959559 0.05946026016258706 0
1654928094234 0.031999929257454575 0
1654928227569 0.02314016101515363 0
1654928361485 0.017873107645251907 0
1654928495103 0.016757394273972423 0
1654928629996 0.016710729638594365 0
1654928764493 0.01473656473530625 0
1654928898807 0.015179862042858278 0
1654929034296 0.015513252214927453 0
1654929168739 0.014407508600188065 0
1654929302322 0.013983122219700007 0
1654929436883 0.013778510700567348 0
1654929570708 0.013410184426446198 0
1654929705150 0.01447196957997107 0
1654929839601 0.012891509903147124 0
1654929974626 0.012850460678871044 0
1654930108954 0.013239362743758537 0
1654930244178 0.015030233441179671 0
1654930378295 0.011669585678401834 0
1654930512796 0.014314584003530504 0
1654930645559 0.012649216004676162 0
1654930781416 0.013611819345426586 0
1654930915389 0.012753849480841474 0
1654931048699 0.012618087517016817 0
1654931183914 0.013407037078809109 0
1654931318014 0.01192021360660051 0
1654931452471 0.012997064648571732 0
1654931587121 0.011962199046148184 0
1654931720941 0.012087487034241833 0
1654931855918 0.01179908581115936 0
1654931991005 0.012644299242298844 0
1654932125382 0.01302218625559476 0
1654932259457 0.011961981994203973 0
1654932393216 0.013510769586195513 0
1654932527964 0.011991826558337066 0
1654932662229 0.012917357984692467 0
1654932796938 0.012845396874338872 0
1654932931154 0.012126938165221993 0
1654933066087 0.011898165046094622 0
1654933199475 0.012334679274238779 0
1654933333042 0.013272251887895062 0
1654933467075 0.012587719237959668 0
1654933601235 0.013651887919649101 0
1654933735497 0.012196077879390626 0
1654933870394 0.01341920797897952 0
1654934005079 0.011438417016817198 0
1654934139175 0.012651903723409658 0
1654934272583 0.012222662903454713 0
1654934406641 0.012002376168537901 0
1654934540533 0.012910662291192337 0
1654934730373 0.02467700919697809 0
1654934881585 0.014215029691344827 0
1654935034194 0.013768151247386905 0
1654935190952 0.013068424227338697 0
1654935344693 0.012424036092338948 0
1654935498088 0.012977125565317623 0
1654935652800 0.013065417144881871 0
1654935807128 0.012926163458642264 0
1654935962165 0.012678761231276162 0
1654936116119 0.012137426329062305 0
1654936269889 0.01304411970381128 0
1654936424621 0.01208261024062646 0
1654936578507 0.012320918480052992 0
1654936732076 0.0133154751682942 0
1654936885992 0.012744871923053252 0
1654937039054 0.011790629999875981 0
1654937194129 0.012883183562032037 0
1654937347282 0.012417034466488952 0
1654937501614 0.012419587996414495 0
1654937654649 0.013076909990079233 0
1654937809368 0.01102335941429933 0
1654937962894 0.012735857766334865 0
1654938117058 0.01317613123858516 0
1654938270093 0.012575425237266067 0
1654938423501 0.011916103012260742 0
1654938576824 0.013036098318327268 0
1654938731847 0.012606749045263843 0
1654938885772 0.011560590360984445 0
1654939040484 0.012907196380728575 0
1654939194070 0.012085086422337969 0
1654939348008 0.013831723481762348 0
1654939501715 0.01110086963484654 0
1654939653915 0.012576325851524888 0
1654939807053 0.012283498820121001 0
1654939962110 0.01167545465326314 0
1654940115806 0.011908506673254982 0
1654940269102 0.011789179165918165 0
1654940422559 0.01280000390551944 0
1654940575911 0.011873254864248645 0
1654940729320 0.012278567673328805 0
1654940883077 0.012400486127118242 0
1654941036629 0.013378041680918008 0
1654941189975 0.012013678887813083 0
1654941343625 0.012073685778585343 0
1654941496051 0.012223126723337712 0
1654941649125 0.01265738391054172 0
1654941804115 0.012466824356335181 0
1654941958579 0.012309516475884236 0
1654942112700 0.012717061009677785 0
1654942266679 0.011666865817004365 0
