1644545378488 1.109522875849406 0
1644545394227 0.34627696708043415 0
1644545410036 0.2209213727871577 0
1644545425917 0.16010050597985587 0
1644545441617 0.11909009169340133 0
1644545457465 0.08975043613115946 0
1644545473332 0.06636985166072845 0
1644545489264 0.0491865194996198 0
1644545505246 0.03662322187225024 0
1644545521132 0.02808522709707419 0
1644545537230 0.021850748878220718 0
1644545553057 0.017283398469537498 0
1644545568710 0.014186022702604533 0
1644545584593 0.011868303865194321 0
1644545600398 0.009797950715819995 0
1644545616230 0.008400324826935927 0
1644545632050 0.0071597118732829885 0
1644545647914 0.006239526136343678 0
1644545663998 0.005528714713454247 0
1644545679868 0.004917083757619063 0
1644545708001 0.9695308147589365 0
1644545732065 0.28583790423075356 0
1644545756209 0.18473318812449774 0
1644545780238 0.1335781491001447 0
1644545804447 0.09487136735518774 0
1644545828574 0.06906108206113179 0
1644545852924 0.04903384043971697 0
1644545877180 0.036477903989950815 0
1644545901472 0.02583841407050689 0
1644545925802 0.01916225478500128 0
1644545950228 0.015048575393855571 0
1644545974604 0.012223565754791102 0
1644545998976 0.010004567132641872 0
1644546023239 0.008467324142406384 0
1644546047628 0.006993481970826785 0
1644546071955 0.006013599466532469 0
1644546096050 0.005250344179570675 0
1644546120501 0.0046270855743438 0
1644546144914 0.004158260807394981 0
1644546169097 0.003751766513163845 0
1644546201826 0.9317365986506144 0
1644546225912 0.2785875171264013 0
1644546250017 0.17574613689581553 0
1644546274327 0.12489408605893453 0
1644546298600 0.08964121634165446 0
1644546323032 0.06686010481913884 0
1644546347484 0.048192443483074505 0
1644546371920 0.03435778883099556 0
1644546395923 0.02510215353866418 0
1644546420043 0.01892795421431462 0
1644546444467 0.013879567969342073 0
1644546468782 0.010613460370401541 0
1644546493005 0.00881844215815266 0
1644546517533 0.007268234590440989 0
1644546541900 0.00622215671290954 0
1644546566180 0.006927805735667546 0
1644546590433 0.005336328177899122 0
1644546614642 0.004379280429457625 0
1644546638985 0.0038189927171915767 0
1644546663205 0.0034470604124168555 0
