1651859141383 0.972670618057251 0
1651859144789 0.5899727605819702 0
1651859147953 0.47841565651893614 0
1651859151438 0.4270471693634987 0
1651859154794 0.35042838416695593 0
1651859158106 0.3025874190032482 0
1651859161506 0.26798596532940866 0
1651859164914 0.2495846405506134 0
1651859168293 0.20562113083750008 0
1651859171678 0.18455841141939164 0
1651859178750 1.18450550365448 0
1651859185354 0.8778030207157135 0
1651859191907 0.7253411093235016 0
1651859198418 0.6429780671238899 0
1651859204927 0.5533974164962768 0
1651859211499 0.45273970675468445 0
1651859218088 0.4098063055038452 0
1651859224611 0.416732948154211 0
1651859231322 0.2868651163578033 0
1651859237827 0.268314670085907 0
