1652799430133 0.1536 0
1652799434966 0.2858 0
1652799439570 0.381 0
1652799444276 0.449 0
1652799449044 0.509 0
1652799453795 0.5626 0
1652799458591 0.5926 0
1652799463450 0.6418 0
1652799468291 0.6706 0
1652799473131 0.7068 0
1652799479193 0.2984 0
1652799485058 0.495 0
1652799490934 0.5734 0
1652799496710 0.6268 0
1652799502488 0.6694 0
1652799508295 0.7024 0
1652799513949 0.7312 0
1652799519694 0.752 0
1652799525435 0.783 0
1652799531266 0.808 0
1652799537777 0.2708 0
1652799543698 0.4064 0
1652799549555 0.4764 0
1652799555387 0.5118 0
1652799561354 0.5818 0
1652799567045 0.6158 0
1652799572925 0.6526 0
1652799578910 0.687 0
1652799584724 0.7206 0
1652799590603 0.7394 0
1652799597322 0.3008 0
1652799603093 0.4818 0
1652799608944 0.5454 0
1652799614721 0.6056 0
1652799620670 0.6646 0
1652799626583 0.6876 0
1652799632363 0.7202 0
1652799638211 0.7574 0
1652799644024 0.7808 0
1652799649838 0.7998 0
1652799656971 0.3662 0
1652799662776 0.5204 0
1652799668606 0.6008 0
1652799674433 0.6484 0
1652799680111 0.6872 0
1652799685843 0.7104 0
1652799691747 0.7398 0
1652799697557 0.761 0
1652799703322 0.7866 0
1652799709057 0.8106 0
1652799716447 0.3862 0
1652799722403 0.5498 0
1652799728203 0.6238 0
1652799734076 0.6654 0
1652799739957 0.6992 0
1652799745974 0.734 0
1652799751855 0.7554 0
1652799757709 0.775 0
1652799763582 0.801 0
1652799769517 0.8126 0
1652799777310 0.3812 0
1652799783182 0.5558 0
1652799789268 0.634 0
1652799795036 0.6858 0
1652799800950 0.717 0
1652799806808 0.7438 0
1652799812703 0.7728 0
1652799818652 0.796 0
1652799824418 0.817 0
1652799830254 0.8304 0
1652799838602 0.4064 0
1652799844335 0.575 0
1652799850197 0.6368 0
1652799855988 0.6786 0
1652799861801 0.7062 0
1652799867695 0.7456 0
1652799873638 0.7562 0
1652799879595 0.7822 0
1652799885494 0.7874 0
1652799891467 0.8236 0
1652799899988 0.3564 0
1652799906284 0.5326 0
1652799912272 0.5916 0
1652799918252 0.6472 0
1652799924175 0.6922 0
1652799930098 0.7142 0
1652799936126 0.7396 0
1652799942073 0.7682 0
1652799948143 0.7856 0
1652799953956 0.8088 0
1652799962727 0.4162 0
1652799968926 0.6174 0
1652799974955 0.6822 0
1652799980863 0.7346 0
1652799987000 0.7646 0
1652799992923 0.7984 0
1652799998939 0.8168 0
1652800005043 0.8432 0
1652800010972 0.862 0
1652800017032 0.874 0
1652800026162 0.3704 0
1652800032091 0.5406 0
1652800038161 0.609 0
1652800043997 0.6618 0
1652800049914 0.7006 0
1652800055698 0.7262 0
1652800061543 0.756 0
1652800067345 0.7796 0
1652800073438 0.7976 0
1652800079304 0.8226 0
1652800088927 0.3908 0
1652800094711 0.5806 0
1652800100751 0.6446 0
1652800106584 0.7 0
1652800112590 0.7368 0
1652800118769 0.76 0
1652800124999 0.784 0
1652800131072 0.8 0
1652800137172 0.8208 0
1652800143163 0.8392 0
1652800153330 0.4152 0
1652800159368 0.579 0
1652800165335 0.637 0
1652800171253 0.6704 0
1652800177311 0.7068 0
1652800183432 0.734 0
1652800189555 0.7566 0
1652800195600 0.784 0
1652800201453 0.7944 0
1652800207448 0.8178 0
1652800217803 0.4924 0
1652800223861 0.67 0
1652800229956 0.7222 0
1652800236067 0.7708 0
1652800242146 0.7936 0
1652800248114 0.8096 0
1652800253953 0.833 0
1652800260125 0.851 0
1652800266138 0.8678 0
1652800272178 0.8824 0
1652800282823 0.5166 0
1652800288822 0.728 0
1652800294957 0.7846 0
1652800300862 0.8222 0
1652800307062 0.848 0
1652800313088 0.8632 0
1652800319089 0.8788 0
1652800325029 0.899 0
1652800331072 0.9028 0
1652800337095 0.9168 0
1652800348247 0.309 0
1652800354331 0.4772 0
1652800360211 0.5524 0
1652800366537 0.6004 0
1652800372558 0.6396 0
1652800378644 0.6682 0
1652800384639 0.7148 0
1652800390384 0.7278 0
1652800396532 0.7408 0
1652800402670 0.7832 0
1652800414235 0.3796 0
1652800420417 0.563 0
1652800426452 0.6234 0
1652800432583 0.67 0
1652800438561 0.7092 0
1652800444809 0.7262 0
1652800450887 0.7456 0
1652800456982 0.775 0
1652800463207 0.7912 0
1652800469501 0.811 0
1652800481398 0.426 0
1652800487554 0.6384 0
1652800493649 0.6938 0
1652800499833 0.74 0
1652800505812 0.7612 0
1652800511867 0.788 0
1652800517984 0.8058 0
1652800524162 0.824 0
1652800530155 0.8442 0
1652800536294 0.8532 0
1652800548476 0.4438 0
1652800554738 0.6244 0
1652800560852 0.6958 0
1652800566794 0.7512 0
1652800572963 0.781 0
1652800578999 0.8052 0
1652800585214 0.8192 0
1652800591286 0.836 0
1652800597361 0.8562 0
1652800603519 0.8684 0
1652800616311 0.427 0
1652800622514 0.5944 0
1652800628786 0.6678 0
1652800634796 0.7164 0
1652800640939 0.7502 0
1652800647030 0.777 0
1652800653059 0.809 0
1652800659089 0.8176 0
1652800665260 0.8476 0
1652800671267 0.8612 0
