1641839757042 0.23765 0
1641839766804 0.1584 0
1641839780496 0.17448333333333332 0
1641839797719 0.23155 0
1641839819072 0.17 0
1641839844586 0.2859 0
1641839874287 0.3158 0
1641839907642 0.2992 0
1641839946980 0.38385 0
1641839989431 0.37601666666666667 0
1641840036074 0.41833333333333333 0
1641840087637 0.3305166666666667 0
1641840143598 0.3912333333333333 0
1641840204375 0.46065 0
1641840270321 0.40403333333333336 0
1641840341101 0.36123333333333335 0
1641840416742 0.29525 0
1641840497518 0.42251666666666665 0
1641840584268 0.36286666666666667 0
1641840676340 0.3282 0
1641840773835 0.469 0
1641840876936 0.48115 0
1641840987336 0.4217166666666667 0
1641841101603 0.3695833333333333 0
1641841222063 0.42645 0
1641841348444 0.4045166666666667 0
1641841481067 0.43093333333333333 0
1641841620525 0.44493333333333335 0
1641841766462 0.5220833333333333 0
1641841918542 0.45743333333333336 0
1641842078361 0.48363333333333336 0
1641842245079 0.4520166666666667 0
1641842418696 0.4653333333333333 0
1641842599755 0.52625 0
1641842788521 0.4409666666666667 0
1641842985255 0.468 0
1641843188810 0.56545 0
1641843400390 0.52685 0
1641843620726 0.5256666666666666 0
1641843850346 0.5439333333333334 0
1641844088767 0.5293666666666667 0
1641844334511 0.5938666666666667 0
1641844587262 0.6193166666666666 0
1641844851093 0.5122666666666666 0
1641845124304 0.5961166666666666 0
1641845406134 0.5553666666666667 0
1641845696540 0.5571833333333334 0
1641845999623 0.5013833333333333 0
1641846311362 0.5836166666666667 0
1641846635859 0.5778 0
